/*--------------------------------*- C++ -*----------------------------------*\
| =========                 |                                                 |
| \\      /  F ield         | OpenFOAM: The Open Source CFD Toolbox           |
|  \\    /   O peration     | Version:  2.3.1                                 |
|   \\  /    A nd           | Web:      www.OpenFOAM.org                      |
|    \\/     M anipulation  |                                                 |
\*---------------------------------------------------------------------------*/
FoamFile
{
    version     2.0;
    format      ascii;
    class       volScalarField;
    location    "100";
    object      p;
}
// * * * * * * * * * * * * * * * * * * * * * * * * * * * * * * * * * * * * * //

dimensions      [0 2 -2 0 0 0 0];

internalField   nonuniform List<scalar> 
10720
(
-0.134131
-76.7914
-166.549
-253.547
-332.714
-412.818
-482.662
-540.151
-589.406
-626.926
-654.766
-674.375
-686.828
-693.24
-693.945
-688.368
-677.543
-660.215
-637.555
-608.242
-573.333
-532.082
-486.719
-438.184
-389.911
-346.826
-307.924
-269.704
-231.865
-194.605
-157.73
-121.102
-84.6012
-48.0283
-11.1666
27.0304
66.6578
113.179
156.737
77.7408
148.932
226.344
299.807
364.021
415.057
448.917
463.793
465.812
457.94
440.731
419.251
396.765
374.564
353.423
333.289
314.308
296.132
278.535
261.041
243.606
225.916
208.056
190.417
174.867
162.474
152.211
143.706
136.968
132.059
128.887
127.336
127.32
128.831
131.861
136.788
144.09
157.365
180.204
122.54
63.82
-1.23949
-69.5867
-139.174
-209.801
-277.697
-340.766
-398.463
-449.083
-492.423
-528.569
-557.561
-579.43
-594.081
-601.389
-601.997
-595.477
-582.401
-562.191
-535.444
-501.94
-463.387
-420.962
-377.719
-337.874
-300.976
-264.291
-227.632
-191.286
-155.148
-119.115
-83.0949
-46.9031
-10.3349
27.6386
67.0974
113.557
156.366
175.715
226.792
278.243
328.659
374.083
411.91
438.96
453.288
456.483
450.081
436.257
418.283
398.429
377.962
357.709
337.985
319
300.653
282.797
265.128
247.562
229.897
212.212
194.909
179.444
166.733
156.075
147.159
140.014
134.7
131.144
129.248
128.924
130.163
132.965
137.714
144.878
158.074
179.921
141.793
89.2019
30.6522
-33.3655
-99.1798
-166.082
-232.403
-295.407
-353.553
-405.894
-451.249
-489.332
-519.957
-543.23
-559.371
-568.672
-571.305
-567.099
-556.291
-538.696
-514.659
-484.277
-448.839
-409.647
-369.228
-331.05
-295.217
-259.605
-223.887
-188.319
-152.829
-117.324
-81.7271
-45.8709
-9.56255
28.2068
67.5005
113.803
156.251
189.627
236.551
283.684
328.967
368.953
401.991
425.862
439.499
443.807
439.76
429.024
413.812
396.001
376.946
357.585
338.425
319.745
301.585
283.857
266.353
248.961
231.548
214.177
197.215
181.819
168.885
158.019
148.923
141.607
136.12
132.4
130.351
129.886
130.997
133.692
138.358
145.461
158.546
179.484
170.339
126
75.8631
21.1885
-35.815
-95.0192
-154.677
-212.93
-268.439
-320.081
-366.748
-407.793
-442.77
-471.469
-493.745
-509.566
-518.608
-520.698
-515.841
-503.97
-485.305
-460.1
-429.409
-394.58
-357.804
-322.048
-287.877
-253.732
-219.234
-184.651
-149.975
-115.137
-80.0797
-44.6538
-8.68035
28.8196
67.8869
113.919
156.061
210.325
249.061
288.219
326.507
360.714
389.574
411.104
424.289
429.558
427.508
419.419
406.94
391.567
374.514
356.679
338.616
320.668
302.984
285.562
268.29
251.092
233.9
216.787
200.099
184.788
171.696
160.634
151.329
143.782
138.049
134.083
131.796
131.112
132.029
134.563
139.1
146.099
159.001
179.039
180.841
141.378
96.5225
47.2577
-4.26306
-58.4194
-113.727
-168.502
-221.708
-272.181
-318.782
-360.734
-397.391
-428.263
-453.011
-471.357
-483.006
-487.861
-485.865
-477.049
-461.559
-439.717
-412.39
-380.857
-347.008
-313.325
-280.597
-247.73
-214.345
-180.697
-146.827
-112.677
-78.201
-43.2559
-7.673
29.4984
68.2742
113.939
155.638
216.526
250.903
285.738
319.772
350.175
376.101
395.903
408.729
414.75
414.348
408.533
398.535
385.507
370.473
354.26
337.43
320.374
303.322
286.353
269.442
252.556
235.676
218.891
202.524
187.368
174.195
162.974
153.49
145.747
139.806
135.63
133.144
132.277
133.03
135.424
139.846
146.739
159.432
178.561
188.119
153.099
113.065
69.1013
23.0736
-25.6958
-75.8371
-126.005
-175.426
-223.03
-267.831
-309.069
-346.017
-378.059
-404.731
-425.625
-440.455
-448.943
-450.853
-446.096
-434.717
-416.991
-393.634
-365.82
-335.201
-303.88
-272.815
-241.346
-209.158
-176.501
-143.47
-110.035
-76.1646
-41.7291
-6.57137
30.225
68.6492
113.84
154.979
219.779
250.148
281.114
311.57
338.892
362.455
380.895
393.387
399.927
400.837
396.894
389.05
378.195
365.163
350.677
335.261
319.31
303.096
286.761
270.352
253.884
237.384
220.96
204.924
189.949
176.74
165.39
155.749
147.824
141.678
137.289
134.594
133.53
134.101
136.339
140.627
147.394
159.834
178.039
190.902
159.279
123.017
83.1562
41.4968
-2.90047
-48.7967
-95.0187
-141.043
-185.9
-228.731
-268.839
-305.466
-337.945
-365.719
-388.287
-405.187
-416.06
-420.586
-418.651
-410.287
-395.75
-375.644
-351.012
-323.281
-294.208
-264.797
-234.728
-203.755
-172.115
-139.946
-107.247
-74.0024
-40.0997
-5.3957
30.9876
69.0018
113.612
154.093
219.516
246.87
274.892
302.548
327.433
349.097
366.416
378.566
385.45
387.379
384.957
378.936
370.017
358.863
346.083
332.136
317.393
302.145
286.573
270.777
254.821
238.775
222.765
207.092
192.344
179.163
167.73
157.964
149.88
143.544
138.953
136.056
134.798
135.191
137.272
141.421
148.048
160.196
177.477
191.571
162.837
129.808
93.5256
55.689
15.2328
-26.7124
-69.1224
-111.647
-153.458
-193.804
-232.095
-267.625
-299.727
-327.807
-351.305
-369.684
-382.562
-389.562
-390.451
-385.166
-373.878
-357.066
-335.627
-310.794
-284.044
-256.388
-227.786
-198.085
-167.513
-136.246
-104.316
-71.7255
-38.3786
-4.15476
31.7809
69.3307
113.259
152.987
217.604
242.429
267.987
293.322
316.189
336.267
352.622
364.42
371.514
374.214
373.007
368.505
361.267
351.824
340.673
328.195
314.725
300.542
285.846
270.772
255.424
239.904
224.36
209.083
194.602
181.504
170.032
160.171
151.949
145.439
140.655
137.559
136.108
136.318
138.235
142.233
148.703
160.517
176.877
190.657
164.332
134.029
100.758
66.1674
29.1069
-9.38929
-48.3995
-87.7249
-126.633
-164.493
-200.82
-234.967
-266.304
-294.243
-318.193
-337.578
-351.935
-360.841
-363.97
-361.207
-352.672
-338.745
-320.188
-298.048
-273.555
-247.671
-220.559
-192.159
-162.693
-132.366
-101.239
-69.3342
-36.572
-2.85464
32.6008
69.6402
112.793
151.676
214.539
237.27
260.78
284.167
305.328
324.069
339.574
351.011
358.212
361.487
361.241
357.988
352.189
344.266
334.623
323.567
311.38
298.317
284.574
270.307
255.646
240.721
225.694
210.853
196.682
183.723
172.261
162.339
154.005
147.341
142.376
139.088
137.447
137.472
139.222
143.059
149.355
160.795
176.24
188.794
164.539
136.589
105.938
74.1616
40.0882
4.67283
-31.2528
-67.5923
-103.702
-139.059
-173.272
-205.762
-235.975
-263.343
-287.27
-307.18
-322.563
-332.983
-338.05
-337.566
-331.577
-320.356
-304.529
-284.976
-262.713
-238.631
-213.041
-185.974
-157.651
-128.299
-98.0107
-66.8236
-34.6782
-1.49881
33.4426
69.9331
112.228
150.193
210.832
231.778
253.536
275.255
294.948
312.533
327.28
338.344
345.578
349.274
349.785
347.55
342.965
336.372
328.098
318.38
307.451
295.527
282.788
269.393
255.488
241.219
226.762
212.399
198.58
185.814
174.409
164.462
156.045
149.247
144.114
140.643
138.815
138.656
140.232
143.899
150.002
161.032
175.568
186.314
163.848
137.946
109.572
80.2558
48.8011
16.1124
-17.0562
-50.6716
-84.1715
-117.129
-149.238
-179.984
-208.881
-235.411
-259.008
-279.095
-295.148
-306.698
-313.329
-314.758
-310.973
-302.163
-288.827
-271.689
-251.579
-229.298
-205.246
-179.535
-152.387
-124.043
-94.6254
-64.1897
-32.6951
-0.0885843
34.3016
70.2079
111.572
148.566
206.758
226.164
246.407
266.677
285.092
301.664
315.714
326.408
333.616
337.612
338.71
337.303
333.735
328.292
321.239
312.759
303.032
292.234
280.522
268.043
254.946
241.388
227.548
213.701
200.278
187.756
176.458
166.526
158.055
151.146
145.863
142.218
140.208
139.865
141.263
144.749
150.642
161.226
174.865
183.463
162.57
138.468
112.102
84.9461
55.8146
25.5577
-5.1284
-36.2615
-67.3424
-98.02
-128.06
-157.019
-184.483
-209.98
-232.984
-252.948
-269.348
-281.697
-289.576
-292.627
-290.779
-284.14
-273.091
-258.216
-240.182
-219.69
-197.185
-172.847
-146.901
-119.596
-91.0812
-61.43
-30.6211
1.37601
35.174
70.4602
110.828
146.817
202.511
220.574
239.487
258.481
275.771
291.438
304.845
315.174
322.307
326.509
328.064
327.326
324.604
320.145
314.169
306.813
298.214
288.507
277.818
266.278
254.029
241.226
228.043
214.753
201.767
189.537
178.396
168.518
160.025
153.031
147.614
143.808
141.622
141.096
142.313
145.607
151.273
161.379
174.132
180.406
160.901
138.399
113.813
88.5763
61.51
33.4272
4.97782
-23.9009
-52.762
-81.3061
-109.366
-136.558
-162.533
-186.881
-209.12
-228.738
-245.228
-258.09
-266.924
-271.308
-271.117
-266.392
-257.408
-244.625
-228.568
-209.832
-188.873
-165.917
-141.194
-114.958
-87.3764
-58.5434
-28.4559
2.89433
36.0579
70.6853
110.001
144.963
198.215
215.096
232.829
250.687
266.973
281.826
294.636
304.603
311.628
315.962
317.866
317.665
315.646
312.025
306.988
300.642
293.083
284.413
274.727
264.13
252.749
240.731
228.243
215.545
203.035
191.145
180.207
170.425
161.943
154.89
149.362
145.407
143.052
142.346
143.379
146.471
151.891
161.492
173.373
177.255
158.989
137.918
114.927
91.4012
66.1872
40.0553
13.6228
-13.2082
-40.0316
-66.5923
-92.774
-118.251
-142.729
-165.86
-187.213
-206.309
-222.673
-235.81
-245.332
-250.792
-252.006
-248.954
-241.826
-230.968
-216.78
-199.753
-180.327
-158.756
-135.272
-110.13
-83.5115
-55.5295
-26.1987
4.46666
36.9539
70.88
109.095
143.011
193.956
209.783
226.462
243.295
258.681
272.791
285.04
294.658
301.548
305.958
308.126
308.355
306.915
304.003
299.781
294.331
287.721
280.023
271.3
261.633
251.127
239.913
228.147
216.074
204.075
192.567
181.879
172.234
163.799
156.716
151.097
147.009
144.495
143.612
144.458
147.338
152.495
161.567
172.591
174.087
156.935
137.153
115.598
93.6123
70.0625
45.6937
21.0841
-3.88359
-28.8359
-53.5603
-77.979
-101.815
-124.828
-146.715
-167.1
-185.549
-201.62
-214.836
-224.819
-231.12
-233.499
-231.892
-226.41
-217.305
-204.868
-189.487
-171.569
-151.377
-129.142
-105.115
-79.4882
-52.3885
-23.8498
6.09333
37.8623
71.0451
108.114
140.97
189.792
204.669
220.396
236.3
250.871
264.298
276.021
285.298
292.036
296.474
298.838
299.41
298.447
296.134
292.614
287.955
282.202
275.401
267.591
258.825
249.187
238.786
227.761
216.337
204.881
193.795
183.4
173.933
165.579
158.496
152.81
148.607
145.944
144.888
145.545
148.205
153.083
161.605
171.79
170.953
154.814
136.2
115.947
95.3503
73.311
50.5398
27.5834
4.31467
-18.9234
-41.9535
-64.7267
-87.0059
-108.596
-129.244
-148.618
-166.332
-181.98
-195.113
-205.358
-212.293
-215.623
-215.244
-211.209
-203.687
-192.876
-179.069
-162.623
-143.796
-122.815
-99.9193
-75.3087
-49.1216
-21.4084
7.77522
38.7846
71.1808
107.066
138.849
185.756
199.776
214.635
229.693
243.519
256.313
267.541
276.486
283.058
287.491
289.996
290.839
290.269
288.459
285.542
281.574
276.589
270.609
263.652
255.749
246.958
237.366
227.091
216.337
205.451
194.821
184.76
175.51
167.273
160.221
154.493
150.192
147.392
146.171
146.638
149.068
153.652
161.609
170.974
167.894
152.674
135.126
116.062
96.7276
76.0616
54.7425
33.2938
11.5761
-10.0936
-31.5603
-52.7991
-73.6119
-93.8388
-113.271
-131.62
-148.542
-163.672
-176.591
-186.936
-194.317
-198.402
-199.053
-196.275
-190.169
-180.853
-168.537
-153.517
-136.034
-116.302
-94.5498
-70.9764
-45.7294
-18.8747
9.51253
39.721
71.289
105.957
136.657
181.873
195.111
209.177
223.457
236.6
248.804
259.563
268.187
274.583
278.984
281.586
282.641
282.392
281.006
278.605
275.241
270.936
265.701
259.535
252.447
244.473
235.677
226.152
216.079
205.785
195.64
185.948
176.954
168.87
161.879
156.136
151.757
148.834
147.454
147.731
149.925
154.201
161.581
170.148
164.932
150.556
133.987
116.009
97.829
78.4162
58.4253
38.3518
18.0546
-2.17426
-22.1985
-42.0156
-61.4532
-80.3867
-98.6404
-115.967
-132.067
-146.607
-159.209
-169.517
-177.184
-181.85
-183.35
-181.651
-176.799
-168.849
-157.931
-144.28
-128.11
-109.618
-89.0148
-66.4958
-42.2138
-16.2489
11.3053
40.673
71.371
104.796
134.405
178.156
190.678
204.013
217.577
230.088
241.74
252.055
260.366
266.583
270.93
273.595
274.815
274.829
273.796
271.836
268.996
265.293
260.728
255.286
248.96
241.766
233.742
224.959
215.571
205.884
196.25
186.959
178.255
170.358
163.46
157.728
153.294
150.262
148.732
148.819
150.772
154.728
161.524
169.314
162.085
148.485
132.818
115.841
98.7186
80.4563
61.6825
42.8718
23.8752
4.97099
-13.7236
-32.2213
-50.3749
-68.084
-85.2068
-101.529
-116.793
-130.7
-142.906
-153.072
-160.884
-165.976
-168.163
-167.376
-163.623
-156.907
-147.29
-134.944
-120.049
-102.778
-83.3246
-61.8729
-38.5782
-13.5327
13.1535
41.6406
71.4287
103.59
132.103
174.612
186.474
199.136
212.035
223.955
235.093
244.985
252.994
259.028
263.305
266.004
267.351
267.578
266.842
265.258
262.872
259.699
255.732
250.949
245.329
238.869
231.588
223.531
214.826
205.754
196.65
187.787
179.406
171.728
164.954
159.261
154.793
151.668
149.998
149.899
151.605
155.231
161.441
168.479
159.363
146.482
131.647
115.595
99.4473
82.2444
64.5915
46.9392
29.14
11.4552
-6.01071
-23.2854
-40.2393
-56.796
-72.8408
-88.1903
-102.619
-115.866
-127.618
-137.558
-145.397
-150.784
-153.509
-153.483
-150.683
-145.072
-136.654
-125.543
-111.877
-95.8028
-77.4919
-57.1155
-34.8271
-10.7282
15.056
42.6249
71.465
102.348
129.764
171.243
182.497
194.531
206.813
218.183
228.833
238.325
246.041
251.891
256.087
258.798
260.24
260.641
260.154
258.889
256.896
254.186
250.751
246.564
241.593
235.819
229.244
221.889
213.858
205.404
196.841
188.43
180.399
172.971
166.351
160.724
156.245
153.045
151.245
150.964
152.421
155.708
161.335
167.647
156.771
144.557
130.496
115.301
100.055
83.8307
67.2116
50.6284
33.9328
17.373
1.04024
-15.1002
-30.9383
-46.4134
-61.4343
-75.8469
-89.4541
-102.026
-113.282
-122.931
-130.701
-136.269
-139.403
-139.999
-138.016
-133.386
-126.064
-116.11
-103.62
-88.7117
-71.5313
-52.2335
-30.9663
-7.83867
17.0115
43.6271
71.484
101.082
127.401
168.052
178.738
190.188
201.892
212.747
222.939
232.049
239.483
245.148
249.253
251.959
253.472
254.013
253.733
252.741
251.086
248.781
245.818
242.166
237.785
232.648
226.737
220.057
212.683
204.843
196.83
188.886
181.229
174.078
167.641
162.107
157.64
154.384
152.466
152.008
153.215
156.158
161.208
166.822
154.312
142.719
129.379
114.983
100.572
85.2555
69.5938
53.9978
38.3243
22.8034
7.51925
-7.57139
-22.3701
-36.8328
-50.8883
-64.4023
-77.209
-89.1048
-99.8392
-109.147
-116.771
-122.421
-125.852
-126.947
-125.655
-121.886
-115.558
-106.68
-95.3076
-81.5279
-65.4596
-47.2381
-27.0031
-4.86811
19.0192
44.649
71.4906
99.8019
125.028
165.033
175.191
186.093
197.258
207.628
217.386
226.132
233.292
238.776
242.784
245.472
247.034
247.688
247.581
246.82
245.457
243.506
240.959
237.785
233.94
229.387
224.098
218.057
211.319
204.084
196.622
189.156
181.893
175.045
168.816
163.401
158.971
155.676
153.654
153.026
153.983
156.58
161.065
166.009
151.987
140.973
128.307
114.657
101.022
86.55
71.7768
57.0969
42.3681
27.8108
13.4976
-0.617792
-14.4498
-27.9662
-41.1118
-53.772
-65.8044
-77.0317
-87.2304
-96.1605
-103.579
-109.227
-112.857
-114.344
-113.628
-110.607
-105.171
-97.2868
-86.9698
-74.2754
-59.295
-42.1424
-22.9459
-1.82064
21.0776
45.6928
71.4908
98.5193
122.66
162.183
171.847
182.236
192.893
202.807
212.154
220.553
227.449
232.753
236.661
239.319
240.914
241.658
241.696
241.132
240.02
238.377
236.196
233.446
230.084
226.066
221.353
215.916
209.787
203.142
196.226
189.245
182.39
175.864
169.869
164.597
160.226
156.913
154.8
154.011
154.722
156.972
160.906
165.212
149.793
139.323
127.288
114.335
101.425
87.74
73.7937
59.9644
46.1136
32.4482
19.0358
5.82559
-7.1059
-19.7375
-32.0273
-43.8782
-55.1679
-65.7399
-75.3976
-83.9246
-91.092
-96.6724
-100.417
-102.201
-101.956
-99.5795
-94.9386
-87.9643
-78.6373
-66.9798
-53.0573
-36.9601
-18.8042
1.29785
23.1855
46.7611
71.4919
97.2466
120.312
159.498
168.699
178.605
188.785
198.267
207.222
215.29
221.931
227.059
230.864
233.484
235.099
235.915
236.072
235.676
234.78
233.405
231.546
229.174
226.244
222.712
218.53
213.657
208.108
202.032
195.653
189.157
182.721
176.534
170.793
165.688
161.398
158.085
155.898
154.957
155.427
157.334
160.736
164.435
147.728
137.769
126.326
114.028
101.797
88.8456
75.6714
62.6348
49.5996
36.7635
24.1878
11.8195
-0.274592
-12.0812
-23.5676
-34.6531
-45.2326
-55.1691
-64.2888
-72.3962
-79.2795
-84.737
-88.527
-90.5233
-90.6594
-88.8309
-84.8919
-78.7448
-70.3392
-59.6675
-46.7669
-31.7081
-14.5886
4.48232
25.3409
47.8572
71.5008
95.9957
118
156.971
165.736
175.188
184.916
193.99
202.573
210.324
216.72
221.676
225.376
227.953
229.577
230.448
230.706
230.452
229.743
228.601
227.023
224.984
222.441
219.348
215.651
211.303
206.3
200.771
194.915
188.901
182.888
177.053
171.583
166.665
162.478
159.185
156.938
155.858
156.095
157.664
160.556
163.682
145.789
136.31
125.425
113.741
102.146
89.8835
77.4308
65.1334
52.8587
40.7948
28.9969
17.412
6.0986
-4.93772
-15.6715
-26.0347
-35.938
-45.2622
-53.852
-61.5332
-68.1081
-73.4003
-77.1777
-79.317
-79.7528
-78.3843
-75.0593
-69.6581
-62.1044
-52.3635
-40.4473
-26.4021
-10.3106
7.7247
27.5431
48.9831
71.526
94.7786
115.736
154.596
162.952
171.974
181.275
189.96
198.189
205.637
211.798
216.587
220.182
222.71
224.334
225.249
225.59
225.457
224.908
223.968
222.637
220.892
218.694
215.995
212.741
208.876
204.386
199.376
194.026
188.484
182.894
177.419
172.236
167.524
163.459
160.205
157.914
156.707
156.72
157.962
160.367
162.955
143.971
134.945
124.586
113.482
102.484
90.8664
79.0896
67.4836
55.9188
44.5752
33.5016
22.6458
12.0591
1.74275
-8.28648
-17.9697
-27.2313
-35.9675
-44.0398
-51.294
-57.5458
-62.6389
-66.3576
-68.5792
-69.2439
-68.2581
-65.4668
-60.7339
-53.9624
-45.0949
-34.1198
-21.0612
-5.983
11.0193
29.7876
50.1424
71.575
93.6053
113.534
152.367
160.335
168.952
177.848
186.165
194.057
201.215
207.149
211.775
215.266
217.742
219.359
220.306
220.716
220.687
220.276
219.511
218.396
216.91
215.017
212.671
209.818
206.397
202.384
197.866
192.999
187.917
182.747
177.636
172.75
168.259
164.334
161.137
158.819
157.498
157.3
158.226
160.172
162.258
142.27
133.672
123.81
113.252
102.815
91.8053
80.6627
69.7029
58.8026
48.131
37.7333
27.5566
17.6483
8.00334
-1.36551
-10.4092
-19.0636
-27.2379
-34.8092
-41.6394
-47.5611
-52.4302
-56.0536
-58.308
-59.1408
-58.4679
-56.1351
-51.9975
-45.9403
-37.8882
-27.8075
-15.7023
-1.61981
14.3568
32.0738
51.3372
71.6549
92.4879
111.407
150.277
157.88
166.112
174.623
182.589
190.16
197.04
202.756
207.224
210.612
213.034
214.639
215.611
216.078
216.136
215.844
215.232
214.305
213.046
211.424
209.393
206.901
203.886
200.314
196.256
191.849
187.211
182.452
177.706
173.124
168.866
165.097
161.974
159.645
158.226
157.83
158.456
159.971
161.591
140.681
132.488
123.096
113.054
103.146
92.7073
82.1611
71.8082
61.5295
51.486
41.7202
32.1773
22.9012
13.8843
5.13307
-3.31075
-11.3919
-19.0311
-26.1197
-32.5333
-38.1217
-42.7507
-46.2487
-48.4969
-49.4465
-49.0247
-47.0839
-43.4717
-38.0637
-30.7685
-21.5338
-10.3458
2.76617
17.7282
34.3975
52.5704
71.7759
91.436
109.366
148.319
155.576
163.443
171.588
179.222
186.486
193.1
198.605
202.92
206.207
208.574
210.162
211.151
211.666
211.798
211.609
211.129
210.366
209.307
207.923
206.174
204.007
201.359
198.192
194.563
190.591
186.378
182.019
177.634
173.359
169.344
165.744
162.711
160.386
158.885
158.307
158.65
159.765
160.957
139.199
131.389
122.442
112.888
103.48
93.5804
83.5951
73.8121
64.1166
54.6616
45.4857
36.5354
27.8498
19.4191
11.2457
3.36522
-4.17571
-11.3069
-17.933
-23.9419
-29.1984
-33.5773
-36.9283
-39.1363
-40.1602
-39.9374
-38.3278
-35.1775
-30.3554
-23.7588
-15.3203
-5.00984
7.15915
21.1256
36.7552
53.8446
71.9439
90.4605
107.425
146.488
153.416
160.936
168.734
176.05
183.021
189.38
194.683
198.85
202.037
204.348
205.917
206.918
207.471
207.667
207.566
207.201
206.581
205.697
204.524
203.023
201.147
198.832
196.037
192.805
189.24
185.43
181.457
177.425
173.458
169.692
166.272
163.341
161.037
159.469
158.727
158.806
159.554
160.354
137.819
130.373
121.847
112.757
103.82
94.4286
84.972
75.7252
66.577
57.6732
49.0497
40.6535
32.5197
24.6371
17.0046
9.65217
2.61961
-4.031
-10.2151
-15.8327
-20.762
-24.8861
-28.0742
-30.2171
-31.2795
-31.21
-29.8782
-27.132
-22.8367
-16.8818
-9.18881
0.286665
11.5451
24.538
39.1435
55.1611
72.1669
89.5699
105.593
144.776
151.392
158.583
166.05
173.062
179.754
185.868
190.977
195.002
198.092
200.346
201.893
202.9
203.485
203.735
203.71
203.445
202.949
202.219
201.231
199.951
198.333
196.318
193.861
190.995
187.81
184.38
180.775
177.087
173.423
169.909
166.678
163.863
161.594
159.975
159.087
158.925
159.336
159.783
136.536
129.435
121.31
112.658
104.167
95.2564
86.2984
77.5556
68.9219
60.5356
52.4294
44.5518
36.9342
29.5643
22.4377
15.5802
9.02596
2.82922
-2.93467
-8.17642
-12.7856
-16.655
-19.6693
-21.727
-22.7997
-22.8452
-21.7442
-19.3494
-15.5252
-10.1577
-3.15943
5.52487
15.9091
27.9563
41.558
56.5211
72.4513
88.7726
103.88
143.177
149.497
156.375
163.526
170.249
176.673
182.553
187.475
191.362
194.358
196.556
198.079
199.089
199.698
199.994
200.036
199.856
199.47
198.873
198.047
196.963
195.575
193.829
191.679
189.148
186.314
183.24
179.985
176.627
173.261
169.999
166.961
164.272
162.052
160.399
159.384
159.004
159.113
159.242
135.344
128.571
120.827
112.591
104.523
96.0664
87.5794
79.3124
71.1625
63.2622
55.6407
48.2486
41.1139
34.2229
27.5701
21.1764
15.0715
9.30252
3.93699
-0.944784
-5.24389
-8.86092
-11.6957
-13.6544
-14.7143
-14.843
-13.932
-11.8409
-8.43723
-3.60467
2.74896
10.6881
20.2367
31.3703
43.9937
57.926
72.8025
88.0759
102.294
141.686
147.723
154.303
161.153
167.599
173.768
179.423
184.166
187.92
190.824
192.967
194.465
195.473
196.104
196.438
196.536
196.431
196.139
195.66
194.977
194.063
192.881
191.375
189.501
187.276
184.766
182.023
179.098
176.055
172.977
169.964
167.123
164.568
162.409
160.737
159.616
159.043
158.881
158.729
134.24
127.779
120.396
112.555
104.888
96.8612
88.8194
81.0005
73.3069
65.8632
58.6969
51.7596
45.0771
38.6344
32.4243
26.4648
20.7814
15.4149
10.4265
5.88741
1.88713
-1.48283
-4.13556
-5.98507
-7.01478
-7.20089
-6.44505
-4.6159
-1.58538
2.76124
8.51959
15.7593
24.5142
34.7699
46.4456
59.3747
73.2257
87.4859
100.841
140.296
146.065
152.361
158.923
165.105
171.029
176.469
181.04
184.666
187.48
189.568
191.04
192.045
192.691
193.058
193.205
193.165
192.955
192.577
192.019
191.257
190.255
188.964
187.339
185.391
183.177
180.741
178.124
175.379
172.579
169.809
167.166
164.75
162.663
160.988
159.78
159.04
158.64
158.242
133.218
127.053
120.015
112.549
105.262
97.6421
90.0212
82.6258
75.3615
68.3476
61.6086
55.0977
48.8384
42.8154
37.0199
31.4671
26.1787
21.1908
16.5578
12.3441
8.63002
5.49971
3.02793
1.29368
0.307894
0.0860007
0.715726
2.31955
5.01956
8.92692
14.1371
20.7239
28.7281
38.1451
48.908
60.8668
73.7235
87.0067
99.5279
139.002
144.515
150.54
156.828
162.757
168.446
173.68
178.086
181.588
184.316
186.35
187.794
188.794
189.452
189.847
190.035
190.051
189.913
189.624
189.175
188.545
187.702
186.602
185.2
183.503
181.559
179.405
177.073
174.609
172.073
169.539
167.092
164.82
162.815
161.151
159.876
158.993
158.388
157.777
132.273
126.391
119.68
112.571
105.644
98.4106
91.1881
84.1924
77.3329
70.7235
64.386
58.2752
52.4127
46.7822
41.3744
36.202
31.2839
26.6515
22.3532
18.4472
15.0058
12.1062
9.81251
8.1967
7.26406
7.0231
7.55141
8.96227
11.3699
14.8809
19.5884
25.5681
32.8661
41.4863
51.375
62.4006
74.2979
86.6419
98.3572
137.798
143.068
148.834
154.86
160.547
166.012
171.048
175.294
178.678
181.322
183.304
184.72
185.712
186.38
186.797
187.02
187.085
187.008
186.796
186.442
185.928
185.226
184.294
183.092
181.621
179.922
178.026
175.957
173.755
171.469
169.161
166.906
164.78
162.864
161.224
159.903
158.902
158.123
157.331
131.401
125.788
119.389
112.62
106.035
99.1668
92.3215
85.7036
79.2262
72.9976
67.0377
61.3023
55.8117
50.5488
45.5039
40.6873
36.1156
31.8163
27.8327
24.2167
21.034
18.3554
16.235
14.7377
13.8644
13.6177
14.0654
15.311
17.4605
20.6143
24.8623
30.2801
36.917
44.784
53.8406
63.9733
74.9501
86.3931
97.3314
136.679
141.717
147.236
153.011
158.467
163.717
168.563
172.657
175.926
178.49
180.419
181.808
182.791
183.464
183.9
184.154
184.26
184.237
184.092
183.82
183.408
182.829
182.046
181.021
179.753
178.275
176.613
174.786
172.826
170.774
168.682
166.613
164.634
162.813
161.21
159.859
158.765
157.842
156.899
130.597
125.24
119.138
112.692
106.432
99.9116
93.4233
87.1625
81.0462
75.1761
69.571
64.1882
59.046
54.1274
49.4218
44.9383
40.6905
36.703
33.0144
29.6717
26.7332
24.2643
22.3111
20.931
20.1214
19.8785
20.2622
21.3663
23.2881
26.1208
29.9502
34.8496
40.8704
48.0297
56.2984
65.5813
75.6792
86.261
96.4514
135.64
140.457
145.739
151.275
156.51
161.554
166.218
170.165
173.324
175.809
177.688
179.049
180.022
180.699
181.15
181.429
181.571
181.593
181.506
181.306
180.982
180.511
179.859
178.991
177.904
176.625
175.175
173.57
171.833
169.999
168.111
166.22
164.386
162.665
161.108
159.746
158.582
157.542
156.478
129.858
124.745
118.926
112.788
106.836
100.645
94.4949
88.572
82.7959
77.2638
71.9925
66.9409
62.1254
57.5289
53.1408
48.9686
45.0236
41.3277
37.9154
34.829
32.1208
29.8501
28.0569
26.7909
26.0462
25.8145
26.1481
27.1307
28.8516
31.3962
34.8451
39.2681
44.7174
51.215
58.7418
67.2207
76.4831
86.2441
95.7162
134.676
139.281
144.339
149.644
154.668
159.515
164.004
167.811
170.864
173.273
175.102
176.435
177.397
178.076
178.539
178.839
179.011
179.073
179.036
178.898
178.65
178.273
177.736
177.007
176.081
174.98
173.721
172.316
170.784
169.151
167.454
165.735
164.042
162.423
160.923
159.565
158.352
157.223
156.063
129.178
124.299
118.749
112.903
107.244
101.367
95.5372
89.9337
84.4792
79.2656
74.3085
69.5677
65.0584
60.7636
56.6724
52.791
49.1287
45.7052
42.5513
39.7047
37.2128
35.1285
33.4872
32.3309
31.6512
31.4362
31.7302
32.6087
34.152
36.4383
39.5419
43.529
48.4506
54.3323
61.1646
68.8864
77.3586
86.34
95.1238
133.782
138.186
143.028
148.115
152.936
157.594
161.915
165.586
168.538
170.873
172.654
173.96
174.908
175.587
176.06
176.378
176.575
176.671
176.676
176.592
176.41
176.114
175.679
175.072
174.289
173.347
172.259
171.035
169.688
168.241
166.721
165.164
163.608
162.093
160.656
159.317
158.075
156.882
155.651
128.555
123.898
118.605
113.038
107.657
102.076
96.5508
91.2494
86.0986
81.1853
76.5235
72.0747
67.8526
63.8403
60.0267
56.4169
53.0186
49.8492
46.9362
44.3137
42.024
40.1146
38.6166
37.565
36.9489
36.7537
37.0169
37.8059
39.1922
41.247
44.0381
47.6271
52.0635
57.3751
63.5602
70.573
78.3013
86.5447
94.6711
132.955
137.167
141.803
146.679
151.306
155.784
159.944
163.485
166.338
168.603
170.336
171.614
172.549
173.227
173.706
174.039
174.257
174.382
174.424
174.385
174.26
174.035
173.687
173.188
172.531
171.729
170.795
169.733
168.555
167.276
165.921
164.515
163.091
161.681
160.313
159.004
157.753
156.517
155.237
127.985
123.539
118.491
113.189
108.072
102.773
97.5362
92.5206
87.6565
83.0264
78.6425
74.468
70.515
66.7672
63.2129
59.8565
56.7045
53.7719
51.0834
48.6697
46.5687
44.823
43.4591
42.5065
41.9518
41.7782
42.0173
42.7289
43.9765
45.8238
48.3324
51.5592
55.5509
60.3372
65.9225
72.2745
79.3059
86.8534
94.3529
132.189
136.218
140.657
145.333
149.774
154.078
158.083
161.499
164.258
166.454
168.141
169.391
170.313
170.987
171.472
171.816
172.052
172.201
172.273
172.273
172.197
172.033
171.762
171.357
170.81
170.133
169.334
168.418
167.391
166.266
165.062
163.798
162.5
161.193
159.898
158.63
157.384
156.126
154.819
127.463
123.218
118.404
113.354
108.489
103.458
98.4935
93.7484
89.1553
84.792
80.6697
76.7526
73.0519
69.5514
66.2395
63.1195
60.1968
57.4846
55.0051
52.7856
50.8603
49.2666
48.0281
47.1682
46.6721
46.5212
46.7413
47.3856
48.5102
50.1718
52.4255
55.3233
58.9093
63.2134
68.2453
73.9849
80.3661
87.2596
94.1636
131.481
135.335
139.587
144.07
148.334
152.471
156.328
159.623
162.29
164.42
166.063
167.285
168.192
168.862
169.349
169.703
169.954
170.122
170.221
170.254
170.22
170.108
169.902
169.579
169.13
168.562
167.884
167.096
166.205
165.219
164.152
163.02
161.841
160.634
159.417
158.198
156.972
155.71
154.392
126.987
122.935
118.342
113.532
108.906
104.128
99.4231
94.9339
90.5966
86.4848
82.6085
78.9333
75.4689
72.1998
69.1142
66.2148
63.5055
60.9983
58.7128
56.6736
54.9113
53.4588
52.3366
51.563
51.1221
50.9936
51.199
51.7845
52.7999
54.2951
56.3191
58.919
62.136
65.9995
70.5234
75.6976
81.4751
87.7564
94.0965
130.828
134.514
138.587
142.887
146.98
150.957
154.672
157.852
160.43
162.495
164.094
165.289
166.181
166.845
167.334
167.694
167.957
168.142
168.263
168.324
168.325
168.258
168.109
167.857
167.492
167.02
166.447
165.774
165.004
164.143
163.201
162.19
161.122
160.014
158.875
157.711
156.518
155.267
153.954
126.554
122.684
118.303
113.721
109.322
104.785
100.325
96.0779
91.9821
88.1074
84.4626
81.0144
77.7715
74.7186
71.8442
69.1501
66.6393
64.3226
62.2171
60.345
58.7333
57.4115
56.3969
55.7034
55.314
55.2072
55.4007
55.9347
56.8529
58.1991
60.0165
62.3473
65.2295
68.6918
72.7512
77.406
82.6252
88.3358
94.1438
130.225
133.752
137.653
141.777
145.708
149.533
153.11
156.178
158.672
160.674
162.229
163.397
164.274
164.931
165.419
165.785
166.057
166.256
166.394
166.478
166.509
166.481
166.38
166.189
165.898
165.51
165.03
164.457
163.794
163.045
162.216
161.316
160.353
159.338
158.278
157.175
156.023
154.797
153.504
126.159
122.464
118.284
113.92
109.736
105.428
101.199
97.1811
93.3133
89.6621
86.2349
82.9998
79.9645
77.1137
74.4362
71.9332
69.607
67.4668
65.5282
63.8105
62.3381
61.1367
60.2209
59.6012
59.2592
59.1731
59.3569
59.8457
60.6774
61.8901
63.5218
65.6101
68.1896
71.2879
74.9243
79.1037
83.8091
88.9894
94.2971
129.669
133.045
136.782
140.738
144.513
148.191
151.637
154.598
157.009
158.95
160.464
161.604
162.464
163.114
163.6
163.969
164.248
164.458
164.611
164.715
164.771
164.774
164.715
164.577
164.349
164.035
163.635
163.151
162.583
161.933
161.205
160.406
159.54
158.614
157.633
156.594
155.491
154.301
153.039
125.801
122.272
118.284
114.126
110.146
106.054
102.046
98.2441
94.5915
91.1508
87.9282
84.8931
82.052
79.3901
76.8964
74.5713
72.4165
70.4399
68.6554
67.0802
65.7361
64.6454
63.8204
63.2681
62.9696
62.9026
63.0783
63.5271
64.2817
65.375
66.84
68.7102
71.0168
73.786
77.0386
80.7846
85.0186
89.7083
94.5475
129.158
132.389
135.97
139.765
143.391
146.928
150.248
153.106
155.438
157.32
158.791
159.904
160.748
161.388
161.872
162.242
162.527
162.745
162.91
163.029
163.106
163.137
163.113
163.02
162.847
162.595
162.266
161.859
161.374
160.812
160.176
159.468
158.691
157.85
156.945
155.973
154.925
153.779
152.558
125.477
122.106
118.299
114.338
110.552
106.665
102.865
99.2672
95.8178
92.5753
89.5451
86.6975
84.0383
81.5529
79.2305
77.0708
75.075
73.2499
71.6078
70.1641
68.9378
67.9486
67.2063
66.7154
66.4564
66.407
66.5757
66.9889
67.6745
68.661
69.9768
71.6512
73.7123
76.185
79.0904
82.4429
86.2461
90.4836
94.8856
128.687
131.78
135.212
138.854
142.337
145.74
148.939
151.697
153.952
155.777
157.208
158.294
159.12
159.751
160.23
160.6
160.888
161.112
161.286
161.419
161.513
161.566
161.572
161.517
161.392
161.194
160.926
160.587
160.174
159.69
159.135
158.509
157.815
157.053
156.222
155.317
154.328
153.234
152.061
125.184
121.962
118.33
114.554
110.952
107.26
103.656
100.251
96.9934
93.9374
91.0878
88.4161
85.9271
83.6066
81.4437
79.4379
77.5896
75.9047
74.3941
73.0712
71.953
71.0565
70.3896
69.9543
69.7309
69.6971
69.8596
70.241
70.8649
71.7558
72.9381
74.4373
76.2783
78.4844
81.0769
84.0731
87.4842
91.3061
95.302
128.254
131.215
134.505
138.001
141.348
144.622
147.705
150.368
152.549
154.318
155.709
156.767
157.576
158.196
158.67
159.038
159.327
159.556
159.738
159.881
159.988
160.06
160.091
160.069
159.984
159.833
159.618
159.336
158.988
158.572
158.088
157.537
156.918
156.23
155.47
154.632
153.704
152.666
151.548
124.919
121.84
118.372
114.773
111.346
107.838
104.42
101.197
98.1191
95.2385
92.5586
90.0517
87.722
85.5553
83.5411
81.6783
79.9667
78.4115
77.0221
75.8104
74.7911
73.9793
73.3808
72.9955
72.8039
72.784
72.9406
73.2932
73.8619
74.6673
75.7303
77.0728
78.7171
80.6843
82.9956
85.6704
88.7256
92.1671
95.787
127.856
130.692
133.846
137.202
140.419
143.571
146.543
149.113
151.223
152.937
154.289
155.321
156.112
156.72
157.188
157.553
157.842
158.074
158.26
158.411
158.53
158.617
158.669
158.674
158.623
158.512
158.342
158.111
157.818
157.462
157.042
156.558
156.007
155.387
154.695
153.922
153.057
152.079
151.02
124.68
121.737
118.425
114.994
111.732
108.397
105.155
102.104
99.1961
96.4803
93.9596
91.607
89.4261
87.403
85.5272
83.7972
82.2124
80.7771
79.4993
78.3897
77.4611
76.7263
76.1898
75.8495
75.6861
75.6782
75.8291
76.1555
76.6745
77.4033
78.3598
79.5627
81.0314
82.7853
84.8448
87.2306
89.9637
93.058
96.3309
127.491
130.208
133.232
136.455
139.547
142.581
145.447
147.929
149.97
151.632
152.946
153.951
154.724
155.32
155.78
156.141
156.429
156.661
156.851
157.008
157.135
157.235
157.303
157.332
157.31
157.233
157.102
156.915
156.67
156.366
156.003
155.577
155.088
154.531
153.902
153.193
152.39
151.475
150.477
124.464
121.651
118.487
115.215
112.109
108.94
105.863
102.974
100.225
97.6645
95.2928
93.0847
91.0427
89.1533
87.4063
85.7997
84.3323
83.0077
81.8329
80.817
79.9714
79.3068
78.8262
78.5263
78.3878
78.3901
78.5354
78.8379
79.312
79.9722
80.8336
81.912
83.2244
84.7882
86.6228
88.7495
91.1922
93.9707
96.9248
127.155
129.759
132.66
135.756
138.729
141.651
144.414
146.812
148.787
150.398
151.674
152.653
153.408
153.991
154.443
154.799
155.085
155.317
155.508
155.669
155.802
155.912
155.994
156.042
156.044
155.997
155.899
155.749
155.546
155.288
154.973
154.601
154.167
153.668
153.099
152.45
151.709
150.856
149.922
124.271
121.579
118.557
115.436
112.477
109.463
106.543
103.806
101.208
98.7924
96.5604
94.4872
92.5748
90.8101
89.1826
87.6903
86.3317
85.1093
84.0293
83.0996
82.3298
81.7291
81.2991
81.0354
80.919
80.9298
81.0696
81.35
81.7834
82.382
83.1584
84.1261
85.2995
86.6943
88.3287
90.2238
92.4053
94.8975
97.5595
126.848
129.343
132.127
135.102
137.962
140.776
143.441
145.758
147.669
149.231
150.471
151.424
152.16
152.731
153.174
153.524
153.806
154.036
154.228
154.391
154.529
154.646
154.739
154.803
154.826
154.803
154.733
154.616
154.448
154.23
153.959
153.634
153.25
152.804
152.29
151.699
151.017
150.226
149.356
124.097
121.521
118.633
115.654
112.835
109.968
107.196
104.602
102.145
99.8656
97.7643
95.8172
94.0256
92.3767
90.8602
89.4739
88.2157
87.0877
86.0949
85.2442
84.5437
84.0012
83.6171
83.3859
83.289
83.3071
83.4412
83.7013
84.0978
84.641
85.3414
86.2103
87.2602
88.505
89.9615
91.6501
93.5977
95.8312
98.2268
126.565
128.958
131.631
134.49
137.243
139.954
142.526
144.764
146.614
148.128
149.333
150.26
150.978
151.536
151.97
152.313
152.591
152.819
153.01
153.173
153.314
153.436
153.538
153.614
153.654
153.652
153.606
153.516
153.38
153.197
152.964
152.68
152.341
151.943
151.48
150.943
150.319
149.588
148.781
123.941
121.475
118.713
115.869
113.182
110.454
107.82
105.362
103.037
100.886
98.9065
97.077
95.398
93.8567
92.4432
91.1549
89.9894
88.9482
88.0356
87.2573
86.6202
86.1307
85.788
85.5861
85.5065
85.5309
85.6595
85.901
86.264
86.7573
87.3896
88.1705
89.1106
90.2223
91.5209
93.0261
94.7645
96.7651
98.9186
126.307
128.603
131.17
133.919
136.569
139.182
141.664
143.828
145.618
147.086
148.256
149.158
149.858
150.403
150.827
151.164
151.436
151.661
151.85
152.013
152.156
152.281
152.389
152.476
152.529
152.545
152.519
152.453
152.344
152.191
151.991
151.744
151.445
151.09
150.674
150.188
149.618
148.946
148.201
123.802
121.44
118.797
116.08
113.518
110.92
108.418
106.086
103.886
101.854
99.9888
98.2691
96.6948
95.2534
93.9354
92.7376
91.6577
90.6964
89.8574
89.1453
88.5661
88.1246
87.8196
87.644
87.5799
87.6097
87.7332
87.9577
88.2905
88.7388
89.3101
90.0124
90.8549
91.8485
93.0072
94.3494
95.9015
97.693
99.6272
126.07
128.274
130.741
133.386
135.938
138.457
140.853
142.945
144.678
146.102
147.238
148.116
148.797
149.329
149.743
150.073
150.34
150.561
150.747
150.909
151.052
151.179
151.292
151.386
151.451
151.481
151.473
151.426
151.34
151.213
151.043
150.828
150.565
150.25
149.877
149.437
148.919
148.303
147.617
123.677
121.413
118.883
116.286
113.841
111.366
108.987
106.774
104.691
102.771
101.013
99.3957
97.9188
96.5703
95.3406
94.2265
93.2253
92.3375
91.5659
90.9143
90.3877
89.9899
89.7188
89.5669
89.5167
89.5514
89.6702
89.8793
90.1849
90.5929
91.1096
91.7418
92.4976
93.3863
94.4208
95.6186
97.0049
98.6093
100.346
125.854
127.971
130.343
132.889
135.348
137.778
140.092
142.115
143.793
145.173
146.277
147.13
147.794
148.312
148.716
149.039
149.3
149.516
149.7
149.859
150.001
150.129
150.245
150.345
150.419
150.46
150.467
150.437
150.371
150.266
150.122
149.936
149.705
149.425
149.091
148.695
148.224
147.662
147.033
123.566
121.394
118.97
116.487
114.152
111.793
109.529
107.428
105.454
103.639
101.981
100.459
99.0725
97.8101
96.6621
95.6254
94.6968
93.8764
93.1665
92.5702
92.0914
91.7332
91.4927
91.3621
91.3243
91.3633
91.478
91.6734
91.9546
92.3266
92.7946
93.3644
94.0429
94.8386
95.7631
96.8327
98.0716
99.5088
101.067
125.656
127.692
129.974
132.426
134.797
137.142
139.377
141.335
142.959
144.298
145.369
146.199
146.845
147.349
147.744
148.058
148.314
148.525
148.705
148.862
149.003
149.131
149.249
149.353
149.433
149.484
149.502
149.486
149.437
149.352
149.231
149.07
148.867
148.619
148.321
147.965
147.539
147.027
146.451
123.467
121.382
119.058
116.68
114.449
112.198
110.043
108.047
106.175
104.458
102.893
101.46
100.158
98.9756
97.9035
96.9381
96.0764
95.318
94.6645
94.1186
93.6834
93.3609
93.1479
93.0363
93.0095
93.0524
93.1634
93.3468
93.6064
93.9465
94.3711
94.8855
95.4954
96.2084
97.0353
97.9913
99.0993
100.387
101.786
125.476
127.435
129.631
131.995
134.283
136.548
138.707
140.602
142.175
143.473
144.514
145.32
145.948
146.439
146.824
147.131
147.38
147.587
147.762
147.916
148.055
148.182
148.301
148.408
148.493
148.551
148.578
148.575
148.54
148.472
148.37
148.232
148.055
147.836
147.57
147.25
146.865
146.4
145.875
123.379
121.376
119.145
116.867
114.732
112.583
110.529
108.631
106.855
105.229
103.751
102.401
101.178
100.07
99.0676
98.1682
97.3681
96.6667
96.065
95.5651
95.1693
94.8791
94.6908
94.5962
94.5791
94.6254
94.7332
94.9058
95.1465
95.4583
95.8448
96.3099
96.8591
97.4989
98.2394
99.0945
100.086
101.241
102.498
125.312
127.198
129.315
131.596
133.804
135.992
138.081
139.915
141.438
142.697
143.708
144.492
145.102
145.58
145.955
146.253
146.496
146.698
146.87
147.02
147.157
147.282
147.401
147.509
147.599
147.662
147.697
147.703
147.68
147.627
147.542
147.423
147.269
147.076
146.84
146.553
146.206
145.784
145.306
123.301
121.374
119.23
117.045
115.001
112.947
110.988
109.181
107.495
105.955
104.558
103.285
102.134
101.094
100.157
99.3189
98.5757
97.9267
97.3725
96.9146
96.5549
96.2939
96.1278
96.0481
96.0396
96.0887
96.1935
96.3567
96.5806
96.8676
97.2205
97.6424
98.1379
98.7131
99.377
100.143
101.031
102.068
103.196
125.162
126.98
129.022
131.225
133.358
135.474
137.495
139.272
140.747
141.968
142.95
143.712
144.305
144.77
145.134
145.425
145.661
145.858
146.025
146.173
146.306
146.43
146.548
146.657
146.749
146.816
146.857
146.872
146.859
146.817
146.747
146.646
146.512
146.342
146.132
145.876
145.564
145.182
144.749
123.232
121.376
119.313
117.215
115.256
113.29
111.42
109.698
108.095
106.634
105.313
104.112
103.028
102.052
101.175
100.394
99.7028
99.102
98.5915
98.1721
97.8451
97.6107
97.4645
97.3982
97.3971
97.4485
97.5505
97.7052
97.9143
98.1796
98.503
98.887
99.3355
99.8537
100.45
101.137
101.933
102.865
103.879
125.026
126.78
128.752
130.881
132.944
134.992
136.947
138.67
140.098
141.284
142.239
142.979
143.555
144.007
144.361
144.644
144.874
145.065
145.228
145.372
145.502
145.624
145.741
145.85
145.944
146.014
146.06
146.08
146.076
146.045
145.987
145.901
145.785
145.636
145.45
145.222
144.942
144.597
144.204
123.17
121.38
119.394
117.376
115.495
113.612
111.824
110.182
108.657
107.27
106.018
104.884
103.863
102.946
102.124
101.395
100.753
100.196
99.7258
99.3419
99.045
98.8347
98.7066
98.6523
98.6576
98.7108
98.81
98.9569
99.1529
99.3991
99.6967
100.048
100.455
100.923
101.46
102.077
102.793
103.63
104.542
124.901
126.597
128.503
130.563
132.559
134.543
136.437
138.107
139.49
140.643
141.573
142.291
142.851
143.29
143.634
143.909
144.132
144.318
144.477
144.617
144.744
144.864
144.979
145.088
145.182
145.255
145.304
145.33
145.332
145.31
145.262
145.189
145.089
144.958
144.794
144.591
144.34
144.03
143.675
123.114
121.385
119.469
117.526
115.719
113.912
112.201
110.633
109.181
107.862
106.677
105.604
104.64
103.777
103.007
102.326
101.728
101.213
100.779
100.428
100.159
99.9707
99.8591
99.8156
99.8267
99.8812
99.9777
100.118
100.302
100.531
100.806
101.128
101.5
101.925
102.409
102.965
103.609
104.362
105.184
124.788
126.429
128.274
130.271
132.205
134.129
135.963
137.583
138.918
140.043
140.949
141.647
142.19
142.617
142.952
143.219
143.436
143.616
143.77
143.906
144.031
144.148
144.261
144.369
144.464
144.538
144.59
144.62
144.627
144.612
144.574
144.512
144.425
144.31
144.165
143.985
143.761
143.482
143.162
123.065
121.392
119.54
117.666
115.925
114.189
112.55
111.049
109.666
108.41
107.288
106.275
105.363
104.549
103.827
103.19
102.633
102.155
101.756
101.434
101.19
101.023
100.926
100.893
100.909
100.965
101.059
101.192
101.365
101.579
101.834
102.132
102.472
102.859
103.299
103.801
104.381
105.061
105.801
124.686
126.276
128.065
130.004
131.88
133.748
135.528
137.1
138.384
139.481
140.367
141.045
141.572
141.987
142.313
142.572
142.783
142.958
143.107
143.24
143.361
143.475
143.586
143.693
143.788
143.863
143.917
143.95
143.962
143.954
143.923
143.871
143.795
143.694
143.566
143.406
143.206
142.956
142.668
123.021
121.4
119.608
117.797
116.119
114.447
112.873
111.435
110.114
108.916
107.853
106.893
106.028
105.26
104.584
103.989
103.47
103.027
102.659
102.365
102.144
101.996
101.913
101.889
101.91
101.967
102.058
102.185
102.349
102.549
102.787
103.062
103.376
103.731
104.131
104.586
105.112
105.726
106.394
124.593
126.136
127.873
129.756
131.577
133.392
135.121
136.649
137.892
138.966
139.829
140.485
140.997
141.4
141.717
141.968
142.173
142.343
142.488
142.616
142.733
142.844
142.953
143.059
143.153
143.229
143.285
143.321
143.337
143.333
143.31
143.265
143.199
143.11
142.997
142.854
142.676
142.451
142.193
122.983
121.41
119.674
117.921
116.301
114.689
113.177
111.794
110.532
109.388
108.378
107.458
106.631
105.909
105.278
104.722
104.237
103.827
103.488
103.221
103.023
102.892
102.823
102.807
102.833
102.891
102.98
103.101
103.256
103.444
103.666
103.922
104.212
104.539
104.906
105.321
105.798
106.354
106.958
124.51
126.01
127.696
129.527
131.293
133.057
134.734
136.216
137.435
138.501
139.34
139.969
140.464
140.858
141.165
141.409
141.607
141.772
141.912
142.036
142.15
142.258
142.364
142.467
142.561
142.637
142.694
142.732
142.752
142.753
142.735
142.697
142.639
142.561
142.46
142.332
142.173
141.972
141.74
122.953
121.414
119.717
118.011
116.439
114.882
113.435
112.115
110.935
109.846
108.948
108.039
107.206
106.506
105.897
105.356
104.883
104.485
104.159
103.902
103.713
103.59
103.528
103.517
103.546
103.604
103.691
103.809
103.957
104.136
104.349
104.593
104.868
105.176
105.521
105.909
106.353
106.869
107.428
124.448
125.916
127.566
129.354
131.068
132.78
134.381
135.778
136.906
138.042
138.892
139.51
140.003
140.399
140.707
140.95
141.147
141.311
141.451
141.574
141.687
141.793
141.899
142.002
142.096
142.173
142.231
142.272
142.294
142.298
142.284
142.251
142.198
142.126
142.033
141.916
141.769
141.583
141.37
122.929
121.417
119.753
118.086
116.557
115.05
113.667
112.413
111.322
110.283
109.53
108.61
107.746
107.053
106.456
105.916
105.443
105.046
104.721
104.467
104.28
104.159
104.099
104.09
104.119
104.177
104.263
104.377
104.521
104.692
104.9
105.136
105.4
105.696
106.026
106.396
106.817
107.305
107.831
124.398
125.839
127.458
129.207
130.87
132.526
134.039
135.353
136.365
137.601
138.484
139.099
139.596
140.001
140.315
140.561
140.761
140.927
141.068
141.192
141.305
141.413
141.519
141.623
141.718
141.796
141.856
141.899
141.923
141.93
141.918
141.888
141.839
141.771
141.683
141.573
141.434
141.259
141.059
122.905
121.42
119.786
118.155
116.667
115.208
113.882
112.686
111.675
110.672
110.05
109.133
108.25
107.568
106.986
106.454
105.984
105.591
105.271
105.02
104.837
104.72
104.662
104.656
104.687
104.745
104.829
104.941
105.081
105.245
105.448
105.675
105.929
106.213
106.529
106.881
107.28
107.741
108.235
124.35
125.767
127.356
129.068
130.684
132.289
133.723
134.972
135.868
137.177
138.091
138.703
139.2
139.61
139.929
140.178
140.379
140.546
140.689
140.813
140.927
141.035
141.141
141.246
141.341
141.421
141.482
141.526
141.552
141.561
141.552
141.525
141.48
141.417
141.334
141.229
141.098
140.934
140.746
122.882
121.421
119.815
118.218
116.766
115.35
114.076
112.931
111.986
111.014
110.499
109.602
108.715
108.047
107.484
106.964
106.502
106.115
105.802
105.558
105.38
105.267
105.214
105.212
105.244
105.304
105.387
105.497
105.633
105.79
105.987
106.207
106.45
106.722
107.024
107.36
107.739
108.175
108.638
124.305
125.698
127.261
128.938
130.513
132.073
133.436
134.635
135.426
136.773
137.713
138.324
138.818
139.23
139.552
139.803
140.006
140.174
140.316
140.441
140.555
140.663
140.769
140.874
140.97
141.05
141.112
141.156
141.185
141.196
141.189
141.166
141.124
141.065
140.987
140.889
140.766
140.611
140.435
122.86
121.42
119.839
118.272
116.853
115.475
114.243
113.143
112.252
111.302
110.872
110.011
109.137
108.487
107.943
107.44
106.991
106.614
106.31
106.074
105.903
105.797
105.75
105.751
105.786
105.847
105.931
106.04
106.173
106.323
106.516
106.727
106.96
107.22
107.509
107.83
108.191
108.604
109.04
124.262
125.635
127.175
128.821
130.36
131.88
133.184
134.344
135.042
136.394
137.351
137.964
138.453
138.865
139.188
139.44
139.643
139.811
139.954
140.079
140.193
140.3
140.406
140.511
140.607
140.687
140.749
140.795
140.824
140.837
140.833
140.813
140.775
140.72
140.648
140.556
140.44
140.294
140.129
122.838
121.416
119.857
118.315
116.923
115.578
114.382
113.318
112.466
111.533
111.163
110.353
109.511
108.883
108.36
107.878
107.445
107.081
106.789
106.563
106.402
106.303
106.263
106.269
106.308
106.372
106.456
106.566
106.696
106.841
107.029
107.233
107.456
107.704
107.981
108.287
108.63
109.023
109.433
124.224
125.579
127.1
128.719
130.23
131.715
132.971
134.1
134.718
136.045
137.008
137.623
138.108
138.517
138.84
139.093
139.296
139.463
139.606
139.731
139.844
139.951
140.057
140.162
140.258
140.337
140.4
140.445
140.475
140.49
140.488
140.47
140.437
140.386
140.319
140.233
140.125
139.987
139.833
122.817
121.408
119.864
118.341
116.97
115.651
114.483
113.448
112.624
111.701
111.371
110.626
109.831
109.23
108.731
108.271
107.859
107.512
107.233
107.02
106.869
106.78
106.747
106.76
106.804
106.871
106.957
107.067
107.197
107.338
107.522
107.719
107.933
108.171
108.436
108.729
109.057
109.431
109.82
124.192
125.535
127.042
128.641
130.131
131.586
132.803
133.906
134.455
135.728
136.685
137.305
137.786
138.19
138.511
138.763
138.965
139.133
139.275
139.4
139.513
139.619
139.725
139.83
139.926
140.005
140.067
140.113
140.143
140.158
140.158
140.143
140.113
140.067
140.004
139.924
139.823
139.695
139.551
122.797
121.393
119.856
118.344
116.986
115.685
114.535
113.522
112.717
111.802
111.496
110.826
110.093
109.525
109.05
108.616
108.227
107.899
107.637
107.439
107.301
107.224
107.2
107.221
107.27
107.342
107.431
107.542
107.671
107.809
107.988
108.18
108.385
108.613
108.867
109.148
109.461
109.818
110.184
124.167
125.506
127.006
128.593
130.07
131.499
132.688
133.763
134.249
135.445
136.384
137.009
137.489
137.888
138.206
138.456
138.657
138.823
138.965
139.089
139.202
139.309
139.414
139.519
139.615
139.695
139.757
139.803
139.833
139.848
139.85
139.836
139.809
139.766
139.709
139.635
139.541
139.42
139.286
122.778
121.373
119.836
118.327
116.973
115.68
114.538
113.539
112.743
111.837
111.541
110.954
110.293
109.763
109.314
108.907
108.544
108.238
107.993
107.811
107.688
107.623
107.61
107.639
107.696
107.774
107.868
107.983
108.115
108.253
108.431
108.619
108.819
109.039
109.284
109.554
109.856
110.2
110.554
124.147
125.486
126.986
128.568
130.043
131.452
132.626
133.67
134.094
135.193
136.101
136.728
137.209
137.607
137.926
138.178
138.378
138.544
138.684
138.808
138.92
139.027
139.133
139.238
139.334
139.414
139.476
139.521
139.551
139.567
139.569
139.556
139.531
139.492
139.438
139.369
139.281
139.168
139.041
122.76
121.353
119.813
118.302
116.946
115.654
114.51
113.517
112.715
111.808
111.515
111.017
110.431
109.94
109.519
109.141
108.807
108.525
108.302
108.139
108.033
107.983
107.981
108.019
108.083
108.165
108.263
108.38
108.513
108.649
108.826
109.009
109.203
109.416
109.652
109.912
110.201
110.529
110.859
124.131
125.471
126.974
128.558
130.036
131.435
132.614
133.624
133.983
134.974
135.844
136.47
136.947
137.338
137.656
137.911
138.116
138.285
138.428
138.554
138.669
138.778
138.885
138.992
139.09
139.171
139.234
139.28
139.31
139.326
139.327
139.315
139.29
139.252
139.2
139.134
139.05
138.942
138.819
122.742
121.317
119.759
118.235
116.868
115.568
114.418
113.426
112.608
111.708
111.434
111.025
110.51
110.053
109.659
109.309
108.999
108.739
108.536
108.393
108.307
108.275
108.291
108.344
108.422
108.516
108.625
108.752
108.893
109.038
109.219
109.406
109.601
109.812
110.044
110.299
110.582
110.906
111.24
124.132
125.492
127.014
128.613
130.101
131.495
132.679
133.621
133.897
134.778
135.623
136.264
136.746
137.13
137.438
137.685
137.886
138.052
138.194
138.321
138.438
138.55
138.662
138.773
138.875
138.959
139.025
139.074
139.106
139.124
139.127
139.116
139.092
139.055
139.005
138.941
138.859
138.754
138.634
122.723
121.227
119.597
118.011
116.598
115.27
114.109
113.132
112.328
111.52
111.321
111.005
110.542
110.112
109.749
109.434
109.154
108.917
108.733
108.606
108.535
108.516
108.54
108.599
108.678
108.775
108.885
109.014
109.155
109.297
109.478
109.663
109.855
110.064
110.291
110.539
110.812
111.12
111.421
124.184
125.609
127.198
128.851
130.368
131.751
132.889
133.658
133.815
134.552
135.356
136.031
136.558
136.974
137.303
137.564
137.773
137.942
138.084
138.208
138.322
138.429
138.537
138.645
138.744
138.825
138.887
138.932
138.961
138.975
138.974
138.96
138.934
138.895
138.844
138.779
138.697
138.594
138.477
122.706
121.102
119.359
117.67
116.18
114.801
113.62
112.664
111.913
111.302
111.217
110.975
110.524
110.085
109.726
109.431
109.178
108.967
108.811
108.714
108.676
108.693
108.754
108.847
108.956
109.076
109.208
109.356
109.518
109.685
109.877
110.073
110.277
110.495
110.729
110.982
111.262
111.583
111.908
124.269
125.789
127.476
129.211
130.774
132.145
133.19
133.709
133.732
134.262
134.942
135.579
136.116
136.559
136.919
137.213
137.454
137.654
137.824
137.974
138.111
138.242
138.372
138.5
138.618
138.716
138.792
138.848
138.885
138.905
138.907
138.894
138.867
138.826
138.771
138.701
138.613
138.5
138.375
236.474
234.736
232.585
230.082
227.026
223.356
219.071
214.212
208.882
203.247
197.487
191.751
186.134
180.681
175.412
170.334
165.448
160.757
156.261
151.961
147.855
143.942
140.218
136.676
133.31
130.113
127.08
124.207
121.491
118.929
116.522
114.268
112.166
110.218
108.423
106.783
105.296
103.964
102.783
101.754
100.873
100.136
99.5393
99.0773
98.7438
98.5315
98.433
98.4398
98.5432
98.734
99.003
99.341
99.7388
100.188
100.679
101.205
101.757
102.329
102.913
103.503
104.093
104.679
105.256
105.821
106.37
106.903
107.413
107.842
108.216
108.592
108.969
109.347
109.718
110.088
110.434
110.795
111.082
111.465
111.623
112.122
236.155
232.708
228.998
225.127
221.186
217.241
213.348
209.533
205.814
202.203
198.713
195.353
192.134
189.063
186.147
183.391
180.797
178.366
176.099
173.991
172.04
170.239
168.582
167.06
165.667
164.392
163.227
162.164
161.193
160.307
159.496
158.754
158.072
157.444
156.863
156.323
155.817
155.339
154.883
154.445
154.018
153.598
153.181
152.763
152.341
151.912
151.473
151.024
150.563
150.089
149.603
149.105
148.597
148.079
147.554
147.024
146.491
145.957
145.426
144.9
144.381
143.873
143.377
142.895
142.429
141.98
141.551
141.198
140.898
140.596
140.295
139.999
139.711
139.436
139.178
138.941
138.726
138.543
138.389
138.282
169.547
169.181
168.898
168.653
168.392
168.12
167.817
167.435
166.917
166.212
165.286
164.129
162.749
161.159
159.375
157.415
155.298
153.045
150.679
148.222
145.695
143.12
140.519
137.914
135.324
132.768
130.261
127.817
125.446
123.158
120.962
118.864
116.87
114.986
113.216
111.563
110.031
108.623
107.34
106.184
105.156
104.254
103.478
102.825
102.292
101.875
101.569
101.368
101.265
101.255
101.328
101.477
101.695
101.973
102.303
102.678
103.09
103.532
103.997
104.479
104.971
105.467
105.963
106.455
106.939
107.412
107.869
108.257
108.596
108.938
109.284
109.632
109.975
110.321
110.645
110.988
111.26
111.628
111.781
112.264
169.751
169.971
170.461
170.88
171.232
171.495
171.662
171.728
171.693
171.56
171.33
171.006
170.593
170.096
169.522
168.879
168.175
167.419
166.623
165.797
164.952
164.097
163.243
162.399
161.572
160.77
159.997
159.258
158.555
157.889
157.262
156.671
156.116
155.594
155.103
154.64
154.201
153.782
153.381
152.992
152.614
152.241
151.871
151.5
151.126
150.747
150.36
149.963
149.556
149.138
148.708
148.266
147.814
147.351
146.88
146.402
145.919
145.434
144.948
144.464
143.985
143.513
143.052
142.602
142.166
141.744
141.341
141.008
140.725
140.44
140.154
139.871
139.595
139.331
139.083
138.854
138.644
138.464
138.315
138.212
149.804
149.431
149.053
148.688
148.3
147.876
147.413
146.909
146.366
145.789
145.184
144.56
143.919
143.259
142.569
141.838
141.053
140.203
139.28
138.277
137.191
136.021
134.769
133.435
132.027
130.551
129.018
127.44
125.829
124.2
122.566
120.942
119.341
117.774
116.254
114.792
113.396
112.075
110.837
109.687
108.632
107.674
106.817
106.062
105.409
104.858
104.407
104.054
103.794
103.623
103.536
103.528
103.59
103.718
103.904
104.142
104.424
104.745
105.096
105.473
105.869
106.277
106.693
107.113
107.53
107.944
108.348
108.694
108.997
109.304
109.616
109.933
110.248
110.567
110.868
111.189
111.446
111.795
111.945
112.407
150.074
150.319
150.578
150.829
151.109
151.411
151.732
152.068
152.416
152.77
153.126
153.478
153.819
154.144
154.448
154.725
154.969
155.176
155.342
155.463
155.537
155.563
155.542
155.475
155.365
155.214
155.028
154.811
154.568
154.305
154.025
153.734
153.436
153.134
152.83
152.527
152.225
151.925
151.627
151.33
151.034
150.736
150.436
150.132
149.821
149.504
149.177
148.84
148.493
148.134
147.763
147.38
146.985
146.58
146.165
145.741
145.31
144.874
144.435
143.996
143.558
143.125
142.7
142.283
141.879
141.486
141.11
140.8
140.535
140.268
139.999
139.731
139.47
139.218
138.981
138.76
138.557
138.383
138.239
138.138
150.099
149.865
149.616
149.362
149.093
148.788
148.429
148
147.486
146.879
146.179
145.394
144.54
143.631
142.681
141.697
140.683
139.641
138.575
137.486
136.375
135.243
134.09
132.912
131.711
130.483
129.23
127.952
126.652
125.333
124
122.658
121.316
119.98
118.659
117.362
116.099
114.878
113.707
112.596
111.55
110.576
109.679
108.863
108.133
107.489
106.933
106.464
106.081
105.782
105.564
105.423
105.354
105.352
105.412
105.528
105.694
105.904
106.151
106.431
106.736
107.062
107.402
107.752
108.107
108.464
108.817
109.122
109.392
109.667
109.948
110.235
110.522
110.815
111.092
111.391
111.632
111.964
112.108
112.553
150.289
150.458
150.607
150.743
150.868
150.978
151.074
151.156
151.227
151.285
151.334
151.374
151.406
151.432
151.453
151.471
151.486
151.499
151.51
151.519
151.525
151.526
151.522
151.51
151.49
151.458
151.414
151.356
151.283
151.195
151.091
150.973
150.841
150.696
150.538
150.37
150.193
150.007
149.814
149.613
149.405
149.19
148.967
148.735
148.494
148.243
147.982
147.708
147.423
147.125
146.814
146.49
146.154
145.806
145.446
145.076
144.697
144.311
143.919
143.525
143.129
142.735
142.345
141.963
141.589
141.226
140.876
140.587
140.34
140.091
139.839
139.588
139.34
139.101
138.874
138.663
138.469
138.302
138.163
138.06
146.376
146.148
145.913
145.688
145.467
145.245
145.013
144.759
144.474
144.146
143.763
143.319
142.81
142.239
141.609
140.924
140.185
139.394
138.55
137.657
136.717
135.733
134.707
133.644
132.548
131.422
130.27
129.098
127.909
126.708
125.498
124.283
123.068
121.858
120.658
119.472
118.308
117.172
116.069
115.008
113.993
113.031
112.128
111.288
110.517
109.818
109.193
108.644
108.171
107.774
107.453
107.205
107.026
106.915
106.865
106.873
106.934
107.043
107.195
107.383
107.603
107.849
108.116
108.399
108.692
108.993
109.295
109.56
109.798
110.041
110.291
110.549
110.807
111.074
111.326
111.603
111.825
112.139
112.275
112.704
146.547
146.685
146.827
146.973
147.121
147.268
147.415
147.559
147.701
147.837
147.968
148.091
148.206
148.31
148.405
148.488
148.56
148.62
148.668
148.705
148.732
148.749
148.758
148.759
148.753
148.741
148.723
148.7
148.671
148.636
148.596
148.549
148.495
148.433
148.363
148.284
148.197
148.1
147.993
147.877
147.75
147.614
147.466
147.308
147.137
146.955
146.76
146.551
146.329
146.093
145.843
145.579
145.301
145.01
144.706
144.39
144.063
143.727
143.384
143.035
142.682
142.328
141.976
141.627
141.285
140.952
140.63
140.362
140.134
139.902
139.668
139.433
139.201
138.976
138.761
138.56
138.376
138.216
138.081
137.976
141.72
141.515
141.3
141.089
140.879
140.668
140.458
140.241
140.009
139.757
139.477
139.162
138.808
138.415
137.984
137.518
137.02
136.49
135.927
135.329
134.693
134.017
133.301
132.543
131.743
130.903
130.024
129.109
128.161
127.185
126.185
125.164
124.129
123.084
122.035
120.988
119.947
118.919
117.911
116.927
115.974
115.057
114.182
113.355
112.58
111.861
111.203
110.608
110.077
109.614
109.217
108.886
108.621
108.419
108.277
108.192
108.161
108.179
108.242
108.346
108.485
108.654
108.85
109.066
109.298
109.543
109.794
110.019
110.223
110.434
110.654
110.882
111.111
111.35
111.577
111.829
112.031
112.325
112.451
112.863
141.869
141.989
142.118
142.253
142.393
142.538
142.688
142.844
143.004
143.169
143.339
143.511
143.687
143.865
144.044
144.222
144.4
144.574
144.745
144.91
145.069
145.219
145.361
145.492
145.613
145.723
145.822
145.909
145.985
146.05
146.105
146.149
146.183
146.206
146.22
146.223
146.216
146.199
146.171
146.131
146.08
146.017
145.942
145.854
145.753
145.637
145.508
145.363
145.204
145.03
144.84
144.636
144.416
144.182
143.933
143.672
143.398
143.113
142.819
142.516
142.208
141.895
141.582
141.269
140.96
140.657
140.364
140.119
139.909
139.696
139.48
139.264
139.049
138.839
138.637
138.448
138.274
138.121
137.992
137.885
138.828
138.658
138.478
138.296
138.11
137.919
137.727
137.535
137.338
137.128
136.9
136.647
136.362
136.042
135.686
135.299
134.882
134.44
133.975
133.487
132.974
132.435
131.868
131.273
130.649
129.994
129.31
128.596
127.854
127.083
126.285
125.463
124.618
123.755
122.876
121.986
121.09
120.192
119.299
118.416
117.548
116.701
115.88
115.091
114.34
113.63
112.967
112.353
111.793
111.288
110.84
110.451
110.12
109.846
109.63
109.467
109.357
109.296
109.28
109.306
109.371
109.468
109.595
109.748
109.92
110.11
110.31
110.495
110.665
110.844
111.032
111.23
111.431
111.642
111.843
112.07
112.251
112.524
112.638
113.032
138.959
139.073
139.195
139.321
139.451
139.585
139.723
139.866
140.012
140.162
140.317
140.475
140.637
140.802
140.971
141.144
141.319
141.496
141.676
141.858
142.04
142.222
142.403
142.583
142.759
142.932
143.098
143.259
143.412
143.557
143.692
143.818
143.933
144.037
144.129
144.209
144.278
144.334
144.378
144.41
144.428
144.433
144.424
144.402
144.365
144.313
144.245
144.163
144.064
143.949
143.818
143.671
143.508
143.33
143.136
142.928
142.707
142.473
142.227
141.972
141.709
141.439
141.165
140.89
140.615
140.344
140.079
139.857
139.667
139.473
139.277
139.079
138.882
138.689
138.502
138.326
138.163
138.018
137.895
137.788
136.834
136.69
136.537
136.381
136.219
136.05
135.878
135.705
135.532
135.357
135.173
134.976
134.759
134.517
134.245
133.942
133.609
133.25
132.866
132.459
132.03
131.576
131.098
130.594
130.065
129.51
128.931
128.328
127.701
127.051
126.379
125.685
124.97
124.237
123.488
122.724
121.949
121.167
120.38
119.594
118.813
118.042
117.285
116.548
115.835
115.151
114.501
113.889
113.319
112.793
112.315
111.887
111.509
111.182
110.907
110.682
110.506
110.377
110.293
110.251
110.248
110.279
110.343
110.434
110.549
110.685
110.836
110.981
111.118
111.265
111.422
111.59
111.763
111.948
112.123
112.325
112.485
112.735
112.838
113.213
136.949
137.054
137.165
137.279
137.399
137.522
137.65
137.783
137.919
138.06
138.205
138.354
138.507
138.663
138.823
138.986
139.152
139.321
139.492
139.666
139.842
140.019
140.197
140.376
140.556
140.735
140.913
141.09
141.264
141.435
141.602
141.764
141.919
142.068
142.208
142.34
142.461
142.572
142.672
142.76
142.835
142.897
142.946
142.981
143.001
143.006
142.996
142.969
142.927
142.868
142.792
142.7
142.591
142.466
142.325
142.169
141.999
141.814
141.617
141.409
141.19
140.963
140.73
140.492
140.253
140.014
139.78
139.581
139.41
139.236
139.058
138.88
138.702
138.526
138.356
138.194
138.043
137.907
137.791
137.685
135.133
135.01
134.879
134.744
134.603
134.455
134.301
134.143
133.985
133.826
133.667
133.503
133.329
133.141
132.933
132.702
132.445
132.162
131.856
131.528
131.179
130.809
130.417
130.003
129.565
129.105
128.622
128.116
127.588
127.037
126.465
125.872
125.259
124.627
123.978
123.313
122.635
121.947
121.251
120.551
119.849
119.149
118.456
117.774
117.106
116.458
115.833
115.236
114.671
114.14
113.648
113.196
112.788
112.423
112.104
111.83
111.601
111.417
111.274
111.173
111.11
111.082
111.088
111.122
111.183
111.268
111.37
111.475
111.58
111.695
111.822
111.96
112.105
112.264
112.415
112.593
112.731
112.959
113.049
113.406
135.233
135.326
135.424
135.526
135.633
135.744
135.86
135.98
136.105
136.235
136.37
136.509
136.653
136.802
136.955
137.113
137.274
137.44
137.609
137.782
137.958
138.137
138.318
138.501
138.685
138.87
139.056
139.242
139.427
139.61
139.792
139.971
140.147
140.319
140.486
140.647
140.801
140.947
141.085
141.213
141.33
141.437
141.531
141.613
141.681
141.735
141.774
141.798
141.805
141.797
141.772
141.731
141.673
141.598
141.507
141.4
141.278
141.142
140.992
140.829
140.655
140.47
140.278
140.079
139.876
139.67
139.466
139.291
139.14
138.985
138.826
138.667
138.508
138.35
138.197
138.051
137.913
137.788
137.68
137.574
133.724
133.618
133.506
133.389
133.267
133.138
133.003
132.863
132.717
132.57
132.423
132.275
132.125
131.968
131.799
131.616
131.413
131.187
130.939
130.669
130.38
130.071
129.745
129.4
129.036
128.653
128.251
127.829
127.388
126.926
126.444
125.942
125.421
124.88
124.322
123.747
123.157
122.555
121.941
121.319
120.691
120.061
119.431
118.805
118.186
117.579
116.987
116.415
115.865
115.341
114.847
114.386
113.96
113.571
113.221
112.911
112.641
112.411
112.221
112.069
111.954
111.874
111.827
111.81
111.82
111.855
111.911
111.978
112.051
112.134
112.23
112.339
112.456
112.588
112.716
112.871
112.989
113.195
113.272
113.609
133.812
133.894
133.981
134.072
134.166
134.266
134.369
134.477
134.59
134.707
134.83
134.957
135.088
135.225
135.366
135.513
135.664
135.82
135.98
136.145
136.314
136.488
136.665
136.846
137.03
137.216
137.405
137.596
137.787
137.98
138.172
138.363
138.553
138.741
138.926
139.107
139.283
139.454
139.618
139.775
139.923
140.063
140.192
140.311
140.417
140.511
140.592
140.658
140.71
140.747
140.767
140.771
140.76
140.731
140.687
140.626
140.55
140.459
140.354
140.235
140.104
139.962
139.81
139.649
139.482
139.311
139.138
138.988
138.857
138.721
138.583
138.442
138.302
138.163
138.027
137.897
137.774
137.66
137.561
137.457
132.594
132.503
132.405
132.305
132.199
132.087
131.968
131.845
131.716
131.582
131.445
131.307
131.169
131.029
130.885
130.733
130.567
130.386
130.184
129.961
129.719
129.458
129.18
128.886
128.577
128.253
127.912
127.554
127.18
126.787
126.377
125.948
125.502
125.038
124.556
124.059
123.546
123.02
122.481
121.931
121.372
120.807
120.239
119.669
119.101
118.538
117.984
117.442
116.915
116.407
115.922
115.461
115.029
114.627
114.257
113.922
113.621
113.357
113.128
112.934
112.775
112.65
112.556
112.492
112.456
112.446
112.458
112.488
112.529
112.58
112.645
112.725
112.813
112.92
113.024
113.157
113.256
113.44
113.505
113.823
132.672
132.745
132.823
132.904
132.988
133.077
133.17
133.266
133.367
133.473
133.583
133.697
133.817
133.941
134.07
134.203
134.342
134.485
134.634
134.787
134.945
135.107
135.274
135.445
135.62
135.8
135.983
136.169
136.357
136.549
136.741
136.936
137.13
137.325
137.519
137.711
137.901
138.087
138.27
138.446
138.617
138.781
138.936
139.083
139.22
139.346
139.46
139.562
139.651
139.725
139.785
139.83
139.86
139.873
139.871
139.853
139.82
139.772
139.709
139.633
139.543
139.441
139.328
139.206
139.075
138.938
138.797
138.673
138.562
138.447
138.327
138.207
138.085
137.965
137.847
137.733
137.625
137.523
137.434
137.331
131.671
131.59
131.506
131.418
131.325
131.227
131.123
131.014
130.9
130.78
130.655
130.527
130.397
130.266
130.135
130.001
129.861
129.71
129.545
129.363
129.163
128.943
128.707
128.456
128.192
127.914
127.623
127.317
126.997
126.66
126.307
125.938
125.552
125.149
124.731
124.298
123.85
123.388
122.913
122.426
121.929
121.424
120.912
120.395
119.877
119.359
118.844
118.336
117.838
117.352
116.881
116.43
116
115.594
115.214
114.862
114.541
114.25
113.991
113.764
113.569
113.405
113.271
113.166
113.088
113.037
113.008
113.003
113.014
113.034
113.068
113.117
113.177
113.256
113.337
113.447
113.528
113.692
113.745
114.042
131.739
131.805
131.874
131.946
132.022
132.102
132.184
132.271
132.361
132.456
132.555
132.658
132.765
132.877
132.994
133.115
133.242
133.373
133.509
133.65
133.795
133.946
134.101
134.261
134.426
134.595
134.768
134.945
135.126
135.311
135.498
135.688
135.88
136.074
136.269
136.464
136.659
136.852
137.043
137.232
137.416
137.596
137.769
137.936
138.095
138.246
138.387
138.517
138.636
138.742
138.836
138.915
138.981
139.032
139.067
139.088
139.094
139.085
139.062
139.024
138.974
138.911
138.836
138.75
138.656
138.553
138.444
138.345
138.256
138.161
138.062
137.961
137.859
137.757
137.656
137.56
137.467
137.377
137.298
137.198
130.89
130.82
130.746
130.669
130.587
130.501
130.409
130.313
130.211
130.105
129.993
129.877
129.756
129.633
129.508
129.384
129.257
129.126
128.988
128.838
128.673
128.492
128.295
128.082
127.855
127.616
127.365
127.103
126.827
126.537
126.232
125.912
125.576
125.226
124.862
124.483
124.089
123.683
123.263
122.832
122.39
121.937
121.477
121.01
120.538
120.063
119.588
119.116
118.648
118.187
117.737
117.299
116.878
116.475
116.093
115.733
115.399
115.09
114.809
114.556
114.332
114.136
113.968
113.828
113.713
113.624
113.558
113.521
113.503
113.494
113.498
113.517
113.547
113.598
113.653
113.741
113.804
113.948
113.989
114.265
130.951
131.01
131.072
131.137
131.205
131.277
131.351
131.429
131.511
131.596
131.685
131.778
131.875
131.976
132.082
132.192
132.307
132.426
132.55
132.679
132.813
132.952
133.096
133.244
133.397
133.555
133.718
133.885
134.057
134.232
134.412
134.594
134.781
134.969
135.16
135.353
135.547
135.742
135.936
136.129
136.321
136.509
136.694
136.874
137.049
137.217
137.377
137.529
137.671
137.804
137.925
138.033
138.13
138.212
138.281
138.336
138.377
138.404
138.417
138.416
138.402
138.375
138.336
138.286
138.226
138.156
138.08
138.007
137.94
137.867
137.788
137.707
137.624
137.54
137.458
137.378
137.3
137.222
137.154
137.057
130.225
130.163
130.097
130.029
129.957
129.88
129.799
129.714
129.624
129.53
129.43
129.326
129.217
129.103
128.985
128.866
128.747
128.628
128.506
128.379
128.243
128.095
127.932
127.754
127.562
127.357
127.14
126.912
126.673
126.421
126.155
125.876
125.583
125.276
124.957
124.624
124.278
123.92
123.549
123.166
122.771
122.367
121.953
121.531
121.103
120.669
120.233
119.795
119.359
118.926
118.498
118.079
117.671
117.277
116.898
116.537
116.196
115.876
115.58
115.308
115.061
114.839
114.643
114.472
114.326
114.204
114.105
114.039
113.994
113.957
113.933
113.922
113.923
113.945
113.974
114.037
114.081
114.204
114.233
114.489
130.279
130.332
130.387
130.446
130.507
130.571
130.638
130.709
130.782
130.86
130.94
131.025
131.113
131.205
131.301
131.401
131.506
131.615
131.728
131.846
131.969
132.097
132.229
132.366
132.508
132.655
132.806
132.963
133.124
133.289
133.459
133.633
133.811
133.993
134.178
134.365
134.555
134.747
134.94
135.134
135.327
135.519
135.71
135.897
136.082
136.261
136.435
136.603
136.763
136.915
137.058
137.19
137.312
137.422
137.519
137.604
137.676
137.734
137.779
137.812
137.831
137.838
137.832
137.816
137.789
137.752
137.707
137.66
137.614
137.563
137.506
137.445
137.381
137.316
137.252
137.188
137.125
137.061
137.003
136.909
129.646
129.591
129.532
129.472
129.408
129.34
129.268
129.193
129.114
129.03
128.942
128.849
128.751
128.649
128.543
128.432
128.321
128.21
128.099
127.986
127.87
127.746
127.613
127.466
127.306
127.132
126.946
126.748
126.539
126.318
126.085
125.84
125.582
125.313
125.031
124.737
124.431
124.114
123.785
123.444
123.092
122.73
122.358
121.977
121.589
121.194
120.794
120.39
119.985
119.58
119.177
118.779
118.387
118.005
117.634
117.276
116.934
116.609
116.303
116.018
115.754
115.512
115.293
115.097
114.924
114.774
114.645
114.553
114.484
114.422
114.371
114.332
114.305
114.298
114.299
114.336
114.359
114.461
114.477
114.71
129.694
129.742
129.792
129.845
129.9
129.958
130.018
130.082
130.149
130.219
130.292
130.369
130.449
130.534
130.622
130.714
130.81
130.91
131.014
131.123
131.236
131.354
131.476
131.603
131.735
131.871
132.012
132.158
132.309
132.465
132.625
132.789
132.958
133.131
133.308
133.488
133.672
133.858
134.047
134.238
134.429
134.622
134.814
135.005
135.194
135.38
135.563
135.741
135.914
136.08
136.24
136.391
136.532
136.664
136.786
136.896
136.994
137.08
137.154
137.216
137.265
137.303
137.328
137.343
137.347
137.341
137.326
137.305
137.281
137.251
137.216
137.176
137.133
137.087
137.04
136.993
136.945
136.892
136.846
136.755
129.166
129.117
129.066
129.012
128.955
128.896
128.833
128.766
128.696
128.622
128.544
128.461
128.374
128.283
128.189
128.091
127.989
127.885
127.779
127.673
127.566
127.455
127.34
127.216
127.081
126.934
126.775
126.604
126.421
126.227
126.022
125.807
125.58
125.341
125.092
124.832
124.561
124.279
123.986
123.682
123.367
123.042
122.707
122.362
122.01
121.65
121.284
120.913
120.537
120.16
119.782
119.406
119.033
118.665
118.305
117.954
117.615
117.29
116.979
116.685
116.409
116.153
115.916
115.7
115.504
115.33
115.175
115.06
114.97
114.886
114.81
114.746
114.691
114.656
114.629
114.639
114.639
114.717
114.72
114.929
129.209
129.252
129.297
129.344
129.394
129.446
129.5
129.558
129.618
129.681
129.747
129.816
129.888
129.965
130.044
130.128
130.215
130.306
130.401
130.501
130.605
130.713
130.825
130.943
131.064
131.191
131.322
131.458
131.599
131.744
131.894
132.049
132.208
132.372
132.54
132.712
132.888
133.067
133.25
133.435
133.623
133.812
134.002
134.193
134.383
134.573
134.76
134.944
135.125
135.302
135.473
135.637
135.795
135.944
136.085
136.216
136.336
136.447
136.546
136.633
136.71
136.775
136.828
136.871
136.904
136.927
136.941
136.944
136.941
136.933
136.92
136.902
136.879
136.852
136.823
136.792
136.759
136.719
136.683
136.596
128.743
128.702
128.657
128.611
128.562
128.511
128.456
128.399
128.338
128.273
128.205
128.133
128.057
127.978
127.895
127.808
127.718
127.623
127.524
127.422
127.319
127.214
127.108
126.998
126.882
126.758
126.621
126.472
126.312
126.142
125.962
125.772
125.573
125.363
125.143
124.913
124.673
124.423
124.161
123.889
123.607
123.315
123.012
122.701
122.38
122.052
121.717
121.375
121.028
120.677
120.324
119.969
119.616
119.264
118.917
118.576
118.243
117.92
117.609
117.311
117.028
116.76
116.51
116.277
116.063
115.869
115.692
115.557
115.448
115.345
115.248
115.16
115.081
115.019
114.965
114.947
114.922
114.975
114.963
115.146
128.78
128.818
128.857
128.899
128.944
128.99
129.04
129.092
129.146
129.203
129.263
129.326
129.393
129.462
129.535
129.612
129.692
129.776
129.864
129.955
130.051
130.151
130.256
130.364
130.478
130.595
130.717
130.844
130.976
131.112
131.253
131.398
131.548
131.702
131.861
132.025
132.192
132.364
132.539
132.718
132.899
133.084
133.27
133.458
133.647
133.836
134.024
134.212
134.397
134.579
134.758
134.932
135.101
135.264
135.42
135.567
135.706
135.836
135.957
136.067
136.167
136.256
136.335
136.404
136.463
136.513
136.554
136.58
136.597
136.61
136.618
136.621
136.619
136.612
136.602
136.588
136.569
136.542
136.516
136.433
128.428
128.392
128.353
128.314
128.271
128.227
128.179
128.129
128.076
128.019
127.96
127.897
127.831
127.762
127.689
127.614
127.533
127.447
127.351
127.244
127.125
126.999
126.87
126.743
126.621
126.509
126.405
126.304
126.195
126.068
125.919
125.751
125.569
125.38
125.184
124.981
124.769
124.546
124.313
124.069
123.816
123.552
123.279
122.997
122.705
122.406
122.098
121.784
121.463
121.137
120.807
120.474
120.14
119.806
119.473
119.144
118.82
118.502
118.193
117.894
117.607
117.332
117.072
116.827
116.599
116.387
116.192
116.039
115.915
115.794
115.679
115.571
115.47
115.383
115.305
115.259
115.21
115.236
115.208
115.362
128.459
128.491
128.525
128.561
128.599
128.64
128.683
128.728
128.776
128.827
128.88
128.937
128.996
129.058
129.123
129.192
129.264
129.34
129.419
129.502
129.59
129.681
129.776
129.876
129.98
130.088
130.201
130.319
130.441
130.567
130.698
130.834
130.975
131.12
131.269
131.423
131.582
131.745
131.912
132.082
132.257
132.435
132.615
132.798
132.983
133.17
133.357
133.544
133.73
133.915
134.099
134.279
134.455
134.627
134.794
134.955
135.108
135.254
135.392
135.522
135.642
135.753
135.854
135.946
136.029
136.102
136.168
136.216
136.252
136.285
136.314
136.337
136.356
136.369
136.377
136.38
136.376
136.362
136.346
136.267
128.05
128.019
127.985
127.949
127.912
127.872
127.829
127.785
127.737
127.687
127.635
127.579
127.521
127.459
127.393
127.324
127.25
127.172
127.09
127.004
126.915
126.823
126.73
126.636
126.542
126.444
126.341
126.232
126.116
125.993
125.863
125.723
125.572
125.412
125.244
125.067
124.882
124.689
124.487
124.275
124.053
123.822
123.582
123.332
123.073
122.805
122.529
122.245
121.953
121.655
121.351
121.043
120.73
120.415
120.099
119.783
119.468
119.157
118.85
118.55
118.258
117.976
117.704
117.445
117.199
116.967
116.751
116.577
116.434
116.292
116.154
116.022
115.896
115.783
115.676
115.597
115.52
115.511
115.463
115.583
128.078
128.107
128.136
128.167
128.2
128.235
128.272
128.311
128.352
128.396
128.442
128.491
128.542
128.596
128.653
128.712
128.775
128.842
128.911
128.985
129.062
129.143
129.228
129.317
129.41
129.507
129.609
129.715
129.826
129.941
130.061
130.185
130.315
130.448
130.587
130.73
130.878
131.03
131.187
131.348
131.514
131.683
131.857
132.033
132.213
132.395
132.579
132.765
132.952
133.139
133.327
133.513
133.697
133.879
134.058
134.233
134.403
134.568
134.726
134.877
135.022
135.158
135.286
135.405
135.517
135.619
135.714
135.787
135.846
135.903
135.956
136.006
136.05
136.088
136.12
136.145
136.16
136.162
136.159
136.091
127.684
127.658
127.629
127.599
127.568
127.534
127.498
127.46
127.421
127.379
127.335
127.289
127.24
127.188
127.134
127.076
127.015
126.951
126.886
126.822
126.758
126.695
126.629
126.558
126.48
126.394
126.299
126.196
126.085
125.97
125.853
125.733
125.607
125.474
125.331
125.18
125.021
124.854
124.68
124.498
124.307
124.108
123.899
123.681
123.454
123.218
122.974
122.72
122.459
122.19
121.913
121.63
121.341
121.047
120.749
120.448
120.145
119.842
119.54
119.241
118.946
118.656
118.374
118.101
117.837
117.585
117.345
117.149
116.985
116.821
116.659
116.502
116.348
116.206
116.068
115.957
115.847
115.802
115.727
115.813
127.708
127.732
127.758
127.785
127.813
127.843
127.874
127.907
127.942
127.979
128.018
128.059
128.102
128.148
128.196
128.247
128.301
128.357
128.417
128.48
128.546
128.615
128.689
128.766
128.847
128.932
129.021
129.114
129.212
129.314
129.421
129.532
129.648
129.769
129.894
130.024
130.159
130.299
130.443
130.592
130.746
130.905
131.068
131.236
131.407
131.582
131.761
131.943
132.128
132.314
132.503
132.692
132.882
133.072
133.262
133.449
133.635
133.817
133.995
134.169
134.338
134.501
134.657
134.806
134.947
135.081
135.208
135.31
135.393
135.476
135.557
135.635
135.708
135.775
135.835
135.885
135.924
135.945
135.96
135.906
127.435
127.412
127.388
127.363
127.337
127.309
127.28
127.249
127.216
127.182
127.146
127.108
127.067
127.024
126.978
126.929
126.877
126.822
126.764
126.702
126.638
126.571
126.501
126.427
126.348
126.264
126.178
126.09
126.002
125.913
125.819
125.72
125.615
125.503
125.383
125.256
125.119
124.974
124.822
124.663
124.497
124.322
124.139
123.948
123.748
123.539
123.321
123.095
122.86
122.616
122.365
122.106
121.839
121.566
121.287
121.003
120.714
120.423
120.13
119.836
119.543
119.253
118.966
118.685
118.411
118.145
117.888
117.675
117.494
117.312
117.13
116.951
116.776
116.609
116.446
116.306
116.168
116.091
115.99
116.043
127.457
127.479
127.503
127.527
127.553
127.581
127.609
127.639
127.671
127.704
127.738
127.775
127.813
127.853
127.895
127.94
127.986
128.035
128.087
128.141
128.198
128.258
128.321
128.387
128.457
128.531
128.608
128.689
128.774
128.864
128.957
129.055
129.158
129.265
129.376
129.493
129.614
129.74
129.871
130.007
130.148
130.294
130.445
130.601
130.761
130.927
131.097
131.271
131.449
131.63
131.815
132.003
132.193
132.385
132.578
132.772
132.966
133.159
133.35
133.539
133.725
133.907
134.085
134.257
134.423
134.583
134.736
134.861
134.966
135.072
135.177
135.28
135.379
135.472
135.558
135.633
135.693
135.735
135.767
135.724
127.251
127.23
127.209
127.187
127.165
127.141
127.115
127.089
127.061
127.032
127.001
126.968
126.933
126.896
126.856
126.813
126.769
126.721
126.671
126.618
126.561
126.502
126.441
126.376
126.308
126.236
126.158
126.077
125.992
125.907
125.821
125.732
125.64
125.542
125.438
125.328
125.211
125.085
124.95
124.807
124.657
124.501
124.337
124.165
123.986
123.798
123.602
123.397
123.184
122.963
122.733
122.495
122.249
121.995
121.734
121.467
121.194
120.915
120.633
120.348
120.06
119.773
119.486
119.202
118.921
118.646
118.378
118.152
117.959
117.762
117.564
117.368
117.173
116.986
116.802
116.639
116.477
116.373
116.251
116.273
127.271
127.292
127.314
127.337
127.361
127.386
127.412
127.44
127.469
127.499
127.53
127.563
127.598
127.634
127.672
127.711
127.753
127.796
127.841
127.889
127.939
127.991
128.046
128.104
128.164
128.228
128.295
128.365
128.439
128.516
128.598
128.683
128.773
128.868
128.966
129.07
129.178
129.291
129.409
129.532
129.661
129.795
129.934
130.078
130.228
130.383
130.544
130.71
130.88
131.055
131.235
131.419
131.606
131.797
131.991
132.188
132.386
132.585
132.785
132.984
133.182
133.379
133.572
133.762
133.947
134.128
134.303
134.448
134.57
134.695
134.82
134.945
135.067
135.183
135.292
135.39
135.472
135.532
135.58
135.55
127.152
127.134
127.116
127.096
127.076
127.056
127.033
127.009
126.984
126.957
126.929
126.9
126.868
126.834
126.798
126.761
126.72
126.678
126.633
126.586
126.536
126.483
126.427
126.369
126.307
126.242
126.174
126.101
126.022
125.939
125.855
125.769
125.684
125.596
125.504
125.406
125.303
125.192
125.074
124.947
124.811
124.668
124.518
124.361
124.197
124.025
123.845
123.658
123.462
123.258
123.046
122.826
122.597
122.36
122.116
121.864
121.605
121.339
121.068
120.792
120.511
120.228
119.944
119.659
119.375
119.095
118.818
118.583
118.38
118.172
117.96
117.749
117.538
117.334
117.134
116.952
116.771
116.644
116.504
116.497
127.168
127.184
127.202
127.22
127.24
127.261
127.282
127.305
127.328
127.353
127.379
127.406
127.434
127.464
127.495
127.528
127.562
127.598
127.636
127.677
127.719
127.763
127.81
127.859
127.911
127.966
128.023
128.084
128.148
128.215
128.286
128.361
128.44
128.523
128.61
128.703
128.799
128.901
129.008
129.12
129.238
129.361
129.49
129.625
129.765
129.912
130.064
130.222
130.386
130.555
130.73
130.91
131.095
131.285
131.478
131.676
131.877
132.08
132.286
132.493
132.701
132.908
133.114
133.318
133.519
133.716
133.91
134.071
134.208
134.348
134.491
134.634
134.776
134.913
135.042
135.161
135.262
135.34
135.403
135.386
127.03
127.022
127.011
126.998
126.984
126.969
126.953
126.935
126.915
126.894
126.871
126.846
126.82
126.792
126.761
126.728
126.693
126.656
126.617
126.574
126.53
126.483
126.433
126.38
126.323
126.264
126.201
126.134
126.064
125.989
125.909
125.826
125.741
125.656
125.571
125.484
125.391
125.293
125.189
125.077
124.956
124.826
124.688
124.542
124.389
124.229
124.061
123.885
123.702
123.512
123.313
123.107
122.893
122.67
122.439
122.201
121.954
121.7
121.439
121.172
120.899
120.622
120.341
120.058
119.773
119.49
119.208
118.967
118.756
118.539
118.317
118.093
117.869
117.65
117.435
117.237
117.042
116.896
116.743
116.709
127.037
127.044
127.052
127.062
127.073
127.086
127.1
127.115
127.132
127.15
127.17
127.19
127.213
127.236
127.262
127.288
127.317
127.347
127.379
127.414
127.45
127.488
127.529
127.573
127.619
127.668
127.72
127.775
127.834
127.895
127.961
128.03
128.103
128.18
128.262
128.348
128.439
128.534
128.635
128.741
128.852
128.969
129.092
129.221
129.355
129.496
129.643
129.796
129.956
130.121
130.293
130.47
130.653
130.841
131.035
131.233
131.436
131.643
131.853
132.065
132.28
132.496
132.712
132.927
133.141
133.352
133.56
133.735
133.884
134.038
134.195
134.354
134.512
134.667
134.815
134.951
135.069
135.163
135.24
135.236
126.839
126.843
126.843
126.839
126.834
126.827
126.819
126.809
126.797
126.782
126.765
126.747
126.726
126.703
126.677
126.65
126.62
126.588
126.554
126.517
126.478
126.436
126.391
126.344
126.293
126.239
126.181
126.119
126.054
125.986
125.914
125.837
125.757
125.675
125.591
125.508
125.424
125.337
125.245
125.147
125.042
124.93
124.81
124.68
124.542
124.397
124.244
124.083
123.914
123.736
123.551
123.356
123.153
122.941
122.72
122.491
122.254
122.009
121.756
121.496
121.229
120.957
120.68
120.398
120.115
119.83
119.545
119.299
119.084
118.859
118.629
118.395
118.159
117.928
117.701
117.49
117.284
117.122
116.96
116.903
126.835
126.831
126.829
126.829
126.83
126.834
126.839
126.847
126.856
126.868
126.881
126.897
126.915
126.934
126.956
126.979
127.004
127.032
127.061
127.093
127.127
127.164
127.203
127.245
127.29
127.337
127.388
127.442
127.499
127.559
127.624
127.692
127.764
127.841
127.921
128.007
128.096
128.191
128.29
128.395
128.505
128.62
128.741
128.868
129
129.139
129.284
129.435
129.592
129.756
129.925
130.101
130.283
130.471
130.664
130.863
131.067
131.275
131.489
131.705
131.925
132.148
132.371
132.595
132.819
133.041
133.261
133.447
133.606
133.771
133.94
134.112
134.284
134.453
134.616
134.767
134.9
135.009
135.099
135.107
126.765
126.779
126.789
126.794
126.796
126.796
126.795
126.792
126.786
126.777
126.766
126.753
126.737
126.719
126.699
126.677
126.653
126.627
126.598
126.567
126.534
126.498
126.459
126.417
126.372
126.325
126.273
126.218
126.16
126.098
126.033
125.965
125.893
125.817
125.737
125.655
125.573
125.488
125.401
125.309
125.211
125.104
124.988
124.863
124.727
124.583
124.43
124.271
124.105
123.932
123.751
123.562
123.364
123.158
122.944
122.722
122.492
122.253
122.007
121.754
121.493
121.226
120.953
120.676
120.394
120.11
119.824
119.576
119.357
119.128
118.891
118.65
118.405
118.164
117.927
117.705
117.49
117.317
117.149
117.071
126.749
126.735
126.722
126.711
126.702
126.694
126.689
126.686
126.685
126.686
126.691
126.698
126.707
126.719
126.734
126.751
126.771
126.794
126.819
126.847
126.877
126.911
126.947
126.987
127.029
127.075
127.124
127.177
127.233
127.292
127.356
127.423
127.495
127.571
127.651
127.735
127.825
127.918
128.017
128.121
128.23
128.344
128.463
128.589
128.72
128.857
129
129.15
129.305
129.467
129.635
129.81
129.99
130.177
130.37
130.569
130.773
130.983
131.198
131.418
131.641
131.868
132.097
132.328
132.56
132.79
133.019
133.214
133.381
133.555
133.735
133.918
134.102
134.284
134.46
134.623
134.766
134.883
134.981
135.001
126.342
126.351
126.358
126.362
126.362
126.361
126.358
126.354
126.349
126.342
126.332
126.321
126.308
126.293
126.277
126.259
126.24
126.218
126.195
126.17
126.142
126.112
126.079
126.043
126.004
125.961
125.915
125.865
125.811
125.753
125.69
125.621
125.547
125.467
125.381
125.29
125.199
125.115
125.046
124.994
124.958
124.934
124.912
124.882
124.832
124.754
124.644
124.506
124.349
124.178
123.996
123.804
123.603
123.393
123.175
122.949
122.715
122.475
122.227
121.973
121.713
121.447
121.175
120.898
120.617
120.332
120.046
119.796
119.574
119.342
119.101
118.853
118.602
118.352
118.106
117.876
117.654
117.471
117.3
117.203
126.333
126.325
126.319
126.315
126.312
126.311
126.312
126.315
126.321
126.328
126.338
126.351
126.367
126.386
126.408
126.432
126.459
126.489
126.522
126.558
126.596
126.637
126.682
126.729
126.779
126.833
126.89
126.95
127.013
127.08
127.15
127.224
127.302
127.383
127.468
127.557
127.65
127.747
127.848
127.953
128.063
128.177
128.296
128.42
128.55
128.684
128.825
128.971
129.123
129.282
129.446
129.617
129.794
129.978
130.168
130.365
130.567
130.776
130.991
131.211
131.436
131.666
131.899
132.134
132.37
132.607
132.843
133.044
133.218
133.399
133.586
133.777
133.968
134.157
134.338
134.509
134.662
134.794
134.907
134.933
127.058
127.062
127.066
127.069
127.071
127.07
127.069
127.068
127.066
127.064
127.06
127.056
127.052
127.047
127.041
127.034
127.027
127.018
127.008
126.996
126.983
126.968
126.951
126.932
126.911
126.888
126.863
126.837
126.808
126.778
126.745
126.713
126.682
126.658
126.642
126.636
126.63
126.614
126.569
126.48
126.334
126.128
125.868
125.573
125.269
124.983
124.731
124.513
124.319
124.135
123.951
123.764
123.573
123.377
123.175
122.967
122.751
122.528
122.296
122.057
121.809
121.554
121.292
121.022
120.747
120.468
120.185
119.937
119.716
119.483
119.241
118.991
118.735
118.481
118.23
117.994
117.769
117.58
117.41
117.297
127.053
127.049
127.045
127.041
127.038
127.035
127.032
127.03
127.028
127.027
127.026
127.026
127.028
127.031
127.035
127.041
127.049
127.059
127.07
127.084
127.099
127.117
127.137
127.158
127.183
127.209
127.239
127.271
127.306
127.345
127.387
127.433
127.483
127.537
127.595
127.658
127.726
127.799
127.877
127.961
128.051
128.146
128.248
128.356
128.471
128.592
128.721
128.857
129.001
129.152
129.31
129.476
129.65
129.831
130.02
130.215
130.418
130.628
130.844
131.067
131.295
131.527
131.764
132.003
132.245
132.487
132.727
132.933
133.112
133.298
133.494
133.696
133.905
134.116
134.32
134.501
134.644
134.743
134.825
134.863
)
;

boundaryField
{
    inlet
    {
        type            freestreamPressure;
    }
    outlet
    {
        type            freestreamPressure;
    }
    walls
    {
        type            zeroGradient;
    }
    frontAndBack
    {
        type            empty;
    }
}


// ************************************************************************* //
