/*--------------------------------*- C++ -*----------------------------------*\
| =========                 |                                                 |
| \\      /  F ield         | OpenFOAM: The Open Source CFD Toolbox           |
|  \\    /   O peration     | Version:  2.3.1                                 |
|   \\  /    A nd           | Web:      www.OpenFOAM.org                      |
|    \\/     M anipulation  |                                                 |
\*---------------------------------------------------------------------------*/
FoamFile
{
    version     2.0;
    format      ascii;
    class       regIOobject;
    location    "constant/polyMesh";
    object      faceZones;
}
// * * * * * * * * * * * * * * * * * * * * * * * * * * * * * * * * * * * * * //

2
(
wing_baffle
{
    type faceZone;
faceLabels      0();
flipMap         0();
}

baffleFaces
{
    type faceZone;
faceLabels      List<label> 
1350
(
341775
341776
341777
341778
341779
341780
341781
341782
341783
341784
341785
341786
341787
341788
341789
341790
341791
341792
341793
341794
341795
341796
341797
341798
341799
341800
341801
341802
341803
341804
341805
341806
341807
341808
341809
341810
341811
341812
341813
341814
341815
341816
341817
341818
341819
341820
341821
341822
341823
341824
341825
341826
341827
341828
341829
341830
341831
341832
341833
341834
341835
341836
341837
341838
341839
341840
341841
341842
341843
341844
341845
341846
341847
341848
341849
341850
341851
341852
341853
341854
341855
341856
341857
341858
341859
341860
341861
341862
341863
341864
341865
341866
341867
341868
341869
341870
341871
341872
341873
341874
341875
341876
341877
341878
341879
341880
341881
341882
341883
341884
341885
341886
341887
341888
341889
341890
341891
341892
341893
341894
341895
341896
341897
341898
341899
341900
341901
341902
341903
341904
341905
341906
341907
341908
341909
341910
341911
341912
341913
341914
341915
341916
341917
341918
341919
341920
341921
341922
341923
341924
341925
341926
341927
341928
341929
341930
341931
341932
341933
341934
341935
341936
341937
341938
341939
341940
341941
341942
341943
341944
341945
341946
341947
341948
341949
341950
341951
341952
341953
341954
341955
341956
341957
341958
341959
341960
341961
341962
341963
341964
341965
341966
341967
341968
341969
341970
341971
341972
341973
341974
341975
341976
341977
341978
341979
341980
341981
341982
341983
341984
341985
341986
341987
341988
341989
341990
341991
341992
341993
341994
341995
341996
341997
341998
341999
342000
342001
342002
342003
342004
342005
342006
342007
342008
342009
342010
342011
342012
342013
342014
342015
342016
342017
342018
342019
342020
342021
342022
342023
342024
342025
342026
342027
342028
342029
342030
342031
342032
342033
342034
342035
342036
342037
342038
342039
342040
342041
342042
342043
342044
342045
342046
342047
342048
342049
342050
342051
342052
342053
342054
342055
342056
342057
342058
342059
342060
342061
342062
342063
342064
342065
342066
342067
342068
342069
342070
342071
342072
342073
342074
342075
342076
342077
342078
342079
342080
342081
342082
342083
342084
342085
342086
342087
342088
342089
342090
342091
342092
342093
342094
342095
342096
342097
342098
342099
342100
342101
342102
342103
342104
342105
342106
342107
342108
342109
342110
342111
342112
342113
342114
342115
342116
342117
342118
342119
342120
342121
342122
342123
342124
342125
342126
342127
342128
342129
342130
342131
342132
342133
342134
342135
342136
342137
342138
342139
342140
342141
342142
342143
342144
342145
342146
342147
342148
342149
342150
342151
342152
342153
342154
342155
342156
342157
342158
342159
342160
342161
342162
342163
342164
342165
342166
342167
342168
342169
342170
342171
342172
342173
342174
342175
342176
342177
342178
342179
342180
342181
342182
342183
342184
342185
342186
342187
342188
342189
342190
342191
342192
342193
342194
342195
342196
342197
342198
342199
342200
342201
342202
342203
342204
342205
342206
342207
342208
342209
342210
342211
342212
342213
342214
342215
342216
342217
342218
342219
342220
342221
342222
342223
342224
342225
342226
342227
342228
342229
342230
342231
342232
342233
342234
342235
342236
342237
342238
342239
342240
342241
342242
342243
342244
342245
342246
342247
342248
342249
342250
342251
342252
342253
342254
342255
342256
342257
342258
342259
342260
342261
342262
342263
342264
342265
342266
342267
342268
342269
342270
342271
342272
342273
342274
342275
342276
342277
342278
342279
342280
342281
342282
342283
342284
342285
342286
342287
342288
342289
342290
342291
342292
342293
342294
342295
342296
342297
342298
342299
342300
342301
342302
342303
342304
342305
342306
342307
342308
342309
342310
342311
342312
342313
342314
342315
342316
342317
342318
342319
342320
342321
342322
342323
342324
342325
342326
342327
342328
342329
342330
342331
342332
342333
342334
342335
342336
342337
342338
342339
342340
342341
342342
342343
342344
342345
342346
342347
342348
342349
342350
342351
342352
342353
342354
342355
342356
342357
342358
342359
342360
342361
342362
342363
342364
342365
342366
342367
342368
342369
342370
342371
342372
342373
342374
342375
342376
342377
342378
342379
342380
342381
342382
342383
342384
342385
342386
342387
342388
342389
342390
342391
342392
342393
342394
342395
342396
342397
342398
342399
342400
342401
342402
342403
342404
342405
342406
342407
342408
342409
342410
342411
342412
342413
342414
342415
342416
342417
342418
342419
342420
342421
342422
342423
342424
342425
342426
342427
342428
342429
342430
342431
342432
342433
342434
342435
342436
342437
342438
342439
342440
342441
342442
342443
342444
342445
342446
342447
342448
342449
342450
342451
342452
342453
342454
342455
342456
342457
342458
342459
342460
342461
342462
342463
342464
342465
342466
342467
342468
342469
342470
342471
342472
342473
342474
342475
342476
342477
342478
342479
342480
342481
342482
342483
342484
342485
342486
342487
342488
342489
342490
342491
342492
342493
342494
342495
342496
342497
342498
342499
342500
342501
342502
342503
342504
342505
342506
342507
342508
342509
342510
342511
342512
342513
342514
342515
342516
342517
342518
342519
342520
342521
342522
342523
342524
342525
342526
342527
342528
342529
342530
342531
342532
342533
342534
342535
342536
342537
342538
342539
342540
342541
342542
342543
342544
342545
342546
342547
342548
342549
342550
342551
342552
342553
342554
342555
342556
342557
342558
342559
342560
342561
342562
342563
342564
342565
342566
342567
342568
342569
342570
342571
342572
342573
342574
342575
342576
342577
342578
342579
342580
342581
342582
342583
342584
342585
342586
342587
342588
342589
342590
342591
342592
342593
342594
342595
342596
342597
342598
342599
342600
342601
342602
342603
342604
342605
342606
342607
342608
342609
342610
342611
342612
342613
342614
342615
342616
342617
342618
342619
342620
342621
342622
342623
342624
342625
342626
342627
342628
342629
342630
342631
342632
342633
342634
342635
342636
342637
342638
342639
342640
342641
342642
342643
342644
342645
342646
342647
342648
342649
342650
342651
342652
342653
342654
342655
342656
342657
342658
342659
342660
342661
342662
342663
342664
342665
342666
342667
342668
342669
342670
342671
342672
342673
342674
342675
342676
342677
342678
342679
342680
342681
342682
342683
342684
342685
342686
342687
342688
342689
342690
342691
342692
342693
342694
342695
342696
342697
342698
342699
342700
342701
342702
342703
342704
342705
342706
342707
342708
342709
342710
342711
342712
342713
342714
342715
342716
342717
342718
342719
342720
342721
342722
342723
342724
342725
342726
342727
342728
342729
342730
342731
342732
342733
342734
342735
342736
342737
342738
342739
342740
342741
342742
342743
342744
342745
342746
342747
342748
342749
342750
342751
342752
342753
342754
342755
342756
342757
342758
342759
342760
342761
342762
342763
342764
342765
342766
342767
342768
342769
342770
342771
342772
342773
342774
342775
342776
342777
342778
342779
342780
342781
342782
342783
342784
342785
342786
342787
342788
342789
342790
342791
342792
342793
342794
342795
342796
342797
342798
342799
342800
342801
342802
342803
342804
342805
342806
342807
342808
342809
342810
342811
342812
342813
342814
342815
342816
342817
342818
342819
342820
342821
342822
342823
342824
342825
342826
342827
342828
342829
342830
342831
342832
342833
342834
342835
342836
342837
342838
342839
342840
342841
342842
342843
342844
342845
342846
342847
342848
342849
342850
342851
342852
342853
342854
342855
342856
342857
342858
342859
342860
342861
342862
342863
342864
342865
342866
342867
342868
342869
342870
342871
342872
342873
342874
342875
342876
342877
342878
342879
342880
342881
342882
342883
342884
342885
342886
342887
342888
342889
342890
342891
342892
342893
342894
342895
342896
342897
342898
342899
342900
342901
342902
342903
342904
342905
342906
342907
342908
342909
342910
342911
342912
342913
342914
342915
342916
342917
342918
342919
342920
342921
342922
342923
342924
342925
342926
342927
342928
342929
342930
342931
342932
342933
342934
342935
342936
342937
342938
342939
342940
342941
342942
342943
342944
342945
342946
342947
342948
342949
342950
342951
342952
342953
342954
342955
342956
342957
342958
342959
342960
342961
342962
342963
342964
342965
342966
342967
342968
342969
342970
342971
342972
342973
342974
342975
342976
342977
342978
342979
342980
342981
342982
342983
342984
342985
342986
342987
342988
342989
342990
342991
342992
342993
342994
342995
342996
342997
342998
342999
343000
343001
343002
343003
343004
343005
343006
343007
343008
343009
343010
343011
343012
343013
343014
343015
343016
343017
343018
343019
343020
343021
343022
343023
343024
343025
343026
343027
343028
343029
343030
343031
343032
343033
343034
343035
343036
343037
343038
343039
343040
343041
343042
343043
343044
343045
343046
343047
343048
343049
343050
343051
343052
343053
343054
343055
343056
343057
343058
343059
343060
343061
343062
343063
343064
343065
343066
343067
343068
343069
343070
343071
343072
343073
343074
343075
343076
343077
343078
343079
343080
343081
343082
343083
343084
343085
343086
343087
343088
343089
343090
343091
343092
343093
343094
343095
343096
343097
343098
343099
343100
343101
343102
343103
343104
343105
343106
343107
343108
343109
343110
343111
343112
343113
343114
343115
343116
343117
343118
343119
343120
343121
343122
343123
343124
)
;
flipMap         List<bool> 
1350
(
0
0
0
0
0
0
0
0
0
0
0
0
0
0
0
0
0
0
0
0
0
0
0
0
0
0
0
0
0
0
0
0
0
0
0
0
0
0
0
0
0
0
0
0
0
0
0
0
0
0
0
0
0
0
0
0
0
0
0
0
0
0
0
0
0
0
0
0
0
0
0
0
0
0
0
0
0
0
0
0
0
0
0
0
0
0
0
0
0
0
0
0
0
0
0
0
0
0
0
0
0
0
0
0
0
0
0
0
0
0
0
0
0
0
0
0
0
0
0
0
0
0
0
0
0
0
0
0
0
0
0
0
0
0
0
0
0
0
0
0
0
0
0
0
0
0
0
0
0
0
0
0
0
0
0
0
0
0
0
0
0
0
0
0
0
0
0
0
0
0
0
0
0
0
0
0
0
0
0
0
0
0
0
0
0
0
0
0
0
0
0
0
0
0
0
0
0
0
0
0
0
0
0
0
0
0
0
0
0
0
0
0
0
0
0
0
0
0
0
0
0
0
0
0
0
0
0
0
0
0
0
0
0
0
0
0
0
0
0
0
0
0
0
0
0
0
0
0
0
0
0
0
0
0
0
0
0
0
0
0
0
0
0
0
0
0
0
0
0
0
0
0
0
0
0
0
0
0
0
0
0
0
0
0
0
0
0
0
0
0
0
0
0
0
0
0
0
0
0
0
0
0
0
0
0
0
0
0
0
0
0
0
0
0
0
0
0
0
0
0
0
0
0
0
0
0
0
0
0
0
0
0
0
0
0
0
0
0
0
0
0
0
0
0
0
0
0
0
0
0
0
0
0
0
0
0
0
0
0
0
0
0
0
0
0
0
0
0
0
0
0
0
0
0
0
0
0
0
0
0
0
0
0
0
0
0
0
0
0
0
0
0
0
0
0
0
0
0
0
0
0
0
0
0
0
0
0
0
0
0
0
0
0
0
0
0
0
0
0
0
0
0
0
0
0
0
0
0
0
0
0
0
0
0
0
0
0
0
0
0
0
0
0
0
0
0
0
0
0
0
0
0
0
0
0
0
0
0
0
0
0
0
0
0
0
0
0
0
0
0
0
0
0
0
0
0
0
0
0
0
0
0
0
0
0
0
0
0
0
0
0
0
0
0
0
0
0
0
0
0
0
0
0
0
0
0
0
0
0
0
0
0
0
0
0
0
0
0
0
0
0
0
0
0
0
0
0
0
0
0
0
0
0
0
0
0
0
0
0
0
0
0
0
0
0
0
0
0
0
0
0
0
0
0
0
0
0
0
0
0
0
0
0
0
0
0
0
0
0
0
0
0
0
0
0
0
0
0
0
0
0
0
0
0
0
0
0
0
0
0
0
0
0
0
0
0
0
0
0
0
0
0
0
0
0
0
0
0
0
0
0
0
0
0
0
0
0
0
0
0
0
0
0
0
0
0
0
0
0
0
0
0
0
0
0
0
0
0
0
0
0
0
0
0
0
0
0
0
0
0
0
0
0
0
0
0
0
0
0
0
0
0
0
0
0
0
0
0
0
0
0
0
0
0
0
1
1
1
1
1
1
1
1
1
1
1
1
1
1
1
1
1
1
1
1
1
1
1
1
1
1
1
1
1
1
1
1
1
1
1
1
1
1
1
1
1
1
1
1
1
1
1
1
1
1
1
1
1
1
1
1
1
1
1
1
1
1
1
1
1
1
1
1
1
1
1
1
1
1
1
1
1
1
1
1
1
1
1
1
1
1
1
1
1
1
1
1
1
1
1
1
1
1
1
1
1
1
1
1
1
1
1
1
1
1
1
1
1
1
1
1
1
1
1
1
1
1
1
1
1
1
1
1
1
1
1
1
1
1
1
1
1
1
1
1
1
1
1
1
1
1
1
1
1
1
1
1
1
1
1
1
1
1
1
1
1
1
1
1
1
1
1
1
1
1
1
1
1
1
1
1
1
1
1
1
1
1
1
1
1
1
1
1
1
1
1
1
1
1
1
1
1
1
1
1
1
1
1
1
1
1
1
1
1
1
1
1
1
1
1
1
1
1
1
1
1
1
1
1
1
1
1
1
1
1
1
1
1
1
1
1
1
1
1
1
1
1
1
1
1
1
1
1
1
1
1
1
1
1
1
1
1
1
1
1
1
1
1
1
1
1
1
1
1
1
1
1
1
1
1
1
1
1
1
1
1
1
1
1
1
1
1
1
1
1
1
1
1
1
1
1
1
1
1
1
1
1
1
1
1
1
1
1
1
1
1
1
1
1
1
1
1
1
1
1
1
1
1
1
1
1
1
1
1
1
1
1
1
1
1
1
1
1
1
1
1
1
1
1
1
1
1
1
1
1
1
1
1
1
1
1
1
1
1
1
1
1
1
1
1
1
1
1
1
1
1
1
1
1
1
1
1
1
1
1
1
1
1
1
1
1
1
1
1
1
1
1
1
1
1
1
1
1
1
1
1
1
1
1
1
1
1
1
1
1
1
1
1
1
1
1
1
1
1
1
1
1
1
1
1
1
1
1
1
1
1
1
1
1
1
1
1
1
1
1
1
1
1
1
1
1
1
1
1
1
1
1
1
1
1
1
1
1
1
1
1
1
1
1
1
1
1
1
1
1
1
1
1
1
1
1
1
1
1
1
1
1
1
1
1
1
1
1
1
1
1
1
1
1
1
1
1
1
1
1
1
1
1
1
1
1
1
1
1
1
1
1
1
1
1
1
1
1
1
1
1
1
1
1
1
1
1
1
1
1
1
1
1
1
1
1
1
1
1
1
1
1
1
1
1
1
1
1
1
1
1
1
1
1
1
1
1
1
1
1
1
1
1
1
1
1
1
1
1
1
1
1
1
1
1
1
1
1
1
1
1
1
1
1
1
1
1
1
1
1
1
1
1
1
1
1
1
1
1
1
1
1
1
1
1
1
1
1
1
1
1
1
1
1
1
1
1
1
1
1
1
1
1
1
1
1
1
1
1
1
1
1
1
1
1
1
1
1
1
1
1
1
1
1
1
1
1
1
1
1
1
1
1
1
1
1
1
1
1
1
1
1
1
1
1
1
1
1
1
1
1
1
1
1
1
)
;
}
)

// ************************************************************************* //
