/*--------------------------------*- C++ -*----------------------------------*\
| =========                 |                                                 |
| \\      /  F ield         | OpenFOAM: The Open Source CFD Toolbox           |
|  \\    /   O peration     | Version:  2.3.1                                 |
|   \\  /    A nd           | Web:      www.OpenFOAM.org                      |
|    \\/     M anipulation  |                                                 |
\*---------------------------------------------------------------------------*/
FoamFile
{
    version     2.0;
    format      ascii;
    class       volScalarField;
    location    "0.1";
    object      epsilon;
}
// * * * * * * * * * * * * * * * * * * * * * * * * * * * * * * * * * * * * * //

dimensions      [0 2 -3 0 0 0 0];

internalField   nonuniform List<scalar> 
9648
(
2096.61
1958.85
1926.74
1887.1
1843.5
1797.33
1749.17
1699.66
1649.61
1599.82
1550.96
1503.4
1457.72
1414.35
1373.43
1335.06
1299.4
1266.53
1236.37
1208.8
1183.77
1161.16
1140.81
1122.67
1106.61
1092.48
1080.15
1069.53
1060.54
1053.07
1047.04
1042.38
1039.03
1036.9
1035.99
1036.21
1037.51
1039.88
1043.34
1047.86
1053.39
1059.98
1067.63
1076.35
1086.19
1097.16
1109.3
1122.6
1137.16
1153.06
1170.28
1188.71
1208.39
1229.06
1250.42
1272.04
1293.67
1315.13
1336.08
1356.38
1375.99
423.402
417.175
425.131
430.056
434.694
439.447
444.472
449.439
454.288
458.898
463.333
467.431
471.231
474.785
478.131
481.244
484.168
486.99
489.76
492.456
495.144
497.845
500.564
503.344
506.232
509.226
512.325
515.549
518.924
522.454
526.133
529.983
534.019
538.221
542.609
547.193
551.963
556.911
562.049
567.398
572.951
578.693
584.625
590.748
597.065
603.567
610.229
617.03
623.939
630.965
638.068
645.194
652.293
659.399
666.389
673.277
679.961
686.618
693.166
699.607
705.928
209.506
220.255
231.677
243.039
254.773
266.662
278.695
290.609
302.345
313.698
324.678
335.173
345.161
354.625
363.557
371.967
379.866
387.294
394.275
400.839
407.019
412.84
418.34
423.557
428.523
433.267
437.81
442.185
446.406
450.495
454.471
458.352
462.15
465.878
469.549
473.168
476.748
480.286
483.787
487.254
490.688
494.094
497.459
500.79
504.091
507.344
510.551
513.708
516.819
519.868
522.847
525.749
528.545
531.299
533.909
536.484
538.938
541.424
543.797
546.128
548.422
162.032
173.933
186.305
199.147
212.347
225.698
239.044
252.22
265.104
277.558
289.517
300.905
311.692
321.849
331.369
340.249
348.507
356.167
363.258
369.815
375.868
381.449
386.601
391.36
395.768
399.859
403.665
407.218
410.537
413.65
416.58
419.349
421.979
424.48
426.869
429.158
431.358
433.473
435.511
437.477
439.379
441.225
443.02
444.767
446.468
448.124
449.735
451.299
452.817
454.286
455.691
457.059
458.371
459.645
460.841
462.02
463.179
464.311
465.394
466.434
467.455
150.925
163.451
176.507
190.013
203.781
217.618
231.347
244.82
257.909
270.493
282.491
293.838
304.502
314.464
323.72
332.264
340.113
347.298
353.848
359.807
365.207
370.081
374.472
378.421
381.976
385.178
388.062
390.66
392.99
395.084
396.968
398.668
400.207
401.602
402.863
404.01
405.054
406.001
406.859
407.636
408.339
408.983
409.574
410.119
410.62
411.082
411.506
411.892
412.235
412.545
412.806
413.026
413.215
413.366
413.479
413.557
413.622
413.651
413.634
413.58
413.491
150.314
163.405
176.965
190.856
204.874
218.847
232.609
246.015
258.948
271.28
282.942
293.862
304.03
313.426
322.074
329.942
337.059
343.464
349.19
354.295
358.818
362.775
366.23
369.208
371.782
373.993
375.879
377.475
378.792
379.861
380.718
381.385
381.9
382.272
382.508
382.635
382.674
382.616
382.476
382.259
381.975
381.638
381.264
380.855
380.41
379.937
379.436
378.919
378.373
377.792
377.182
376.534
375.854
375.141
374.395
373.644
372.877
372.073
371.227
370.353
369.438
153.732
167.174
180.988
195.02
209.033
222.909
236.451
249.544
262.088
273.924
285.018
295.273
304.718
313.336
321.199
328.213
334.416
339.891
344.635
348.772
352.32
355.271
357.72
359.666
361.215
362.417
363.292
363.908
364.228
364.306
364.181
363.866
363.425
362.855
362.136
361.331
360.467
359.51
358.488
357.402
356.248
355.065
353.86
352.639
351.38
350.113
348.829
347.539
346.231
344.905
343.553
342.177
340.781
339.332
337.865
336.404
334.939
333.469
331.951
330.384
328.807
158.471
172.058
185.906
199.87
213.651
227.209
240.34
252.931
264.934
276.067
286.423
295.786
304.345
312.005
318.997
325.025
330.194
334.626
338.25
341.316
343.839
345.701
347.133
347.97
348.467
348.622
348.47
348.108
347.424
346.519
345.444
344.166
342.814
341.325
339.675
337.979
336.235
334.385
332.521
330.593
328.606
326.594
324.625
322.63
320.601
318.614
316.597
314.617
312.613
310.612
308.599
306.583
304.544
302.431
300.327
298.274
296.209
294.188
292.09
289.938
287.847
163.008
176.492
190.261
203.916
217.389
230.45
242.995
255.092
266.386
276.749
286.206
294.588
302.055
308.616
314.718
319.716
323.837
327.126
329.657
331.65
332.979
333.741
333.966
333.733
333.213
332.204
331.082
329.689
327.859
325.998
323.855
321.667
319.569
317.118
314.414
311.935
309.186
306.378
303.692
300.758
297.772
294.643
292.002
289.18
286.341
283.784
280.918
278.354
275.518
272.855
270.025
267.435
264.822
262.054
259.365
256.877
254.159
251.923
249.278
246.552
244.131
1395.24
1414.23
1432.89
1451.36
1470.15
1488.97
1506.71
1524.16
1541.29
1558.57
1575.93
1594.01
1613.21
1633.91
1656.28
1680.75
1707.26
1735.48
1764.95
1795.62
1827.2
1859.62
1893.07
1927.35
1962.22
1997.75
2034.06
2071.15
2108.95
2147.48
2186.9
2227.11
2268.13
2310.09
2353.02
2396.84
2441.62
2487.5
2534.55
2582.65
2631.8
2682.24
2733.96
2786.81
2841.08
2896.69
2953.51
3011.58
3071.08
3132.1
3194.55
3258.3
3323.88
3390.98
3459.91
3530.53
3603.59
3679.31
3757.78
3838.95
3923.05
712.065
718.367
724.553
730.634
736.666
742.689
748.751
754.745
760.815
766.877
773.073
779.302
785.611
792.009
798.488
805.051
811.661
818.307
824.961
831.611
838.269
844.923
851.543
858.069
864.489
870.809
877.014
883.12
889.111
895.004
900.812
906.511
912.117
917.646
923.094
928.456
933.754
938.977
944.124
949.195
954.202
959.164
964.051
968.865
973.623
978.311
982.916
987.423
991.864
996.232
1000.51
1004.69
1008.79
1012.96
1016.96
1021.09
1025.24
1029.68
1034.13
1038.8
1043.8
550.741
553.041
555.369
557.645
559.872
562.012
564.077
566.106
568.131
570.111
572.097
574.043
575.984
577.869
579.711
581.505
583.244
584.925
586.54
588.085
589.555
590.957
592.286
593.547
594.73
595.829
596.837
597.755
598.581
599.32
599.962
600.51
600.967
601.325
601.599
601.78
601.869
601.861
601.756
601.548
601.243
600.841
600.347
599.747
599.049
598.24
597.308
596.244
595.055
593.74
592.274
590.701
588.986
587.157
585.14
583.04
580.861
578.631
576.363
574.121
571.995
468.437
469.406
470.325
471.211
472.085
472.879
473.583
474.25
474.851
475.378
475.845
476.268
476.638
476.939
477.195
477.388
477.522
477.59
477.591
477.517
477.373
477.156
476.872
476.524
476.109
475.623
475.063
474.428
473.717
472.93
472.068
471.122
470.094
468.99
467.814
466.564
465.237
463.829
462.333
460.752
459.089
457.354
455.548
453.677
451.738
449.729
447.627
445.434
443.143
440.77
438.287
435.702
433.031
430.256
427.353
424.328
421.227
418.043
414.825
411.629
408.509
413.366
413.174
412.921
412.63
412.352
412.061
411.73
411.353
410.939
410.464
409.954
409.405
408.806
408.163
407.471
406.726
405.957
405.132
404.251
403.313
402.322
401.282
400.2
399.082
397.921
396.714
395.457
394.148
392.793
391.391
389.938
388.424
386.849
385.219
383.542
381.817
380.037
378.193
376.278
374.295
372.252
370.153
368.012
365.839
363.639
361.41
359.117
356.786
354.383
351.93
349.403
346.792
344.121
341.373
338.53
335.577
332.533
329.392
326.233
323.076
319.965
368.503
367.531
366.535
365.485
364.412
363.308
362.196
361.067
359.897
358.697
357.459
356.203
354.918
353.593
352.236
350.857
349.464
348.026
346.539
345.008
343.437
341.838
340.222
338.599
336.954
335.283
333.586
331.858
330.118
328.363
326.592
324.78
322.933
321.046
319.142
317.215
315.247
313.24
311.172
309.045
306.87
304.65
302.406
300.16
297.923
295.706
293.449
291.193
288.898
286.61
284.272
281.862
279.426
276.917
274.359
271.665
268.899
266.034
263.174
260.275
257.419
327.218
325.611
323.978
322.314
320.628
318.934
317.226
315.524
313.793
312.022
310.246
308.469
306.668
304.851
303
301.147
299.305
297.432
295.517
293.548
291.546
289.537
287.527
285.541
283.558
281.559
279.553
277.524
275.516
273.534
271.598
269.637
267.681
265.696
263.736
261.771
259.761
257.733
255.658
253.531
251.358
249.129
246.884
244.652
242.446
240.327
238.167
236.069
233.948
231.926
229.889
227.757
225.631
223.438
221.235
218.844
216.435
213.892
211.426
208.882
206.394
285.734
283.649
281.537
279.434
277.323
275.235
273.13
271.085
269.025
266.882
264.757
262.668
260.561
258.432
256.232
254.072
251.983
249.874
247.735
245.472
243.164
240.893
238.607
236.367
234.18
231.981
229.789
227.514
225.276
223.114
221.122
219.109
217.186
215.243
213.409
211.595
209.666
207.694
205.726
203.76
201.717
199.569
197.41
195.255
193.113
191.163
189.101
187.193
185.24
183.56
181.912
180.096
178.331
176.489
174.694
172.596
170.566
168.345
166.344
164.208
162.18
241.498
239.067
236.506
234.241
231.845
229.775
227.46
225.42
223.363
221.189
219.039
217.058
214.956
212.855
210.458
208.072
205.95
203.926
201.997
199.785
197.255
194.967
192.593
190.204
187.91
185.674
183.626
181.252
178.722
176.336
174.352
172.28
170.468
168.657
167.255
165.896
164.232
162.332
160.535
158.925
157.271
155.292
153.275
151.323
149.286
147.609
145.556
143.859
141.937
140.708
139.533
138.019
136.692
135.267
133.972
132.096
130.446
128.463
126.979
125.274
123.818
4011.23
4103.27
4198.08
4295.33
4394.9
4497.25
4601.6
4708.51
4816.7
4926.93
5044.04
5193.12
5326.58
5462.18
5600.77
5741.93
5886.21
6033.89
6184.59
6337.87
6493.8
6652.2
6812.6
6975.06
7139.21
7304.25
7469.83
7635.68
7801.5
7966.26
8129.85
8291.53
8450.28
8605.42
8756.4
8901.92
9038.15
9156.81
9245.93
9308.36
9344.59
9354.79
9337.85
9291.39
9213.53
9101.58
8951.32
8758.02
8517.42
8225.03
7874.77
7460.14
6976.37
6416.24
5734.85
4738.78
4322.61
4137.07
4086.13
4077.3
4011.4
1049.31
1055.24
1061.66
1068.37
1075.23
1082.31
1089.69
1097.28
1102.49
1105.92
1111.14
1117.06
1124.82
1132.86
1141.05
1149.47
1158.16
1167.06
1176.14
1185.37
1194.71
1204.21
1213.87
1223.69
1233.69
1243.84
1254.21
1264.83
1275.77
1287.1
1298.88
1311.22
1324.25
1338.12
1352.98
1369.17
1386.83
1408.53
1440.89
1479.07
1519.82
1563.51
1610.52
1660.9
1715.31
1774.02
1837.02
1904.51
1976.65
2052.83
2131.94
2212.15
2291.69
2369.45
2435.55
2496.96
2555.86
2647.01
2758.06
2864.72
2769.42
569.994
568.175
566.502
564.938
563.339
561.644
559.826
557.428
552.994
548.413
544.694
541.626
539.415
537.432
535.439
533.392
531.288
529.125
526.909
524.631
522.302
519.91
517.454
514.938
512.372
509.762
507.128
504.484
501.861
499.263
496.723
494.27
491.924
489.74
487.751
486.018
484.592
483.666
483.681
484.864
490.53
499.579
511.762
527.473
547.255
571.836
601.977
638.738
683.113
736.16
798.851
871.944
956.667
1053.39
1161.34
1277.15
1392.1
1518.86
1675.06
1879.03
2060.74
405.493
402.628
399.905
397.267
394.576
391.737
388.685
384.792
379.82
375.153
371.026
367.425
364.342
361.504
358.697
355.842
352.904
349.906
346.855
343.767
340.638
337.458
334.229
330.958
327.651
324.321
320.979
317.633
314.291
310.962
307.654
304.376
301.141
297.963
294.854
291.835
288.926
286.154
283.58
281.276
279.566
279.193
280.331
282.95
287.338
293.908
303.198
315.951
333.104
355.767
385.44
423.477
471.553
530.722
601.425
681.389
766.288
858.201
966.415
1106.21
1275.49
316.938
314.085
311.373
308.736
306.013
303.149
300.05
296.25
291.925
287.966
284.341
281.11
278.247
275.624
273.041
270.438
267.748
265.016
262.245
259.456
256.642
253.77
250.865
247.937
244.987
242.032
239.08
236.139
233.205
230.286
227.384
224.504
221.653
218.839
216.072
213.361
210.718
208.154
205.686
203.34
201.176
199.331
198.178
197.702
197.981
199.202
201.629
205.616
211.667
220.401
232.717
249.729
272.73
303.026
341.57
388.307
441.574
500.878
568.778
651.494
754.905
254.591
251.968
249.479
247.084
244.534
241.883
239.032
235.748
232.229
229.06
226.035
223.307
220.845
218.622
216.431
214.234
211.93
209.614
207.271
204.932
202.576
200.147
197.702
195.258
192.802
190.366
187.939
185.537
183.142
180.761
178.39
176.042
173.714
171.42
169.163
166.955
164.801
162.711
160.69
158.752
156.919
155.229
153.768
152.769
152.126
151.924
152.311
153.432
155.533
158.936
164.073
171.545
182.115
196.634
216.04
240.876
271.169
306.878
348.583
398.04
458.446
203.815
201.484
199.28
197.22
194.898
192.548
190.031
187.377
184.643
182.257
179.793
177.562
175.502
173.717
171.918
170.136
168.197
166.303
164.381
162.482
160.576
158.555
156.565
154.623
152.67
150.764
148.862
147.004
145.133
143.279
141.418
139.586
137.769
135.993
134.247
132.552
130.903
129.314
127.781
126.32
124.94
123.665
122.521
121.606
120.977
120.58
120.495
120.799
121.611
123.085
125.44
128.97
134.045
141.163
150.859
163.677
180.047
200.268
224.764
254.295
290.142
159.865
157.851
155.97
154.318
152.255
150.241
148.06
146.042
144.04
142.413
140.426
138.627
136.892
135.54
134.082
132.689
131.037
129.536
127.983
126.454
124.946
123.252
121.674
120.251
118.78
117.378
115.942
114.597
113.18
111.787
110.347
108.971
107.602
106.306
105.024
103.808
102.613
101.478
100.39
99.3817
98.4425
97.6042
96.8789
96.2809
95.9238
95.7194
95.7053
95.9117
96.4082
97.2742
98.6239
100.599
103.398
107.254
112.459
119.348
128.257
139.553
153.613
170.94
192.186
121.764
120.048
118.534
117.346
115.573
113.875
111.963
110.57
109.236
108.322
106.691
105.221
103.653
102.761
101.543
100.52
99.0423
97.9348
96.6631
95.3698
94.1985
92.7008
91.5083
90.7135
89.6529
88.6454
87.5416
86.6836
85.5673
84.5246
83.3151
82.3395
81.329
80.4658
79.5593
78.7486
77.8592
77.0539
76.3211
75.6808
75.142
74.678
74.3526
74.1172
73.9464
74.0061
74.1848
74.4742
74.9782
75.6332
76.6976
78.0935
80.0487
82.5381
85.8069
89.9181
95.1971
101.766
110.067
120.382
133.08
3883.99
3743.99
3596.37
3447.68
3306.83
3177.93
3062.23
2962.16
2879.13
2813.47
2764.57
2730.85
2710
2699.06
2695.3
2696.56
2701.68
2710.03
2720.98
2733.91
2748.43
2763.99
2779.91
2795.79
2811.12
2825.25
2837.63
2847.75
2855.16
2859.24
2859.5
2855.43
2846.5
2832.28
2812.54
2786.89
2755.07
2717.02
2673.03
2623.58
2569.48
2512.28
2453.93
2396.64
2342.99
2295.29
2254.94
2222.48
2197.5
2178.64
2163.88
2152.74
2144.33
2137.58
2131.09
2123.48
2113.8
2102.9
2093.62
2091.85
2095.77
2534.16
2288.55
2051.12
1838.61
1657.62
1500.24
1363.51
1246.98
1147.99
1066.01
999.358
948.152
910.738
884.159
865.865
853.389
845.09
840.063
837.688
837.491
839.092
842.134
846.313
851.337
856.935
862.862
868.895
874.871
880.577
885.824
890.42
894.153
896.91
898.753
900.142
900.355
898.602
894.304
887.121
876.631
862.328
843.503
819.8
791.147
758.098
721.761
683.736
646.051
610.878
580.496
556.249
536.121
518.924
503.865
489.786
475.717
461.799
450.69
444.838
438.732
428.026
2123.04
2068.65
1907.71
1687.42
1478.32
1287.4
1113.47
969.084
847.213
745.824
664.321
600.412
552.919
518.054
492.306
473.392
459.452
449.216
441.909
437.021
434.121
432.826
432.785
433.668
435.188
437.102
439.229
441.423
443.556
445.496
447.128
448.362
449.126
449.362
449.053
448.003
446.098
443.06
438.237
431.112
421.477
408.98
393.408
374.762
353.408
329.995
305.481
280.96
257.959
237.709
221.141
208.475
199.561
193.658
190.103
188.734
188.889
190.903
194.308
198.202
202.4
1445.93
1587.52
1663.89
1643.03
1534.68
1374.89
1180.24
1009.19
858.457
726.806
621.589
538.342
474.351
426.378
390.465
363.448
343.018
327.373
315.481
306.696
300.456
296.256
293.639
292.171
291.492
291.315
291.444
291.723
292.029
292.244
292.273
292.052
291.518
290.599
289.198
287.185
284.434
280.768
275.965
269.865
262.186
252.703
241.359
228.263
213.677
198.039
181.929
166.061
151.247
138.26
127.746
120.148
115.57
113.846
114.573
117.395
121.9
127.785
134.714
142.503
151.441
879.597
1021.55
1166.87
1287.62
1354.48
1350.76
1275.35
1148.77
999.583
839.355
705.85
594.558
504.174
435.182
382.558
342.648
312.374
288.952
270.863
257.175
247.06
239.789
234.704
231.197
228.769
227.051
225.795
224.823
223.998
223.188
222.299
221.268
220.041
218.54
216.681
214.361
211.476
207.911
203.539
198.258
191.95
184.563
176.13
166.635
156.271
145.339
134.222
123.362
113.257
104.433
97.3746
92.498
90.0569
90.096
92.454
96.8378
102.906
110.33
118.862
128.435
139.163
532.903
624.387
733.265
854.262
974.294
1074.11
1132.28
1133.47
1077.54
975.677
850.891
722.527
602.477
507.888
432.344
372.948
327.221
291.735
264.317
243.536
228.092
216.851
208.796
202.991
198.721
195.471
192.917
190.839
189.068
187.437
185.838
184.211
182.497
180.625
178.513
176.078
173.241
169.918
166.042
161.537
156.359
150.473
143.907
136.712
128.994
120.953
112.846
104.981
97.6951
91.3646
86.3818
83.1252
81.9003
82.8746
86.039
91.2038
98.0848
106.37
115.831
126.354
137.933
334.064
388.349
455.331
536.37
630.466
732.568
831.871
912.765
959.113
959.565
913.529
831.593
730.124
625.878
528.7
445.124
379.218
326.237
284.716
253.199
229.915
213.081
201.041
192.281
185.725
180.647
176.597
173.302
170.533
168.061
165.755
163.54
161.366
159.144
156.805
154.269
151.473
148.361
144.878
140.987
136.646
131.845
126.594
120.942
114.975
108.825
102.686
96.772
91.3374
86.6696
83.0903
80.9501
80.5652
82.1691
85.849
91.5062
98.9035
107.744
117.802
128.908
140.983
218.318
250.567
290.542
339.912
400.153
471.621
552.624
637.699
717.89
780.541
813.704
810.715
773.958
710.207
630.679
545.246
463.46
389.626
329.795
283.441
248.911
224.183
206.613
193.788
184.137
176.634
170.634
165.812
161.835
158.36
155.228
152.314
149.605
146.968
144.345
141.637
138.822
135.81
132.614
129.151
125.433
121.405
117.119
112.56
107.818
102.974
98.1988
93.6319
89.4988
86.0013
83.431
82.0909
82.3171
84.3609
88.3836
94.355
102.092
111.292
121.75
133.21
145.565
148.848
168.22
192.189
222.041
258.955
304.087
358.024
420.333
488.338
557.394
618.151
663.642
687.243
686.393
659.681
609.761
543.363
467.981
397.439
334.132
284.494
249.562
224.759
206.475
192.367
181.453
172.678
165.797
160.231
155.453
151.283
147.414
144.044
140.841
137.839
134.832
131.909
128.859
125.829
122.63
119.376
115.883
112.359
108.587
104.752
100.816
97.045
93.4207
90.2619
87.599
85.7841
85.0164
85.6367
87.9429
92.0822
98.1803
106.034
115.435
126.072
137.722
150.098
0.373882
111.487
99.6754
6.67414
0.51697
0.121979
0.000744409
275.961
0.000756426
0.0143766
177.482
5.08038
0.00074404
164.077
0.0975266
97.7565
0.00075276
257.377
197.597
0.000751516
5.8347
159.813
98.7206
0.000783945
0.000750215
0.246117
0.000750845
25.8214
0.000749812
0.00075805
2.18634
0.000770598
0.00968721
133.371
2.83965
203.06
182.979
14.0101
0.000739692
47.7945
76.5201
9.93824
0.000739474
70.4407
218.174
0.524406
0.000744469
0.00329674
2.23842
5.3927
267.421
257.16
0.000737124
0.000796709
0.207769
0.0020261
0.000757352
15.1338
167.068
187.115
317.316
0.000817658
0.998518
0.0118069
126.658
0.140432
147.447
269.974
0.00129535
0.000746605
15.3924
37.8537
67.6345
0.00132408
0.109306
118.409
132.261
45.6084
0.000734541
4.01841
0.00152727
52.6211
0.00991599
84.6149
0.000748911
8.02429
0.000754992
108.632
0.0262874
0.00101061
0.106472
0.000734209
0.000805103
207.339
90.499
0.000778109
1.24999
0.658525
0.00195264
153.798
0.0619048
56.7969
6.60065
0.000733815
0.000736045
0.00073603
1.72097
0.18928
0.000764989
122.683
168.043
0.0100804
229.471
96.2588
331.073
117.342
124.212
0.00107308
0.0633813
0.000778888
0.000740725
225.472
0.00230394
225.3
292.721
165.959
0.000740983
4.23992
4.28547
0.000739863
0.0351207
0.0126531
163.729
0.000916659
118.614
0.000744961
0.000735343
295.725
241.874
0.000738672
0.315962
99.3324
0.307368
0.853832
88.7877
143.011
0.475788
92.2763
0.00408325
155.059
21.8689
0.00383505
44.9468
82.7718
129.955
0.000742058
0.000739153
0.294801
0.000738346
154.786
0.064999
0.0014768
0.000745947
0.000741268
0.000758141
30.3975
274.099
41.6863
0.000830109
176.203
275.435
481.321
181.322
0.0100301
192.083
132.095
114.855
0.000737201
0.00131714
332.259
147.501
10.1726
40.0174
0.000740539
0.000767163
220.964
0.0144545
2.09605
0.000756579
0.000742415
0.1706
0.000817312
212.714
2.12199
0.000736585
0.375594
218.194
66.3028
0.00128062
171.231
0.000741761
0.000740068
89.084
19.7061
176.4
0.00130641
0.000756189
0.00565167
24.2382
192.487
9.68328
61.1092
27.8465
177.382
1.53084
60.9729
52.377
8.88366
8.10957
110.19
0.000826342
0.0241406
0.000738857
0.000757722
122.585
0.00497791
0.00582335
0.00115534
0.00936988
42.8846
186.493
0.0138687
87.3374
4.62773
14.8366
0.000738391
0.145287
25.3413
4.36095
0.00119531
25.9968
191.435
1.87846
4.47505
212.276
9.09685
9.35342
87.3922
0.000952999
0.000737379
0.000869795
0.00516213
111.023
0.000746493
0.00163709
0.00073847
1.88393
80.9142
120.71
126.615
23.142
8.11892
241.351
0.00131506
162.208
131.921
0.00073943
165.461
0.000748465
382.982
1.88582
140.497
0.00122554
0.000743772
16.6164
24.8672
0.000759333
0.000738616
0.000742765
0.000753915
1.0163
43.184
28.9135
0.026621
0.000760196
0.00073678
0.000734149
77.2669
0.281349
0.000951834
9.20778
0.0969379
0.294285
0.000735186
0.799743
0.000760029
0.0557897
62.9412
255.322
5.39715
0.000768992
0.00109129
46.3023
0.128204
200.007
245.579
0.000804296
0.000739356
0.000738867
117.244
0.000745937
158.84
0.000746101
10.7398
22.665
0.041696
198.095
322.417
0.000995637
130.037
61.2337
120.438
104.522
29.8918
237.104
114.24
83.3221
231.968
64.9118
67.9285
0.177095
239.243
215.698
140.052
106.092
0.00119404
151.67
190.779
180.412
0.0149796
0.000797477
0.000740389
0.000765097
1.23834
1.26987
2.54059
0.0715701
0.000741713
117.892
0.000741353
97.3759
12.8754
145.019
16.6751
11.4532
0.00101288
0.000880996
1.28564
146.404
0.00204429
10.9757
226.465
135.676
64.734
94.1686
87.0158
0.000759885
221.209
89.5231
118.917
0.000740446
123.223
101.171
0.000751159
102.095
0.000741211
284.519
92.5117
100.012
57.3528
184.612
103.149
0.000779469
104.644
0.000838725
123.452
64.8091
112.927
218.012
2.19513
0.437293
2.4035
0.000874042
527.716
0.873152
0.00257918
0.00193561
249.134
0.000837359
71.8118
0.000743798
0.000743157
0.00206636
34.8974
0.0819965
12.0612
0.00108218
57.9682
0.188798
124.331
386.14
22.9061
254.676
0.000837423
219.26
31.8964
0.000736955
62.7086
14.6554
0.000736138
0.000736611
208.711
0.00268919
8.59912
1.44215
154.769
0.0140827
1.69033
22.8583
50.0952
19.736
29.2733
42.9182
0.0011801
0.073499
129.631
6.65301
257.39
245.652
65.2259
0.0387979
82.7328
81.976
4.14272
168.434
26.172
14.8629
0.000920881
65.4966
270.158
0.000959241
129.632
14.7164
26.5267
0.0084189
0.0396084
182.267
0.00100052
253.634
0.000960116
3.87593
0.000744391
7.52394
256.304
0.462664
0.000978758
0.00104888
139.407
90.0815
0.371124
24.9392
227.368
618.864
0.00153868
7.94474
91.7508
120.747
88.2995
534.399
111.995
87.9275
39.0715
2.27566
7.47206
236.81
63.1214
267.122
125.997
0.393199
215.299
119.534
0.000829635
207.381
103.964
25.0923
0.0148966
106.548
58.7671
2.20373
61.8767
0.00164237
0.000743478
0.00789457
54.4321
40.8653
182.662
0.000746808
0.000746562
0.00073726
97.9683
0.0619839
0.000739563
0.113321
72.5893
246.744
0.00228889
0.00246804
0.000736325
0.000743613
0.000991113
32.7273
125.852
6.54692
1.8203
190.701
302.967
0.00161887
20.8173
115.2
108.18
52.2215
317.104
0.000832718
0.00204516
0.000738369
491.985
0.372892
0.000736894
7.44418
0.186096
229.098
0.00075896
208.758
5.19057
0.0189043
149.857
0.000737062
0.00073817
0.000800366
287.273
40.5147
89.7821
280.113
24.413
127.671
0.000733713
0.00122381
1.14466
0.0394557
0.0119887
215.309
143.4
0.000739513
33.0098
163.182
123.644
288.35
0.00184599
294.141
0.00110066
0.0135131
185.978
0.000739644
108.983
0.000758713
0.000752155
0.0545453
106.448
2.41013
380.346
72.5749
0.00077069
109.234
561.786
0.141177
4.72264
12.9326
0.000746012
0.000741155
0.00223993
102.177
9.21105
0.000846163
179.767
207.028
158.243
0.00993067
178.167
0.00132476
19.2957
0.14681
0.0668643
227.203
136.082
197.293
127.857
0.000770898
0.000733787
0.00185172
115.227
58.1491
3.67882
0.00346733
0.00074188
0.000737292
0.00160339
0.00111214
0.00140183
189.343
31.5198
0.00608136
89.4004
117.774
0.000755154
118.818
0.000746387
1.2117
0.000762433
0.0107674
11.6268
0.00863252
0.000744133
2.46915
241.853
147.562
0.000747254
0.000737215
0.830439
0.00173766
0.000743761
38.1368
0.000798919
143.277
262.544
23.3403
165.836
352.079
215.617
260.945
0.000737188
0.00273932
0.0254719
371.744
110.874
124.787
21.1289
14.9564
136.394
203.133
63.6847
4.23715
15.6258
0.000747303
0.703371
126.624
26.188
366.837
8.78943
0.29301
37.5288
0.248032
0.0076617
124.742
0.000738061
88.1681
0.000769295
4.32114
229.674
314.011
1.55234
0.00205422
8.63087
0.000743053
0.000738136
0.0837956
0.00711524
139.381
0.00325761
104.46
0.00074758
0.0103336
0.000736664
65.3528
0.00194833
129.51
361
0.00621986
203.951
241.227
0.000740382
124.519
223.62
0.000817636
225.619
0.586623
0.000930412
0.000741937
158.072
0.000737314
0.00088053
0.0620848
0.279093
307.725
206.31
0.000750656
0.000739256
21.0108
17.6539
0.00371432
4.18264
17.1676
0.000742392
0.000835052
0.000750243
124.209
212.442
4.33441
172.518
0.00869363
93.3066
0.000828256
0.00416042
0.00811917
0.0794711
0.000740612
183.683
0.000741128
0.0109973
0.000743472
0.521366
0.00638958
0.00225835
0.856784
5.71614
109.812
0.710681
9.02709
116.995
200.277
0.000791652
133.408
231.734
14.0592
51.5114
0.000765272
357.818
41.5922
0.000740126
280.758
181.654
0.0029289
0.000879279
122.902
128.751
0.981731
234.497
280.461
3.65957
304.002
164.422
106.773
168.841
6.53131
162.979
188.333
187.632
0.00635337
180.809
16.8759
454.02
0.000804902
1.82038
14.9634
176.305
108.313
0.00770788
527.656
150.859
38.3967
0.167399
4.35438
120.459
0.00113636
118.716
320.886
0.0330811
173.002
6.20341
63.0985
139.265
0.000740692
0.00174514
4.41267
5.9758
0.0311522
0.000744031
1.55933
3.91003
0.00106436
0.000758547
394.927
4.11703
28.0705
12.0283
0.00189191
0.000864602
1.38771
163.224
0.000772548
12.4103
104.057
1.42826
257.271
0.000902865
0.930703
0.000738694
0.0127359
61.5824
0.000737553
0.156115
145.284
75.1378
0.377275
83.8643
6.84891
6.60438
0.0009453
19.0524
211.427
0.00073911
0.000739147
104.261
0.00991743
0.000757955
46.4353
3.43375
193.238
112.893
48.9409
0.148584
14.0511
288.458
86.9049
241.963
0.00074839
221.89
0.000781428
58.0356
0.000883487
0.000908395
154.544
0.00277901
332.307
0.011967
0.0188874
53.0794
10.4857
0.596184
0.00080068
124.518
0.000797889
0.000736179
236.073
111.378
31.8505
101.423
0.000759661
0.000734136
14.3717
104.057
0.000734211
114.004
44.2237
0.000741253
130.374
0.000737397
7.29354
5.98973
7.93424
0.703842
100.141
39.0452
0.000737297
196.603
200.327
0.000737946
0.0342674
117.065
0.00073744
187.333
90.7272
472.325
0.000738475
0.000736619
231.471
0.273317
0.000829228
34.14
98.3503
254.958
0.000734691
0.000807491
0.0104814
0.0145736
0.000741585
0.00261886
94.4045
124.724
0.000740496
6.24771
0.00074301
17.8026
0.00120848
0.00079224
17.187
0.000737038
0.0919177
0.000737072
24.7088
1.2941
9.74641
142.901
433.316
181.317
2.96554
20.6167
0.000758182
3.49587
213.774
606.661
0.0898411
0.000777861
88.9121
0.000740893
0.0701264
0.000736269
318.968
31.5729
6.17177
125.945
57.8944
9.32053
55.5059
10.6958
175.941
97.0329
0.000747328
0.000798321
0.00142
0.00078
0.00702599
45.9383
0.000996672
152.804
0.00108749
2.34114
1.6416
128.7
0.00176814
24.0941
0.034284
20.5249
19.2827
317.605
0.000882199
0.00105459
1.01858
77.6907
264.288
49.9429
0.909073
10.0123
7.9678
0.0807922
2.77914
0.757207
137.645
0.00073931
441.79
0.879546
47.5012
0.000748823
45.4174
23.7466
0.000750388
120.183
12.835
0.0376326
0.000741605
0.000738977
181.87
43.7201
26.1282
0.000734395
0.0047906
168.105
144.421
3.12435
0.00300609
0.00073538
85.5746
86.9064
133.22
22.5808
0.000738071
135.205
314.341
0.000746281
0.000746899
22.387
0.000758276
0.00270012
0.363594
54.7757
0.00127661
125.475
259.939
0.000771835
0.000845974
0.000737404
0.000742971
45.4445
577.929
224.518
0.0135217
18.5816
154.535
0.137204
27.7111
0.000926753
141.317
0.48462
108.462
5.89627
104.066
153.167
0.00295394
0.000758508
117.069
124.202
260.944
3.45027
102.149
0.6346
7.89624
0.00294253
0.00101303
196.315
99.0727
0.0668294
2.20144
0.000743358
0.0519735
12.5573
0.0625633
17.2268
1.6629
483.786
109.567
1.64564
158.794
106.875
131.829
9.57189
211.604
278.78
3.31155
30.941
0.000899881
42.3519
36.6963
0.000742506
0.000737558
0.0907168
0.000739343
0.00081749
130.535
405.37
0.000742806
165.724
0.000739055
0.000738069
0.000734773
0.000788424
0.00161461
100.823
17.5052
192.656
0.00074439
0.000760987
3.89164
0.000778878
0.0318091
0.000762674
0.00075076
165.282
0.000874989
0.00241209
321.897
0.00332374
0.000745865
209.969
0.000740022
0.000746927
0.0473646
0.000777728
5.30531
0.00167809
0.00981931
0.000743683
0.000759048
227.593
300.338
21.2266
0.0406023
168.827
9.1392
0.00178494
97.625
378.703
184.67
537.968
0.000744661
8.22848
57.9252
0.15874
117.207
132.546
0.309086
103.659
0.00305653
123.161
0.523951
6.41525
0.000757007
136.69
0.000805966
126.263
20.2008
0.000744944
0.727315
0.00159843
0.109332
0.000743337
2.81922
0.000804814
0.00075726
114.729
0.000797684
0.101783
181.127
179.286
0.000872716
0.00105087
19.2812
195.349
0.000737707
0.000743949
0.688372
29.4359
113.495
0.00223705
9.65115
0.000739511
0.000767608
0.000735118
0.013959
43.6732
0.00573084
172.749
101.056
195.419
118.056
0.000774162
173.295
45.4432
0.000738829
0.000753931
0.000750896
0.000851988
0.000738597
146.251
0.000744296
0.000737606
245.008
0.610283
0.00170693
0.186295
145.616
7.48203
0.00678775
0.000785179
137.009
0.000762578
10.1006
0.000769115
0.000783776
113.591
87.2523
0.00169645
0.000950899
4.75421
0.000742498
259.544
0.000765842
86.8628
0.00795814
12.2636
0.0234454
6.22263
0.0336374
35.9376
0.000760509
0.00078537
0.0028048
26.5469
0.089294
231.556
0.000740254
0.00169708
0.00111904
194.004
61.5347
386.883
0.00242121
0.00565965
1.10888
0.000748384
13.754
34.2076
0.00454553
199.467
139.279
48.2971
0.00132157
0.816391
339.13
156.22
114.218
0.0103816
175.954
0.737975
78.0081
0.068495
1.34803
17.4526
0.000761884
106.018
0.000865381
0.00335452
0.00138266
0.0279459
0.000805475
9.34113
0.00074565
64.9845
0.11157
0.000753342
0.463494
0.00075677
0.456901
0.101151
130.433
5.84412
121.436
0.359752
0.00074518
0.000734597
2.76223
0.0629227
26.5746
196.746
0.000748884
266.361
23.5426
0.00794313
59.6941
15.1799
111.637
111.803
0.169566
0.00119798
321.835
96.8731
125.73
0.000743877
95.9017
0.000740854
25.3926
116.592
276.549
10.0232
103.441
0.0104168
0.50607
0.000749418
9.77953
1.54588
0.000872001
510.489
109.808
0.000743169
0.996819
0.0115137
0.00116635
275.405
0.000738965
0.00327257
0.0106152
21.4713
0.0779203
123.9
0.275198
0.000734012
104.902
6.73616
28.2758
180.643
0.000745575
1.50929
1.64709
85.0592
0.554407
0.000739702
0.023915
330.842
0.000839907
125.794
414.503
49.061
11.3763
1.27122
0.65481
628.386
213.487
152.66
5.22254
0.0076169
0.000819066
219.716
0.0750516
49.7729
205.372
0.000747925
212.051
0.000740099
210.927
0.000759277
0.000750343
1.45578
45.4298
0.00313819
42.7206
12.4802
0.000739226
0.000736758
0.00498938
266.668
77.9411
132.586
0.000750557
12.4354
111.136
0.0129976
3.51007
0.00636514
0.000852678
0.000738307
0.00147827
0.000743082
0.000747162
0.000740676
0.000739509
20.711
184.932
115.963
3.59583
0.000747178
0.00074165
0.000756841
0.000809671
156.648
88.0687
0.0991969
0.00276721
0.110199
2.26492
0.000740308
0.000737701
1.95451
0.000744076
0.000807475
0.00434114
110.129
126.188
0.00654957
0.199356
16.6157
21.0493
146.016
0.000737751
0.818096
0.000742181
164.339
0.000738398
0.0183946
0.000746593
126.035
379.189
0.000737181
319.654
204.595
0.000905689
0.308586
0.00144332
0.474849
0.574193
0.000736465
0.00143523
230.546
16.7037
9.95569
130.294
96.1664
0.0778349
0.000754522
0.000922981
0.000802186
0.000739392
22.3707
0.000777053
0.000739723
0.0479879
55.1764
57.9777
132.4
46.1137
1.19858
122.754
243.374
0.000754889
0.00100067
0.00128404
251.332
39.767
35.4746
0.0102869
53.6416
60.9282
263.874
0.000743245
0.661965
21.108
15.3633
231.567
31.9181
120.928
287.076
0.000750195
0.000758431
92.8949
177.289
0.156711
0.000775575
351.29
0.0185246
122.572
0.000736539
0.00702107
0.00218863
0.130408
0.000734198
136.824
2.25977
126.586
240.254
0.00104301
0.00075232
0.000741007
4.05537
0.000737722
120.331
2.78463
0.000740449
0.00142046
0.00153915
0.00387211
0.000757057
0.000739074
256.425
0.000804361
182.131
147.236
119.285
171.553
0.000744501
26.7093
98.3379
175.17
0.000765718
0.126081
0.329513
0.000746576
36.206
0.000826635
72.7842
18.3776
0.000748528
107.922
0.00896948
10.5072
0.120397
0.00464548
25.7416
0.000741105
203.578
77.3064
0.000750552
5.04268
140.429
0.000741846
0.000744238
0.000750952
84.6098
467.732
0.0379149
177.76
0.000815314
111.602
0.00124009
0.000740191
0.591104
0.000741882
0.0829377
102.768
0.000735469
0.000750464
0.0274595
0.861692
0.000980638
7.86838
0.000755267
0.0046922
130.564
281.457
0.0209867
0.000749624
320.345
0.000736226
0.000735444
38.2266
119.255
3.42195
189.925
13.6299
0.00104651
0.000739151
0.000752916
5.04546
0.00127291
153.408
21.4685
278.517
0.197523
0.00195069
0.629915
331.483
0.00743835
0.0168897
32.43
0.000741959
0.656162
0.000750591
0.0684931
5.15012
0.000739156
0.000749959
1.70594
0.000741849
0.00104971
36.2252
50.3954
124.796
0.00391288
302.259
0.00705715
290.13
360.408
1.95766
90.1628
1.85065
3.93128
0.000735918
0.000768087
126.156
22.0064
0.0162424
0.0007347
115.924
0.000826603
123.029
292.949
0.000741121
0.000739271
0.000754794
262.152
0.0952971
0.000733494
0.000769605
20.2698
0.00290415
0.0008483
124.966
0.0022723
0.156171
79.9671
0.00213097
46.3842
0.0041842
45.8505
0.000754469
120.107
78.7485
108.097
0.000739516
150.854
110.996
0.000753573
58.1178
60.9844
17.5447
0.000825153
60.8497
11.2781
116.667
145.696
0.000766342
0.0617826
44.3808
0.013477
0.0340799
0.00202455
15.8255
356.251
1.87131
170.971
182.967
106.534
44.3082
0.00073992
211.549
90.444
123.34
45.3096
15.1854
117.352
250.473
1.20979
0.0116961
0.00176449
28.5876
0.000765903
379.171
2.8864
278.976
0.000827062
0.00089344
0.124426
70.424
0.0661752
0.00269942
243.573
0.00119032
35.4549
123.308
0.0010406
0.00169727
22.331
0.00462052
0.291294
0.000795801
1.66535
0.00074701
4.86454
0.00073842
0.00141073
0.00109868
0.00234074
0.00117381
42.7328
0.760994
51.4294
0.000902316
0.000841654
0.00176654
0.000748474
17.8322
74.8048
0.000738929
128.976
0.000739147
78.0545
128.686
416.039
0.000826561
0.000741763
118.611
177.219
361.455
4.41557
0.0291167
33.448
0.000740813
138.76
0.000740559
7.76014
0.00268096
0.000739657
0.201193
282.612
33.6539
120.355
3.6637
0.00359874
0.000740026
0.000908083
176.6
0.0403606
0.00074099
0.000974629
127.68
56.5218
72.9688
5.13126
12.7289
55.3823
5.94154
297.674
0.00509604
0.00146081
158.147
0.000766401
0.00073919
150.022
0.000842468
105.186
0.000835827
113.673
122.9
0.000757254
0.000739044
104.079
0.000753125
0.000740199
229.445
7.55704
36.5075
71.177
30.8784
164.925
0.00912152
187.783
0.161362
0.136439
9.88046
178.052
0.00075927
173.123
159.833
0.000763009
212.982
0.182112
147.453
0.000741673
100.885
0.022311
17.3244
149.946
0.00301108
42.9617
0.00112152
0.00369553
0.137943
32.4773
34.1902
57.1061
0.000802236
61.7237
242.47
0.000734722
0.0007426
0.000736532
0.000755386
168.575
0.000735482
3.77655
221.917
0.000789641
0.00380704
9.75254
0.0309183
0.000817014
0.000739248
218.053
9.25991
0.000762713
163.511
135.856
133.167
8.4015
115.177
0.00343018
0.00842988
0.000739708
0.000883995
40.8926
192.803
0.000753483
3.85393
116.782
2.18476
160.799
119.481
247.326
22.3946
25.8662
1.7143
91.9396
0.234757
0.00124137
7.70215
0.000739385
12.9424
123.655
0.00283723
0.000762248
273.382
4.77224
165.545
106.474
0.000740176
0.00526046
0.0151381
0.733193
184.966
0.00073427
0.000740464
0.00074682
0.318331
0.000748755
13.5594
0.000757389
0.000738005
1.01345
0.000818827
12.8321
0.000774957
68.953
160.367
2.09444
3.31105
0.521926
0.0130767
0.000887268
0.00411286
0.00213816
206.549
170.759
74.9342
356.166
28.638
0.00073492
22.3839
219.419
0.024528
0.000739923
0.000757829
89.6507
0.000801239
208.211
4.65039
10.8143
156.536
0.000829536
252.82
0.000764453
0.841813
0.00078374
0.050857
63.7874
128.133
0.000738464
0.672387
146.783
102.952
76.6627
10.9459
3.99744
228.536
185.822
1.14455
175.177
70.5441
0.000755557
0.137548
0.000751923
0.00156232
0.00139442
109.593
0.0959745
0.000745168
0.00143997
0.742891
280.263
74.4183
0.000737121
135.157
33.4134
1.06072
0.000734411
274.948
261.561
153.1
161.187
0.000736447
56.5911
33.1163
21.1447
59.9792
1.10203
361.586
0.000775981
1.19183
132.042
74.4553
0.181366
97.5201
0.000748317
225.984
0.00103037
46.73
164.702
8.1821
67.6322
148.265
127.361
0.000737755
249.598
0.000927059
102.832
0.00217528
2.19947
0.000735907
252.198
0.000741246
121.108
185.013
405.643
0.68167
0.000760938
0.00505493
0.000735105
19.0302
0.0007394
8.87294
0.107378
0.188072
0.000761328
0.000736745
71.0875
56.4323
0.034389
9.2778
0.000734071
0.000742445
0.136165
0.00363645
0.000742379
0.000737122
92.78
0.00273115
124.523
0.000762404
35.816
0.10602
0.000735663
0.203567
0.00076467
185.292
0.00231361
119.035
0.000742745
0.00147605
4.02707
0.00412905
0.000735577
0.000739167
67.7192
0.000775918
0.000749262
10.1738
0.276394
0.000737913
192.898
232.286
0.00837439
0.229956
0.000819444
47.4296
136.357
9.42423
0.0027325
189.813
0.00462871
0.00287425
250.296
0.000794933
282.042
67.9796
57.1231
65.7923
115.137
0.000736003
5.28959
5.64705
13.271
0.0235977
13.6944
0.00083387
0.00107346
85.4778
0.71827
0.000781787
77.7886
89.8584
0.000773208
42.0748
245.876
0.000948609
0.314166
0.000748326
118.416
63.8256
101.275
352.467
1.94207
0.000822622
127.524
0.000741667
253.085
49.4888
74.9835
43.5924
423.709
239.911
109.208
0.0128019
0.000739066
104.763
35.3608
0.000768457
0.000740595
126.091
112.619
81.9345
96.0995
0.00074175
100.698
0.000738954
471.789
0.00480119
154.676
47.2988
0.0012953
0.000798353
120.255
0.000912818
286.703
0.000928799
2.72157
178.457
0.000739817
0.561885
0.00118311
0.00120825
201.039
130.84
0.00235544
183.292
123.781
0.0882917
0.000995496
28.0877
0.389626
11.2809
117.322
147.962
0.000786614
28.2648
64.2567
429.244
208.238
0.00818097
5.28296
0.000739022
63.2517
114.402
0.130544
75.974
45.0512
7.30584
129.929
0.428016
0.0323951
0.00226882
224.903
0.000749691
0.0318322
0.000978236
0.000741422
0.00073533
4.10358
14.4922
186.782
234.258
139.672
214.072
0.000739735
0.00134554
368.175
117.958
553.978
0.000740424
262.022
87.0238
419.277
46.8033
68.9532
48.4932
294.896
0.191057
1.51805
0.658574
304.667
9.41805
0.00146519
0.000741101
309.876
201.686
194.599
104.426
0.000733525
265.336
0.000740988
473.564
0.000783861
22.4459
337.713
0.000735943
0.982155
158.165
32.3441
0.000760381
97.1029
0.000741473
0.000828156
0.000739759
20.7566
0.000738443
0.0028196
41.8309
14.6978
596.689
0.00074045
96.754
13.9782
0.000739664
0.124037
99.685
270.13
5.254
0.0433057
110.752
14.1517
117.932
30.6605
0.398479
0.000738757
106.453
0.260061
229.79
1.55243
0.000761793
23.1958
107.621
97.8046
146.494
13.1668
64.1368
299.508
0.00074066
0.00075314
291.237
10.8458
0.000738948
0.000738449
157.243
409.191
108.608
0.00280111
94.9935
313.265
0.000886973
0.0157642
0.00103306
2.65924
47.8998
0.00712394
0.000734092
10.1528
0.0010427
36.1098
0.00339553
0.000762574
0.340299
2.65812
1.80145
0.00177527
0.00129998
0.708074
0.0008112
0.000733912
101.234
0.364455
0.0542973
8.05627
245.955
1.91576
120.16
0.000930969
5.16883
215.107
0.000947453
0.0264149
574.111
0.00393307
7.13489
117.426
0.139689
117.434
82.9648
3.76583
177.969
512.828
0.000737212
13.6633
22.8342
201.972
0.000738478
0.000738698
1.99138
52.2498
0.000754622
0.00784891
36.4546
0.000831955
0.000781524
182.959
9.43823
24.4991
0.0358907
0.00074348
22.5641
124.832
0.000739285
163.75
0.101305
4.18055
153.128
75.197
0.00942059
119.055
0.000737006
2.73839
300.75
128.433
195.37
75.8176
0.000747218
95.9401
21.8273
0.000736282
0.00073765
0.723722
0.0022702
0.140709
7.29031
81.3061
0.0014717
99.4439
331.756
0.00225523
77.6095
104.091
53.8344
214.666
110.518
7.32709
0.00075485
0.00073869
0.104865
115.977
0.00133263
282.004
0.384582
6.01384
0.000754327
63.3958
1.80545
0.00520743
0.000745339
0.00131144
0.00258089
161.671
0.000879101
269.539
5.95321
0.000733709
0.000856156
1.44206
0.0658256
233.163
0.00326599
0.0139655
332.698
0.000753788
37.4108
45.6191
1.95843
0.000755054
248.013
21.0834
0.00211416
13.6971
0.00073718
40.356
0.00104968
0.00184363
0.000737397
68.7793
74.5886
10.6089
137.594
64.2701
0.00240108
0.00136245
35.7497
22.1086
226.054
0.0011818
223.398
216.426
162.973
137.348
0.293837
53.7564
118.175
0.0327827
4.66082
161.706
99.1467
78.1457
108.004
242.225
0.000745483
0.011754
9.62248
0.000800799
164.506
2.41274
156.891
0.000753085
69.7698
3.57617
134.412
0.000735467
87.3678
164.807
21.1792
60.6445
0.000738122
146.15
0.00120487
0.330608
0.000757026
0.00074179
304.422
1.02706
0.000769955
143.749
0.00233007
234.913
499.767
0.00251149
288.179
163.656
0.000744804
0.00139591
46.6845
34.6686
0.00697409
241.665
4.77331
267.069
0.000755428
57.457
118.488
0.0599162
0.282886
18.3844
0.000750453
20.8639
107.506
337.833
29.7739
0.00075788
41.8872
2.61773
0.000744743
2.1563
0.00839674
0.00382247
0.000818933
1.25343
238.936
0.000752129
0.858759
16.4797
0.000734951
0.00262504
108.471
0.000844195
24.2203
0.000736963
199.028
96.4875
45.0531
92.1306
0.0215571
0.0286473
281.375
2.82374
194.447
0.000742751
57.4973
6.43257
0.0149455
117.532
92.9378
73.499
232.333
4.65038
6.12704
0.000755396
0.00114314
75.8076
59.2921
210.123
4.41059
0.00809357
0.041147
0.0394756
0.0492522
130.954
128.051
3.12283
0.000808607
258.655
60.689
0.000752127
98.1634
0.00157895
128.009
0.00075986
65.2323
0.000743883
0.99804
6.08549
176.164
0.00095203
0.0454167
0.0910829
50.5775
26.4342
0.00132033
0.0016596
0.000740166
0.00768909
0.000901498
136.199
215.019
0.000739186
0.00074793
160.242
0.000760671
67.8444
131.452
2.08419
0.000746694
54.1396
102.001
138.754
43.891
10.9294
109.415
0.00107768
0.000737411
113.85
0.00449451
0.000743451
0.00073898
110.635
0.000764873
221.564
0.000740484
5.99589
134.303
9.06572
95.4039
291.778
0.000738784
1.22648
143.691
32.9537
114.323
0.000734979
0.000832985
0.0290986
253.649
217.145
0.000751151
0.0012376
0.0225027
95.989
250.195
98.6507
0.000747922
18.9449
159.719
0.0603427
0.000739358
0.0240166
380.363
2.02311
31.5796
2.51601
0.000736316
4.85369
0.00253119
134.816
0.000735911
0.000735015
213.204
133.625
287.451
93.7819
30.1139
149.136
47.72
226.659
238.285
53.3842
0.000805445
29.11
141.342
0.00444086
0.000741225
0.000883322
0.329592
0.00089199
69.597
141.213
249.585
0.0540774
129.182
0.0038053
339.234
79.2077
0.00551368
0.728858
59.984
0.000772938
253.748
13.4784
0.000738603
85.5264
0.000758784
0.000787295
0.00145588
17.2176
7.41117
7.55955
0.000736549
19.8446
22.7748
63.8662
0.00210838
14.0228
0.000759816
63.7919
0.862985
0.000733676
0.00272095
61.0677
0.00280904
95.7853
0.00225653
17.979
0.000965865
0.00114048
0.314161
149.702
49.5365
0.000740028
0.000760926
0.000768126
0.000935015
0.000741098
100.641
0.13962
96.175
208.694
0.000733061
60.4924
0.000749217
108.95
115.273
241.764
278.708
0.0302916
30.3119
0.0579237
0.000754844
0.452079
252.32
1.17017
0.00249469
0.0697409
0.0250167
0.000744145
210.637
0.0420365
0.000738074
0.0151052
155.312
23.4985
120.217
128.767
184.904
0.296113
20.3691
0.0282385
144.3
12.6418
0.000932667
0.000750436
35.9556
0.000793929
18.8133
49.7707
36.0629
66.7647
406.482
0.000736234
47.2267
0.00739789
0.000881694
83.7217
277.702
0.0202414
91.244
169.541
56.9819
0.000978434
0.000833495
0.00212383
0.000736231
35.8131
222.957
0.000742293
0.000740365
0.551972
0.000763579
32.7288
0.00533536
67.2292
0.000757456
36.016
0.0204733
100.86
0.00074967
0.00147957
128.369
19.5456
260.985
31.2026
112.332
0.00944918
131.783
137.442
0.000766423
0.00116429
0.000750421
204.425
0.0475277
1.97769
0.00245548
237.445
7.34035
0.00261761
0.00182325
5.2036
0.000738365
5.74999
0.000858448
276.7
487.056
0.000879595
27.0817
0.000743838
45.3605
0.0446876
179.384
111.415
0.0101091
313.274
180.537
0.00074495
389.254
120.566
0.000842512
0.00468564
97.4666
132.256
120.296
0.56905
96.2753
40.2264
108.579
108.786
12.5564
0.000746448
3.56726
0.000942897
1.0611
41.7378
167.686
117.332
355.648
169.352
45.7477
0.000874667
1.20021
0.0124448
0.00263974
6.8102
0.0660214
187.15
0.000741401
210.647
0.0259009
140.131
196.22
15.0094
124.858
10.6319
0.000936243
153.485
35.0081
92.7326
118.483
0.00239737
1.39013
0.00108262
137.756
0.447827
124.135
0.000735797
164.31
500.872
281.514
0.000793893
0.000882295
0.000752936
0.0747995
0.0640732
196.137
78.1961
0.933853
102.333
0.063255
51.4171
0.000736028
0.0131523
0.403837
193.363
487.034
188.6
1.17003
0.425864
0.000748419
46.6064
2.04049
21.2887
209.722
138.344
254.074
424.02
0.000756353
2.06597
0.000963335
0.00561897
0.097459
0.00149471
0.000863083
1.13883
0.00568284
55.8259
135.937
25.8395
0.00208862
118.227
74.9913
0.000845909
0.00203439
173.394
0.0275687
0.000734611
104.548
146.325
121.099
2.95036
0.00351348
0.259995
179.477
0.0064187
35.0244
50.6639
119.442
68.9105
48.2934
0.000737078
0.129682
189.988
0.254444
0.541927
0.00103527
13.8268
0.0147586
19.2355
0.000743779
0.000753183
7.8824
0.067966
240.315
0.00790138
274.133
151.551
0.27831
169.069
0.00162163
209.617
177.538
98.2141
0.000735603
138.993
0.000888002
0.000736012
0.00158465
0.000733199
140.963
0.000749289
118.044
0.00189762
111.967
5.70729
0.00078749
9.89162
0.000738228
44.4804
0.000736396
0.255167
298.03
107.184
0.000740802
272.498
17.4056
56.2069
106.018
9.59073
64.2757
0.00148153
48.937
0.140902
34.5098
81.3673
115.233
0.000896758
0.000941338
0.000887665
65.8515
19.5397
0.222753
0.000803318
0.00106911
0.000744112
56.8039
0.208672
0.000767447
480.814
0.000742753
76.0415
63.6491
1.23907
0.00073506
39.2724
73.5497
92.1826
20.8618
37.8565
0.000755921
74.1912
29.4194
100.198
0.00150859
1.08419
104.78
9.07329
0.0731692
138.841
2.35731
263.885
81.7599
157.652
11.8053
0.000786524
0.000733729
7.57128
0.246365
112.211
0.67124
115.644
60.9162
0.000813618
0.069863
0.000792046
55.6445
262.235
0.443613
0.000741641
0.000739104
95.2511
27.0837
29.7592
286.789
0.000766991
200.857
0.000960975
0.00081522
309.716
487.845
0.000742949
19.6812
63.282
28.1449
0.0016588
0.00129793
19.0575
0.000733743
339.568
25.4211
35.828
0.000750205
0.000749766
120.049
20.3441
195.239
0.000753487
58.9139
150.248
0.0157831
0.00103273
117.657
183.785
209.679
118.865
51.5189
1.14975
90.8715
0.000992422
107.775
40.1477
34.0305
0.0208557
152.376
0.00498523
0.000743348
294.226
15.1591
0.000743399
87.7613
35.5907
0.000738756
0.140653
268.539
0.00277108
29.2497
0.000745483
0.000848556
123.007
0.00274843
0.0615647
0.192382
0.000738529
105.793
13.5745
7.70261
66.2048
25.8243
4.29619
41.0568
8.17744
0.000774895
0.000822879
5.46426
13.0488
0.348606
124.152
67.9825
15.2962
0.00582838
0.000751227
0.000740024
0.000752567
21.2776
10.1933
233.145
39.6262
204.558
14.3467
212.439
3.04969
0.000750707
0.00125051
55.1735
4.84034
56.1641
176.838
174.332
0.0164602
0.000757962
175.673
20.6227
5.80951
0.00207559
141.11
83.0838
46.876
0.00362505
0.000743249
0.00355429
24.0297
222.595
0.00137297
209.482
0.0955994
376.902
0.276771
0.00887487
0.000762464
0.0467694
205.527
0.00108549
3.41807
0.0417455
248.805
0.000734041
57.8244
3.47803
0.00073527
0.000744267
29.0543
77.7308
6.80765
234.505
34.2441
217.72
106.83
0.00124439
13.132
0.000739701
0.000741364
0.0013281
167.14
37.1562
160.999
0.0422177
96.0042
9.32687
167.662
126.024
119.41
0.00134684
102.249
285.815
57.9383
0.00267681
149
0.00138414
0.0235218
33.4709
251.081
93.5412
90.904
0.00705285
395.46
0.00104039
117.569
70.9444
160.826
0.000734873
15.6172
88.7016
0.00608873
93.8833
109.441
185.755
15.1876
0.000864923
165.706
11.7682
0.000810084
0.000739405
281.437
0.547887
48.3486
0.000741655
0.223926
197.872
284.923
26.1859
0.000764688
56.1182
75.4812
36.2558
0.000754863
0.160701
1.94946
198.143
197.388
37.3724
166.671
0.0007816
15.3711
12.7303
142.888
0.000823738
0.0476006
40.9177
0.000738604
41.9784
430.168
70.0891
0.000734361
0.000733879
20.9974
106.518
162.055
98.2066
16.0218
0.000738954
0.00102166
0.00109787
148.096
161.111
14.9327
135.641
295.543
121.173
102.779
247.711
0.000737415
2.21802
40.0253
141.8
127.624
6.96318
63.3848
202.136
100.131
190.404
0.000752063
303.676
78.1328
44.3288
178.991
489.377
21.5245
0.00079907
33.4809
300.462
54.7173
310.028
70.3391
84.0139
187.442
74.1094
342.432
162.482
123.326
160.453
24.0649
0.000745332
76.0032
0.106828
0.676675
0.000800492
246.317
270.742
0.000952889
10.4767
144.594
126.601
0.00314749
0.000774256
310.926
220.728
0.000741519
33.7978
0.000737262
2.31909
8.44831
183.49
136.49
205.282
0.000746173
236.681
178.388
0.00146978
0.000733792
152.068
11.4213
14.539
10.2943
17.7164
22.1375
65.8528
2.34902
0.306684
0.000748753
0.000788641
226.776
10.022
19.0885
153.844
15.7035
0.00073686
0.000739275
139.513
28.1081
1.75874
0.00126191
0.000762928
200.545
39.8115
70.774
0.000741071
116.209
1.33964
60.8295
35.9394
40.6741
0.001416
0.000854678
0.000821678
0.00083156
106.484
0.000748021
49.2523
179.002
12.3103
0.0241276
17.2171
0.0025362
62.4223
4.07803
0.0047657
0.00123211
93.2389
25.2854
0.000760226
80.6273
0.00108081
32.4145
0.0135642
0.000783457
318.118
0.00112579
54.403
0.000741839
0.000991909
131.221
32.9163
2.80136
0.0376721
0.000752047
9.05948
0.000737301
115.237
0.000803184
0.00313927
0.000734093
0.0278789
72.5709
104.199
94.6473
101.606
227.192
13.4343
4.33352
142.065
0.00113894
219.159
9.94796
0.00122175
0.114226
0.000814848
27.5154
105.749
113.365
2.40579
0.105956
2.56895
0.000971565
216.799
57.7086
86.0806
53.3758
0.000741683
77.8378
0.151368
56.0206
36.2001
14.7376
115.106
0.000743816
229.554
2.90998
157.524
204.549
271.516
103.362
0.889519
5.75968
3.64148
0.378169
0.000861437
277.115
1.99524
0.00187792
253.239
2.80217
46.4198
173.945
83.7304
310.653
122.902
4.45966
0.000734929
0.0114454
0.000733438
26.6817
131.578
104.584
0.0161612
0.00424933
0.000741271
38.5091
112.213
0.404839
0.000749921
14.5348
0.000870025
0.0018416
119.884
154.008
37.9318
0.2942
186.165
0.000824555
243.564
30.4912
12.7128
0.00075303
22.8884
7.10249
143.478
55.4231
141.912
70.9517
309.196
0.00707953
0.107578
59.9419
11.0898
0.000736984
43.0319
0.000752937
0.000742653
241.171
0.000743713
37.8452
99.859
0.000751286
0.00091991
47.7556
155.064
209.191
198.293
0.000917091
0.000741541
0.000734125
72.6724
302.182
4.90448
0.00077412
0.0015389
37.8835
5.43111
24.7859
0.000742062
62.4439
142.56
78.7822
172.186
422.634
32.898
0.000751263
5.40404
0.000964639
60.5553
250.107
0.000783872
0.00155156
0.338445
0.001085
0.00199292
0.0212062
48.9095
88.7173
0.00109485
223.221
107.603
0.00251467
5.59918
0.196169
161.264
0.865127
54.6288
0.000760287
128.516
0.000830903
1.10348
62.6526
0.000849395
0.00075889
0.0058871
0.0183677
142.923
115.377
437.965
126.371
0.487674
0.000752512
75.3981
167.77
128.016
71.0968
0.00143636
0.000747203
124.711
12.1747
1.1987
99.1212
217.957
19.4684
17.305
89.0884
0.0290043
2.42565
39.6864
0.00199574
0.0165873
7.06555
0.000797522
72.7996
0.000867622
8.26222
15.8145
0.0500431
0.00104894
0.000799759
93.0516
2.98301
46.0807
0.000745457
0.00177895
48.3357
24.4759
0.00261829
0.0562838
111.75
108.448
274.861
127.39
0.00524298
139.991
0.000749885
0.000757627
0.00077157
69.3064
0.000737385
0.000754708
0.000741798
109.863
0.722546
0.000745158
73.4935
0.000743595
68.1264
0.00083641
20.8737
0.00073454
0.0202873
576.895
18.787
164.898
28.9033
17.6122
0.000738385
98.7805
87.4822
7.42535
274.517
0.000747798
124.212
0.000744364
0.0180488
0.0108718
0.0103992
1.72998
431.778
0.000741869
9.83597
0.158536
213.084
0.000751862
0.566033
0.000738524
0.0396978
64.1552
86.5404
0.043647
128.005
0.0812797
0.000741148
159.626
0.0648485
27.1747
104.874
0.0125952
294.863
21.8519
23.075
46.1713
11.0681
0.00073551
0.000741641
112.839
0.000737195
344.521
60.2706
0.000856306
223.134
0.000738735
126.29
0.00494398
0.000733309
0.000752529
111.207
6.3233
0.000764397
0.00337951
150.23
190.719
0.000743165
2.97128
133.471
0.000769625
0.00149455
0.000815221
37.2726
39.2741
0.000750282
135.686
0.000766053
58.3845
6.31988
1.73365
0.000738425
132.779
10.7955
33.6543
0.00167814
0.000746616
99.0899
0.0635116
0.832937
0.000754258
0.102748
0.000737694
0.114195
51.7877
0.0207423
57.3223
0.00074562
115.364
29.0242
53.111
137.293
0.00073396
33.5626
90.7644
125.35
0.0343199
0.0110654
0.218277
19.212
0.000738711
0.0651261
308.14
251.359
0.00808506
93.3053
0.0204514
0.000803928
69.0909
422.418
22.3601
102.79
0.000761854
127.74
0.0477644
0.216515
74.1327
0.000781252
191.611
0.229867
95.416
0.000748341
156.235
0.000750401
206.112
0.00134792
18.0876
136.569
0.00153339
13.1368
0.000743807
0.000855788
10.2842
5.93742
115.317
0.000780627
0.00074237
0.000738524
259.831
101.569
0.000740358
0.000734786
0.000758629
179.608
124.606
63.1202
256.419
161.586
167.614
163.155
55.5741
108.97
0.000735795
31.5155
114.284
57.0403
0.000908149
143.312
108.805
217.87
112.237
131.669
0.929974
34.0679
0.746198
45.184
0.000900899
0.00105189
245.436
0.000733546
0.000739702
266.448
0.00136145
349.018
0.000752948
0.00129221
85.5127
48.6305
0.000998633
42.1639
0.00074059
23.0336
70.6763
25.5654
242.974
97.8706
69.8216
0.00238088
10.29
1.01502
0.000734929
262.177
0.000800023
0.000764322
0.000735279
49.6358
273.547
0.000742178
189.816
122.834
0.0012393
0.0273156
0.000988813
99.8001
212.032
0.00185405
0.140449
0.23083
0.00142664
95.0566
128.66
1.67115
0.000794512
0.000915173
3.09025
0.00161823
0.000737701
1.01059
180.735
73.8363
0.00742926
54.2831
0.128429
0.00115531
0.000745541
0.0889344
1.62989
118.092
239.187
53.1231
138.359
96.2557
0.000765931
0.00119055
0.000748662
0.0253125
0.00606765
112.862
171.965
0.00076604
38.0512
77.1276
118.562
0.609636
263.032
0.00127374
0.000747824
210.264
0.000859918
0.000815713
516.306
0.317342
0.00179885
0.00232902
0.00161505
40.4106
0.00202771
0.287691
21.5559
581.413
0.40381
146.141
4.44876
0.0770135
0.000733907
0.000738233
0.000779401
102.773
0.000848388
168.756
0.0191236
19.6675
17.2865
0.000733613
91.9139
97.4582
25.3005
114.587
1.59906
105.937
4.06294
180.037
0.00102483
12.1524
12.7319
108.881
19.6879
0.951562
0.0505944
145.237
243.352
286.354
289.98
0.00076936
140.148
508.081
114.873
0.000734388
332.79
277.404
156.932
76.3265
133.16
29.118
0.00102565
10.1739
0.000745363
106.078
0.000741322
27.0291
131.471
0.00250444
89.2173
276.71
450.646
0.000741792
3.23943
111.6
59.0207
39.8986
135.851
153.812
1.64678
0.000770648
9.60971
0.00168333
0.000746333
0.973535
0.0033452
0.000958884
0.154407
164.931
32.4533
0.000742081
0.0421127
83.8823
255.006
0.000801451
0.000760681
133.146
0.369849
0.000741744
0.00109161
6.5837
259.524
0.893542
0.0274063
0.195369
0.000757721
257.595
4.97208
197.729
0.000829643
0.00075526
0.000855956
19.9159
152.115
191.019
16.1935
0.0100356
292.776
98.2087
0.014503
0.000756307
1.68929
298.397
29.7647
205.319
91.6893
0.000802539
136.99
33.8586
134.006
64.9595
40.0173
0.00122282
73.2082
0.000752378
137.413
0.000734031
0.124452
177.414
0.000751786
0.305238
134.473
0.00079572
35.2303
81.0163
110.175
3.91615
116.251
269.041
0.000831045
62.4069
0.000746567
40.1184
0.000753923
226.58
3.72312
4.25954
7.92046
0.000739524
108.206
0.121395
136.664
0.00199514
7.26189
3.89726
92.3418
218.581
0.000760099
0.0116118
69.3739
0.837042
0.00081497
134.537
5.04393
119.002
0.000954049
294.782
15.584
0.113893
9.52719
105.025
38.4888
2.09317
0.185457
27.7038
1.28821
0.018577
0.000769365
0.0967529
17.7479
0.0901979
0.000744843
138.966
268.892
8.57065
0.0105229
0.000737163
112.649
139.74
106.403
0.00202773
3.96114
180.737
0.0236011
0.25008
111.01
587.188
78.0462
193.88
0.000743445
248.812
0.000798797
121.581
45.9239
314.451
377.67
17.4588
0.00153375
0.000743009
64.7501
109.735
69.7805
0.00118298
0.00073938
0.0673359
227.406
0.000749679
29.1379
6.7919
0.0585548
0.000753416
269.564
10.323
163.946
0.342955
240.794
102.484
69.959
0.000785757
1.29272
192.171
121.74
0.273185
0.027766
107.301
0.000747216
545.862
31.4984
0.00169311
0.000806313
330.68
149.835
40.5551
306.233
45.1204
193.787
0.0141259
74.5928
208.255
0.914158
0.188416
55.8313
0.00350896
147.483
51.9534
1.23873
0.00397573
0.000754766
269.411
58.9201
232.804
0.000737345
107.88
107.085
23.3438
156.097
0.000772224
0.000863498
133.774
25.9347
0.000919052
0.00128591
19.4901
55.9627
148.278
57.135
31.886
0.000740986
139.991
0.270439
310.112
41.1386
36.4439
0.241936
278.136
0.00113
0.000823455
306.624
15.3195
0.000752571
3.17057
90.1156
1.08608
120.919
0.00600469
0.000786574
122.122
12.1997
69.727
0.00186867
153.203
0.000738586
45.4825
0.000935235
0.00583796
183.911
0.000749569
0.00212165
170.032
0.000819948
0.000771328
0.000734943
0.000739042
45.8412
211.967
0.000768749
3.0989
6.03236
5.35727
47.1637
0.00101295
0.000746451
0.00122621
219.194
162.981
237.88
0.0115643
0.00883647
0.000947403
162.975
1.11674
57.9002
5.45087
0.000750269
211.276
16.1258
0.0011584
30.1755
170.671
0.000739822
3.27335
0.0146763
0.000758752
244.572
0.311899
0.230168
4.49667
0.000737812
0.00188932
73.8668
69.75
0.000743406
0.000739658
319.272
0.000798208
0.000769274
0.000737174
0.000763286
210.849
0.00481381
44.9207
4.23646
134.61
38.9359
18.6622
250.335
0.0648917
132.171
0.223048
46.8154
23.3161
110.099
111.192
4.51535
42.2387
0.000736776
0.00109669
0.0870893
0.000744736
0.267628
0.284327
0.000753303
85.3173
0.0200143
10.4022
181.397
78.7002
0.000749007
0.022893
70.0252
0.401482
0.014528
0.000756135
275.884
2.15468
173.756
28.4161
0.0268037
62.5461
0.00646711
120.33
127.701
0.000736267
0.263078
30.4529
0.0312223
113.047
149.361
308.885
79.7208
144.755
0.00075304
0.000762037
0.000746421
147.819
6.38283
31.4999
0.000736505
0.0015235
68.1769
1.40222
0.000896058
101.59
44.2653
0.000886024
0.18861
112.63
0.000781415
0.20065
0.000738119
68.7983
0.00123087
0.000741454
321.923
17.4405
0.000760755
4.95509
0.198566
0.00073778
0.134765
1.73086
0.00085278
0.0239806
74.2456
0.0349302
0.00074531
0.000748166
6.69435
0.000978258
158.372
0.00123407
135.974
0.00073454
94.1945
59.8943
0.0797096
53.7437
352.293
158.052
263.109
98.9617
2.40189
0.000743203
0.000751062
0.000739009
2.88056
81.5478
273.239
0.00073389
0.00144596
0.377087
0.000759696
101.934
0.807565
0.000780203
259.044
17.1148
22.0085
54.2944
3.32592
12.8228
0.821279
93.6271
40.3224
8.00626
0.000779743
0.000748581
1.92758
0.000744016
25.5464
135.801
96.1621
188.388
0.000737979
63.3648
0.000842606
259.678
153.903
29.8749
35.2935
0.0125971
6.79039
0.504078
18.0338
3.05279
1.85267
149.916
88.4498
110.338
0.00111307
268.817
0.0601064
0.00111607
0.00270959
0.00177395
1.24161
1.54819
83.2694
239.609
25.3175
0.00113054
127.241
274.975
302.162
0.000848904
0.00135331
0.000747426
125.913
44.9183
2.08242
48.3086
1.27475
40.4881
123.678
6.99375
246.401
0.000967124
0.00112574
192.703
0.000743915
167.302
114.917
27.8226
54.162
186.563
172.41
287.799
61.1985
308.238
0.00128682
0.000747959
0.00073539
0.00339857
291.845
7.58132
9.32723
97.5382
0.032786
0.000744439
0.000744139
0.000783594
0.000925566
119.62
0.000789503
0.0345733
110.003
0.000737284
0.611235
194.77
31.8398
482.962
124.351
70.2354
542.827
2.3685
222.253
106.237
475.206
256.238
37.6124
77.3086
1.86953
72.2864
209.7
0.000760371
0.000739987
98.7401
30.1722
162.02
0.136119
0.000736927
0.000740246
33.2063
44.9155
0.0268252
0.84842
0.0944335
0.000944753
0.0401061
0.00077095
0.000747974
174.132
222.582
117.728
0.000786173
0.000880984
0.000759061
300.408
116.284
0.000784027
0.0148118
181.947
0.000738845
0.000744619
0.206245
13.9512
3.26095
127.574
0.000734939
0.172849
0.000736719
0.00171784
0.0667688
0.265997
0.000761007
0.0550764
0.000932622
0.236108
0.00073699
0.000737486
0.0335546
60.7471
131.355
17.1403
118.674
59.7585
39.583
92.2194
29.0357
165.823
3.35738
0.00114183
0.00096034
125.706
107.662
1.33263
0.00233019
0.104661
197.967
0.893527
74.9158
0.000753085
15.6977
0.00999436
0.000799206
129.444
0.0012159
5.5144
174.161
277.487
128.63
44.7597
301.92
59.2376
69.0591
47.9891
81.4434
11.5416
4.60502
0.000772399
0.00542464
69.8935
1.6773
0.0292205
89.525
0.000740431
111.593
0.000738201
165.044
2.3486
316.972
244.11
0.000739824
99.8721
6.01432
104.073
0.000957996
63.0339
0.0927645
177.349
0.000746281
0.000780574
153.686
0.0586766
62.5053
73.9907
21.0181
3.56649
0.00257787
0.000735016
29.35
1.1247
26.595
0.000752945
251.173
0.00163353
0.00231839
0.00080655
45.4628
235.07
0.00343227
57.3379
0.062286
1.60197
318.338
0.458049
0.00208848
9.11005
161.115
91.1643
0.000757613
299.924
90.3636
30.6186
0.000745976
1.72484
0.000993287
6.18238
93.0514
0.292671
0.000867057
0.776434
246.476
1.00281
0.114148
0.0132036
106.528
0.000849052
179.817
78.3458
135.411
126.383
1.53669
19.3568
64.925
104.849
0.000847426
0.000776724
0.00109932
92.7302
0.000779306
0.000781443
99.882
0.000763257
0.000761835
56.4025
130.982
64.8715
289.753
119.054
0.00104383
85.8431
146.906
0.00074068
168.038
37.5368
0.00106847
3.97297
398.111
65.8445
212.397
118.067
0.000740365
124.177
94.4445
54.7437
131.218
140.996
5.43612
119.887
251.065
0.000785869
107.26
96.0589
36.6066
40.3292
0.00398437
135.772
17.5247
0.0903018
0.00103332
248.991
63.321
34.9754
1.42432
0.000772856
224.042
314.187
2.2028
208.594
93.6859
198.869
19.1021
0.00151132
513.615
67.1366
7.06809
0.000815506
0.000734949
317.493
5.2702
11.6779
205.802
0.00144421
604.217
298.919
290.089
0.000746583
0.000752037
15.049
156.689
3.21615
32.1341
27.1612
0.00163643
0.000746036
2.84757
204.465
46.7036
113.878
120.092
21.4397
0.000736042
16.9629
149.847
1.43246
162.814
0.000741212
0.000771669
0.000749637
103.222
192.057
215.621
64.7392
278.058
0.00319044
170.357
100.4
209.32
124.135
0.0817148
504.437
0.000739507
122.081
122.738
68.2686
0.00350892
0.00109795
126.767
0.0146031
0.48909
0.000738299
259.502
0.000748411
130.809
37.0484
4.49774
1.28174
0.0703514
0.552038
0.000749675
0.000863686
0.0619622
0.000765594
68.4652
0.000763373
31.6491
198.213
105.512
194.968
0.000743896
301.755
0.0945671
4.5383
0.0030729
139.836
0.236419
86.1541
23.6538
0.00073863
28.6641
0.000762511
76.632
0.0200629
225.966
62.5031
10.2045
46.154
184.243
0.605282
142.103
3.32399
0.000951407
0.000735071
205.373
60.4507
88.6002
123.014
98.6386
218.958
78.0288
0.000733484
111.746
208.287
0.104461
0.00248271
66.7376
203.196
27.4799
123
272.869
50.8821
0.761454
0.00104357
0.000734904
51.1485
0.0485851
88.5176
0.0168594
52.6681
146.685
0.000741238
0.000780035
32.4387
47.2178
194.266
0.000783345
0.051187
288.55
0.000739575
66.9142
34.8969
0.0472601
293.011
68.9148
0.000742739
59.2506
306.046
0.000740832
0.00597266
0.356974
0.00126538
0.208391
0.000878431
0.000733442
0.0507547
120.848
128.508
500.445
35.4218
26.5171
0.0562383
0.000943183
18.3042
307.035
192.959
0.00432537
0.100011
43.7265
115.647
0.000737067
61.3915
54.5967
0.000959622
257.695
0.525897
243.858
13.9213
0.000762712
0.773075
63.5286
0.0010662
0.000740026
0.000744631
237.045
0.128409
0.000738459
22.6232
12.4967
39.4323
66.348
88.3838
57.1207
8.37366
0.175578
267.164
116.02
0.000753027
96.5465
0.098856
45.6858
101.033
21.8438
5.82264
271.567
0.00101542
1.07025
3.08703
7.77861
151.512
0.000859864
23.8129
84.6308
0.00075167
0.000738534
100.266
1.49641
0.0308089
0.000738567
269.612
0.000734291
0.000819709
96.0388
0.00415731
39.6653
84.15
82.9863
320.788
5.56532
0.00295135
0.000739951
0.0014332
0.000734419
142.164
94.0335
212.505
26.5484
0.000884988
113.118
309.946
0.000971943
320.315
55.8934
18.1846
0.000747854
205.403
73.3266
0.000935078
112.543
102.62
7.12896
79.1052
1.72527
0.000751862
224.841
0.000748023
2.05739
0.00074228
87.2791
247.632
0.435213
0.000759941
112.657
0.000808542
0.00377203
0.000759575
1.22758
323.579
50.0842
119.069
1.06454
54.2022
0.000744267
0.00073872
0.00279194
0.00157818
0.000776811
68.8058
0.000734721
57.1294
619.57
0.000753237
109.075
0.112657
38.6154
92.4704
0.000775049
0.00073939
108.666
0.000749341
0.0208267
17.2511
111.111
68.4655
0.00180439
330.554
0.120938
0.000774586
101.431
6.3394
10.6693
145.25
11.1988
0.0327827
1.82812
13.1791
224.839
28.9146
0.000741486
0.00937084
32.9779
11.7307
117.799
267.655
0.488238
237.275
19.2159
0.0155467
190.636
66.8156
95.0119
179.467
0.000740334
103.791
0.000798125
0.00770291
58.122
0.000735077
0.4718
0.00244138
117.528
144.078
0.00587959
16.6529
0.000753645
94.7209
0.000754506
0.000856415
10.9104
22.3089
0.000735827
33.9283
0.00164555
0.000755872
0.0297363
0.000736002
0.000740213
30.0269
363.536
4.68247
60.5378
236.566
197.805
0.000740792
144.747
0.000736833
0.00863958
56.4968
28.6463
97.5927
0.235982
2.33686
3.16385
71.2743
0.184973
108.039
241.801
107.483
0.000749269
0.000801989
5.522
313.682
283.342
0.00134637
50.3345
0.0112129
0.000867407
0.000751402
122.393
0.983649
0.000753242
29.7063
0.000734241
0.101269
0.000751467
0.000894057
0.000904841
260.824
58.3997
79.1595
43.3678
349.89
240.696
210.883
1.73138
355.678
129.631
9.12033
0.0478121
0.000778609
100.448
183.054
37.8723
117.158
0.000739431
310.98
3.09333
2.79577
185.661
10.2367
25.502
0.000742209
0.837323
131.262
225.161
0.000742238
49.1075
92.5327
0.00491453
0.000742493
311.943
168.448
142.322
0.000755164
0.441158
0.0080487
0.000752083
78.2825
223.566
170.621
6.03562
21.0633
10.3886
41.1055
59.7729
77.4332
0.0341082
54.7707
172.73
43.7623
0.00305318
0.00613143
0.119203
56.5221
182.794
46.7003
43.7839
63.3977
76.3007
0.000986783
0.00204724
0.000739365
0.000757429
250.147
0.000775224
60.1675
0.000754333
0.00114419
100.891
2.23061
72.394
311.011
44.229
0.151789
0.00075748
10.4926
6.47019
0.00074054
13.7875
537.008
9.3734
152.534
16.5404
98.7858
26.6378
0.000739009
179.071
0.000906059
19.7519
0.814266
150.856
0.000738581
72.2321
112.489
0.27536
16.7943
434.954
39.7107
0.00098745
0.0154638
175.372
0.000768265
60.3427
0.000896071
0.00114067
50.0041
15.409
0.0637926
226.375
0.60234
3.38853
312.178
52.1119
0.000735293
106.974
77.8584
0.000752623
7.19345
87.4236
196.745
227.965
0.00249533
151.724
143.459
103.149
0.00686077
0.000738533
0.00159266
0.00353289
0.714565
0.000757984
0.00075688
0.00142272
1.67417
0.00387325
0.00855534
159.826
87.1133
0.000754463
86.907
146.743
6.42237
82.3477
55.877
138.813
0.000734103
73.1001
0.00354433
161.742
94.53
174.676
24.6978
0.00168942
61.0642
18.4425
81.6065
268.964
292.597
0.49703
50.3256
0.000801719
0.000735352
0.000820401
31.2253
0.000843041
45.6016
0.0272772
0.958265
0.000752939
53.6043
132.146
273.138
93.6015
190.376
0.000857244
34.5739
200.4
2.5725
108.732
0.000781551
187.258
0.00078482
0.000940125
265.957
0.00180004
35.6126
0.00198136
49.1264
0.00078314
0.000742942
122.549
0.000908709
0.000738846
478.404
48.5795
0.00637818
46.7687
114.184
0.00109602
0.000896146
182.324
1.41171
0.00074245
10.9099
0.00471531
45.5226
0.000995782
0.765655
49.4569
144.371
0.000799537
158.32
0.00142655
0.000747075
0.00186336
172.116
146.602
132.797
0.000777207
323.01
40.4998
0.000747794
0.000737384
55.1151
236.538
157.651
229.87
0.000745921
0.000763351
219.397
0.000969614
0.000819813
0.000744835
199.714
0.000836492
1.09995
96.0262
36.4787
59.6539
96.1703
205.987
0.000775058
1.96423
266.815
0.000760798
34.7656
8.80262
57.0677
162.771
0.000741283
127.043
1.19996
0.000740557
0.000808928
37.1198
256.433
56.0502
0.000748095
144.005
0.00997489
90.2382
24.1146
0.010721
39.4312
0.000743737
72.4894
117.933
0.000735562
151.17
155.992
169.106
0.252877
27.4009
220.055
0.00771186
0.00105097
158.624
0.000742552
22.2327
0.00108913
0.0107548
0.0028419
1.95059
114.61
30.0971
0.000860077
376.283
5.58258
109.335
0.000735624
14.4258
3.22527
99.9141
0.642536
0.000760348
205.192
147.241
25.3478
11.1263
111.348
60.0335
0.00111513
266.591
27.1315
185.886
126.165
46.4308
104.138
5.43362
120.195
266.088
31.4724
62.4871
0.00241834
0.000759104
42.3962
0.324152
0.000742655
120.345
33.4842
0.000755551
157.227
7.25813
0.00074798
135.557
0.000734012
0.024411
32.1298
0.000976237
0.000766532
132.988
182.039
35.1391
6.13157
97.4373
619.288
17.3723
35.2741
100.464
24.8011
149.152
0.533192
173.409
317.279
274.565
82.386
0.000908164
129.835
115.716
0.00108361
160.852
17.7393
0.000745775
0.000892138
308.904
124.154
151.614
41.5064
0.338278
0.0232786
21.6959
0.000945466
150.089
272.079
0.000745212
0.00089354
138.945
0.00112886
0.000753664
126.803
6.75968
0.00286135
0.000750781
0.0142067
0.00119393
120.717
0.00107884
0.734054
463.273
0.0020366
44.4514
0.00075507
122.981
80.1038
2.78137
59.8104
0.00207393
0.049615
0.000753656
59.0113
37.9143
0.00500743
313.517
166.068
302.192
0.00073402
17.8904
0.000749673
236.187
0.000763196
0.000743743
287.749
116.164
34.869
0.05752
305.521
0.00116818
605.561
0.00154964
112.676
3.09828
97.8553
134.745
47.9563
0.000738817
0.0021658
0.000756309
0.00144512
0.00498777
0.00668746
0.000748133
96.8795
77.084
200.583
0.00562807
0.0335675
9.48134
211.706
2.14388
15.894
0.000880245
58.851
0.000745813
429.906
0.000738883
0.00084799
20.7648
0.000753147
0.0254704
0.000790516
264.873
0.0703608
26.1654
180.132
146.014
99.1383
0.000771511
0.059633
1.5212
95.0303
19.4377
80.0151
112.863
0.000751671
59.2966
2.12546
148.192
0.000754717
70.4995
99.0159
15.5488
0.00268591
0.000735819
6.19932
0.000748982
0.00279951
183.649
127.585
0.282844
53.4189
289.292
175.774
2.51789
3.11956
0.000758822
78.3782
21.4133
0.000742735
424.34
189.194
6.5845
3.99129
0.00160779
138.081
217.005
0.0453469
0.0093748
286.456
89.9151
304.729
1.52292
1.54559
46.133
135.227
6.09408
112.589
101.671
52.5944
0.0121094
63.3146
147.178
118.92
0.0023931
17.838
0.000756586
30.5
32.7946
0.482931
99.9383
33.3556
0.000741658
0.000746009
0.000740133
0.000738339
178.758
12.9025
12.3463
42.0719
190.373
194.397
121.921
0.381351
0.000928543
0.0201822
149.38
142.317
113.839
0.0248728
0.00724215
0.306039
145.091
0.0802774
205.1
0.000831056
51.511
441.037
16.5474
32.99
0.000748295
0.000744044
0.00749861
0.822667
1.58406
72.7156
122.809
19.9796
0.000739882
0.000771502
504.54
0.000763548
0.862
192.163
0.000733433
235.198
62.0239
146.911
103.845
5.11789
137.751
6.57878
0.00645783
418.005
2.40054
55.9901
145.826
211.303
0.00102292
138.594
0.000739467
6.61846
0.000739161
161.387
72.7742
0.000931707
3.90186
207.588
0.00105622
0.000830558
116.568
220.103
0.000738277
40.5323
64.2215
68.7137
0.0744565
5.56068
161.218
83.1412
80.1757
0.000958931
9.60785
0.301106
0.631564
2.57491
56.4454
155.402
0.142823
0.000733282
0.000761629
96.8918
54.8853
218.05
123.665
171.294
400.68
0.00605328
114.113
108.02
136.972
74.3301
22.5122
36.8733
193.154
39.7844
16.5278
0.00075353
0.00377059
0.00165068
147.795
0.000745011
307.447
31.1583
84.9003
89.3247
291.653
0.000777214
115.92
233.596
0.000736198
20.7341
38.0282
0.000880565
108.594
117.11
0.000842212
0.00236193
33.2513
0.00381263
54.5834
130.175
0.000742439
0.000745782
0.000755061
0.00134803
74.1228
193.832
75.9493
0.00297903
157.167
20.6137
41.5989
0.000751001
25.7762
55.1278
39.8153
106.117
280.352
0.000751585
22.7821
0.0101949
385.203
3.70501
0.295124
0.000752337
0.000854015
0.00484458
0.000757472
0.0593628
0.000735512
0.000742508
610.615
7.27892
11.4534
40.2115
167.819
230.962
5.29079
17.1778
31.9935
0.000826857
0.000741758
4.14051
140.354
25.9747
174.182
0.000738607
0.00802576
0.000740898
0.000741976
0.0068812
0.00137741
264.703
100.838
161.343
84.2952
1.19387
0.000758169
1.91737
28.4892
122.412
4.55767
143.338
0.000753995
36.9211
149.427
103.23
0.0175511
42.1666
0.0188756
0.000733827
64.2519
0.000763142
0.00386486
117.183
0.000747683
13.549
142.306
0.000754315
2.49699
6.6899
187.68
1.90686
81.4708
22.7583
5.39937
0.333772
0.00483487
34.2388
12.7617
293.656
63.4855
218.331
283.829
157.49
88.905
0.000749945
0.00886637
256.634
0.00117791
67.1424
171.337
10.4224
0.000742437
0.00323317
487.672
182.388
104.097
0.00111733
123.204
0.744772
0.639982
0.000739298
0.0473202
174.479
109.552
0.000740867
0.158857
70.4781
0.430645
116.129
0.000789565
56.1151
0.0884603
0.00110386
0.000736139
157.061
0.000996045
246.197
120.977
0.00230786
0.000734482
28.3949
234.743
0.00118875
148.434
1.18121
43.5879
0.000755112
3.4554
46.0708
0.000739754
0.0255147
3.04152
153.892
0.210809
98.7703
48.6961
48.5312
165.062
0.00112045
11.7304
0.000975169
0.157792
124.188
35.4763
0.000768921
1.66975
29.3097
64.7279
100.873
108.609
3.03879
0.000742323
5.24242
0.0187946
24.7561
17.3692
230.941
0.000740822
15.6038
0.00246507
321.954
26.5787
21.6803
0.00285541
0.000754284
259.503
117.34
0.000746467
130.898
0.046856
0.0013783
0.0007551
0.000801547
160.665
17.2022
0.0481873
0.291829
6.80841
282.105
0.00137792
0.00512256
0.00080089
0.00073731
0.490502
30.6011
0.32995
0.0501074
0.000748597
124.227
66.9881
0.0007627
0.000733591
482.94
262.567
17.5562
193.948
62.4995
0.000802289
0.000742545
0.000773887
0.176124
83.9304
0.000735277
62.2585
98.9758
0.134879
108.634
0.000739921
0.522629
0.00178103
204.163
2.96389
317.881
0.128942
21.1736
0.00361949
0.000740657
281.677
0.000788804
68.4513
140.839
0.00462087
125.431
257.552
20.5597
5.19796
0.0015105
71.4171
0.000778603
0.000735136
0.00113499
0.000733116
149.241
265.487
119.804
44.421
0.00106838
0.000749326
32.2929
55.2505
0.00115852
0.0120488
0.0294178
1.16288
0.0623971
267.332
39.8072
0.000749866
427.639
277.24
101.657
123.446
357.546
0.000733935
0.00299333
1.71215
27.7209
199.066
181.754
215.759
0.000754947
114.076
350.298
8.87123
3.29303
61.5533
0.000763556
186.453
132.18
152.624
58.7118
18.3617
24.2177
202.184
0.145585
0.000760413
131.506
173.085
175.137
52.9503
0.0415773
5.11266
120.805
171.787
0.175858
1.9731
140.333
0.000942286
0.000737508
0.000755444
225.131
0.00516123
202.884
26.8172
112.207
22.7844
222.78
0.000744321
0.184352
0.201399
0.052198
3.11981
0.000910962
177.355
77.0022
0.867341
0.000787072
235.307
45.5251
266.766
0.000748486
79.6343
137.64
99.5236
0.000760559
0.000744713
175.089
0.000736413
120.202
2.47895
0.000734754
122.06
127.801
173.329
181.687
6.50072
134.479
0.000739201
0.000856676
101.666
18.983
29.6011
379.088
0.000780708
143.727
0.000865356
0.000757046
36.855
0.124055
0.267911
569.91
264.771
98.6383
103.399
598.452
14.3545
4.73641
0.00383846
0.131584
0.416198
5.62536
0.0313806
57.3601
168.246
260.461
61.1605
45.8691
0.00076038
57.9325
0.00074752
28.1346
56.7658
134.403
106.128
8.91135
0.00120747
0.0922146
0.02657
43.1743
231.907
176.023
63.3899
0.00105928
30.6285
89.2868
0.000739504
40.152
0.000758298
247.406
0.316803
0.0235133
57.3717
0.000777348
95.2579
126.146
0.000735475
0.000764548
1.17327
0.00114637
27.3969
0.000756753
0.00496432
118.847
89.7123
32.6414
194.209
0.000747233
87.2585
119.257
39.7273
13.0274
0.000871131
41.8697
0.000738571
0.786743
47.826
0.000822608
298.873
154.074
0.00494804
10.0545
10.0824
0.00774379
121.47
105.814
0.000741821
215.292
0.0495101
0.0104257
0.0326764
0.00334512
119.132
214.688
511.653
0.000788663
0.126315
0.049812
43.9688
29.9009
498.35
284.68
3.17828
49.9771
30.6974
200.53
13.4651
0.000738285
15.7108
0.000751531
112.488
0.000836916
224.52
31.6113
0.000738392
72.2365
9.26833
0.000746967
210.471
9.14582
118.725
11.5552
3.06709
157.126
0.000772038
1.66712
212.497
0.000818319
179.472
149.089
0.000740662
0.000754462
57.6089
0.000792364
0.00341511
138.749
370.307
0.000737496
8.56482
108.803
261.194
151.086
87.2825
117.523
210.801
0.000773769
99.6418
188.712
0.300319
114.276
0.000886044
66.8293
0.000741832
3.26773
257.569
1.28391
0.00138429
28.48
0.0421479
127.884
0.000740785
4.72715
67.4606
0.0434961
135.692
319.611
0.000744967
233.546
0.000743187
177.248
0.36348
273.116
116.731
84.0783
83.1832
30.7453
23.9781
210.247
170.089
0.000734566
80.7178
57.4721
0.000752746
47.753
281.116
114.513
323.282
0.000773472
0.030376
80.3001
212.527
97.3416
4.71223
0.115796
0.249751
71.3505
0.0926518
0.000801581
6.52702
0.000770749
3.47486
0.000737556
137.307
0.221358
0.000768059
0.000803846
8.61048
0.00112441
169.395
35.1782
222.907
14.4803
73.9312
9.89322
0.00214698
30.029
17.386
38.1405
74.5449
0.0060937
0.121555
284.354
104.889
200.587
0.0159415
113.351
0.000740001
271.001
43.5806
62.3263
2.15983
0.258949
6.01455
86.3167
113.084
182.262
0.00229479
0.000774406
3.2942
55.6205
51.4591
0.00127843
116.23
0.00488184
109.9
11.8693
0.0206281
299.486
113.783
56.2032
67.8908
16.5299
226.139
7.40657
0.384474
0.000756967
1.78254
109.304
44.1015
0.000740767
0.118376
65.199
227.109
0.000787647
68.7721
194.031
295.065
119.603
27.9197
0.679621
64.1834
5.72604
56.7421
23.4606
7.03815
0.000816111
345.035
209.497
320.221
237.035
249.547
0.0207611
0.876166
4.01583
107.714
497.499
0.655401
0.000745327
271.955
0.172766
0.12992
153.494
0.771015
0.0152456
0.0102723
68.0312
27.9907
0.00102903
3.94686
0.00798439
0.000832337
66.0959
0.000758936
78.2881
0.000930927
97.2551
5.19254
30.4869
0.000832136
288.034
0.00585541
39.4349
71.7173
0.000756143
0.0113262
0.00100198
323.175
0.000759777
293
0.000752443
43.8976
0.000736674
41.463
2.85575
0.838179
0.0138223
117.356
0.000745314
0.00073478
0.0182661
22.9641
239.077
198.223
0.00423717
0.000767034
31.7178
170.612
0.000775505
0.00679379
0.000759242
0.000743157
0.00982132
23.149
0.0007439
0.000879882
0.00473483
0.0870323
573.946
16.7634
23.6114
26.7581
0.537203
303.899
4.33548
300.074
121.518
0.731244
0.000748808
60.7017
165.658
61.1192
0.00133207
0.136768
0.000738065
0.000748024
52.2271
0.000752665
58.7757
1.28649
81.1627
0.0289553
59.4705
0.000773904
45.5232
0.488052
35.3111
0.000735279
132.919
296.597
0.000924134
114.123
95.2899
0.042621
0.000767132
266.435
51.5713
0.00239781
147.131
11.7512
29.4549
39.6052
8.82697
0.000796124
0.0225621
168.911
61.1249
26.6067
0.000737968
44.6546
134.394
0.00077343
0.0120432
26.8452
0.000840093
201.201
1.08337
0.000739572
42.8559
24.5961
0.000758911
119.198
497.914
243.616
5.10451
267.043
17.6274
0.000734965
55.9578
0.68539
98.8008
0.000741012
95.5114
90.8374
0.000763454
88.1383
91.128
66.7187
0.000751866
9.82705
0.00158207
0.000746652
3.10095
97.612
92.2278
148.924
0.285596
0.000915965
0.00711023
0.0186792
289.145
56.5872
0.000906521
0.133847
0.82212
481.23
66.6664
156.106
0.000738543
0.000742577
0.000733725
24.3032
0.00073986
244.341
17.7451
16.9674
0.342079
0.00223462
51.3206
0.557353
83.4399
0.00104268
0.000746486
0.00478112
0.00330604
8.85967
0.000927962
0.000812059
33.6794
0.000749999
0.000735177
54.8662
121.51
180.993
0.00229607
0.000738433
0.0289333
19.7997
0.0322863
139.537
11.238
166.298
130.632
13.1542
193.616
0.500522
0.000796631
0.767562
0.000836694
112.155
2.09838
0.011507
1.87872
10.873
1.95696
0.0455695
0.000766397
35.2189
15.9186
0.000742752
12.2748
6.79412
41.3178
0.0556005
3.292
0.000739975
0.0007376
0.000739879
2.56597
0.0169552
25.1538
1.65231
0.016675
255.376
27.3495
5.08521
0.000743027
0.000735455
0.0144464
13.5184
0.0280989
81.3522
79.0437
0.000744051
3.56474
0.000761239
21.3365
0.000737173
100.645
0.00806
0.000750413
0.000862015
212.546
16.0896
0.00109502
14.6986
2.63777
73.3134
106.047
81.6986
0.00186726
150.306
2.77244
0.000988195
71.7571
0.0190028
194.003
0.000734711
68.6394
117.004
0.00655845
105.809
29.8767
0.774729
107.518
46.3363
12.8803
67.5005
107.214
50.4534
0.291643
139.38
154.967
219.825
16.4413
0.000742192
116.391
1.61837
127.675
0.00769041
1.10633
0.00743992
0.000738014
0.513578
0.000739952
5.20254
41.8148
224.373
38.5558
4.68743
107.65
67.7395
112.061
31.7772
0.000754217
1.76118
32.6254
106.532
116.973
157.878
29.4041
0.000749341
26.5497
11.6963
62.9125
308.047
0.00110231
289.429
0.000757749
265.478
91.5024
49.3828
0.000739413
53.0576
0.00073611
115.286
70.8289
25.7699
81.6209
13.9792
88.1163
110.627
0.000737957
0.000897103
10.39
206.224
0.00802625
0.0262728
0.000986216
0.000769712
0.000889447
390.051
51.0337
10.558
0.000736815
0.0650216
126.228
7.25084
0.109688
95.2541
3.25393
161.859
0.0884409
0.0526829
0.309725
162.903
0.000748898
293.715
0.000739275
26.4782
0.00119078
0.520548
0.000738684
124.711
0.00127893
0.000746844
0.00151191
0.000914271
0.00108169
0.20201
0.000830994
9.04352
0.00210413
480.333
0.421704
0.000883984
0.000808134
43.1811
0.000827867
116.743
6.61658
0.000835601
206.692
228.471
0.000784285
2.08723
94.6277
0.0404469
12.4575
4.25684
0.53307
255.997
119.096
166.498
155.6
84.1449
116.516
0.00596325
42.3093
193.509
1.66435
2.162
0.000975795
17.7953
4.8815
0.00133496
208.328
117.011
27.7437
0.000734993
0.000738165
36.1411
0.000945435
64.1752
0.0113497
0.00868079
139.898
16.491
94.9082
117.133
56.8608
43.7082
124.617
0.00104489
1.39093
50.8258
0.000737136
113.345
0.486601
0.000742715
47.4204
190.446
19.6385
101.476
0.000747794
2.29273
33.0405
0.000762678
20.8393
0.000787077
46.7978
0.000806202
5.34578
190.076
162.169
0.579644
0.000739653
34.0907
0.164898
206.162
0.0154861
28.6512
20.66
13.1249
1.92541
0.624368
105.327
98.974
226.742
0.0054237
89.2204
17.1284
0.0332592
0.412873
178.736
81.292
0.000795168
22.5429
0.00073661
0.00549084
56.1667
240.1
0.000968055
0.00975767
0.000748078
0.000997687
0.000841445
0.000757325
0.00109544
9.36528
193.199
52.1974
26.0482
73.9872
112.288
0.000745699
120.913
3.33005
116.845
14.214
250.083
0.000784304
0.490075
0.000735243
248.663
0.750224
0.0378502
0.000800011
0.000842889
0.479382
3.34062
6.33237
14.1425
6.33562
0.000761474
27.397
0.000788055
135.829
23.7711
0.000770057
0.180124
47.1284
0.000739021
0.00132204
158.208
0.00957827
194.306
0.000869215
250.04
0.000749019
0.00123929
0.910491
24.9437
9.35284
46.1418
46.3331
0.000768333
1.73626
62.2678
117.911
0.333771
0.00074118
4.23449
0.000744325
32.6226
64.7465
0.0643664
78.7163
41.2393
22.1561
290.755
0.00568044
0.0486445
0.000734295
138.237
0.000746951
0.00103187
0.0483948
150.792
520.027
6.45834
0.000743443
0.000742449
187.813
0.000888758
0.00074356
0.00232886
152.052
22.4475
309.962
11.6383
0.0053015
27.6086
121.472
0.00201285
118.514
0.0131528
0.000737243
3.97875
4.85328
148.243
108.434
45.648
0.0852327
0.000752096
0.00213059
37.9027
43.4293
115.094
0.00107973
48.783
9.56716
1.55821
0.000988147
0.00553984
0.00656654
0.00101206
0.000841954
5.72159
149.903
32.8687
0.000735379
328.918
0.00412325
0.000902985
40.4999
6.77373
0.000744984
0.070027
210.962
0.00118634
2.66216
0.000797365
0.0012579
8.11351
158.89
2.86655
0.00970237
0.000841367
0.302339
0.000760919
0.000745647
0.000750502
99.4033
0.769843
0.00074062
0.000751592
0.141492
102.455
0.00176591
19.6096
111.267
126.694
7.35348
0.00632601
328.058
0.000837325
0.000807161
0.46922
0.449056
0.000895879
289.149
0.280387
0.0074081
85.2261
0.000899918
0.000749858
7.76713
38.9895
0.000768146
150.827
111.497
8.1774
0.000747247
121.213
21.015
117.074
0.287246
21.1055
203.524
121.148
40.9025
108.848
0.0108384
0.00075355
157.637
94.0814
75.1779
0.297027
42.4291
51.7241
0.0007784
149.734
49.8406
80.4052
116.803
48.9743
0.00208974
0.00132565
284.108
0.000741338
0.00953892
27.9266
264.112
0.00637926
53.7884
293.936
10.6174
11.662
85.3169
58.8624
0.0133225
0.000779297
43.8936
0.000993414
51.7851
7.01991
113.086
156.378
0.000808837
0.000753425
0.00276549
298.027
0.000737915
19.8945
0.017645
0.000734824
78.4453
0.000737672
0.000741256
4.43999
17.2128
17.2912
37.3749
0.000744659
1.55883
0.786329
0.00371443
0.00118376
0.000741698
66.3414
0.835255
139.324
0.00073482
0.130647
53.24
80.6194
0.00367128
0.00074234
0.000740542
66.0844
10.5809
0.0374573
0.724136
0.00112925
0.000767638
12.1292
103.796
33.9186
1.20452
12.2982
3.311
0.00229889
55.9102
20.8034
62.8788
141.936
226.532
0.00131869
8.26656
47.3229
38.4514
0.00300647
54.381
0.00073954
0.000743055
242.405
2.04301
238.253
0.000806979
248.412
39.8593
0.403526
0.00126335
102.4
138.402
35.5441
0.000737875
0.000737652
0.000756344
0.000772322
132.622
0.0634585
0.000735758
0.159329
109.336
7.06169
93.0476
305.174
52.9427
403.605
289.596
0.00101203
0.0123581
0.00126958
216.59
0.142397
48.9263
0.00108679
71.5545
0.114835
0.000740719
0.00171355
0.000874765
40.2956
0.000833931
0.000741564
296.442
16.937
42.0447
22.5096
0.00125833
86.1074
36.9062
0.000772989
77.4807
0.000756218
0.424268
245.653
0.00352448
108.772
0.000738329
0.000738
64.399
79.3277
0.776189
116.876
0.00256638
90.5809
20.4796
8.26676
0.000757566
0.000749901
41.1069
0.000999723
358.326
0.319192
20.366
0.384974
0.511715
16.8695
0.000765923
0.000817149
328.161
0.000824328
3.59856
42.4611
0.000760199
0.000765099
0.000745609
25.6755
44.1712
0.000738184
0.00383487
0.0949063
58.3895
46.2506
0.000752167
0.000821808
291.302
144.193
54.7635
4.21536
0.00109925
0.00106583
99.5948
0.302334
93.6492
46.8861
0.000767113
0.000890896
18.3139
2.46651
0.00151214
117.808
0.0214156
13.2929
281.442
197.047
217.404
47.29
0.000738902
0.000786879
69.292
28.9399
157.42
3.23263
0.000738312
0.00128686
9.14014
0.000744793
68.1758
215.298
0.000734702
209.613
0.000739443
0.000778906
0.000758322
124.437
119.874
123.88
0.012524
0.000756255
18.2128
0.00643463
1.19659
117.862
75.0358
202.82
0.0206406
0.000754451
0.000765918
0.000743122
7.05092
183.654
0.00465169
35.2825
13.3433
0.000786868
0.286793
0.000744356
4.73244
48.4941
236.34
1.6245
18.1085
0.000742489
109.634
0.00155844
3.31764
125.497
0.000789315
103.025
1.38595
16.9073
24.1349
7.7649
78.6094
154.734
48.0625
0.000886872
1.8973
57.0506
0.000853831
84.6714
0.727986
111.706
117.727
0.000940185
47.4095
0.00125947
1.25514
0.00535787
0.000737111
192.148
0.000743981
61.4338
123.457
0.000743926
0.000999594
137.594
0.000735546
0.00175773
0.000742455
0.0928222
118.847
136.989
0.347245
0.000738648
0.00468891
95.2607
2.52869
0.306654
355.166
43.0381
0.621258
54.6395
0.00448378
88.2333
0.748008
0.000747763
280.905
0.00496513
40.0169
1.90839
6.08512
82.2071
0.222839
0.00170487
0.0861908
6.66183
199.957
0.000794271
4.24136
101.129
0.0232641
102.751
141.897
2.60612
6.30748
0.000755231
0.0236709
0.605775
0.000803711
66.6122
0.000738376
0.11042
95.9723
30.9191
90.1451
53.8661
0.0167259
0.000749746
6.55717
0.000734589
148.142
14.2398
123.411
0.000743518
82.4844
84.3417
24.7762
63.428
0.000800329
0.454767
1.73564
188.166
3.9548
0.0875058
84.4323
4.34236
0.000747345
204.561
105.74
0.00088435
48.9298
0.241651
128.5
6.48919
0.0570873
0.25532
0.0354943
132.051
105.372
1.03579
1.96916
115.778
13.9019
1.5444
111.021
0.000745177
101.81
52.912
0.764384
0.00081407
38.2642
143.246
0.593192
118.282
0.000750707
276.083
51.8142
0.000741972
0.000744229
0.00218543
106.859
19.8538
0.000737133
114.677
84.1934
43.8209
86.935
0.148832
0.000735745
0.000738062
0.000739715
0.246682
20.3644
0.00118442
0.00073781
0.000777255
146.837
114.942
0.000845269
0.00822641
0.148212
13.8879
65.9428
108.246
42.5376
7.4562
111.704
46.4621
0.00202188
93.7253
0.000747851
0.000759742
121.702
291.378
0.000876464
197.755
0.000735821
0.00225953
305.684
0.000790671
155.449
0.0052627
48.0781
0.000758879
0.000735007
150.54
0.000738518
52.8825
48.4225
119.878
9.71807
39.0885
0.0432428
0.000739921
0.00137759
292.556
63.5112
54.7271
0.000794021
0.00492117
0.129782
0.00580419
1.4693
0.00110588
11.0696
273.002
0.000931193
71.733
0.000738379
120.815
0.000773679
0.000745884
98.2821
40.7133
127.356
0.00248945
0.000753352
0.000746024
0.00622201
26.022
215.312
0.000817504
0.00487522
72.9628
29.6614
18.23
1.13881
0.000744043
76.7638
297.093
1.13019
1.09742
1.28227
0.00076095
142.566
198.877
27.2277
233.949
46.5756
0.00398271
0.000808944
117.982
0.000735654
176.746
0.00100953
73.5022
13.2245
1.61512
115.343
132.368
39.1032
62.9683
106.375
0.000733745
87.9782
106.758
0.00458517
0.000777539
1.37428
194.476
117.87
61.0596
100.782
0.000757145
0.000737727
284.151
1.41381
37.5227
0.17375
2.95073
0.0575513
0.000779117
0.000809801
0.472761
2.29872
77.7979
154.676
74.8853
99.0101
18.9899
0.00397556
0.00403864
0.334787
0.94266
53.4109
0.00295694
2.0511
)
;

boundaryField
{
    frontAndBack
    {
        type            empty;
    }
    cylinder
    {
        type            epsilonWallFunction;
        value           nonuniform List<scalar> 
244
(
2096.61
1958.85
1926.74
1887.1
1843.5
1797.33
1749.17
1699.66
1649.61
1599.82
1550.96
1503.4
1457.72
1414.35
1373.43
1335.06
1299.4
1266.53
1236.37
1208.8
1183.77
1161.16
1140.81
1122.67
1106.61
1092.48
1080.15
1069.53
1060.54
1053.07
1047.04
1042.38
1039.03
1036.9
1035.99
1036.21
1037.51
1039.88
1043.34
1047.86
1053.39
1059.98
1067.63
1076.35
1086.19
1097.16
1109.3
1122.6
1137.16
1153.06
1170.28
1188.71
1208.39
1229.06
1250.42
1272.04
1293.67
1315.13
1336.08
1356.38
1375.99
1395.24
1414.23
1432.89
1451.36
1470.15
1488.97
1506.71
1524.16
1541.29
1558.57
1575.93
1594.01
1613.21
1633.91
1656.28
1680.75
1707.26
1735.48
1764.95
1795.62
1827.2
1859.62
1893.07
1927.35
1962.22
1997.75
2034.06
2071.15
2108.95
2147.48
2186.9
2227.11
2268.13
2310.09
2353.02
2396.84
2441.62
2487.5
2534.55
2582.65
2631.8
2682.24
2733.96
2786.81
2841.08
2896.69
2953.51
3011.58
3071.08
3132.1
3194.55
3258.3
3323.88
3390.98
3459.91
3530.53
3603.59
3679.31
3757.78
3838.95
3923.05
4011.23
4103.27
4198.08
4295.33
4394.9
4497.25
4601.6
4708.51
4816.7
4926.93
5044.04
5193.12
5326.58
5462.18
5600.77
5741.93
5886.21
6033.89
6184.59
6337.87
6493.8
6652.2
6812.6
6975.06
7139.21
7304.25
7469.83
7635.68
7801.5
7966.26
8129.85
8291.53
8450.28
8605.42
8756.4
8901.92
9038.15
9156.81
9245.93
9308.36
9344.59
9354.79
9337.85
9291.39
9213.53
9101.58
8951.32
8758.02
8517.42
8225.03
7874.77
7460.14
6976.37
6416.24
5734.85
4738.78
4322.61
4137.07
4086.13
4077.3
4011.4
3883.99
3743.99
3596.37
3447.68
3306.83
3177.93
3062.23
2962.16
2879.13
2813.47
2764.57
2730.85
2710
2699.06
2695.3
2696.56
2701.68
2710.03
2720.98
2733.91
2748.43
2763.99
2779.91
2795.79
2811.12
2825.25
2837.63
2847.75
2855.16
2859.24
2859.5
2855.43
2846.5
2832.28
2812.54
2786.89
2755.07
2717.02
2673.03
2623.58
2569.48
2512.28
2453.93
2396.64
2342.99
2295.29
2254.94
2222.48
2197.5
2178.64
2163.88
2152.74
2144.33
2137.58
2131.09
2123.48
2113.8
2102.9
2093.62
2091.85
2095.77
)
;
        Cmu             0.09;
        kappa           0.41;
        E               9.8;
    }
    domain_boundary
    {
        type            freestream;
        freestreamValue uniform 0.000765;
        value           nonuniform List<scalar> 
64
(
0.000743798
0.000736325
0.00073817
0.000765
0.000765
0.000879279
0.000737553
0.000734136
0.000765
0.00305653
0.000797684
0.000765
0.000765
0.000765
0.000735469
0.00743835
0.000733494
0.000765
0.000765
0.000765
0.000765
0.000765
0.000765
0.000765
0.00942059
0.000742751
0.000765
0.000734979
0.000735015
0.000765
0.000733676
0.000733061
0.000733199
0.000765
0.00108549
0.000765
0.000733907
0.000733613
0.000765
0.000765
0.000765
0.00074068
0.000748411
0.000765
0.000765
0.000734721
0.000736002
0.000734241
0.00353289
0.000765
0.000765
0.000765
0.000765
0.000765
0.000765
0.000765
0.000745782
0.000765
0.00112045
0.000754284
0.000733591
0.000733116
0.000765
0.000765
)
;
    }
}


// ************************************************************************* //
