/*--------------------------------*- C++ -*----------------------------------*\
| =========                 |                                                 |
| \\      /  F ield         | OpenFOAM: The Open Source CFD Toolbox           |
|  \\    /   O peration     | Version:  2.3.1                                 |
|   \\  /    A nd           | Web:      www.OpenFOAM.org                      |
|    \\/     M anipulation  |                                                 |
\*---------------------------------------------------------------------------*/
FoamFile
{
    version     2.0;
    format      ascii;
    class       volScalarField;
    location    "0.72";
    object      epsilon;
}
// * * * * * * * * * * * * * * * * * * * * * * * * * * * * * * * * * * * * * //

dimensions      [0 2 -3 0 0 0 0];

internalField   nonuniform List<scalar> 
9648
(
2391.6
2402.74
2401.56
2397.07
2388.31
2374.4
2355.16
2330.74
2301.08
2266.32
2226.67
2182.31
2134.08
2082.97
2029.75
1975.35
1920.85
1867.22
1815.13
1765.07
1717.57
1672.93
1631.29
1592.81
1557.53
1525.35
1496.16
1469.9
1446.46
1425.66
1407.4
1391.55
1377.96
1366.51
1357.1
1349.61
1343.9
1339.92
1337.63
1336.95
1337.75
1340.04
1343.78
1348.89
1355.42
1363.4
1372.78
1383.55
1395.78
1409.61
1425.03
1442.01
1460.79
1481.34
1503.67
1527.62
1553.05
1579.64
1606.66
1633.48
1659.61
583.12
577.111
569.571
560.997
553.293
548.76
547.801
549.136
552.234
557.285
564.034
571.807
580.182
588.78
597.265
605.267
612.609
619.259
625.21
630.4
634.932
638.873
642.275
645.26
647.962
650.442
652.758
654.991
657.228
659.52
661.894
664.41
667.114
670.002
673.112
676.474
680.08
683.929
688.039
692.441
697.125
702.077
707.308
712.83
718.624
724.722
731.12
737.787
744.706
751.884
759.262
766.821
774.51
782.369
790.254
798.151
805.901
813.62
821.155
828.425
835.376
228.419
230.79
234.731
241.185
250.056
260.823
273.633
288.029
303.875
320.792
338.56
356.723
374.938
392.867
410.218
426.754
442.304
456.778
470.12
482.316
493.392
503.384
512.371
520.439
527.686
534.199
540.064
545.375
550.204
554.627
558.712
562.517
566.094
569.487
572.739
575.876
578.933
581.924
584.872
587.796
590.709
593.631
596.559
599.507
602.477
605.462
608.462
611.456
614.443
617.398
620.315
623.193
625.991
628.767
631.398
633.99
636.44
638.891
641.171
643.324
645.34
128.43
137.006
147.312
159.539
173.633
189.451
206.902
225.722
245.633
266.256
287.255
308.237
328.875
348.861
367.946
385.924
402.662
418.08
432.144
444.859
456.252
466.374
475.306
483.138
489.976
495.923
501.079
505.539
509.386
512.708
515.578
518.067
520.24
522.145
523.829
525.332
526.693
527.932
529.079
530.152
531.173
532.159
533.127
534.083
535.034
535.981
536.925
537.861
538.792
539.708
540.591
541.467
542.309
543.131
543.878
544.615
545.336
546.032
546.682
547.292
547.902
95.4681
106.968
120.243
135.34
152.22
170.78
190.822
212.059
234.139
256.645
279.191
301.38
322.893
343.447
362.825
380.837
397.385
412.419
425.925
437.944
448.516
457.697
465.587
472.28
477.904
482.576
486.405
489.495
491.93
493.804
495.201
496.192
496.853
497.237
497.388
497.353
497.174
496.871
496.477
496.012
495.492
494.945
494.386
493.832
493.282
492.746
492.227
491.723
491.228
490.749
490.267
489.784
489.311
488.836
488.356
487.873
487.414
486.954
486.477
485.996
485.519
83.3513
96.8621
112.238
129.47
148.453
169.051
190.998
213.948
237.492
261.165
284.558
307.256
328.969
349.425
368.475
385.913
401.672
415.754
428.155
438.969
448.254
456.056
462.514
467.706
471.799
474.929
477.204
478.754
479.642
479.972
479.843
479.314
478.482
477.403
476.103
474.643
473.078
471.41
469.68
467.906
466.098
464.29
462.503
460.753
459.035
457.357
455.724
454.149
452.619
451.121
449.654
448.206
446.783
445.381
443.992
442.648
441.34
440.046
438.751
437.464
436.172
79.6929
94.969
112.198
131.293
152.05
174.306
197.723
221.914
246.453
270.779
294.533
317.227
338.657
358.542
376.877
393.347
407.939
420.738
431.702
441.029
448.795
454.984
459.839
463.355
465.784
467.28
467.93
467.923
467.254
466.055
464.452
462.459
460.223
457.788
455.142
452.378
449.58
446.695
443.801
440.902
437.987
435.116
432.304
429.576
426.897
424.29
421.762
419.312
416.943
414.635
412.377
410.157
407.99
405.832
403.707
401.639
399.627
397.67
395.716
393.742
391.796
79.9639
96.8818
115.833
136.62
158.898
182.473
207.004
232.079
257.246
281.829
305.572
327.82
348.572
367.469
384.835
400.072
413.24
424.576
433.852
441.487
447.605
452.004
455.211
456.921
457.603
457.416
456.404
454.876
452.655
449.952
446.955
443.552
440.003
436.303
432.395
428.426
424.488
420.439
416.472
412.546
408.607
404.744
401.024
397.421
393.877
390.467
387.132
383.925
380.81
377.792
374.844
371.954
369.122
366.283
363.5
360.818
358.166
355.637
353.077
350.479
347.98
82.0442
100.288
120.793
142.896
166.556
191.082
216.308
242.126
267.472
292.157
315.532
337.221
356.913
374.52
390.698
404.605
416.273
425.999
433.79
439.74
443.981
446.547
447.867
447.943
446.932
444.929
442.366
439.372
435.523
431.378
426.928
422.273
417.682
412.744
407.476
402.485
397.337
392.123
387.194
382.134
377.085
372.002
367.545
363.104
358.656
354.645
350.398
346.553
342.545
338.813
334.982
331.479
328.073
324.517
321.071
317.939
314.556
311.74
308.549
305.231
302.29
1685.13
1709.85
1733.45
1755.89
1777.35
1798.26
1818.73
1839.07
1859.33
1878.6
1896.53
1913.71
1930.4
1947
1963.73
1981.31
2000.33
2021.26
2044.44
2070.22
2098.23
2127.94
2158.98
2191.01
2223.7
2257.02
2291.14
2325.7
2360.69
2396.11
2432.17
2468.72
2505.78
2543.51
2581.92
2620.89
2660.54
2701.02
2742.37
2784.45
2827.28
2871.11
2915.92
2961.54
3008.29
3056.04
3104.66
3154.19
3204.85
3256.68
3309.58
3363.44
3418.83
3475.32
3533.28
3592.5
3653.71
3716.9
3782.07
3849.11
3918.17
841.975
848.648
855.143
861.377
867.373
873.261
879.193
885.005
890.937
896.612
902.247
907.774
913.315
918.889
924.489
930.162
935.922
941.808
947.804
953.88
959.991
966.081
972.132
978.124
984.048
989.882
995.554
1001.03
1006.32
1011.43
1016.39
1021.17
1025.79
1030.27
1034.6
1038.78
1042.85
1046.79
1050.6
1054.28
1057.85
1061.33
1064.69
1067.93
1071.07
1074.1
1077.01
1079.78
1082.45
1085.01
1087.45
1089.75
1091.94
1094.16
1096.17
1098.26
1100.28
1102.5
1104.58
1106.71
1108.94
647.322
649.216
651.158
653.068
654.947
656.724
658.586
660.353
662.113
663.726
665.289
666.799
668.329
669.83
671.304
672.74
674.131
675.475
676.757
677.968
679.091
680.128
681.067
681.904
682.635
683.255
683.758
684.142
684.396
684.527
684.524
684.392
684.135
683.747
683.244
682.621
681.882
681.022
680.044
678.944
677.728
676.401
674.968
673.415
671.753
669.969
668.052
665.992
663.798
661.47
658.981
656.381
653.63
650.76
647.685
644.519
641.254
637.903
634.452
630.938
627.425
548.486
549.071
549.627
550.17
550.682
551.165
551.621
552.055
552.435
552.718
552.941
553.126
553.253
553.299
553.295
553.226
553.095
552.892
552.611
552.243
551.79
551.25
550.627
549.917
549.112
548.205
547.199
546.091
544.879
543.565
542.147
540.617
538.978
537.234
535.395
533.457
531.422
529.289
527.05
524.71
522.274
519.755
517.155
514.481
511.734
508.911
505.99
502.971
499.846
496.634
493.306
489.87
486.342
482.704
478.929
475.027
471.045
466.966
462.819
458.642
454.462
485.047
484.553
484.04
483.501
482.94
482.321
481.648
480.981
480.311
479.595
478.85
478.067
477.229
476.338
475.391
474.383
473.345
472.239
471.063
469.815
468.498
467.118
465.681
464.189
462.634
461.009
459.308
457.534
455.69
453.775
451.786
449.71
447.547
445.302
442.985
440.599
438.137
435.594
432.962
430.245
427.454
424.596
421.688
418.743
415.77
412.767
409.699
406.593
403.409
400.171
396.857
393.455
389.987
386.439
382.788
379.027
375.176
371.229
367.25
363.247
359.236
434.898
433.621
432.343
431.027
429.693
428.332
426.935
425.523
424.08
422.618
421.124
419.613
418.071
416.483
414.856
413.199
411.521
409.783
407.982
406.118
404.2
402.239
400.25
398.239
396.189
394.091
391.943
389.745
387.513
385.248
382.946
380.581
378.154
375.66
373.123
370.541
367.897
365.192
362.407
359.543
356.614
353.625
350.603
347.576
344.56
341.569
338.544
335.523
332.465
329.411
326.311
323.14
319.939
316.661
313.327
309.86
306.322
302.7
299.081
295.414
291.762
389.875
387.973
386.074
384.171
382.239
380.273
378.283
376.297
374.282
372.225
370.162
368.099
366.01
363.901
361.751
359.592
357.44
355.242
352.979
350.645
348.256
345.848
343.429
341.026
338.615
336.164
333.68
331.155
328.635
326.127
323.651
321.134
318.598
316.007
313.413
310.793
308.106
305.377
302.578
299.704
296.759
293.737
290.687
287.642
284.629
281.714
278.772
275.906
273.026
270.245
267.463
264.593
261.725
258.792
255.844
252.711
249.558
246.29
243.108
239.851
236.639
345.488
343.064
340.642
338.273
335.889
333.533
331.112
328.77
326.404
323.933
321.473
319.064
316.614
314.147
311.602
309.088
306.657
304.192
301.663
298.991
296.238
293.504
290.753
288.043
285.394
282.706
279.984
277.166
274.365
271.639
269.08
266.499
263.99
261.447
258.979
256.522
253.925
251.252
248.56
245.851
243.028
240.069
237.074
234.068
231.073
228.292
225.423
222.732
220.026
217.596
215.228
212.706
210.228
207.679
205.181
202.385
199.649
196.738
194.065
191.267
188.565
299.126
296.205
293.132
290.402
287.524
285.08
282.315
279.973
277.616
275.041
272.456
270.136
267.581
265.062
262.254
259.405
256.903
254.508
252.125
249.493
246.434
243.589
240.669
237.702
234.907
232.163
229.515
226.54
223.337
220.321
217.691
215.044
212.618
210.246
208.222
206.266
203.981
201.395
198.886
196.569
194.178
191.405
188.539
185.712
182.779
180.228
177.333
174.814
172.172
170.22
168.377
166.2
164.207
162.119
160.186
157.682
155.401
152.779
150.669
148.37
146.291
3990.33
4065.06
4141.75
4220.43
4301.55
4386.01
4473.24
4563.21
4655.61
4750.69
4848.89
4949.24
5051.96
5161.03
5297.05
5421.18
5544.65
5670.74
5799.32
5930.32
6064.07
6200.62
6339.53
6481.03
6624.9
6770.44
6917.36
7065.4
7214.39
7363.45
7512.5
7660.94
7807.91
7952.81
8095.15
8233.51
8366.76
8493.81
8606.91
8690.19
8746.85
8778.52
8784.98
8764.43
8715.24
8634.9
8519.33
8363.81
8163.95
7915.04
7610.69
7243.92
6809.35
6299.04
5688.69
4730.89
4308.5
4096.9
4013.51
3974.24
3893.66
1111.41
1113.97
1116.73
1119.55
1122.45
1125.59
1129.25
1133.31
1137.84
1142.66
1147.98
1151.21
1152.44
1155.23
1158.6
1163.38
1168.32
1173.19
1178.2
1183.47
1189
1194.83
1200.93
1207.29
1213.9
1220.73
1227.83
1235.19
1242.88
1250.95
1259.42
1268.37
1277.91
1288.16
1299.23
1311.33
1324.66
1339.57
1356.99
1385.74
1420.57
1458.53
1499.64
1544.02
1592.38
1645.05
1702.12
1763.87
1830.56
1901.75
1976.57
2053.38
2130.57
2207.13
2275.72
2340.02
2397.41
2482.7
2586.29
2694.68
2653.19
623.883
620.34
616.759
613.155
609.493
605.852
602.317
598.931
595.607
592.24
588.427
582.718
576.688
571.467
566.751
562.653
558.646
554.539
550.373
546.201
542.062
537.953
533.868
529.805
525.761
521.73
517.723
513.741
509.804
505.909
502.077
498.329
494.677
491.167
487.824
484.699
481.839
479.315
477.249
476.17
476.263
480.484
488.535
499.876
514.963
534.449
559.055
589.812
627.729
673.898
729.343
794.853
871.595
959.886
1059.51
1167.14
1273.48
1389.55
1532
1717.06
1905.02
450.28
446.103
441.922
437.722
433.472
429.219
425.011
420.896
416.753
412.503
407.473
401.411
395.516
390.154
385.178
380.554
376.04
371.541
367.039
362.561
358.108
353.663
349.233
344.823
340.426
336.054
331.706
327.385
323.09
318.825
314.592
310.398
306.254
302.171
298.162
294.245
290.442
286.771
283.257
279.966
276.98
274.602
273.505
274.144
276.377
280.543
287.104
296.709
310.203
328.608
353.342
385.738
427.468
479.664
542.985
615.413
692.638
776.044
873.944
1000.12
1158.23
355.239
351.3
347.377
343.429
339.411
335.39
331.38
327.446
323.479
319.39
314.537
309.172
304.067
299.359
294.898
290.675
286.551
282.518
278.54
274.625
270.749
266.863
262.998
259.159
255.336
251.541
247.774
244.036
240.317
236.621
232.949
229.306
225.7
222.141
218.638
215.203
211.846
208.581
205.416
202.371
199.471
196.781
194.434
192.782
191.953
191.958
193.02
195.442
199.657
206.203
215.877
229.686
248.832
274.582
307.961
349.089
396.524
449.737
510.956
585.723
680.354
288.103
284.561
281.044
277.524
273.862
270.202
266.53
262.969
259.376
255.711
251.355
246.793
242.486
238.52
234.689
231.024
227.419
223.963
220.595
217.325
214.104
210.843
207.618
204.437
201.265
198.133
195.017
191.933
188.853
185.788
182.733
179.708
176.711
173.76
170.857
168.016
165.243
162.548
159.934
157.412
154.996
152.71
150.592
148.734
147.381
146.434
146.016
146.249
147.34
149.567
153.3
159.067
167.539
179.487
195.79
217.009
243.262
274.601
311.632
355.995
410.785
233.337
230.227
227.154
224.129
220.845
217.59
214.27
211.148
208.003
204.882
201.088
197.291
193.702
190.474
187.262
184.193
181.109
178.249
175.478
172.826
170.226
167.526
164.907
162.377
159.833
157.34
154.837
152.376
149.885
147.406
144.916
142.467
140.043
137.677
135.35
133.088
130.882
128.751
126.69
124.716
122.829
121.055
119.4
117.901
116.619
115.708
115.079
114.797
114.966
115.723
117.255
119.817
123.731
129.428
137.381
148.08
161.937
179.27
200.541
226.53
258.515
185.604
182.922
180.318
177.864
174.974
172.156
169.178
166.555
163.909
161.412
158.159
155.048
152.075
149.557
146.903
144.437
141.832
139.561
137.349
135.241
133.198
130.958
128.883
127.006
125.047
123.131
121.152
119.259
117.266
115.294
113.273
111.346
109.435
107.617
105.812
104.083
102.382
100.762
99.2031
97.7432
96.3582
95.0859
93.9271
92.8771
91.9677
91.2998
90.8416
90.5819
90.5882
90.9338
91.7201
93.07
95.1547
98.1716
102.37
108.035
115.46
124.978
136.956
151.894
170.453
143.634
141.316
139.203
137.407
134.907
132.551
129.862
127.831
125.725
123.895
121.127
118.607
116.101
114.273
112.064
110.216
107.994
106.325
104.608
102.895
101.323
99.3939
97.8112
96.6875
95.2166
93.7229
92.1181
90.7568
89.1042
87.524
85.8099
84.3878
82.908
81.6103
80.2267
78.9612
77.6117
76.4046
75.2681
74.2647
73.3328
72.5062
71.7999
71.1778
70.5947
70.1256
69.8383
69.6707
69.7324
69.9504
70.5652
71.4926
72.9376
74.8659
77.4915
80.8457
85.2228
90.7139
97.7144
106.483
117.375
3749.95
3592.1
3422.79
3244.74
3066.97
2894.8
2731.55
2581.59
2448.65
2334.81
2240.52
2164.81
2106.1
2062.22
2030.52
2008.45
1993.87
1985.19
1980.98
1980.02
1981.63
1985.25
1990.44
1997.12
2005.19
2014.4
2024.84
2036.33
2049
2062.73
2077.46
2093.14
2109.65
2126.75
2144.34
2162.13
2179.8
2197.06
2213.76
2229.56
2244.06
2257.04
2268.41
2277.98
2285.86
2292.34
2297.54
2301.68
2305.29
2309.06
2313.27
2318.07
2323.94
2331.04
2339.09
2347.86
2357.1
2366.85
2376.14
2383.99
2389.53
2462.56
2259.43
2060.79
1870.45
1703.62
1549.54
1407.14
1277.21
1159.97
1056.27
966.252
889.429
824.917
771.113
727.685
693.82
667.858
647.89
632.39
620.255
610.727
603.211
597.335
592.852
589.66
587.413
586.283
586.062
586.788
588.431
591.003
594.48
598.852
604.078
610.098
616.84
624.187
631.997
640.093
648.27
656.25
663.689
670.188
675.32
678.704
679.99
678.899
675.352
669.521
661.808
652.773
643.112
633.598
624.884
617.218
610.912
605.749
601.563
597.741
593.912
589.258
1991.6
1979.02
1878.37
1705.24
1526.73
1353.64
1185.28
1032.59
896.079
775.133
670.713
582.339
508.857
448.986
401.702
365.318
337.41
315.31
297.806
284.067
273.273
264.74
257.939
252.493
248.074
244.58
241.725
239.534
237.906
236.813
236.227
236.142
236.541
237.387
238.655
240.301
242.282
244.55
247.049
249.693
252.382
255.005
257.433
259.493
261.026
261.838
261.751
260.613
258.358
254.984
250.622
245.589
240.293
235.219
230.726
227.246
224.939
223.877
223.925
224.914
226.586
1322.9
1469.23
1566.05
1583.15
1514.79
1390.45
1223.23
1053.87
897.416
753.113
627.357
521.969
434.966
365.152
310.317
267.674
234.53
208.364
187.789
171.796
159.443
149.944
142.645
136.99
132.548
129.021
126.18
123.904
122.092
120.677
119.618
118.892
118.47
118.316
118.392
118.661
119.085
119.628
120.245
120.887
121.5
122.031
122.42
122.608
122.538
122.159
121.431
120.33
118.861
117.041
114.929
112.659
110.429
108.488
107.092
106.553
107.111
108.869
111.814
115.946
121.362
796.023
930.373
1072.57
1199.2
1280.49
1299.04
1249.82
1145.19
1009.54
855.9
709.308
583.307
474.912
386.281
315.952
260.267
216.582
182.395
155.696
135.075
119.317
107.45
98.5882
91.9473
86.9054
83.015
79.9765
77.5892
75.7133
74.24
73.107
72.2786
71.7165
71.3767
71.2177
71.2014
71.2911
71.4498
71.6411
71.8238
71.955
71.9936
71.9003
71.638
71.1752
70.4898
69.5766
68.4448
67.1105
65.6165
64.0332
62.4749
61.1213
60.1927
59.9576
60.6507
62.5727
65.9364
70.8335
77.3807
85.5715
479.014
563.773
666.024
781.853
899.172
1000.39
1065.45
1078.99
1038.74
952.442
836.805
710.892
583.866
472.571
381.543
306.338
246.693
199.523
162
133.006
111.11
94.9524
83.193
74.6112
68.2598
63.4779
59.8405
57.0588
54.9277
53.2832
52.0307
51.1164
50.4886
50.092
49.8783
49.8064
49.8365
49.934
50.063
50.1865
50.2658
50.2672
50.1562
49.9042
49.4827
48.8768
48.084
47.1175
45.9905
44.7395
43.4233
42.1421
41.0495
40.3571
40.3512
41.3598
43.7828
47.9005
53.8976
61.8289
71.6346
298.212
347.838
409.696
485.246
573.546
669.941
764.55
843.334
892.001
900.049
865.238
794.758
700.531
596.432
494.265
397.733
317.835
252.639
198.26
155.743
123.501
100.016
83.2982
71.3453
62.6751
56.2634
51.4837
47.9103
45.2404
43.2156
41.6915
40.5831
39.8199
39.3273
39.0455
38.9245
38.921
38.9979
39.1193
39.2491
39.3499
39.3942
39.348
39.1874
38.8809
38.4207
37.8008
37.0366
36.1323
35.123
34.0546
33.0146
32.1366
31.6087
31.7115
32.8347
35.3946
39.8157
46.4203
55.3113
66.42
193.593
222.526
258.803
304.025
359.485
425.393
500.011
578.385
652.63
712.076
746.279
748.893
719.999
663.948
589.457
504.718
419.654
339.549
263.947
203.095
154.979
120.023
95.5947
78.3311
65.8938
56.7587
50.0228
45.0939
41.5053
38.8219
36.8226
35.3668
34.3578
33.6879
33.2788
33.066
32.9972
33.0307
33.1281
33.2524
33.3653
33.446
33.4593
33.3849
33.1851
32.8593
32.3951
31.8131
31.1075
30.3136
29.468
28.6512
27.9804
27.6242
27.8508
29.054
31.6875
36.2858
43.3203
53.0005
65.2661
131.064
148.062
169.321
196.102
229.445
270.369
319.234
375.527
436.778
498.968
554.278
596.693
619.842
620.951
598.392
554.324
494.655
423.557
350.097
275.458
206.225
155.954
120.964
96.0263
77.6551
64.1339
54.1866
47.0485
41.9633
38.1954
35.4262
33.3986
31.9853
31.0242
30.4049
30.0362
29.8518
29.7999
29.8393
29.925
30.0221
30.1142
30.1647
30.1532
30.0389
29.8224
29.492
29.0639
28.531
27.9222
27.2757
26.6645
26.2019
26.038
26.4249
27.7482
30.4881
35.2483
42.6081
52.9231
66.094
1.52964
211.138
188.989
2.33234
2.20288
0.203449
0.00071981
89.2554
0.000796618
0.0146825
93.4483
6.96917
0.000720748
244.171
0.166562
137.914
0.000757539
90.8008
117.645
0.000715745
2.34224
233.419
199.639
0.000767192
0.000781306
0.211994
0.000716935
7.80894
0.000753286
0.000820371
6.36731
0.000740892
0.00877555
65.1801
3.93668
111.498
71.5125
16.0222
0.000723284
44.7395
65.5259
28.4677
0.000743339
105.146
171.39
0.714033
0.000867145
0.00864766
1.28122
7.16447
363.506
356.078
0.00069782
0.00102958
0.0638708
0.0346063
0.000817468
9.04081
58.5549
283.369
139.057
0.000906394
1.55805
0.0250884
201.102
2.39751
38.5465
62.3388
0.00113275
0.000747674
9.75641
42.3096
56.0973
0.0396944
0.0515152
80.581
228.461
57.5199
0.000699719
5.40905
0.00234746
47.6929
0.0125935
114.062
0.000749932
8.72606
0.000791284
37.0568
0.0111381
0.00136946
0.23283
0.000698024
0.000934638
307.053
144.143
0.000867943
1.57187
1.82126
0.00184942
208.256
1.03749
31.4493
6.08063
0.000696448
0.000725954
0.000693548
1.44528
0.209687
0.000748164
175.322
223.672
0.00478681
233.775
26.7964
112.327
54.65
28.2173
0.00097803
0.110884
0.00110555
0.00167329
187.633
0.00309805
288.817
412.659
27.9522
0.000746029
7.29322
7.08688
0.000743951
0.0299429
0.0269703
91.7596
0.00187543
64.1928
0.000748841
0.000723792
395.564
349.752
0.000748868
0.745416
150.487
0.232308
0.900437
26.6122
119.204
0.297593
27.5709
0.00526545
273.772
11.0112
0.0374968
50.8335
111.622
189.71
0.000766432
0.000757537
0.514918
0.000694952
41.2122
0.113726
0.00145027
0.000740394
0.00074749
0.000758569
41.8056
69.0035
34.4162
0.000767748
282.916
298.825
407.13
165.043
0.00692146
159.827
45.1017
28.1728
0.000750244
0.00169879
193.438
67.7461
29.2755
73.0075
0.000745392
0.000842642
238.305
0.0296973
2.46576
0.000757788
0.000865048
0.173194
0.000798106
330.51
4.13526
0.000690954
0.682961
90.3286
141.164
0.00119866
52.5751
0.000746644
0.000750244
108.383
34.1965
298.897
0.00121563
0.000800979
0.00286331
43.1612
76.6437
10.1158
122.44
14.2439
233.183
0.813877
89.4524
84.1487
26.8939
10.6932
39.5184
0.00144484
0.0293825
0.000747706
0.000724578
28.3096
0.0100542
0.0117878
0.00198922
0.00628239
48.7709
196.838
0.0111288
169.835
7.61969
2.88841
0.000732511
0.533617
40.0952
7.43191
0.00106382
12.8844
34.9723
0.856604
2.41574
272.408
7.68484
4.9867
125.289
0.000955761
0.000723923
0.00102764
0.00428723
28.7229
0.00078503
0.00250657
0.000723689
1.78227
76.059
77.0394
49.0214
11.9542
11.4856
325.521
0.00114053
47.9034
98.5268
0.000743923
84.2498
0.000749604
329.442
1.78242
53.8332
0.00154961
0.000748488
20.5512
7.62535
0.000759625
0.000750631
0.000755424
0.00075165
1.17483
35.8608
46.5977
0.0109345
0.000760435
0.000724453
0.000695499
107.998
1.15709
0.00119182
19.6856
0.116413
0.0970277
0.000691609
0.785829
0.000760156
0.107912
47.5989
268.662
3.10621
0.000977262
0.00184903
58.3067
0.356305
130.683
323.195
0.000838459
0.00073993
0.000734035
159.576
0.000773782
135.985
0.00074983
24.7032
12.1951
0.0242543
140.28
239.258
0.00127355
49.8411
50.9352
89.9038
91.0468
9.67402
347.175
38.6042
71.6348
140.772
97.485
56.3099
0.340908
337.294
281.074
62.4339
33.5981
0.00100119
267.164
126.208
232.138
0.0188219
0.00086776
0.000745775
0.00081188
0.693849
1.55112
6.30384
0.125179
0.000726358
171.682
0.000746383
26.8871
24.5779
193.732
41.9374
19.5014
0.00192922
0.00110766
0.469334
86.6977
0.00437472
8.06756
257.309
35.8312
87.1144
192.02
61.3575
0.000821931
283.986
143.103
97.5687
0.000750526
193.535
153.213
0.000781606
30.495
0.000751657
390.216
171.698
28.0123
84.5037
114.563
150.67
0.000764894
149.948
0.000965552
68.8296
84.2302
28.1989
280.316
3.64129
0.490762
2.55674
0.00110146
441.151
1.50478
0.00290763
0.0018148
252.078
0.000953916
95.9902
0.000737525
0.000750086
0.00183862
32.324
0.194262
22.7243
0.00199009
86.4546
0.308324
217.891
278.872
39.9415
334.185
0.000794032
280.43
43.7012
0.000742376
81.528
26.8282
0.000695949
0.000727448
115.228
0.00206211
26.6294
0.46676
77.4251
0.0177087
3.56679
41.092
120.055
34.3121
82.8932
70.946
0.00100065
0.0340705
28.7395
21.4389
331.887
336.057
140.332
0.0850221
124.988
123.862
3.46242
91.9309
47.1336
27.1349
0.000821587
87.4119
382.101
0.00107673
90.4918
19.3426
47.7479
0.0153702
0.089733
265.913
0.00193214
327.833
0.00124849
1.81657
0.000738125
7.89489
168.687
0.555101
0.00132308
0.000902687
76.6229
26.7686
0.373363
5.52617
290.91
545.378
0.00138894
11.7681
27.2089
73.0603
26.1566
450.311
28.7219
154.543
53.7307
3.47827
7.18502
303.286
54.4977
354.275
173.369
0.232737
173.011
60.8955
0.00079219
92.1327
29.3226
12.9637
0.00978297
97.3309
44.9798
4.27667
53.4372
0.00159387
0.000747167
0.161306
28.1356
106.388
72.6577
0.000750196
0.000731374
0.000743959
28.2385
0.0279549
0.000745738
0.248559
95.1066
269.318
0.00441773
0.00454916
0.000721276
0.000738835
0.00194185
30.2788
101.844
21.0493
1.87679
296.189
378.198
0.00151141
61.9226
27.8308
28.386
78.6172
435.227
0.000822174
0.00446913
0.00075098
398.033
0.792069
0.00072694
10.528
0.354916
302.789
0.000759331
322.343
8.97821
0.0661669
202.774
0.000748217
0.000736694
0.00102769
402.421
54.9308
131.738
313.483
10.696
28.5504
0.000708524
0.00184958
0.470167
0.0156284
0.0163693
179.812
40.7703
0.00074787
25.4911
45.0083
185.054
404.786
0.00295294
408.395
0.00182819
0.0218402
149.174
0.00073945
149.32
0.000759555
0.000791858
0.0213072
34.4811
2.90562
326.225
62.0615
0.000886669
28.4579
501.415
0.214014
2.26292
7.33039
0.000774958
0.00075976
0.00231019
139.166
5.4917
0.000783451
269.773
275.869
216.951
0.115008
59.657
0.00109048
31.2307
0.543711
0.131828
122.341
29.675
151.494
175.483
0.000761256
0.000711371
0.00494107
73.0509
103.687
5.92464
0.00661241
0.000772346
0.000750083
0.00344362
0.12258
0.00211913
72.3882
21.2294
0.00498767
26.3007
173.241
0.000760681
38.0842
0.000742715
3.34549
0.000762491
0.0132474
37.6933
0.011663
0.000744594
4.05569
361.228
260.368
0.000731134
0.000747561
1.57841
0.133257
0.000747727
98.354
0.000906037
31.8737
375.177
30.4486
87.744
298.383
131.14
336.814
0.000747698
0.00250459
0.0111424
291.49
60.6218
200.069
5.44673
4.37927
99.5267
167.208
126.44
4.92755
46.2503
0.000750522
1.5639
41.0305
33.9616
310.003
26.5216
1.13102
42.3488
0.20572
0.00972141
41.1587
0.000751103
174.444
0.000887714
2.73126
293.898
185.744
3.11321
0.0025138
7.28712
0.000769013
0.000736274
0.200167
0.0135553
52.5772
0.00876092
28.6795
0.000750506
0.0191066
0.000725509
97.9192
0.00180842
86.0175
304.208
0.0143488
169.397
369.06
0.000757105
99.5536
221.496
0.000785825
288.364
0.273961
0.00082443
0.000790281
278.582
0.000731646
0.0011201
0.122839
0.217241
427.014
270.939
0.000751493
0.000755026
9.1307
28.9074
0.00712702
2.28574
22.4866
0.000747661
0.000954583
0.000911052
170.614
272.225
3.48495
292.401
0.0172471
26.5954
0.000772035
0.00720104
0.0160949
0.0434885
0.00074969
293.892
0.000741932
0.0161042
0.000772238
1.34151
0.014847
0.0412332
2.53533
5.24787
34.9658
2.18487
9.47808
27.8458
188.459
0.000816598
165.425
325.802
13.1143
78.2401
0.000761973
266.478
79.7564
0.000745658
405.835
65.7473
0.00639883
0.0256158
165.08
165.529
0.224336
316.034
404.029
4.36785
426.858
262.883
132.508
50.3978
20.9909
27.8573
264.888
289.628
0.0143208
305.841
41.3534
404.784
0.000813727
1.61792
2.74051
227.124
165.729
0.0118575
445.218
198.331
6.93225
0.0553695
2.77123
28.0424
0.00154969
28.1798
436.146
0.0293621
223.588
14.4959
95.6723
190.649
0.000746107
0.00168102
7.46536
5.46296
0.0133563
0.000748289
0.830368
1.81732
0.0012097
0.000758694
267.487
7.24382
53.4804
10.9945
0.00315471
0.00107658
0.419082
86.929
0.000824195
22.7006
30.064
1.83487
165.934
0.00100575
0.397064
0.000740625
1.75872
89.9702
0.00167377
0.185048
40.6726
165.564
0.50247
98.6413
5.18822
0.905046
0.00098833
34.3733
329.858
0.000744082
0.000755611
149.549
0.0158283
0.000758244
74.5591
2.07688
165.95
29.5369
38.2594
0.316617
17.3071
202.791
162.425
240.255
0.000763319
271.943
0.000969417
37.6754
0.000796549
0.00148228
44.7887
0.00209675
254.543
0.0122055
0.0324217
45.6331
7.77769
0.564597
0.000897695
186.181
0.00088721
0.000719229
343.112
162.433
41.998
28.6092
0.000814152
0.000683049
19.3182
150.079
0.000732784
217.122
37.378
0.00075294
172.803
0.000702108
3.37355
6.43882
10.6764
1.56055
76.6528
20.9437
0.000700272
270.052
324.168
0.00074455
0.0134298
28.8258
0.000708696
240.578
161.31
403.489
0.000745566
0.000727888
197.333
0.0980443
0.000837185
32.1383
81.0111
249.096
0.000720855
0.000794244
0.0158039
0.011633
0.000746819
0.0020317
129.361
50.6957
0.000746694
13.7723
0.000747032
10.0542
0.00109149
0.000867381
28.2741
0.000747474
0.345058
0.000730551
49.9233
2.12067
20.8057
188.596
360.449
148.471
5.30216
14.7898
0.000758248
5.68109
278.539
531.103
0.156888
0.000826856
130.67
0.000746076
0.114259
0.000720604
437.874
14.999
3.14546
196.856
53.0053
4.9755
83.1611
7.78683
226.367
117.535
0.00077392
0.000756178
0.0030885
0.000735518
0.0141206
98.7488
0.000932542
249.675
0.00186815
0.299695
3.10961
153.592
0.00136022
43.0729
0.0136759
55.7557
31.6449
432.438
0.000795437
0.000955426
1.44443
88.0141
63.0784
68.0345
1.9979
7.97435
20.036
0.0629149
10.2921
1.77509
30.1133
0.000756611
392.401
1.42974
57.7127
0.000788482
54.6501
16.2358
0.0019113
89.112
17.4564
0.0849623
0.000714996
0.000746031
202.989
49.5056
14.8065
0.000738139
0.00958282
50.2681
190.705
3.43012
0.00587623
0.000734953
147.556
131.583
35.6864
37.2423
0.000743695
102.658
433.081
0.000746912
0.000749285
18.6733
0.00128213
0.00387583
0.221299
47.6788
0.00105238
36.2138
344.865
0.000731537
0.000821899
0.000727411
0.000770293
69.0212
516.376
333.869
0.0206349
34.9483
46.8994
0.133355
46.3002
0.000823493
31.2746
0.531484
30.4342
5.3936
82.5124
102.536
0.142612
0.000759126
161.769
85.3472
274.248
5.78233
29.9867
0.533984
20.4553
0.00353836
0.00133613
152.937
144.613
0.0339506
1.19089
0.000754032
0.1
20.1525
0.0280938
13.8677
4.36604
387.617
37.1503
1.72917
271.481
143.584
56.3266
16.0432
199.585
187.501
3.22494
39.1132
0.00375287
48.7371
46.6846
0.000743455
0.000710861
0.347463
0.000748471
0.00077552
57.3424
297.422
0.000744683
83.3127
0.000744966
0.000736829
0.000741108
0.000752896
0.00181688
29.5522
44.7878
250.63
0.00071867
0.0010694
6.85232
0.000855551
0.0283502
0.000762782
0.000864721
167.011
0.000983637
0.00467989
182.755
0.00426302
0.000749434
186.404
0.000745379
0.000760599
1.46731
0.000871294
6.57554
0.00123959
0.024091
0.000743842
0.000753698
304.437
418.935
44.4284
0.0238101
110.558
16.7817
0.00130247
27.5937
308.53
236.788
476.579
0.00069956
27.201
57.7668
0.262097
28.5348
101.027
0.350638
31.6298
1.01924
28.4339
0.283525
7.41047
0.000757618
221.039
0.000755706
28.6219
33.4798
0.000747861
0.913712
0.00246103
0.0298498
0.000726539
3.83949
0.000894168
0.000742014
40.2924
0.034293
0.165291
232.59
153.931
0.000819321
0.000968697
31.544
261.569
0.000689476
0.000754025
0.197409
24.1304
150.649
0.00209849
16.3197
0.000745463
0.000818453
0.000718322
0.0280335
23.7376
0.0040917
270.702
29.7796
259.964
173.563
0.000843476
296.754
68.8845
0.000732735
0.000754063
0.000750339
0.00116004
0.000740243
124.733
0.000745389
0.000750509
345.87
1.23198
0.00268266
0.0354037
60.0064
7.68845
0.00771416
0.000824218
186.84
0.000762691
6.70801
0.000755152
0.000845871
164.476
164.162
0.0033473
0.000834938
3.89374
0.000744253
363.306
0.000753199
151.102
0.0269636
8.50241
0.121487
3.16455
1.95182
29.859
0.000760942
0.000860324
0.00490804
60.064
0.288989
304.187
0.000747056
0.00124323
0.00164334
257.865
63.7702
273.828
0.00226288
0.00350935
0.833775
0.000751298
19.8057
38.833
0.00879711
266.68
183.328
43.1392
0.00154813
1.45634
169.639
226.23
27.8789
0.0105839
122.003
0.530295
134.088
0.145209
2.29174
42.6926
0.000761953
28.4602
0.00122437
0.0050999
0.00648108
0.0478735
0.000907498
10.9022
0.000746048
46.086
0.132263
0.000866464
1.60235
0.000756578
0.76296
0.229423
40.1757
3.81344
93.3515
0.821475
0.000748381
0.000732554
4.71903
0.159923
44.6987
262.859
0.000751604
151.758
38.5937
0.0141962
52.4151
11.0843
36.2581
39.2109
0.0730472
0.00178721
440.318
71.1457
166.499
0.000746124
27.2741
0.00074641
11.0283
38.1065
361.054
18.0858
28.0264
0.0125913
0.792899
0.000751146
12.1434
1.3082
0.000850531
438.319
30.6891
0.000768281
1.60502
0.00517717
0.0010173
373.334
0.000747612
0.0157862
0.0139236
36.4105
0.204683
218.266
1.15625
0.000732967
30.0025
5.1263
32.3236
167.25
0.000769248
1.82049
2.6684
120.689
1.02091
0.000751663
0.0409987
95.3777
0.00144606
74.7104
307.309
74.7858
15.4789
2.16319
2.90586
554.467
281.43
220.482
3.34248
0.0144812
0.000965236
166.747
0.107511
114.811
263.963
0.00127989
311.708
0.000735339
168.465
0.000759399
0.000751412
2.35582
117.267
0.00621404
25.516
20.3039
0.000746525
0.000723355
0.00694711
392.493
152.004
175.205
0.000752087
22.6023
182.761
0.0280125
2.56918
0.0130368
0.000834161
0.000746029
0.00220795
0.000769453
0.000748953
0.000737404
0.000749926
54.529
300.167
99.9107
0.793984
0.000781352
0.000737708
0.000757659
0.000914155
84.3889
152.632
0.170149
0.00215917
0.375342
2.19598
0.000744911
0.000745963
2.46459
0.000745757
0.000784427
0.0130619
39.5299
30.4242
0.0128001
0.229796
16.9871
29.4454
197.925
0.000718508
1.14925
0.000746468
211.668
0.000746136
0.0658618
0.000737012
167.286
275.143
0.000746202
438.437
262.273
0.000915906
0.376294
0.0030583
0.594729
0.681098
0.000741114
0.00217042
356.382
14.8758
7.39077
45.8061
126.605
0.0609148
0.000724735
0.00113487
0.000916281
0.000741315
28.0913
0.000734214
0.000745779
0.0926489
39.3815
88.0586
43.4626
42.4159
4.64792
51.2033
364.129
0.000723796
0.00198589
0.00133052
367.682
80.9653
44.8251
0.656284
97.8997
103.982
388.461
0.000697767
0.587071
19.8421
15.3682
334.418
36.495
180.204
378.742
0.000709446
0.000779713
137.815
235.948
0.158562
0.000809383
272.535
0.0228404
161.434
0.000741241
0.00922669
0.00414913
0.366248
0.000719238
222.804
0.953981
68.0614
138.826
0.000921929
0.000753809
0.000719199
4.36155
0.000744827
97.1848
10.4542
0.000733072
0.00238162
0.00286215
0.00749487
0.000757259
0.00075493
384.652
0.00078305
297.132
189.82
88.1818
146.313
0.000753968
20.1731
27.6097
123.152
0.000809457
0.0890958
0.387008
0.000735705
35.5277
0.000901281
58.8193
38.0079
0.000749902
68.1925
0.0271188
24.1051
0.136494
0.00820882
23.8818
0.000737594
162.075
115.261
0.000752695
2.48264
118.649
0.000734278
0.000767351
0.000752833
164.955
389.474
0.0794617
253.624
0.00375095
203.55
0.00121336
0.00074452
0.187506
0.000710792
0.0626893
29.8474
0.000688649
0.000792345
0.01546
0.906593
0.00126991
12.71
0.00075612
0.00378421
222.442
400.154
0.0237078
0.000707839
431.343
0.000743094
0.00072371
64.6773
167.976
12.1553
170.643
24.2871
0.00138828
0.000757423
0.000754499
6.02816
0.00182959
177.866
24.5705
384.3
0.0762913
0.00201563
1.26139
112.227
2.00147
0.0233729
14.6497
0.000696126
0.722063
0.000752653
0.0972314
3.12802
0.000743478
0.000750645
3.28719
0.00070934
0.00236719
35.6867
78.5703
207.539
0.00809337
424.341
0.00773885
388.346
239.63
3.13456
71.2367
1.55952
2.04199
0.000745289
0.000808005
40.6982
30.7372
0.0326079
0.000685471
91.4546
0.00076466
206.202
393.266
0.000748918
0.000744845
0.000755557
377.655
0.0775827
0.000694189
0.000945238
41.1853
0.0036159
0.00148041
80.4634
0.00400942
0.110387
115.227
0.00398073
30.1111
0.00757059
63.3336
0.000755804
69.1235
131.57
28.8865
0.000745084
146.648
154.236
0.000754245
68.4437
87.7752
35.5397
0.000776192
50.4026
14.9044
35.6527
164.668
0.000827379
0.155026
63.7312
0.00590199
0.060367
0.0063688
16.5519
296.341
0.848035
53.7716
253.173
52.2288
40.7494
0.000748949
270.648
137.648
85.0651
50.0507
8.09338
65.1055
321.987
1.47274
0.0213873
0.00125197
37.8098
0.000748216
298.815
6.96994
363.012
0.000870977
0.000813944
0.0884748
105.318
0.0705762
0.00243367
312.374
0.00136625
39.6886
29.2775
0.0195243
0.00289845
14.859
0.00590166
0.53792
0.000746984
6.30274
0.000765142
6.37163
0.000731571
0.0018061
0.00100362
0.00425963
0.00134447
64.7026
1.70997
77.2856
0.00085973
0.000995747
0.00214086
0.000784703
13.179
66.0454
0.000730352
42.4811
0.000755748
129.888
94.8437
325.846
0.000982547
0.000746582
96.6989
119.274
247.457
7.0974
0.0519507
15.8499
0.000745212
186.604
0.000741737
4.29825
0.00394413
0.000735901
0.418968
371.024
92.6806
72.4683
4.70798
0.00222499
0.000742394
0.000820197
61.2924
0.0918093
0.000788735
0.000954826
22.3777
86.1698
109.623
8.72494
11.3965
79.6597
4.12882
390.257
0.00857243
0.00193763
161.262
0.000737237
0.00074664
47.5687
0.000910234
29.067
0.00115257
157.167
168.01
0.000757774
0.000734839
157.55
0.000912485
0.000744935
357.974
5.06073
70.2485
107.245
34.442
51.5465
0.00593061
272.302
0.28401
0.157315
13.7476
231.379
0.000759547
95.0566
76.5163
0.000763067
280.333
0.112299
61.0171
0.00073249
105.694
0.0400389
12.648
36.0439
0.00515752
60.8392
0.00162932
0.00450089
0.24773
15.044
37.3735
76.8874
0.000754326
113.05
269.101
0.000739353
0.000747433
0.000728853
0.000756803
244.024
0.000737624
4.65364
194.062
0.00075267
0.007833
20.7582
0.0132699
0.00075961
0.000755782
291.235
14.7553
0.00076285
142.244
48.857
31.1562
14.9093
33.4492
0.00741713
0.0184115
0.000740972
0.000924079
20.9889
295.113
0.000754121
2.20931
121.974
3.79596
78.1957
36.0636
90.5131
16.9486
58.5753
1.43071
121.008
0.472738
0.00100017
14.8118
0.000753681
9.29778
107.265
0.00174
0.000827242
181.482
11.7447
219.803
195.535
0.000736042
0.00384707
0.0305224
1.32146
150.643
0.00073756
0.000747441
0.000772015
0.353015
0.000751222
29.2433
0.000758536
0.000731633
0.403485
0.000869215
16.7056
0.000824231
47.9251
254.692
7.20985
2.22221
2.18353
0.0252287
0.000949553
0.0065291
0.00239751
137.754
247.578
112.939
289.823
41.8086
0.000709754
36.7261
178.67
0.0194302
0.000746207
0.000758212
62.4
0.000873258
273.568
7.2634
24.8368
199.444
0.000968731
380.527
0.000834283
2.47908
0.000869306
0.0892563
97.0497
30.5185
0.000754088
1.32225
34.3348
28.9503
85.3664
17.2071
4.74204
352.075
167.332
1.11815
106.757
133.699
0.000755841
0.0847782
0.000707968
0.00162495
0.00214043
161.663
0.115154
0.000904918
0.00118552
1.8905
386.278
81.9896
0.000747739
216.123
10.4089
0.852708
0.000730906
396.013
341.732
225.821
135.937
0.000726249
65.3861
24.8091
24.3808
45.7504
1.12423
311.155
0.000850082
0.608443
88.5995
63.866
0.229827
134.271
0.000816741
298.306
0.00141235
37.6331
263.259
13.0717
58.01
204.173
101.135
0.000730452
176.809
0.00237888
81.4791
0.00163648
0.938213
0.000744928
213.714
0.000737957
44.0906
259.136
288.738
4.26958
0.000818594
0.00373341
0.00074208
31.8437
0.000758205
16.3915
0.187377
0.217466
0.000761374
0.000955605
156.787
74.751
0.057298
8.01269
0.00072547
0.000761088
0.029831
0.00688502
0.000731151
0.000729802
121.602
0.00365876
40.002
0.000897901
88.294
2.74833
0.000687033
0.065061
0.000859956
158.792
0.0039976
28.6827
0.000747326
0.00173271
9.28184
0.0027536
0.000764787
0.000750701
101.486
0.000743097
0.000751057
13.6894
0.56905
0.00072979
140.683
228.359
0.0141116
0.267036
0.000924421
69.4794
207.528
8.20136
0.0022419
75.4918
0.0098246
0.00519603
323.414
0.000803847
197.236
82.9879
107.293
79.7581
159.088
0.000723399
6.99881
5.76479
28.6274
0.0487318
20.1945
0.000959888
0.000961691
111.793
0.647049
0.000860096
116.819
117.519
0.000742962
80.7223
152.393
0.00119056
0.217575
0.00075105
35.7104
137.839
27.9461
286.826
4.93222
0.000923203
28.4429
0.000746134
372.3
124.883
165.274
101.849
328.526
243.634
142.772
0.0142939
0.00074546
30.6356
25.9181
0.000724117
0.000738335
94.3427
38.4089
18.7509
64.2452
0.000766742
27.6937
0.000730857
367.724
0.00453742
224.649
36.8896
0.00105551
0.000762671
171.94
0.000820075
105.882
0.000832608
5.93536
299.336
0.000740904
0.779464
0.001681
0.0016728
187.716
28.8089
0.00160075
177.639
92.1918
0.12788
0.00136276
38.9697
0.425816
19.2434
40.2258
79.3545
0.000777538
24.25
144.673
377.733
200.283
0.0135918
8.91221
0.000746221
53.0999
114.188
0.259535
129.065
67.8392
16.8983
183.467
0.76283
0.0349487
0.0027536
176.672
0.000751199
0.032999
0.000877195
0.000746562
0.000743726
9.43416
14.7793
250.598
300.36
213
263.688
0.000744096
0.00197673
231.336
29.7438
479.636
0.00073416
374.884
86.1838
309.775
43.3813
102.567
63.7848
419.634
0.399214
2.50492
0.199017
387.292
11.518
0.0016457
0.000765548
272.251
320.004
245.469
145.568
0.000720882
62.5662
0.000739999
397.405
0.000868663
5.42783
162.629
0.000724737
1.09117
75.0597
26.3009
0.000760416
147.643
0.000740857
0.000771496
0.000729734
38.935
0.000733921
0.00818259
23.489
4.55794
523.304
0.000711104
27.9034
11.3202
0.000745398
3.04862
28.1268
391.187
4.80146
0.0709583
35.9458
11.5488
170.227
33.0047
0.370003
0.000714682
47.6042
0.0777422
295.054
0.237726
0.00076187
52.3184
34.2296
129.319
76.151
21.3308
53.8056
372.138
0.000745055
0.000798448
360.839
12.6271
0.000739928
0.00074716
222.626
289.307
147.927
0.00227389
69.4975
431.309
0.00119213
0.0125185
0.00139008
5.8048
7.95408
0.00572541
0.000734998
6.80223
0.000902424
30.0912
0.00378825
0.000762658
0.39398
4.85145
1.93897
0.00498386
0.00108498
0.251047
0.000926274
0.000728954
30.3022
0.830473
0.0210292
13.4623
71.1474
1.64143
164.419
0.000825438
5.8067
307.246
0.00103602
0.399117
508.779
0.00480331
4.06228
63.5565
0.110681
45.682
96.5567
2.34602
242.577
426.562
0.000750618
14.5177
27.3214
145.28
0.000809973
0.000749265
3.51238
23.8878
0.00075612
0.00374978
17.0477
0.00115461
0.000758855
119.93
10.2765
20.1169
0.0755203
0.000760314
21.6686
76.4576
0.000757099
142.467
0.378891
4.12205
113.819
103.035
1.97417
98.8557
0.000748569
2.60182
221.08
79.9343
264.222
108.546
0.000747561
27.436
15.9434
0.000741991
0.000731472
2.23593
0.00382898
0.141229
7.56114
93.1106
0.00143543
141.299
237.767
0.00148495
98.7751
151.626
69.1457
295.951
151.425
7.59909
0.000800667
0.00074731
0.239857
159.073
0.0037459
389.393
0.815524
4.06664
0.000861009
47.9269
2.93147
0.00401512
0.000776335
0.00308365
0.00159496
255.498
0.00104766
182.332
4.34679
0.000727074
0.000828997
0.24424
0.260234
54.0387
0.00505788
0.027192
256.342
0.000770646
59.6427
42.8734
2.17102
0.000755705
150.453
26.8915
0.0016219
18.3674
0.000763421
49.174
0.0013923
0.00149694
0.000732533
74.7492
108.04
7.10662
52.6501
93.1573
0.00522149
0.00221716
70.1477
20.2634
307.338
0.00102191
116.702
172.356
137.161
204.35
0.204486
98.2713
134.21
0.0230276
16.0119
242.372
129.665
66.8531
134.327
335.222
0.000744932
0.00667191
1.45064
0.000939919
82.1419
2.30829
101.11
0.00075461
54.3662
4.57598
69.116
0.000735635
125.099
262.407
39.7602
90.7209
0.000705916
26.3163
0.00164038
0.602711
0.000757454
0.000760806
417.017
0.994284
0.000803475
106.169
0.00495534
363.17
400.893
0.00665068
397.447
246.307
0.00077436
0.00117361
34.976
39.324
0.00613245
326.718
3.63891
289.562
0.00075651
79.8013
74.8897
0.120193
1.49528
50.368
0.000706458
56.583
35.1182
273.003
47.5249
0.000758358
69.4119
4.78757
0.000763733
0.916723
0.00642848
0.00516189
0.000789714
1.22783
340.902
0.000780393
0.665156
18.1745
0.000736576
0.00398352
28.0545
0.000956025
70.3307
0.000739266
258.996
27.7975
42.5886
26.823
1.9933
0.0464736
360.67
3.63405
252.66
0.00074331
69.1715
20.5729
0.0408398
79.333
27.0529
100.882
317.225
15.8299
12.121
0.000756008
0.00158044
61.6342
9.83301
269.356
8.85938
0.00771672
0.0345634
0.0747398
0.165412
28.9711
32.5867
4.108
0.00083956
286.634
86.0747
0.000817202
28.4784
0.00239946
65.0446
0.000759797
143.659
0.000748357
3.01349
4.14028
250.418
0.000835813
0.0811669
0.072453
78.4736
22.357
0.00174031
0.0015204
0.000747146
0.00365092
0.000841123
179.361
227.735
0.000730168
0.000748182
98.4233
0.000807284
97.7913
111.752
4.59557
0.000757111
72.5622
77.7964
178.582
43.1223
17.7406
35.8633
0.00104927
0.000731786
157.217
0.00572783
0.000741229
0.00074364
69.8803
0.000790162
349.23
0.000746105
14.0008
172.642
12.3647
27.3623
342.987
0.00073337
4.54621
145.694
40.037
210.624
0.00076294
0.00102504
0.0696684
380.447
185.499
0.000768292
0.00155123
0.0428135
27.4547
355.423
28.7341
0.000785634
10.0479
216.215
0.072208
0.000746787
0.0239501
233.519
5.30254
29.6185
5.52028
0.000726143
12.0484
0.00495222
33.0478
0.000745531
0.000869265
340.2
89.9562
392.888
82.0151
82.1905
77.9093
79.537
297.019
213.414
78.7994
0.000869309
24.9492
95.5475
0.0109343
0.000755793
0.00119898
0.805206
0.00084232
152.924
75.316
239.185
0.0761067
43.4153
0.00804587
188.874
108.959
0.00422982
1.3828
60.6231
0.000853945
284.393
4.53987
0.000748242
47.949
0.000758586
0.000806572
0.00151832
12.5929
4.9497
12.7161
0.000727881
8.37167
30.2361
57.3128
0.00361714
24.8317
0.000760036
95.0277
1.15881
0.000703681
0.00174762
62.5424
0.0025099
129.838
0.00324862
8.56484
0.00089375
0.00159371
1.12266
133.903
62.4083
0.000738429
0.000795756
0.000888215
0.000828622
0.000739044
83.1926
0.223232
27.7462
162.973
0.000718501
54.8272
0.000751772
30.6913
35.788
187.803
320.415
0.0728789
24.4125
0.101977
0.000754828
0.58283
153.697
3.17157
0.00446961
0.178894
2.58455
0.000759319
273.931
0.0540016
0.000704474
0.0259629
147.55
25.803
36.0124
60.9771
237.636
0.649798
35.826
0.0211135
127.783
2.94991
0.00130649
0.00078943
22.5282
0.000933392
25.9022
43.6251
58.9467
85.0098
314.349
0.000740349
42.6277
0.006494
0.000954394
167.402
340.118
0.0185815
133.022
250.025
132.565
0.000923273
0.0010101
0.00361563
0.000743502
26.189
115.003
0.000740961
0.000759591
0.909278
0.000813291
35.207
0.0139057
44.9025
0.000757869
42.8811
0.0402079
27.8127
0.00074926
0.00235816
241.917
10.887
265.107
36.8622
27.9011
0.0344557
192.569
187.317
0.000745292
0.00158441
0.00075078
267.244
0.0838102
2.61693
0.00413406
357.23
3.38565
0.00189719
0.00496608
4.65314
0.000749807
5.89315
0.00104305
350.855
385.368
0.000983514
36.3876
0.000714068
71.5842
0.0359024
235.228
33.693
0.017116
425.565
232.72
0.000746537
331.297
168.244
0.00237488
0.0100524
121.949
32.8053
155.655
0.365832
131.853
17.9197
123.113
179.347
8.96702
0.000745746
5.72698
0.00116305
0.918366
65.044
113.597
93.2366
222.297
218.763
70.3895
0.00101798
3.31384
0.0234939
0.00221021
11.0292
0.080336
69.6355
0.000764346
315.405
0.0500009
170.011
255.535
22.6622
160.982
28.3579
0.000848633
70.8322
45.1355
132.077
156.21
0.00247952
4.45489
0.00122398
128.886
0.492677
28.2206
0.000743299
85.5051
417.891
197.107
0.000928242
0.0010978
0.0008175
0.0789857
0.102681
80.465
104.937
0.401327
127.759
0.108488
68.4866
0.000739979
0.0415873
0.702097
314.581
391.68
264.736
1.92103
0.528602
0.000748924
63.6071
3.5674
28.9252
337.592
30.7059
333.814
293.021
0.000722419
3.43571
0.000939548
0.00767237
0.0776573
0.0022982
0.000830831
0.851867
0.00285725
104.503
48.827
10.1846
0.0034706
28.2574
136.806
0.00106205
0.00169741
223.271
0.105204
0.000730582
28.4794
208.183
28.2055
2.92954
0.00221294
0.540083
240.503
0.0121779
54.1967
44.4005
83.4744
87.6024
53.5743
0.00073459
0.248918
157.406
0.456191
0.87607
0.00160286
7.97914
0.0350293
14.7966
0.000759724
0.000792416
6.9345
0.0801063
324.862
0.00371007
328.983
53.2173
0.469188
220.962
0.00338527
158.586
237.938
190.971
0.000722981
49.3013
0.000812654
0.0007435
0.00212303
0.000717955
31.6138
0.000788969
85.0052
0.00151288
40.0431
3.72124
0.000740973
4.97034
0.000725696
46.4814
0.000724958
0.478202
182.969
27.8404
0.000744731
399.278
13.9747
63.6072
152.782
10.9128
67.3817
0.00200052
81.658
0.185947
29.1826
157.822
28.3053
0.000894744
0.000883296
0.00122407
69.9237
7.78869
0.286574
0.00082692
0.000999656
0.000760392
95.823
0.276893
0.000722939
389.525
0.000742554
90.7258
97.5141
4.63358
0.00074126
54.9476
118.614
139.832
28.6502
60.1248
0.000731241
87.6274
23.6748
153.743
0.00138568
1.41332
65.2657
15.673
0.0447298
186.757
8.37509
322.393
118.689
41.874
8.19849
0.00081411
0.000706076
1.43423
0.489935
139.909
1.10697
145.134
52.339
0.000959575
0.0728992
0.000854718
79.0679
346.488
0.735181
0.000742054
0.000745362
153.869
33.5909
44.9444
355.655
0.000736914
257.32
0.00163185
0.000996637
421.068
394.168
0.000746231
22.7373
97.36
64.9484
0.00229555
0.0015255
7.76
0.000703386
272.433
36.8005
44.6897
0.000752562
0.000751529
50.4671
16.024
250.117
0.000753385
33.1257
202.036
0.0314721
0.00236838
34.6917
67.0481
334.583
172.895
22.8168
1.11355
111.351
0.00111444
165.299
104.592
25.6498
0.0411052
88.6355
0.00375579
0.000737764
386.129
5.95756
0.000731068
107.292
43.3614
0.000735066
0.299636
320.037
0.00455103
32.5109
0.000762325
0.000906785
41.3667
0.00820244
2.83569
0.320902
0.000717611
144.926
15.8573
10.195
47.5167
32.5946
4.23426
35.8451
13.2783
0.000735351
0.000765231
16.596
16.3759
0.61101
61.2133
92.0044
17.8076
0.00355045
0.000902493
0.000787013
0.000763211
44.8691
6.56628
325.978
43.7629
285.199
4.514
161.44
5.70748
0.000791641
0.00102232
50.513
8.12846
51.1701
101.062
194.557
0.0129794
0.000757982
113.737
18.6198
9.14914
0.00341304
227.206
106.231
51.6256
0.00802782
0.000773258
0.00200574
35.2269
332.502
0.0025906
333.169
0.0446607
313.508
0.54189
0.00589021
0.000762588
0.0561806
91.1782
0.0869655
5.82212
0.0487933
211.812
0.000729048
56.321
3.0229
0.000743608
0.000745308
68.9019
162.351
20.7422
333.304
31.5418
107.047
30.2607
0.00100094
9.3674
0.000756877
0.00072722
0.00195018
112.969
38.2958
211.961
0.0459079
115.587
15.5115
94.5176
32.558
78.0001
0.00123884
31.0652
401.312
57.1326
0.00211934
197.695
0.00139995
0.0384786
23.695
305.056
112.009
108.196
0.00436425
278.116
0.00102127
156.285
45.8968
112.606
0.000720926
46.2703
104.926
0.0123131
27.6224
37.5126
294.908
11.6597
0.000865701
241.523
10.5951
0.000793829
0.000742984
371.533
1.11167
57.3154
0.00069579
0.113009
254.405
376.995
29.8466
0.000897913
105.768
113.071
53.3924
0.000737129
0.197284
3.24808
267.999
257.54
38.4104
119.142
0.000849666
11.8596
8.37016
32.9776
0.000764578
0.0664721
59.895
0.000736222
58.9504
329.998
79.654
0.000715699
0.000717563
13.7253
28.0489
272.029
27.7639
13.3673
0.000741158
0.00129802
0.0015457
195.959
83.0699
16.3725
23.7438
392.456
36.4403
134.045
318.929
0.000741045
0.955523
47.4453
35.626
179.71
11.286
76.5322
259.269
144.273
75.362
0.000752152
413.665
117.086
48.6407
244.207
384.062
29.4888
0.000962382
23.9994
402.82
55.0709
431.441
78.6362
118.113
233.346
62.9062
255.74
119.654
178.949
207.022
69.5763
0.000748367
93.8993
0.101223
0.607187
0.000798813
322.525
289.708
0.000887896
5.24432
49.5474
75.3344
0.00554691
0.000736197
432.728
111.862
0.000765262
93.6764
0.000729454
8.21672
1.38291
289.032
56.5089
91.8428
0.000747652
304.239
102.615
0.00128014
0.000723371
66.9095
17.233
17.1439
6.86247
39.7327
32.1463
102.066
1.56719
0.230399
0.00075141
0.000769487
194.115
25.7093
37.0011
39.4517
2.55045
0.000749712
0.000736133
254.079
24.6236
2.38538
0.00129095
0.000817891
319.416
35.9771
97.3893
0.000703608
35.3997
2.17557
112.972
54.9709
47.4928
0.00184485
0.000997067
0.000948345
0.000771062
148.03
0.000750049
41.7162
114.028
10.1318
0.0473514
16.7179
0.00220344
39.1362
6.60806
0.00884515
0.00100002
26.9029
21.7715
0.000760461
100.84
0.00189304
51.8112
0.369723
0.00090998
428.318
0.00160834
48.1092
0.000707578
0.000980525
233.178
37.9382
2.68391
0.0347793
0.000754087
7.60235
0.000729764
50.828
0.00100392
0.00211987
0.000735865
0.0287
96.5003
127.147
27.2172
123.395
352.576
12.5765
3.62563
213.963
0.00169209
176.577
9.98044
0.00178079
0.0451049
0.0010025
29.1506
27.8599
40.8957
1.60138
0.15019
3.25364
0.000970934
303.981
71.1285
116.873
46.0051
0.000739166
22.8784
1.11401
68.5138
55.8009
15.691
30.3083
0.000746185
300.555
2.76269
203.813
91.6799
174.627
136.855
0.287428
2.4454
5.04912
0.527192
0.00123056
404.883
0.261448
0.00317598
371.504
6.77269
74.7102
228.86
113.801
223.986
65.4304
5.00529
0.000682579
0.0157601
0.00071382
50.8488
183.701
27.8984
0.0199691
0.0132399
0.000747964
72.6472
28.4311
0.356709
0.000749881
28.1522
0.000832866
0.0026149
52.7218
236.003
30.5111
0.377915
245.048
0.00097079
313.787
23.2144
21.4779
0.000754045
19.0853
10.4675
185.365
54.8874
257.849
95.0067
392.84
0.00722079
0.0508849
33.7927
18.9478
0.000744155
61.2756
0.000736822
0.000717251
309.685
0.000772453
51.4651
62.4229
0.000817981
0.00104672
41.4383
63.6714
224.774
301.166
0.00114838
0.000713644
0.000731799
49.2247
424.096
1.75659
0.000732724
0.00281741
53.8609
10.4149
19.4823
0.000758985
34.6542
33.6943
62.6155
242.693
364.919
47.9386
0.000707434
4.65171
0.000934428
45.6412
341.416
0.00081925
0.00459604
2.69955
0.000936949
0.00265811
0.0551463
46.0185
122.5
0.00091534
115.384
186.562
0.00385166
8.36269
0.317334
56.844
0.686299
54.3958
0.0007606
181.5
0.00101058
4.25925
88.637
0.00102073
0.000824212
0.0176502
0.0673452
58.7149
32.3986
316.663
62.3386
0.252863
0.00075455
156.115
76.4206
211.125
87.4408
0.001285
0.000784083
39.6759
18.5063
1.9419
27.2684
190.364
20.8487
24.7389
128.695
0.0563821
2.28976
36.0153
0.00379544
0.0184359
8.2507
0.000770199
114.975
0.00107657
15.5088
25.4493
0.0872329
0.000897565
0.000915749
126.882
3.58725
59.077
0.000747549
0.00125146
55.9049
28.3326
0.00217506
0.0599908
118.245
27.8318
400.946
72.5215
0.0140561
181.413
0.000752246
0.000854063
0.000831155
102.817
0.000750898
0.00075616
0.000739613
29.8067
0.649161
0.000752908
64.7007
0.000740401
73.2056
0.00102449
63.0303
0.00072872
0.0256878
494.018
5.1306
225.813
28.1033
17.7057
0.000739986
128.103
60.575
14.4327
316.384
0.000780142
167.926
0.000743892
0.0203146
0.0208542
0.0195703
2.84467
374.044
0.000745305
1.48905
0.18337
181.877
0.000751623
1.11567
0.00073793
0.0203318
85.9982
71.6887
0.073444
113.089
0.11133
0.000757523
245.199
0.138519
35.2571
128.623
0.0214366
371.908
33.365
18.4787
57.3966
19.3985
0.000720852
0.000755653
35.5543
0.000747058
163.846
38.3684
0.000908897
118.866
0.000749484
28.5344
0.00920482
0.000711613
0.000779471
96.2414
1.93673
0.000793459
0.0027691
200.197
311.392
0.000746694
5.19879
186.022
0.000749613
0.0014512
0.000839528
69.9667
53.4952
0.000784348
84.0078
0.000721009
60.057
11.7147
3.19727
0.000747032
124.827
15.3591
59.9508
0.00247735
0.000747869
27.6609
0.0655994
1.345
0.000741058
0.0977478
0.000747842
0.230639
30.9632
0.053012
59.3288
0.000746913
52.3617
25.3841
101.362
183.794
0.000689988
20.2462
146.311
59.1649
0.036587
0.00823804
0.417723
14.7293
0.000735652
0.0802051
223.955
199.085
0.0209605
120.493
0.0203436
0.000950779
110.435
370.693
19.7211
132.162
0.000762037
51.8045
0.0940959
0.558471
115.977
0.00083707
166.776
0.39251
194.457
0.000743681
213.14
0.00076366
98.8669
0.00373096
10.0669
182.874
0.00145539
8.29729
0.000747332
0.000796757
18.4349
9.00237
49.5471
0.000878726
0.000735224
0.000742674
356.531
131.47
0.000742188
0.000733421
0.000758603
236.258
54.9294
49.0936
329.254
140.445
220.178
213.563
15.2667
134.542
0.000722
50.427
42.837
63.1112
0.000822863
124.269
32.2725
318.441
172.284
168.419
0.949473
30.3974
0.936892
75.5042
0.000868274
0.00135822
374.086
0.00071531
0.000738538
360.837
0.0020794
192.723
0.000744658
0.00179956
129.466
28.5706
0.00127366
55.3997
0.000740763
15.3023
111.224
21.648
310.482
27.9282
61.5994
0.537442
6.81694
0.932887
0.000721384
360.469
0.000841048
0.000828953
0.000734225
46.5884
367.54
0.000766818
72.9105
106.463
0.00123979
0.0205771
0.000894321
200.514
304.029
0.0029031
0.233048
0.435944
0.00126281
26.4811
43.1908
6.44373
0.000762158
0.000875489
6.58092
0.00290274
0.000747233
1.25009
240.106
46.8297
0.00919984
127.022
0.0825543
0.00170103
0.000745669
0.0846788
1.45242
74.5519
361.937
67.9552
53.777
132.713
0.000819502
0.00124274
0.000735265
0.185691
0.0115325
33.3561
241.6
0.000758198
30.6991
115.298
54.5793
0.348141
230.023
0.00140185
0.000735869
97.9027
0.000843087
0.00103857
434.283
1.12991
0.00136733
0.0048795
0.00119242
35.7313
0.00391238
0.382801
21.1985
503.329
0.162418
53.1084
11.6791
0.106669
0.000726172
0.000724693
0.000880572
28.3346
0.000968348
216.646
0.0195852
38.259
20.6386
0.000687869
26.5203
168.418
23.5963
33.2913
2.96183
29.4208
6.51002
230.338
0.00100772
14.4326
5.30428
121.189
17.8134
1.16407
0.147078
32.9535
221.784
390.564
414.853
0.000734094
64.3966
448.191
177.476
0.000702253
205.66
379.687
212.12
106.819
29.3973
46.7037
0.00126097
7.60526
0.000761307
30.2238
0.000758048
73.1721
240.882
0.00244626
129.273
188.466
392.285
0.000745516
2.18327
30.1541
54.4604
35.3668
202.705
201.979
6.27657
0.000796999
7.61142
0.00127514
0.000718414
1.56619
0.00371481
0.00114606
0.410237
228.362
29.4667
0.000763023
0.0959265
72.4002
156.152
0.00077167
0.000760839
38.5443
0.61679
0.000743911
0.00121327
8.04363
335.568
1.24891
0.0274102
0.205097
0.000758372
382.71
1.37703
258.954
0.000766393
0.000770536
0.000884806
24.7958
195.441
147.296
23.375
0.0196228
415.215
134.053
0.0180697
0.000757041
2.71185
361.236
24.8017
311.814
141.741
0.000851829
39.6473
9.35988
29.3169
37.3811
20.3889
0.00117932
151.317
0.00075275
30.8861
0.000715819
0.146067
231.685
0.000736824
0.387475
244.693
0.000794807
47.7525
71.4171
37.9212
0.780054
101.266
236.229
0.000985977
54.3712
0.000748553
63.6444
0.00075485
305.141
7.08338
4.49854
20.0118
0.000744449
146.677
0.239327
240.197
0.00181883
3.36073
6.24763
183.811
280.312
0.000760284
0.0780404
104.833
0.665489
0.00117082
60.6404
1.06453
84.2298
0.000926893
355.165
13.0145
0.0452793
15.077
82.8317
60.4511
7.19762
0.307697
31.4133
2.23711
0.0170744
0.000724138
0.0918405
17.1835
0.109395
0.000746198
69.9445
388.678
6.89191
0.0127147
0.000743949
32.9207
32.5668
28.0032
0.149061
1.32494
237.627
0.0114147
0.791618
27.8156
507.047
104.032
248.007
0.000742561
152.215
0.00087909
167.948
41.5217
428.628
330.82
18.772
0.00214765
0.000770262
81.1247
28.3156
50.008
0.00169503
0.000751068
0.134561
291.326
0.000750048
11.8236
6.30311
0.0889795
0.000774813
365.773
27.4684
227.437
0.564338
331.875
27.9123
45.7693
0.000737341
0.758351
124.546
35.0561
0.445819
0.0489666
31.6524
0.00074942
480.903
38.1936
0.00257084
0.00114953
242.339
103.934
39.4378
268.555
67.2818
318.873
0.0334458
164.205
270.972
1.51397
0.0729642
85.3303
0.00200649
127.429
74.9831
1.83124
0.00387576
0.00079451
379.735
100.202
320.878
0.000746833
32.9286
168.667
16.8683
72.0488
0.000770952
0.000841898
177.975
45.1633
0.000963763
0.00310215
22.6372
98.3359
197.873
129.587
50.662
0.00074649
35.9135
0.432888
423.218
57.0198
34.0542
3.0444
379.318
0.000971025
0.000849491
218.405
2.47402
0.000803249
1.29066
131.604
4.27893
89.3361
0.00357686
0.000938209
54.8171
23.728
77.6272
0.00314513
203.884
0.000736228
47.3338
0.000834238
0.0120006
280.418
0.000772136
0.00307916
63.347
0.000775599
0.000792864
0.000689608
0.000738868
72.1612
335.917
0.00112449
5.01856
10.0855
1.61284
45.1448
0.00105841
0.000785411
0.00178326
142.127
145.424
174.905
0.00878947
0.00670712
0.00147103
209.264
2.25857
48.8453
4.87367
0.000803736
289.485
20.4231
0.00116933
78.0572
95.8471
0.00074192
6.704
0.018511
0.000758191
374.219
0.215127
0.258122
5.40947
0.000765102
0.00173749
95.9373
43.7613
0.000787647
0.000755809
437.327
0.00085758
0.00074721
0.000722385
0.000770392
177.103
0.580406
40.2079
2.41663
172.438
33.7543
57.0076
318.904
0.109468
48.1901
0.387929
73.0054
28.861
69.8924
27.9082
4.46311
41.567
0.000737104
0.000938704
0.169771
0.000769044
0.500333
0.472399
0.000753643
99.8993
0.0318692
5.2027
270.49
111.965
0.000704752
0.0301297
77.2445
0.207118
0.00985031
0.000756843
189.352
1.69202
55.7116
40.0032
0.105806
41.3802
0.024134
28.6324
86.7575
0.000742488
0.453736
45.8953
0.0405002
31.5431
37.698
430.8
89.3977
185.702
0.000742966
0.000762274
0.000743877
194.185
10.3741
10.4157
0.000743503
0.00113812
75.1555
0.964199
0.000887923
129.791
77.8844
0.00123501
0.134844
139.598
0.000783209
0.0780104
0.000744315
75.1009
0.00171308
0.000743381
237.413
24.0368
0.000718287
5.80754
0.226953
0.00073391
0.264123
2.87583
0.000887259
0.210026
87.2449
0.0667572
0.00074666
0.000757174
11.1077
0.00102334
224.521
0.00116707
183.026
0.000719861
194.119
54.6571
0.0846375
65.224
264.265
243.975
170.099
119.285
2.27815
0.000739217
0.000752933
0.000737266
3.30495
92.6696
353.073
0.000704646
0.00244232
0.594438
0.000756554
123.459
1.35436
0.000820857
386.289
15.2021
15.6188
25.8332
6.58279
7.76531
0.751805
111.691
65.4342
6.09716
0.000778191
0.000751618
0.565777
0.000748295
30.8609
175.163
133.691
242.069
0.000729493
94.2051
0.00101221
386.972
257.794
24.8638
83.3667
0.0246561
6.54898
0.482002
18.9402
4.64041
3.28382
206.358
104.41
162.595
0.00166133
383.66
0.0730482
0.000967695
0.00836582
0.00306169
0.402455
2.27147
141.237
221.436
13.8513
0.00117091
89.2478
395.582
425.823
0.00101193
0.00224358
0.000770093
162.842
30.298
1.7072
73.9727
0.395922
30.977
174.615
6.72973
237.731
0.00123057
0.00108713
276.319
0.000712741
219.755
97.5897
24.8492
77.4012
115.578
95.5207
335.196
75.9045
419.335
0.00122451
0.000745925
0.000716475
0.00417693
221.037
6.13154
16.083
148.952
0.0407933
0.000701771
0.000770648
0.000832512
0.00112629
168.431
0.000799933
0.0475389
116.729
0.000721327
0.515907
132.921
25.1862
426.268
175.339
100.382
483.327
3.49924
299.181
34.2573
416.899
382.781
52.964
110.7
2.42769
82.6143
159.704
0.000753976
0.000751692
160.746
29.7598
44.4482
0.0845877
0.000743373
0.000754293
31.0885
32.6646
0.0284028
0.286645
0.182808
0.000849512
0.0204009
0.000747581
0.00074799
130.176
188.475
156.773
0.000802369
0.00106103
0.000805047
151.377
158.207
0.00075947
0.0414729
233.557
0.000745893
0.000743307
0.216844
8.06806
1.91191
46.2924
0.000731723
0.221851
0.0007281
0.00283986
0.261983
2.28099
0.000761284
0.0468914
0.000976911
0.413689
0.000749963
0.000712802
0.0471149
60.9824
172.86
17.0824
58.3069
79.7876
49.4913
26.2454
23.7198
217.134
6.99999
0.00117498
0.00117351
170.201
31.0679
1.79558
0.00393592
0.0962741
253.798
3.17013
87.0283
0.000753436
12.3219
0.0164801
0.000847072
164.694
0.00136811
4.73494
224.642
180.279
60.8189
37.9722
425.254
58.8138
74.7058
51.6896
113.022
23.5688
4.0446
0.000977685
0.00304814
111.22
2.79927
0.0899721
26.0216
0.000701563
216.706
0.00075403
211.836
3.57375
416.845
141.169
0.000739203
139.27
6.84755
28.8388
0.000952509
64.9721
0.105711
83.7663
0.000725078
0.000734129
207.928
0.102944
55.8734
85.5843
35.7861
6.83211
0.00159432
0.000702939
30.3859
1.27291
20.0349
0.000753483
151.607
0.00155575
0.00402443
0.00095102
67.7553
213.882
0.00531171
51.9562
0.0597564
1.87176
437.655
0.514222
0.00172189
9.67238
222.526
25.9389
0.000758466
397.573
130.784
38.1984
0.000764793
2.1691
0.000905486
10.4728
26.8534
0.0521174
0.000950259
0.862747
364.744
1.27293
1.62673
0.0265
134.083
0.000854633
257.038
98.0757
41.7961
225.825
2.7198
26.2692
85.901
33.0218
0.0010724
0.000797132
0.00113807
80.9587
0.000969543
0.000735278
139.064
0.000763305
0.000780001
77.9032
169.529
67.4606
384.859
65.4011
0.00124935
75.0548
188.671
0.000732604
65.7384
6.74183
0.00143689
1.01978
316.289
103.543
138.985
27.9349
0.000700057
50.016
126.489
47.5837
169.091
190.273
7.62632
27.9747
150.333
0.000781659
131.174
27.4005
33.7232
63.7234
0.00270737
239.554
39.0611
0.287335
0.00107767
374.278
83.9264
86.7849
0.217309
0.000852103
327.953
242.409
6.32975
103.502
124.311
291.236
22.9361
0.00181298
446.387
60.1039
4.00883
0.000966821
0.000740661
433.685
6.60311
17.2734
262.851
0.00141424
533.899
402.085
212.172
0.000724376
0.000753814
8.08744
141.325
2.0341
32.0816
26.7686
0.00156223
0.000786209
4.64654
262.464
60.1905
150.706
60.8217
20.3324
0.000725269
4.92352
201.703
1.32262
63.6037
0.000744245
0.000729295
0.000817674
129.558
276.627
295.515
53.3865
359.944
0.00574341
145.798
47.3624
125.36
103.695
0.087165
429.022
0.000734321
166.744
168.812
60.7652
0.00645918
0.00114425
239.304
0.0416857
1.28733
0.000737543
366.806
0.000749857
166.63
18.5959
3.74735
2.30979
0.0726291
1.87654
0.000752321
0.00102327
0.0637936
0.000781481
73.0036
0.000763444
31.6921
141.723
129.595
125.401
0.000772899
224.057
0.0964419
1.26715
0.00290861
97.4542
0.203779
136.59
33.8338
0.000716228
42.6924
0.000762624
23.4694
0.0351573
339.938
67.456
11.9571
66.1946
239.923
1.01374
255.948
7.08389
0.00120993
0.000739086
318.983
54.2338
25.9426
62.0475
131.178
279.422
100.189
0.000725257
32.0079
243.073
0.18496
0.00221982
103.209
272.22
76.6233
165.174
399.527
85.135
1.50256
0.00102858
0.00073248
27.5682
0.166459
183.451
0.0339455
58.045
36.8114
0.000745032
0.000878726
25.649
61.9887
249.615
0.00090598
0.0933653
377.564
0.000752034
23.4334
52.2876
0.0798389
387.191
138.197
0.000746019
53.4895
411.041
0.000742611
0.0111505
0.337659
0.00102415
0.401209
0.000820382
0.000723634
0.14532
90.3386
132.879
438.552
9.80375
57.3668
0.179095
0.000955176
24.486
414.58
247.386
0.00411286
0.0668655
95.082
181.112
0.000748605
88.3366
76.7298
0.0010076
347.38
0.253747
358.583
12.1844
0.000826544
0.704451
69.039
0.00101099
0.000753586
0.000739967
318.178
0.251402
0.000707569
19.8971
11.8688
40.9946
91.2645
107.718
57.252
6.68731
0.287006
355.194
161.329
0.000754989
135.718
0.0663922
19.9472
137.725
18.0683
6.36586
363.983
0.00109318
0.669088
6.06326
1.17497
198.877
0.000797013
36.9059
120.007
0.000711924
0.000739277
27.8169
3.06411
0.0580257
0.000755331
303.84
0.000727171
0.000811174
137.497
0.00514953
58.1326
101.677
100.132
230.091
7.14144
0.00526956
0.000738398
0.00211648
0.00073056
54.2766
26.2536
61.4613
37.8134
0.000821246
155.596
400.756
0.0012059
425.553
118.14
15.8102
0.000784179
275.03
93.769
0.00118628
87.5383
180.064
1.98781
94.2611
1.66785
0.000752146
295.226
0.000751007
2.59188
0.000746475
124.735
371.005
1.17904
0.00081918
43.0386
0.000914999
0.00214429
0.000760059
1.19338
166.969
34.8095
192.681
0.984099
45.8357
0.000764554
0.000692211
0.00269768
0.0045739
0.000870611
97.1423
0.000714086
58.4458
544.926
0.000753987
27.8577
0.19665
52.0019
113.166
0.000771864
0.000747221
118.952
0.000748568
0.0256959
21.4179
140.573
86.61
0.00261156
140.413
0.242455
0.000775605
27.8332
7.9411
21.9565
45.9682
9.57749
0.0288033
5.34988
12.6792
303.409
42.1981
0.000758653
0.00779909
9.17883
32.0652
163.146
156.499
0.485191
365.534
56.4277
0.0302171
135.625
90.4294
131.353
233.947
0.000695969
27.8362
0.000966394
0.0115952
49.1526
0.000734263
0.44885
0.00370397
43.4108
194.383
0.0172259
23.2871
0.000754144
133.438
0.000731556
0.00115676
9.35506
14.778
0.000713737
37.001
0.00119682
0.000756281
0.0376268
0.000732062
0.000746156
24.1149
299.042
5.65154
72.4248
257.853
272.462
0.000697355
61.9655
0.000749276
0.0152634
57.0638
71.2226
120.373
0.355607
4.13261
10.7053
135.004
0.132743
135.747
364.45
135.685
0.000770013
0.00082156
10.5416
405.847
344.594
0.00194649
59.4494
0.00509008
0.0185223
0.000714539
203.267
1.68571
0.000754237
29.2162
0.000680256
0.144805
0.000825007
0.00109905
0.00107293
203.861
59.3824
103.679
19.267
275.725
187.52
269.314
1.31247
206.377
29.0459
5.44955
0.0844479
0.000775471
27.7255
65.5155
47.043
41.4988
0.000749803
420.996
5.00555
2.7618
71.7467
9.7606
22.0835
0.000742122
0.895067
239.861
293.369
0.000767014
52.5498
189.868
0.0115151
0.000785303
426.984
215.68
238.611
0.000735946
1.7827
0.00980309
0.000724945
86.6313
291.163
224.224
1.57249
34.6964
9.84839
34.2222
32.9619
145.825
0.0417293
53.9363
110.077
43.7007
0.00210491
0.00736006
0.239851
62.9778
243.084
72.6646
35.722
39.1225
83.6456
0.00127836
0.00340154
0.000697478
0.000770285
320.206
0.000791185
57.1541
0.000779556
0.000941807
28.6237
2.11597
89.6225
424.933
54.5264
0.264407
0.000757749
17.1452
8.87932
0.000727508
12.1239
471.135
7.32856
36.6722
16.9388
66.5762
32.8105
0.000744561
300.051
0.00107313
18.7124
0.827728
193.402
0.000755378
89.4013
216.314
0.664001
12.5154
380.524
102.057
0.00094884
0.0173783
224.689
0.000813485
62.568
0.00118232
0.00094078
24.4544
12.1125
0.127242
119.451
0.690044
6.69761
233.71
79.7367
0.000720569
143.722
88.5308
0.000726626
5.82523
106.134
171.851
195.869
0.00312204
36.4392
56.0269
137.754
0.0183041
0.000733463
0.00288208
0.562237
0.601314
0.000759516
0.000756031
0.00182373
1.28298
0.155495
0.00610102
133.901
105.59
0.000754739
121.217
127.65
5.00245
98.8034
54.0846
249.125
0.000726795
64.9172
0.0028791
211.983
28.0965
99.7255
19.4619
0.00228767
64.8952
37.8539
97.8871
346.925
379.094
0.409109
62.7713
0.00115062
0.00073894
0.00116914
24.5214
0.000829782
46.75
0.0452375
1.58288
0.000754216
47.4628
168.565
355.668
151.8
243.168
0.00100474
30.6722
149.965
8.91459
133.796
0.000847054
246.464
0.0011876
0.00100659
273.225
0.00301621
73.1354
0.00169477
60.9118
0.00075366
0.000697991
30.6965
0.00112331
0.000735908
376.905
94.7476
0.0120551
57.6299
28.8047
0.00152301
0.000909005
233.493
2.53815
0.000747446
12.9488
0.00332277
55.829
0.00172892
0.998975
125.349
197.412
0.000895671
203.286
0.00223497
0.00074578
0.00224385
228.802
208.16
29.1862
0.000858845
439.761
35.4241
0.00074759
0.000808212
53.6436
301.843
203.377
118.24
0.000771767
0.000775567
120.757
0.00112354
0.00081373
0.000747603
137.887
0.00099266
1.25075
117.886
55.1149
56.1339
117.873
94.456
0.00081752
1.29282
169.512
0.000761298
6.59922
10.8834
72.4399
214.093
0.000745361
160.514
2.89246
0.000744493
0.000811457
55.9585
344.537
54.9327
0.000750488
189.767
0.0248778
133.972
38.3479
0.0121094
62.2446
0.00075442
104.334
180.752
0.000744527
65.407
204.449
222.266
0.232141
24.5722
347.241
0.00638617
0.00100149
210.944
0.000762555
34.4973
0.00142781
0.0097101
0.00284181
5.73922
33.3853
30.6064
0.00130501
259.625
12.1385
30.6886
0.000741273
22.8024
5.02871
48.1494
0.792156
0.000760474
146.33
65.2032
27.8077
13.9868
217.852
62.983
0.0012068
344.839
27.1396
246.872
159.988
39.939
143.483
6.33109
151.005
205.718
9.78619
65.6745
0.00747435
0.000757993
34.5145
0.794168
0.000773736
45.6034
31.7764
0.000738945
225.419
11.502
0.000777429
111.1
0.000706182
0.0348556
35.8711
0.00089084
0.000767526
176.902
79.9248
38.2132
11.4205
143.54
551.534
53.1587
33.9308
124.922
20.4653
214.871
0.14743
222.766
422.052
397.665
116.694
0.000994159
49.0149
90.4305
0.00112453
43.132
2.99973
0.000748376
0.00107769
430.911
159.688
200.958
75.7715
0.414846
0.0113763
54.7996
0.001776
199.122
347.486
0.000774482
0.00116716
179.418
0.00146392
0.000722451
161.236
4.10684
0.00212488
0.00075134
0.0189122
0.00116713
152.214
0.00137255
1.39935
362.304
0.00650511
35.0607
0.000753177
155.426
63.9186
1.9396
55.659
0.00644712
0.133099
0.000752969
57.2045
48.9267
0.0118362
412.014
213.507
408.513
0.000711809
15.1592
0.00074732
163.405
0.00076324
0.000748375
377.668
50.6952
33.6549
0.0672007
423.349
0.00167465
524.655
0.00181005
111.698
5.52231
27.7623
30.2583
42.4048
0.00073881
0.00175417
0.000756507
0.00224093
0.00456441
0.012532
0.000730885
158.282
111.165
199.202
0.00304448
0.0184196
7.38591
291.014
2.58419
19.0074
0.00103634
56.6096
0.000744908
347.089
0.000740109
0.00093399
19.074
0.000754395
0.0301453
0.0007802
390.663
0.137642
29.1528
175.128
230.956
29.1348
0.000730646
0.0593546
2.65868
197.301
16.6335
136.77
43.1974
0.000737176
56.6283
3.44662
208.002
0.000756116
57.9325
28.429
25.4634
0.00224095
0.000715508
13.1014
0.000706479
0.00485569
305.731
168.413
0.184407
33.8453
385.874
62.0929
4.42479
6.50824
0.00075546
102.291
32.165
0.000745951
304.912
271.645
13.001
3.52265
0.00207989
91.6687
277.71
0.0605156
0.00609556
200.684
58.9744
413.012
1.32697
2.75782
42.2728
31.3451
13.5689
111.913
118.594
70.7835
0.0218987
67.4107
126.133
32.6886
0.00759
22.0917
0.000774419
41.909
52.4192
0.252016
126.43
34.9004
0.00074576
0.000745782
0.000883521
0.000738187
228.567
11.8201
20.9908
67.8432
162.661
137.791
170.361
0.273881
0.00128458
0.0177154
192.286
122.217
143.55
0.0485233
0.0136626
3.49011
195.663
0.043624
267.667
0.000835995
80.6616
358.94
20.301
34.627
0.000745215
0.000730719
0.0268337
1.04016
1.69833
79.118
157.371
20.4876
0.000728979
0.00074302
452.686
0.000763635
1.2968
261.207
0.000723862
218.619
93.2752
234.369
90.4456
3.10141
212.178
7.69889
0.00798718
341.183
4.33472
47.0373
34.479
156.572
0.00116389
184.722
0.000752142
13.7027
0.000757136
207.505
79.4944
0.00112626
0.630015
281.477
0.00144071
0.000931101
99.8597
112.398
0.000957866
50.7507
57.1273
86.5844
0.0886825
3.87144
206.865
151.078
70.5184
0.00106747
9.41523
0.188208
1.20827
2.72479
52.1212
200.504
0.243858
0.000721407
0.000761631
119.821
62.2442
178.716
149.295
227.592
316.292
0.00790065
97.9038
92.0001
182.817
81.401
15.9689
59.2186
63.4711
62.1512
19.6598
0.000751263
0.0021714
0.00119659
255.99
0.000749118
229.554
41.583
97.9082
115.676
251.337
0.000971539
91.6429
350.426
0.000746319
23.3043
32.1444
0.0010793
30.7799
155.977
0.00108988
0.00241343
25.8062
0.00275545
91.5654
29.8976
0.000747537
0.00369363
0.00075598
0.00182849
109.84
138.864
112.166
0.00300543
215.638
31.5952
39.8411
0.000752707
41.2983
70.0854
30.5597
32.001
242.541
0.000752368
18.2886
0.882667
339.378
6.07325
0.33221
0.000719443
0.00130883
0.00275092
0.000768159
0.118756
0.00071867
0.000743468
542.658
8.53076
11.4159
53.3191
88.2877
344.192
16.0644
29.33
55.7577
0.000765468
0.00075532
13.4099
57.8849
56.2825
222.894
0.000693256
0.00972419
0.00074863
0.000723287
0.0122474
0.00125613
379.152
139.554
78.6786
72.876
0.607516
0.000759006
4.47447
28.9789
80.3911
5.78045
184.695
0.000754902
32.2861
35.1602
30.2965
0.0310287
45.2507
0.0157312
0.000713891
70.2186
0.000763172
0.00215887
164.267
0.00078355
42.0813
190.807
0.000754862
1.11277
11.3001
89.587
2.62383
118.32
39.5377
6.53731
0.946115
0.0033705
54.3491
15.8868
414.31
68.3627
292.155
333.953
201.774
125.562
0.000751768
0.0157638
383.848
0.00107545
59.5758
212.32
12.3337
0.000745337
0.00564633
410.64
251.714
31.4149
0.00104216
80.6147
1.04748
0.646235
0.000745734
0.0288833
229.264
27.9823
0.000705529
1.38749
61.4817
0.439503
31.7345
0.000882088
47.2826
0.0704124
0.00134901
0.000744677
124.794
0.00124583
145.253
154.877
0.00149158
0.000734608
36.2979
115.94
0.00242835
248.232
1.15502
53.4342
0.00078345
3.59708
39.5483
0.000738986
0.0481458
4.02079
68.8014
0.144363
122.569
21.5014
40.9851
48.602
0.259995
37.7558
0.00127836
0.421869
159.344
57.5229
0.00080652
5.06344
12.8295
89.2593
29.0103
209.246
3.16706
0.000722523
5.04993
0.043214
28.8541
14.9719
355.925
0.00076204
21.2841
0.00286036
263.71
44.4391
54.9329
0.00291625
0.00075062
362.807
81.8605
0.000742029
111.375
0.0601273
0.00231496
0.000756087
0.000753095
275.039
14.5871
0.094214
1.25823
0.952163
369.164
0.00158045
0.00378209
0.000907467
0.000688119
2.47482
29.8298
0.326162
0.0498435
0.000744624
53.97
38.9972
0.000801547
0.000721159
374.247
368.843
15.2893
253.214
63.6435
0.000752415
0.000732315
0.000730342
0.242337
151.654
0.000717026
54.1807
28.7601
0.268237
153.787
0.000722417
0.888951
0.00213471
152.896
2.85742
119.003
0.223486
33.7427
0.00648173
0.00072879
194.58
0.00103278
100.786
67.3222
0.0031349
81.6056
308.672
30.8334
9.47347
0.00150824
158.092
0.000835247
0.000741611
0.00105221
0.000721619
197.814
368.497
83.3596
44.2373
0.00167359
0.000711507
29.455
88.4857
0.00113837
0.00675387
0.0631051
1.8661
2.30114
337.802
62.3015
0.00078257
291.616
385.015
143.745
115.505
266.688
0.00071024
0.00372766
5.27646
37.6969
260.459
113.475
311.536
0.00080467
45.8346
286.071
6.9237
4.04579
75.9646
0.000763659
242.448
99.3081
203.085
80.1576
20.8296
30.4578
144.519
0.235651
0.000760144
81.1002
60.6623
39.3932
84.6641
0.0385223
9.36262
30.7667
220.531
0.116016
1.78778
179.761
0.00148028
0.00072996
0.000744023
203.394
0.00427284
91.5793
39.9432
43.153
14.9758
189.569
0.000742572
0.225206
0.355453
0.0519252
3.3061
0.000971849
230.832
99.7343
1.39841
0.000934461
137.138
37.4939
201.821
0.000728768
133.541
81.0458
142.742
0.000760626
0.000736457
228.145
0.000746534
111.614
3.12632
0.000734255
170.215
29.63
76.1965
243.164
7.56751
104.45
0.000747213
0.000982581
135.828
35.5441
36.8235
280.36
0.000789911
190.792
0.00089991
0.000791161
59.7335
0.270757
0.442246
490.407
366.555
115.368
80.6535
520.922
33.6047
6.034
0.0021565
0.186206
0.366842
5.25709
0.0401528
87.2818
216.576
388.192
75.3547
44.0185
0.000760651
70.5566
0.000785282
53.7289
69.1196
192.753
92.7219
10.0903
0.00240767
0.153203
0.0461532
29.9468
331.912
234.097
57.2956
0.000897691
46.7396
78.5245
0.000746988
77.1676
0.000758844
353.995
0.341823
0.0464368
54.0821
0.000847779
171.783
47.3283
0.00074267
0.000774199
2.82934
0.00140227
50.7642
0.000756463
0.00929407
151.543
27.1883
38.2045
209.587
0.000766239
119.154
183.023
59.2723
8.20897
0.00091642
40.3021
0.00073871
1.26465
42.4034
0.000939603
409.38
198.582
0.00276398
11.0571
17.2211
0.00950697
135.259
31.8464
0.000764617
339.812
0.0814194
0.0133906
0.0627453
0.00314383
151.406
327.651
460.075
0.000740433
0.364705
0.0602961
45.1985
28.9492
436.481
320.848
5.52946
83.5845
32.7136
233.477
4.30924
0.000734674
24.7355
0.000750368
142.719
0.000826279
312.062
34.9907
0.000689849
160.072
16.5641
0.00074995
293.473
11.7983
151.884
22.4678
3.66221
39.9835
0.00103637
3.33625
316.957
0.000846139
61.587
204.98
0.000694204
0.000780523
54.724
0.000981934
0.00208053
33.0064
204.02
0.000730805
10.1269
116.606
200.417
194.927
119.129
94.7564
99.5576
0.00110414
141.32
82.7638
0.19313
145.389
0.00114482
105.045
0.000736841
10.8404
159.033
1.3265
0.00223606
53.3178
0.0705821
79.8641
0.000752525
6.16009
71.078
0.080215
198.884
439.642
0.000719196
265.81
0.000745559
38.4531
0.260794
392.245
58.747
29.0822
126.808
53.8002
13.4987
299.63
236.55
0.000717394
69.8522
53.603
0.000753926
37.1983
398.258
101.564
441.758
0.000880905
0.0199178
115.478
73.5006
130.079
8.16277
0.0405842
0.0428101
62.2415
0.190143
0.00100655
13.8064
0.0007825
12.0126
0.000738584
94.8815
0.112309
0.000855428
0.000941594
13.1992
0.00168992
53.7331
31.4174
308.896
33.7295
105.125
9.88587
0.00220172
41.1028
10.9449
47.0134
136.225
0.00833214
0.240996
370.789
111.054
136.707
0.00965404
108.522
0.000746393
351.029
30.0864
103.526
2.16856
0.0428468
12.1748
184.228
148.964
124.76
0.00159077
0.000869368
1.31566
46.6104
72.6155
0.00101409
91.0908
0.00914866
145.16
23.1966
0.0409339
405.876
46.5737
54.0485
55.4484
17.7653
288.073
10.6719
0.365806
0.000736004
6.48792
93.2016
22.2588
0.000761372
0.155253
70.1201
349.799
0.000745657
75.3273
282.88
419.882
53.5287
34.3818
1.15931
106.644
1.93212
54.1269
22.4844
11.4288
0.00103037
289.696
320.654
250.138
297.075
327.011
0.0411902
0.605494
12.9944
28.8891
411.923
1.06451
0.000748471
395.012
0.114236
0.137141
142.618
1.30168
0.00932292
0.00561085
84.9764
29.3794
0.00153341
12.7065
0.020337
0.000934784
135.263
0.000789377
117.356
0.00187482
76.5987
5.80262
29.0376
0.000959296
411.08
0.00524061
39.287
104.078
0.000757316
0.00572694
0.00144826
104.464
0.000760126
416.58
0.000754445
98.4864
0.000686282
43.9482
5.77975
3.20902
0.00806744
146.385
0.000743918
0.000713245
0.0114377
24.5397
284.696
74.2582
0.00792956
0.000836632
28.1153
236.798
0.000874314
0.00429201
0.000759692
0.000744893
0.012916
29.8396
0.000745232
0.000828087
0.0031743
0.162142
493.815
25.8946
5.971
42.6207
0.537986
424.913
4.60067
417.634
32.1298
1.84646
0.000743369
75.986
219.889
71.7457
0.00223982
0.155805
0.000734974
0.000750358
46.6839
0.000804682
73.1937
0.784431
69.9707
0.0160643
58.3843
0.000746285
40.7148
0.582157
54.0765
0.000737495
75.4457
401.144
0.00105076
46.4227
27.449
0.0342655
0.000851282
354.047
46.1844
0.00209085
33.7173
16.3273
30.6983
40.2128
8.28341
0.00079134
0.0278619
115.646
70.8694
27.56
0.00074091
35.8553
192.561
0.000883611
0.00985338
41.8187
0.000783283
256.977
0.770753
0.00075748
69.0066
40.7805
0.000735168
31.7738
428.434
175.203
7.89601
174.841
18.5875
0.000741619
62.8244
1.34767
141.551
0.000742276
173.413
25.9457
0.000817523
112.905
116.644
72.5181
0.000753172
2.9693
0.00250945
0.000717484
10.5
116.993
109.506
201.149
0.845804
0.000951928
0.0121951
0.0164552
412.726
62.6862
0.000894988
0.217839
1.33976
402.306
72.8207
264.746
0.000720755
0.00076576
0.000708426
12.7036
0.000746428
144.151
11.1086
4.39531
0.975333
0.00309143
81.6565
0.328322
122.995
0.00123881
0.000749416
0.00413999
0.00207958
4.59827
0.000904804
0.000806101
59.9616
0.000763862
0.000742627
60.8535
29.4838
291.555
0.00149125
0.000735623
0.0907411
33.0518
0.0541025
30.6078
10.1322
138.287
96.8882
7.18404
283.547
0.269924
0.000748048
0.656739
0.000873336
33.9547
5.96934
0.00570536
0.256517
12.886
4.56216
0.216152
0.000765461
10.345
23.9835
0.000747053
4.40593
4.14787
40.1671
0.113645
1.94109
0.000745655
0.000745851
0.000746133
5.25342
0.0287043
35.0951
2.90461
0.062973
382.345
51.9218
4.01269
0.000747185
0.000742951
0.00887509
42.147
0.95057
100.781
97.8523
0.000726171
3.85884
0.000835256
14.7731
0.000749929
29.1177
0.00703878
0.000730924
0.000948747
329.246
27.7252
0.00129465
23.7459
1.62058
89.9627
128.819
131.294
0.00229096
118.496
8.81539
0.00137305
87.6153
0.0381264
264.189
0.000711794
83.2864
226.704
0.00364029
32.6269
19.874
1.7364
187.672
36.9861
15.6433
81.4081
33.6546
79.5525
0.873458
196.057
136.395
221.067
4.17651
0.000743414
58.7949
3.3225
34.7994
0.00494611
0.806553
0.00485629
0.00075184
0.644269
0.000746561
15.7271
35.9307
335.961
32.7138
11.4812
32.4114
48.9294
112.352
50.9821
0.000710611
2.30167
19.5258
28.9332
23.6079
41.102
26.7619
0.000751291
44.425
37.0821
119.378
410.865
0.0010531
410.61
0.000757289
302.892
131.684
72.1773
0.000746391
116.314
0.000743462
43.7857
76.311
20.6175
109.597
13.424
66.9014
211.685
0.000735087
0.00100332
17.158
288.246
0.00643327
0.0159632
0.00114806
0.000744804
0.000855896
304.603
59.9558
11.6384
0.000749319
0.112359
76.9727
5.96044
0.21513
140.445
5.42448
105.552
0.18193
0.107974
0.36234
210.093
0.000728404
403.018
0.000745596
43.7128
0.00191692
0.6188
0.00073751
128.732
0.00101351
0.000758553
0.00200772
0.0010995
0.00129954
0.035357
0.00077412
8.89102
0.0031387
385.027
0.37089
0.000899496
0.000753078
76.0056
0.000766752
53.9821
6.51139
0.000775638
279.535
203.881
0.000861724
2.76199
124.213
0.0325305
10.3308
2.42519
0.555971
336.591
44.8905
259.849
39.7344
123.703
48.3684
0.00765295
23.6213
311.239
3.51505
2.65257
0.00133939
4.62539
3.86067
0.00160983
304.136
76.5287
6.14544
0.000739778
0.000753275
13.5313
0.00138681
82.5032
0.00839212
0.00756669
26.7277
4.49903
80.3696
51.2597
135.158
36.0575
34.2439
0.00137291
4.43662
59.3832
0.000750023
108.325
0.841632
0.000748281
46.0283
145.018
22.7958
29.3125
0.000750914
3.68123
20.1344
0.000784911
25.8148
0.00085289
45.5472
0.000831966
14.4419
74.1269
50.3798
0.961642
0.000737545
24.3638
0.149258
164.931
0.031826
67.9314
20.4035
4.23434
4.90569
2.00925
32.8982
142.325
353.577
0.00393952
128.53
29.4137
0.0232732
0.725895
286.908
109.185
0.000744238
17.1401
0.000745921
0.00890419
89.77
346.047
0.000875277
0.00481139
0.000755777
0.00142042
0.000850225
0.000735157
0.000914361
8.36552
90.1801
57.0881
35.1658
103.214
111.069
0.000749345
40.0271
3.47966
74.6044
27.6856
190.541
0.00073595
1.15588
0.000738124
329.36
2.64149
0.0460047
0.000755948
0.000917135
1.12909
3.95358
4.53459
7.70356
6.22916
0.000837605
38.2695
0.000738734
207.883
47.3207
0.000830511
0.137583
47.5698
0.000731998
0.00188871
266.956
0.0189594
192.047
0.000899619
331.823
0.000730887
0.00155111
1.57747
36.0432
11.3743
51.2142
46.9321
0.000777287
1.59588
80.6407
69.0224
0.268767
0.000744132
0.753776
0.000748538
55.6225
133.083
0.128286
57.1672
35.3395
37.0887
406.8
0.00601623
0.0784536
0.00072896
182.211
0.000750435
0.00155408
0.0569118
64.6777
430.674
0.974945
0.00077133
0.0007737
59.0536
0.00138768
0.000740958
0.00204681
207.791
37.5173
231.446
12.6955
0.0099161
29.6094
85.0209
0.00147777
161.386
0.00780452
0.000728566
2.06884
13.8855
207.717
91.3419
51.1215
0.101439
0.000753431
0.00307031
32.5093
47.0038
45.6562
0.00103689
75.2275
12.4686
3.28005
0.00139126
0.00526518
0.00536
0.000869704
0.000819915
2.43644
262.103
55.8334
0.00073889
105.211
0.00669681
0.00103321
67.4782
8.27897
0.000743032
0.133234
332.535
0.0014308
1.64783
0.000800657
0.00213472
4.89955
219.451
5.41158
0.00641766
0.0010966
0.283562
0.000719697
0.000740408
0.000772981
19.4728
2.60452
0.000740276
0.000727123
0.438477
140.779
0.00124988
26.221
34.441
44.3145
11.4699
0.0111644
120.269
0.000912591
0.000803657
0.764688
0.605078
0.00111073
412.623
0.26191
0.0271288
71.6697
0.000845304
0.000794994
10.0998
65.7521
0.000734961
249.208
111.818
10.3522
0.000750119
166.142
13.1984
44.9601
0.860451
33.203
93.8165
159.783
27.1106
153.883
0.02112
0.000754883
262.483
133.276
166.041
0.906428
102.233
56.6429
0.000848399
196.676
52.5606
116.196
79.9923
51.9881
0.00148026
0.00220122
408.908
0.00073752
0.00668863
43.3634
167.926
0.0036167
105.778
208.92
13.6255
20.3105
71.6783
51.7475
0.022898
0.000782669
102.017
0.000869177
26.3108
9.08891
36.3636
276.793
0.000931494
0.000813588
0.00175269
418.01
0.00072846
31.3547
0.0110988
0.000735545
116.014
0.000734011
0.000763209
5.49185
43.9944
9.76311
43.3289
0.000750846
2.53955
0.94196
0.00337327
0.00187878
0.000746717
44.9128
1.44864
196.106
0.000706827
0.141208
105.24
101.413
0.00272386
0.0007459
0.000746216
97.6137
21.6537
0.028933
1.14932
0.00172005
0.000722523
19.6324
135.752
8.61799
2.19027
14.0567
0.607121
0.00278537
14.9707
21.3237
123.712
199.386
74.3854
0.00201434
14.688
30.9501
68.1572
0.00470507
91.1901
0.00074796
0.000757068
312.405
5.86218
340.708
0.000887848
337.948
39.9002
0.162965
0.00217206
31.0491
189.593
82.5414
0.00072652
0.000733164
0.00082188
0.000847591
174.649
0.12148
0.00074563
0.144637
150.803
13.679
26.2453
401.154
57.5467
312.68
412.803
0.00117928
0.0103903
0.00101501
195.413
0.443398
21.2862
0.00100247
136.053
0.125697
0.000720404
0.00155246
0.00105794
40.842
0.000818346
0.000744631
408.408
28.677
46.3851
25.6278
0.00121191
60.5254
59.576
0.000781351
54.1467
0.000787758
1.14153
290.728
0.00767123
150.148
0.000727959
0.000752235
55.2687
117.085
1.45941
30.3151
0.00391333
123.76
33.0183
9.6606
0.000782752
0.000796314
43.0291
0.000870207
184.239
0.321164
16.0124
0.63463
0.42103
27.3693
0.000859863
0.000832872
240.717
0.000816604
7.6592
45.0225
0.000760519
0.000734227
0.000748709
36.219
91.3118
0.000735888
0.00624546
0.1769
75.565
23.9068
0.000761106
0.000887314
403.963
95.5137
134.238
8.52892
0.000926721
0.000926344
129.721
0.400893
121.528
73.5379
0.000889528
0.0011471
29.6373
1.53429
0.00113763
183.589
0.0430207
17.2282
391.254
278.566
306.408
41.1128
0.000747647
0.000746234
98.9901
71.775
209.411
1.72733
0.000736584
0.00105316
4.94477
0.000776138
45.9521
148.173
0.000705171
98.3841
0.000746879
0.000752872
0.00075903
225.734
94.7492
219.411
0.00871887
0.000822896
20.3413
0.00992236
2.09191
39.3387
101.422
125.691
0.0838406
0.00079187
0.000766788
0.000740759
13.5637
301.189
0.0051715
82.3669
10.3248
0.00074005
0.310893
0.000747957
7.53642
45.0213
340.641
0.302754
30.4674
0.000746259
182.275
0.00191179
7.01355
105.184
0.000889424
169.029
1.35501
21.77
40.1507
3.68496
53.818
68.824
94.0974
0.00107588
1.85732
73.0579
0.00101038
31.8547
2.52771
109.019
99.709
0.00106846
44.931
0.00101387
1.31524
0.0177979
0.000727514
140.339
0.000748315
46.0838
225.015
0.000746966
0.0013313
78.4347
0.000721958
0.0015489
0.000745137
0.077783
47.7625
184.068
0.234986
0.000719901
0.00776928
40.2581
2.91697
0.425941
282.798
89.4012
1.15665
130.437
0.00471451
188.162
2.62849
0.000750181
391.568
0.00923016
34.7068
1.52573
10.7645
118.464
0.574463
0.00340682
0.0708462
8.00265
322.053
0.000776173
7.65932
40.255
0.046713
142.679
53.9314
2.79189
11.1165
0.000781618
0.0408698
1.10934
0.000862286
44.7339
0.000736137
0.117964
138.513
43.045
31.7912
117.556
0.0514417
0.000742654
8.50693
0.000708435
62.0082
20.6532
167.481
0.000746316
56.803
120.928
41.7356
54.2963
0.000777664
0.781023
1.8375
124.429
3.54456
0.256667
106.336
7.81146
0.000749746
59.0567
29.5704
0.00092477
75.5847
0.22198
176.236
9.97623
0.0486901
0.426256
0.0247497
72.6533
137.928
0.900498
1.2889
100.803
17.7014
1.34433
202.3
0.000777056
167.404
58.6106
0.245066
0.000808967
78.818
101.214
0.967096
229.225
0.00078332
403.194
76.7433
0.000754389
0.000747827
0.00187998
29.595
28.1238
0.000726666
187.523
133.437
96.0334
121.853
0.204046
0.000723875
0.000750546
0.000747129
0.404805
28.8224
0.00160393
0.000749353
0.000873439
96.6727
99.4836
0.000986898
0.0103469
0.144601
22.1763
99.7721
60.4787
21.0784
9.53113
202.179
71.9938
0.0028688
79.4282
0.000743367
0.000789329
165.179
409.954
0.000909584
53.3165
0.000745679
0.00192288
407.005
0.000840846
38.8701
0.00814015
79.1236
0.000854353
0.000742463
62.3016
0.000754339
9.67731
76.6387
42.2274
8.67344
80.2447
0.0363272
0.000759576
0.00254397
402.64
120.052
39.9793
0.000743336
0.00716836
0.187246
0.0108428
2.00435
0.000927947
16.0061
400.284
0.00118905
105.358
0.000753931
93.3406
0.000729458
0.000738755
168.611
79.0251
174.785
0.00375852
0.000815296
0.000750418
0.00756224
45.1649
302.547
0.000875815
0.00798949
106.906
67.7963
30.7678
0.823935
0.00070033
106.721
414.999
0.739341
0.884698
1.75216
0.000826057
192.18
281.918
8.24403
320.254
60.8071
0.00603315
0.000862516
49.2801
0.000745316
286.368
0.000868755
118.297
14.7449
2.04162
99.0289
77.317
69.1762
94.3733
187.972
0.000706775
73.0937
89.7529
0.00856278
0.000742803
1.68663
314.687
89.7665
83.9461
189.069
0.000753609
0.000751375
407.57
1.45743
61.0952
0.247051
3.63457
0.244245
0.000742456
0.000754308
0.772747
2.17176
98.5537
254.252
63.5221
130.323
34.3909
0.0064668
0.00453033
0.546088
1.32609
81.478
0.00457159
2.57223
)
;

boundaryField
{
    frontAndBack
    {
        type            empty;
    }
    cylinder
    {
        type            epsilonWallFunction;
        value           nonuniform List<scalar> 
244
(
2391.6
2402.74
2401.56
2397.07
2388.31
2374.4
2355.16
2330.74
2301.08
2266.32
2226.67
2182.31
2134.08
2082.97
2029.75
1975.35
1920.85
1867.22
1815.13
1765.07
1717.57
1672.93
1631.29
1592.81
1557.53
1525.35
1496.16
1469.9
1446.46
1425.66
1407.4
1391.55
1377.96
1366.51
1357.1
1349.61
1343.9
1339.92
1337.63
1336.95
1337.75
1340.04
1343.78
1348.89
1355.42
1363.4
1372.78
1383.55
1395.78
1409.61
1425.03
1442.01
1460.79
1481.34
1503.67
1527.62
1553.05
1579.64
1606.66
1633.48
1659.61
1685.13
1709.85
1733.45
1755.89
1777.35
1798.26
1818.73
1839.07
1859.33
1878.6
1896.53
1913.71
1930.4
1947
1963.73
1981.31
2000.33
2021.26
2044.44
2070.22
2098.23
2127.94
2158.98
2191.01
2223.7
2257.02
2291.14
2325.7
2360.69
2396.11
2432.17
2468.72
2505.78
2543.51
2581.92
2620.89
2660.54
2701.02
2742.37
2784.45
2827.28
2871.11
2915.92
2961.54
3008.29
3056.04
3104.66
3154.19
3204.85
3256.68
3309.58
3363.44
3418.83
3475.32
3533.28
3592.5
3653.71
3716.9
3782.07
3849.11
3918.17
3990.33
4065.06
4141.75
4220.43
4301.55
4386.01
4473.24
4563.21
4655.61
4750.69
4848.89
4949.24
5051.96
5161.03
5297.05
5421.18
5544.65
5670.74
5799.32
5930.32
6064.07
6200.62
6339.53
6481.03
6624.9
6770.44
6917.36
7065.4
7214.39
7363.45
7512.5
7660.94
7807.91
7952.81
8095.15
8233.51
8366.76
8493.81
8606.91
8690.19
8746.85
8778.52
8784.98
8764.43
8715.24
8634.9
8519.33
8363.81
8163.95
7915.04
7610.69
7243.92
6809.35
6299.04
5688.69
4730.89
4308.5
4096.9
4013.51
3974.24
3893.66
3749.95
3592.1
3422.79
3244.74
3066.97
2894.8
2731.55
2581.59
2448.65
2334.81
2240.52
2164.81
2106.1
2062.22
2030.52
2008.45
1993.87
1985.19
1980.98
1980.02
1981.63
1985.25
1990.44
1997.12
2005.19
2014.4
2024.84
2036.33
2049
2062.73
2077.46
2093.14
2109.65
2126.75
2144.34
2162.13
2179.8
2197.06
2213.76
2229.56
2244.06
2257.04
2268.41
2277.98
2285.86
2292.34
2297.54
2301.68
2305.29
2309.06
2313.27
2318.07
2323.94
2331.04
2339.09
2347.86
2357.1
2366.85
2376.14
2383.99
2389.53
)
;
        Cmu             0.09;
        kappa           0.41;
        E               9.8;
    }
    domain_boundary
    {
        type            freestream;
        freestreamValue uniform 0.000765;
        value           nonuniform List<scalar> 
64
(
0.000737525
0.000721276
0.000736694
0.000765
0.000765
0.0256158
0.00167377
0.000683049
0.000765
1.01924
0.034293
0.000765
0.000765
0.000765
0.000688649
2.00147
0.000694189
0.000765
0.000765
0.000765
0.000765
0.000765
0.000765
0.000765
1.97417
0.00074331
0.000765
0.00076294
0.000869265
0.000765
0.000703681
0.000718501
0.000717955
0.000765
0.0869655
0.000765
0.000726172
0.000687869
0.000765
0.000765
0.000765
0.000732604
0.000749857
0.000765
0.000765
0.000714086
0.000732062
0.000680256
0.562237
0.000765
0.000765
0.000765
0.000765
0.000765
0.000765
0.000765
0.00369363
0.000765
0.259995
0.00075062
0.000721159
0.000721619
0.000765
0.000765
)
;
    }
}


// ************************************************************************* //
