/*--------------------------------*- C++ -*----------------------------------*\
| =========                 |                                                 |
| \\      /  F ield         | OpenFOAM: The Open Source CFD Toolbox           |
|  \\    /   O peration     | Version:  2.3.1                                 |
|   \\  /    A nd           | Web:      www.OpenFOAM.org                      |
|    \\/     M anipulation  |                                                 |
\*---------------------------------------------------------------------------*/
FoamFile
{
    version     2.0;
    format      ascii;
    class       volScalarField;
    location    "0.33";
    object      p;
}
// * * * * * * * * * * * * * * * * * * * * * * * * * * * * * * * * * * * * * //

dimensions      [0 2 -2 0 0 0 0];

internalField   nonuniform List<scalar> 
9648
(
0.0384592
-0.208017
-0.508237
-0.876022
-1.32299
-1.85973
-2.49774
-3.2452
-4.11047
-5.11136
-6.25901
-7.56631
-9.04584
-10.7083
-12.5629
-14.6195
-16.886
-19.3709
-22.0774
-25.0095
-28.1721
-31.5614
-35.1768
-39.0134
-43.0669
-47.3277
-51.7849
-56.4292
-61.2427
-66.2168
-71.3312
-76.5705
-81.9203
-87.3496
-92.836
-98.3476
-103.874
-109.41
-114.941
-120.457
-125.941
-131.386
-136.746
-141.991
-147.086
-151.988
-156.702
-161.226
-165.579
-169.73
-173.642
-177.312
-180.739
-183.889
-186.765
-189.354
-191.643
-193.639
-195.32
-196.699
-197.763
0.609726
0.359718
0.0580231
-0.305843
-0.746054
-1.26524
-1.87621
-2.59382
-3.42963
-4.39278
-5.49441
-6.74639
-8.15979
-9.74503
-11.5118
-13.4688
-15.6238
-17.9834
-20.5524
-23.3346
-26.3326
-29.5455
-32.9717
-36.607
-40.4465
-44.4818
-48.7033
-53.0999
-57.6573
-62.3638
-67.2035
-72.1627
-77.2272
-82.3706
-87.5652
-92.7835
-98.0126
-103.245
-108.467
-113.674
-118.857
-124.002
-129.081
-134.05
-138.862
-143.489
-147.932
-152.191
-156.267
-160.157
-163.842
-167.303
-170.526
-173.496
-176.2
-178.634
-180.78
-182.649
-184.219
-185.494
-186.458
0.428757
0.198887
-0.0773604
-0.411641
-0.81047
-1.2928
-1.86593
-2.54167
-3.33049
-4.24559
-5.29747
-6.49803
-7.85796
-9.38713
-11.0951
-12.9901
-15.0797
-17.37
-19.8657
-22.5705
-25.4864
-28.613
-31.9486
-35.4892
-39.2293
-43.1618
-47.2776
-51.5656
-56.0123
-60.6032
-65.3219
-70.1529
-75.0822
-80.0905
-85.157
-90.2683
-95.4096
-100.559
-105.69
-110.775
-115.814
-120.804
-125.732
-130.57
-135.269
-139.809
-144.182
-148.38
-152.392
-156.203
-159.8
-163.175
-166.324
-169.222
-171.871
-174.252
-176.372
-178.199
-179.743
-181
-181.978
0.666389
0.431852
0.153281
-0.178362
-0.57226
-1.03967
-1.59153
-2.23935
-2.99464
-3.86978
-4.87663
-6.02666
-7.33043
-8.79769
-10.4383
-12.26
-14.27
-16.4744
-18.8773
-21.4825
-24.2917
-27.3038
-30.5172
-33.9271
-37.5288
-41.3154
-45.2805
-49.4147
-53.7051
-58.132
-62.6728
-67.3072
-72.0175
-76.7981
-81.6521
-86.5809
-91.5898
-96.625
-101.624
-106.555
-111.381
-116.133
-120.816
-125.391
-129.849
-134.17
-138.365
-142.421
-146.299
-149.971
-153.42
-156.643
-159.643
-162.408
-164.931
-167.2
-169.209
-170.945
-172.405
-173.585
-174.484
0.726547
0.52622
0.280101
-0.0206732
-0.384003
-0.819422
-1.33686
-1.94697
-2.66192
-3.49268
-4.45192
-5.54967
-6.79672
-8.20172
-9.77539
-11.5242
-13.4556
-15.5755
-17.8867
-20.3934
-23.097
-25.9951
-29.0869
-32.3665
-35.8302
-39.4741
-43.2907
-47.2741
-51.4044
-55.6601
-60.0207
-64.4607
-68.9737
-73.5557
-78.2022
-82.9401
-87.7481
-92.5929
-97.447
-102.248
-107
-111.664
-116.182
-120.519
-124.653
-128.666
-132.623
-136.517
-140.284
-143.846
-147.174
-150.267
-153.135
-155.781
-158.194
-160.365
-162.281
-163.939
-165.336
-166.465
-167.323
0.820246
0.636652
0.411188
0.133955
-0.202128
-0.607585
-1.09178
-1.66524
-2.3408
-3.12817
-4.04121
-5.08808
-6.28027
-7.62359
-9.13185
-10.8092
-12.6626
-14.6991
-16.9181
-19.3252
-21.9219
-24.7028
-27.6715
-30.8189
-34.1454
-37.6462
-41.3128
-45.1338
-49.0837
-53.1403
-57.2968
-61.5532
-65.9064
-70.3457
-74.8416
-79.3342
-83.841
-88.3381
-92.869
-97.5529
-102.297
-107.046
-111.607
-115.752
-119.558
-123.155
-126.756
-130.42
-134.027
-137.474
-140.686
-143.652
-146.393
-148.914
-151.212
-153.272
-155.086
-156.652
-157.973
-159.039
-159.845
0.917155
0.751025
0.545292
0.289785
-0.0208322
-0.398327
-0.851315
-1.38929
-2.02718
-2.77216
-3.64112
-4.63892
-5.7786
-7.06014
-8.50473
-10.1111
-11.8866
-13.8404
-15.9662
-18.2696
-20.758
-23.4181
-26.2645
-29.2824
-32.4706
-35.829
-39.3373
-42.9936
-46.7521
-50.5894
-54.5339
-58.5866
-62.7898
-67.1379
-71.5204
-75.8625
-80.0457
-84.0766
-88.195
-92.4871
-97.1661
-102.068
-106.74
-110.919
-114.459
-117.678
-120.913
-124.243
-127.641
-130.93
-134.016
-136.855
-139.466
-141.868
-144.052
-146.002
-147.707
-149.172
-150.409
-151.413
-152.165
1.01176
0.864049
0.680164
0.445234
0.160526
-0.1905
-0.614844
-1.11539
-1.71876
-2.41954
-3.24886
-4.19768
-5.29355
-6.50591
-7.8899
-9.42784
-11.1211
-12.9991
-15.0291
-17.2175
-19.606
-22.1346
-24.8719
-27.7649
-30.8056
-34.0236
-37.3549
-40.8481
-44.4398
-48.0763
-51.8169
-55.6538
-59.6225
-63.8066
-68.1513
-72.3894
-76.4794
-80.2638
-83.7545
-87.5129
-91.706
-96.4355
-101.225
-105.443
-109.043
-112.134
-115.101
-118.128
-121.228
-124.279
-127.217
-129.894
-132.36
-134.65
-136.738
-138.565
-140.168
-141.507
-142.663
-143.618
-144.304
1.11073
0.97199
0.825564
0.595557
0.347639
0.0118177
-0.390257
-0.826119
-1.4269
-2.04911
-2.87556
-3.74402
-4.85163
-5.92772
-7.29316
-8.78086
-10.3495
-12.196
-14.1084
-16.148
-18.5195
-20.8366
-23.5345
-26.2801
-29.1514
-32.3012
-35.3566
-38.7173
-42.2045
-45.6077
-49.2886
-52.8998
-56.5263
-60.4625
-64.607
-68.6076
-72.9846
-76.7989
-79.9597
-82.9904
-86.2481
-90.4983
-94.8392
-99.2157
-103.208
-106.522
-109.572
-112.078
-114.853
-117.541
-120.407
-122.82
-125.14
-127.389
-129.361
-131.004
-132.604
-133.727
-134.878
-135.786
-136.337
-198.489
-198.894
-198.981
-198.74
-198.192
-197.327
-196.148
-194.654
-192.836
-190.722
-188.288
-185.549
-182.542
-179.27
-175.724
-171.918
-167.858
-163.573
-159.054
-154.315
-149.39
-144.264
-138.962
-133.497
-127.896
-122.164
-116.286
-110.301
-104.214
-98.0575
-91.8325
-85.5592
-79.2591
-72.9323
-66.6072
-60.2858
-53.9914
-47.736
-41.5276
-35.3833
-29.3145
-23.3445
-17.4706
-11.7133
-6.08636
-0.592279
4.7532
9.94184
14.9586
19.7967
24.4515
28.912
33.1672
37.2161
41.048
44.658
48.041
51.1917
54.1097
56.7905
59.2338
-187.111
-187.436
-187.489
-187.237
-186.687
-185.847
-184.706
-183.27
-181.526
-179.487
-177.15
-174.528
-171.661
-168.545
-165.172
-161.546
-157.68
-153.589
-149.277
-144.759
-140.051
-135.158
-130.096
-124.874
-119.507
-114.008
-108.408
-102.707
-96.9126
-91.0439
-85.1126
-79.1343
-73.124
-67.0936
-61.0594
-55.0306
-49.0235
-43.0516
-37.1265
-31.2607
-25.4677
-19.7632
-14.1545
-8.6549
-3.27686
1.97272
7.08257
12.0421
16.8397
21.4681
25.9205
30.1881
34.2615
38.1377
41.8075
45.2663
48.5072
51.528
54.3255
56.897
59.2412
-182.659
-183.064
-183.132
-182.893
-182.366
-181.565
-180.439
-179.02
-177.277
-175.244
-172.946
-170.381
-167.536
-164.424
-161.065
-157.471
-153.647
-149.607
-145.358
-140.914
-136.286
-131.484
-126.519
-121.403
-116.146
-110.758
-105.261
-99.666
-93.985
-88.2321
-82.4206
-76.5657
-70.6808
-64.7798
-58.8756
-52.9798
-47.1057
-41.266
-35.4736
-29.741
-24.0812
-18.5075
-13.0295
-7.65929
-2.40718
2.71832
7.70652
12.5471
17.2299
21.7477
26.0921
30.256
34.2317
38.0145
41.5966
44.9728
48.1379
51.088
53.8206
56.3324
58.6237
-175.097
-175.434
-175.473
-175.22
-174.669
-173.801
-172.656
-171.285
-169.658
-167.759
-165.577
-163.134
-160.425
-157.462
-154.255
-150.812
-147.144
-143.26
-139.173
-134.896
-130.44
-125.816
-121.033
-116.103
-111.036
-105.846
-100.545
-95.1494
-89.6703
-84.1204
-78.5126
-72.862
-67.1822
-61.4873
-55.7881
-50.0967
-44.4249
-38.7847
-33.1895
-27.6515
-22.1832
-16.7972
-11.5039
-6.31422
-1.23781
3.71755
8.54051
13.2218
17.7504
22.1211
26.3244
30.3533
34.2022
37.8648
41.336
44.6079
47.6778
50.5394
53.1914
55.63
57.8565
-167.905
-168.215
-168.246
-168.001
-167.474
-166.668
-165.61
-164.226
-162.597
-160.72
-158.588
-156.205
-153.574
-150.705
-147.603
-144.276
-140.73
-136.976
-133.026
-128.895
-124.593
-120.13
-115.516
-110.758
-105.869
-100.861
-95.7469
-90.5421
-85.2573
-79.9047
-74.4946
-69.0444
-63.5664
-58.0763
-52.5818
-47.0949
-41.6258
-36.186
-30.7899
-25.4485
-20.1738
-14.9792
-9.87393
-4.86892
0.0265671
4.80793
9.45972
13.977
18.3455
22.5632
26.6196
30.5075
34.2229
37.7587
41.1126
44.2744
47.2438
50.0101
52.5765
54.9363
57.0927
-160.388
-160.664
-160.672
-160.414
-159.887
-159.099
-158.048
-156.73
-155.156
-153.337
-151.274
-148.97
-146.427
-143.658
-140.669
-137.462
-134.044
-130.423
-126.614
-122.633
-118.49
-114.197
-109.759
-105.18
-100.475
-95.6543
-90.7313
-85.7245
-80.6409
-75.4924
-70.2848
-65.0413
-59.7702
-54.4935
-49.211
-43.936
-38.6768
-33.444
-28.2539
-23.1156
-18.0409
-13.0444
-8.13312
-3.31961
1.38767
5.99079
10.4667
14.8163
19.0178
23.0778
26.9818
30.7225
34.3003
37.7024
40.9365
43.983
46.8487
49.5154
51.9942
54.2698
56.354
-152.663
-152.904
-152.89
-152.616
-152.091
-151.32
-150.29
-149.005
-147.478
-145.721
-143.731
-141.507
-139.054
-136.39
-133.519
-130.437
-127.15
-123.66
-119.992
-116.166
-112.189
-108.073
-103.818
-99.4229
-94.9071
-90.2759
-85.5488
-80.7459
-75.8696
-70.9297
-65.9273
-60.8931
-55.8331
-50.7779
-45.7138
-40.6597
-35.6189
-30.5985
-25.6203
-20.6929
-15.8237
-11.0302
-6.31843
-1.70264
2.81035
7.23158
11.5278
15.7078
19.7373
23.6339
27.3799
30.9688
34.4031
37.6664
40.7782
43.7062
46.4686
49.0318
51.4191
53.6056
55.6155
-144.758
-144.951
-144.916
-144.618
-144.1
-143.344
-142.344
-141.069
-139.576
-137.896
-135.987
-133.84
-131.475
-128.92
-126.181
-123.225
-120.07
-116.707
-113.189
-109.524
-105.71
-101.778
-97.7245
-93.5103
-89.1872
-84.7499
-80.2259
-75.632
-70.9579
-66.2317
-61.4281
-56.6093
-51.7572
-46.9376
-42.0959
-37.2828
-32.4807
-27.664
-22.8987
-18.2014
-13.5325
-8.94212
-4.4431
-0.0226795
4.28141
8.52631
12.6347
16.6514
20.4942
24.2253
27.8041
31.2283
34.5243
37.6394
40.6383
43.4419
46.1078
48.5526
50.8489
52.9347
54.8744
-136.747
-136.863
-136.817
-136.491
-135.984
-135.213
-134.257
-132.921
-131.508
-130.016
-128.113
-126.046
-123.735
-121.273
-118.766
-115.864
-112.837
-109.667
-106.274
-102.786
-99.0543
-95.2878
-91.5345
-87.4038
-83.2861
-79.1207
-74.7365
-70.3879
-65.8085
-61.4141
-56.6845
-52.2055
-47.4478
-42.9652
-38.3067
-33.7641
-29.2623
-24.5306
-19.9857
-15.5667
-11.0151
-6.67839
-2.43015
1.87556
5.82393
10.035
13.8177
17.79
21.3077
24.9484
28.377
31.5392
34.8149
37.6656
40.6895
43.2407
45.9181
48.0947
50.4274
52.312
54.2905
61.4412
63.411
65.144
66.6408
67.9009
68.9286
69.7279
70.3036
70.6601
70.8041
70.7601
70.5709
70.2244
69.6785
68.9677
68.0942
67.0153
65.7476
64.3134
62.7273
61.0012
59.1453
57.1721
55.0925
52.919
50.6644
48.342
45.9661
43.5491
41.1065
38.6518
36.1998
33.766
31.3639
29.0104
26.7184
24.5029
22.3782
20.3671
18.4837
16.7553
15.1848
13.7861
12.579
11.5782
10.793
10.2332
9.90078
9.7906
9.88532
10.1523
10.5394
10.97
11.343
11.5782
10.9569
9.47005
7.94538
6.68487
5.75058
4.94091
61.3587
63.2501
64.9154
66.355
67.5691
68.5598
69.3305
69.8853
70.2283
70.3618
70.3025
70.1108
69.7806
69.259
68.5666
67.7065
66.655
65.4233
64.0296
62.4879
60.8094
59.0047
57.0857
55.0648
52.9538
50.7648
48.5102
46.2028
43.8555
41.4819
39.0954
36.7101
34.3403
31.9997
29.7034
27.4654
25.3003
23.2197
21.2297
19.3581
17.6124
16.0263
14.6111
13.3795
12.343
11.5121
10.8954
10.4955
10.3075
10.3163
10.4918
10.7864
11.127
11.4197
11.5097
10.9163
9.61121
8.25576
7.17703
6.3812
5.56845
60.6933
62.5431
64.1726
65.5834
66.7749
67.7499
68.5116
69.0642
69.4097
69.5446
69.4978
69.331
69.0227
68.5241
67.8572
67.0278
66.0201
64.8419
63.5067
62.0274
60.4148
58.6791
56.8324
54.886
52.8508
50.739
48.5624
46.3333
44.0641
41.7681
39.4582
37.148
34.851
32.5808
30.3513
28.1763
26.0689
24.0412
22.1053
20.2827
18.5899
17.0428
15.6516
14.4276
13.3821
12.5251
11.8634
11.3984
11.125
11.029
11.0818
11.2393
11.4299
11.5569
11.4539
10.8386
9.69927
8.47015
7.43489
6.60166
5.77287
59.8683
61.6684
63.2552
64.6317
65.796
66.752
67.5007
68.0475
68.3905
68.5243
68.4949
68.3585
68.0738
67.6047
66.9676
66.1709
65.2069
64.0831
62.8084
61.3944
59.8514
58.1886
56.4187
54.5521
52.5989
50.572
48.4819
46.341
44.1608
41.9545
39.7341
37.5132
35.3041
33.1204
30.9748
28.8808
26.851
24.8976
23.0337
21.2753
19.637
18.1319
16.7699
15.5593
14.5105
13.6317
12.927
12.396
12.0316
11.8198
11.7328
11.7291
11.7433
11.686
11.4238
10.7974
9.80756
8.70449
7.7027
6.83863
6.01789
59.0407
60.7871
62.3271
63.6664
64.7993
65.7334
66.465
67.0025
67.339
67.4732
67.4625
67.3562
67.0938
66.6552
66.0489
65.2871
64.3656
63.2954
62.0799
60.7314
59.2587
57.669
55.9775
54.1928
52.3233
50.3838
48.3827
46.333
44.244
42.1302
40.0017
37.8724
35.7531
33.6576
31.5973
29.5857
27.6342
25.7553
23.96
22.2624
20.6749
19.2098
17.8764
16.6821
15.6331
14.7348
13.99
13.396
12.9442
12.6195
12.396
12.235
12.0812
11.862
11.4858
10.8627
9.99326
9.01183
8.06009
7.18821
6.36365
58.2336
59.9248
61.4145
62.7162
63.815
64.7266
65.4392
65.9673
66.2968
66.4365
66.4432
66.3645
66.1229
65.7147
65.1392
64.4145
63.5345
62.5179
61.3606
60.0774
58.676
57.1587
55.5464
53.8449
52.0591
50.2091
48.2976
46.3408
44.3436
42.3236
40.2876
38.2509
36.2214
34.2146
32.2391
30.3099
28.4362
26.6305
24.9012
23.2622
21.7229
20.2957
18.9881
17.8062
16.7544
15.8336
15.0471
14.3901
13.8531
13.4219
13.072
12.77
12.4706
12.12
11.6573
11.032
10.2428
9.35894
8.46566
7.60873
6.78466
57.4231
59.0578
60.4944
61.7582
62.8213
63.7118
64.4057
64.9246
65.2479
65.3974
65.4204
65.3669
65.1462
64.7679
64.223
63.5367
62.6984
61.7361
60.6355
59.4185
58.0903
56.6457
55.1139
53.496
51.794
50.0355
48.2151
46.3529
44.4481
42.5237
40.5813
38.6383
36.6986
34.7806
32.8891
31.0423
29.2461
27.5129
25.8473
24.2646
22.7707
21.3795
20.0957
18.9237
17.8656
16.9229
16.0959
15.3784
14.7605
14.2316
13.7686
13.3444
12.9229
12.4657
11.9331
11.2959
10.551
9.73417
8.89428
8.06371
7.25122
56.598
58.1817
59.557
60.7883
61.8082
62.683
63.3546
63.8681
64.1839
64.352
64.3837
64.3571
64.1542
63.8081
63.2912
62.6461
61.8453
60.9461
59.8934
58.7458
57.496
56.1179
54.6766
53.1423
51.5158
49.8567
48.1253
46.3634
44.5465
42.7232
40.8722
39.0273
37.1744
35.3476
33.535
31.7722
30.052
28.3936
26.7871
25.2605
23.8055
22.4497
21.1869
20.0269
18.9622
17.9953
17.1335
16.3611
15.6683
15.0546
14.4924
13.9661
13.4425
12.8997
12.3071
11.6515
10.9256
10.1507
9.34824
8.54411
7.74925
55.7976
57.4415
58.6546
59.9616
60.8268
61.7653
62.3068
62.9108
63.1384
63.4265
63.3601
63.4414
63.1764
62.9529
62.3863
61.8564
60.9899
60.2583
59.2027
58.1325
56.9964
55.5778
54.2986
52.8799
51.2408
49.7563
48.0431
46.4505
44.6485
42.9867
41.1638
39.47
37.6558
35.9699
34.1805
32.541
30.853
29.3072
27.7207
26.2854
24.8272
23.5339
22.2701
21.1327
20.0637
19.056
18.1761
17.3526
16.5839
15.9148
15.2555
14.6575
14.0379
13.4344
12.7801
12.1121
11.3815
10.6419
9.85534
9.06396
8.28994
4.14444
3.42506
2.75799
2.08631
1.41169
0.77557
0.191045
-0.333879
-0.779176
-1.13646
-1.40153
-1.58002
-1.67548
-1.68019
-1.62217
-1.52641
-1.40705
-1.28295
-1.16915
-1.07382
-1.00009
-0.942713
-0.898031
-0.860687
-0.827424
-0.793675
-0.755292
-0.709733
-0.652549
-0.582931
-0.497333
-0.394814
-0.275817
-0.13994
0.00919965
0.170311
0.340281
0.514453
0.688846
0.857899
1.01647
1.1587
1.28394
1.38701
1.46437
1.51594
1.54057
1.53941
1.51322
1.46506
1.39893
1.3182
1.22586
1.12756
1.02449
0.919291
0.811331
0.699174
0.576561
0.435552
0.263038
4.72725
4.04233
3.43489
2.81079
2.16524
1.55978
1.00456
0.501034
0.0735839
-0.265748
-0.512237
-0.663137
-0.717933
-0.692397
-0.613446
-0.507687
-0.386208
-0.264971
-0.156728
-0.0686612
-0.00192324
0.0469877
0.082914
0.110345
0.132488
0.154029
0.178639
0.210072
0.251435
0.30523
0.374013
0.45921
0.561202
0.679435
0.812133
0.95687
1.10958
1.26701
1.4251
1.57971
1.72624
1.85972
1.97534
2.06999
2.14066
2.18599
2.20538
2.19891
2.16763
2.11388
2.04073
1.95164
1.84964
1.74063
1.62569
1.50895
1.38896
1.26647
1.13628
0.990753
0.818651
4.96959
4.29009
3.67363
3.00174
2.302
1.67807
1.10295
0.564586
0.100103
-0.277118
-0.56629
-0.766774
-0.879762
-0.920545
-0.893263
-0.81748
-0.699208
-0.563612
-0.443086
-0.345997
-0.272705
-0.219061
-0.179669
-0.148529
-0.120583
-0.0923191
-0.0603202
-0.0212731
0.0275257
0.0882519
0.163209
0.253756
0.360068
0.481276
0.615655
0.760843
0.913631
1.07024
1.2265
1.37784
1.51966
1.64766
1.75795
1.84699
1.91202
1.95167
1.96546
1.95425
1.91961
1.86433
1.7917
1.70586
1.61063
1.50975
1.40583
1.30092
1.19406
1.08214
0.959052
0.814495
0.635692
5.24133
4.55267
3.90504
3.21276
2.51468
1.89091
1.29986
0.737068
0.266318
-0.104828
-0.39304
-0.589846
-0.68897
-0.705008
-0.644583
-0.520516
-0.375845
-0.261097
-0.151685
-0.0546203
0.0225118
0.0799704
0.120944
0.15021
0.171873
0.190526
0.209997
0.23454
0.267211
0.310784
0.367851
0.440305
0.528766
0.632455
0.749945
0.878832
1.01615
1.15847
1.30195
1.4424
1.57539
1.69686
1.80297
1.89057
1.95698
2.00094
2.02175
2.02014
1.99722
1.95553
1.89726
1.82586
1.74391
1.65427
1.5578
1.45654
1.35211
1.24498
1.13125
1.00055
0.851179
5.58541
4.86868
4.18558
3.4823
2.78339
2.13448
1.51547
0.944507
0.472408
0.0880546
-0.226474
-0.440167
-0.548788
-0.581063
-0.544716
-0.456637
-0.349835
-0.224847
-0.113039
-0.01787
0.0542079
0.107698
0.146819
0.177181
0.201049
0.222841
0.245007
0.271775
0.305323
0.347682
0.401767
0.469555
0.551683
0.647517
0.755938
0.874764
1.00137
1.13271
1.26529
1.39539
1.51876
1.63191
1.73092
1.81326
1.87596
1.91803
1.93822
1.93747
1.91607
1.87653
1.82077
1.7523
1.67447
1.59023
1.50179
1.41348
1.3258
1.23311
1.13116
1.01967
0.88761
5.99481
5.24547
4.52716
3.8113
3.10643
2.43642
1.8003
1.21597
0.716549
0.300269
-0.0303873
-0.24917
-0.375772
-0.431413
-0.404719
-0.315408
-0.201711
-0.0840304
0.0245229
0.108302
0.167763
0.212044
0.243509
0.268379
0.286201
0.302464
0.317916
0.338107
0.364309
0.397836
0.442392
0.499977
0.57126
0.655375
0.751553
0.857606
0.971164
1.08952
1.20949
1.32785
1.44034
1.5443
1.63556
1.71261
1.77192
1.81344
1.83519
1.83911
1.82458
1.79472
1.75075
1.69645
1.63476
1.569
1.50209
1.43175
1.3574
1.27913
1.19193
1.09097
0.968896
6.45936
5.69226
4.94774
4.21727
3.50333
2.82185
2.17727
1.5851
1.06194
0.618271
0.264025
0.0147905
-0.145526
-0.214759
-0.190494
-0.112685
-0.00935738
0.0970675
0.194005
0.265219
0.306475
0.335578
0.353468
0.36993
0.379029
0.388013
0.394401
0.407072
0.425138
0.447992
0.48217
0.528651
0.588774
0.66081
0.744596
0.837707
0.938145
1.04348
1.15092
1.25784
1.35965
1.45469
1.53831
1.61031
1.66607
1.70706
1.73018
1.73854
1.7304
1.70979
1.67669
1.63536
1.58741
1.5349
1.48063
1.4257
1.36842
1.30763
1.23812
1.15444
1.04888
6.96532
6.19663
5.44272
4.70899
3.9899
3.30949
2.66641
2.08133
1.5527
1.09726
0.725738
0.450142
0.246661
0.149258
0.13928
0.182087
0.272711
0.348177
0.413244
0.466272
0.477203
0.483613
0.479003
0.48642
0.480653
0.48138
0.474118
0.479663
0.490913
0.49898
0.521315
0.556796
0.607997
0.668548
0.741239
0.822419
0.910758
1.0042
1.10051
1.19792
1.28999
1.37785
1.45401
1.52249
1.57395
1.6149
1.63799
1.65057
1.64656
1.63348
1.60734
1.57573
1.53945
1.49823
1.45646
1.41485
1.37242
1.32853
1.27631
1.21186
1.12408
7.5049
6.75504
5.99657
5.26582
4.54776
3.8867
3.25831
2.71672
2.19711
1.76037
1.40594
1.14829
0.87044
0.742935
0.70157
0.676162
0.728769
0.652309
0.653101
0.728217
0.677325
0.660153
0.607656
0.636217
0.589698
0.597982
0.550743
0.556164
0.571533
0.554495
0.550835
0.58477
0.634539
0.679545
0.743973
0.814571
0.88985
0.975624
1.06254
1.1597
1.2363
1.32869
1.38714
1.46454
1.50028
1.55114
1.55922
1.59049
1.57668
1.57849
1.54682
1.51765
1.49376
1.46265
1.43438
1.40345
1.37301
1.34786
1.3089
1.27062
1.19406
4.69212
-4.43117
-5.76211
15.1875
5.57081
19.4482
18.5082
11.0626
11.4112
29.1087
1.44586
23.8419
18.6043
2.85579
21.7449
-102.495
20.6567
12.4231
1.23254
18.05
15.4306
3.23797
0.957058
20.3817
11.3082
17.1113
18.1177
9.58878
20.4127
6.46917
10.2608
17.5608
28.4521
1.70151
23.1241
0.627259
0.578937
57.3414
19.0677
17.6311
7.61421
-3.00013
18.0936
-88.5509
0.472347
31.7004
10.5842
2.76342
16.5949
25.4803
-3.54396
-46.3937
18.0515
8.98123
14.1831
17.4254
6.58545
7.55159
0.784865
-31.6963
3.62657
15.4543
17.3473
-8.37007
-25.9916
14.2482
0.683368
8.9507
19.0595
18.2314
15.3579
59.5272
6.48964
11.9446
13.4855
6.46066
-12.697
44.5379
18.1292
28.2234
-0.891651
16.6539
17.0425
-36.5629
18.1102
50.2029
11.8958
1.75729
15.6299
1.38502
-14.0718
18.1815
4.87657
-32.1353
-37.3185
5.36244
44.2676
9.75674
25.5427
-101.945
13.8274
16.1928
24.9184
18.2292
18.6179
18.0973
15.0869
39.7183
20.0374
-79.2467
-109.567
16.2355
0.619182
1.44988
5.91433
2.16389
0.987585
19.7255
-7.71071
10.5726
11.3361
0.235289
10.7585
-118.379
-26.8251
10.9099
15.2702
-47.2723
-34.9837
17.895
21.2812
-8.20644
4.28103
10.397
2.63447
10.5126
18.5526
-53.7121
-31.0881
11.4969
9.34701
-53.4313
14.8714
49.0152
1.51003
12.82
17.0692
1.50378
31.7934
-0.65771
16.3104
17.317
59.0851
-33.4847
-60.1187
8.299
7.92195
-28.0161
18.0509
0.601735
16.933
26.4665
18.0664
12.373
14.8704
13.2348
7.00164
9.59127
17.6408
0.340555
-1.73011
1.48946
5.81352
17.4911
1.48109
1.48108
1.1316
8.56312
22.4129
1.71032
1.76306
-1.43605
-31.3421
9.36648
6.14284
0.901479
-10.6894
52.1462
9.45389
10.7779
25.3995
20.4701
-17.0707
-39.4586
18.2374
-31.8358
4.0737
0.322074
21.4514
0.67536
9.51324
14.9363
13.4351
-59.1004
-1.70716
20.9949
8.29206
16.3876
-45.8124
0.783391
41.1362
-5.87729
16.3244
-117.827
11.1092
-77.751
-65.549
1.59406
33.435
1.82729
10.6913
40.1336
11.8424
17.6827
0.990247
-7.89486
-9.45872
11.0606
17.0936
59.7149
1.49925
21.456
-5.32334
-37.7424
13.4309
19.5403
2.94107
-57.3181
-46.8091
19.4904
13.2381
8.96799
11.0019
16.4469
-124.082
16.5602
8.34719
-98.8668
24.0373
18.1279
8.7287
23.8007
1.313
7.92381
10.7778
19.0687
25.2479
15.1726
6.76961
1.89491
15.8918
9.59064
-64.6457
18.7581
0.56394
13.1347
17.5764
1.2002
17.6446
0.96402
23.9409
1.31797
22.8037
11.1855
52.9313
10.0901
14.2162
10.5707
15.9481
20.8836
50.3038
9.62532
-72.1343
15.5824
14.836
19.0391
18.2016
-61.7648
7.75907
7.8239
-26.3644
40.5439
14.7006
18.1644
35.039
17.492
9.24392
4.93508
-0.677842
16.6788
10.2199
5.14716
48.6437
-3.98608
3.96242
-80.4699
21.866
18.7924
19.631
-100.745
9.58806
12.3203
11.2722
-12.6904
16.565
14.3274
0.888808
1.18159
6.93608
1.84382
16.672
3.50783
15.3128
14.8046
-26.9612
1.8865
15.4407
0.791166
-90.8196
6.36632
-27.3689
-45.0544
-101.758
2.04482
1.57961
17.2693
0.723265
0.970471
-124.379
35.1004
14.9742
14.7266
11.8943
11.625
49.7587
11.0834
-9.40073
19.1631
-71.7052
14.9114
1.45225
-45.7134
-114.176
10.5486
-62.0418
8.25555
2.4884
14.7857
1.83728
2.14814
10.2253
0.560767
0.914144
-6.55739
0.954099
16.2702
6.44707
-114.47
-34.2375
3.82656
16.5786
-26.3767
-50.0963
12.5581
1.66517
15.6878
-5.72415
7.39009
1.55072
-73.9332
0.987609
-80.178
20.5028
-89.6266
11.1607
4.9088
21.0668
1.19985
-117.905
-27.6946
47.4003
50.1489
2.99479
0.681814
17.4457
30.299
17.1755
-0.224477
11.9778
-10.0981
17.9914
18.8702
22.0681
21.2502
-7.86703
-47.0218
11.3457
-83.1588
0.312901
-11.3536
1.77521
-62.253
-1.86814
19.0696
-124.695
9.79575
9.01065
23.4019
-53.2104
18.0939
18.6877
1.3065
17.8989
9.82502
14.6609
1.32339
35.9221
-26.3556
-51.9093
9.54513
-61.3767
9.07331
-54.6766
17.2635
15.9811
0.870669
3.8649
-92.676
-1.63169
1.56693
-11.0313
-62.6073
-60.206
18.234
4.6178
-41.7611
-50.3662
17.5557
2.68996
-32.3071
22.8606
13.3503
36.5628
-40.1889
-0.351057
-9.85392
0.644011
8.65245
-88.8074
2.10758
10.5497
20.0941
46.9693
2.48276
44.1125
1.83932
17.75
1.84665
1.53459
13.1159
12.688
0.324807
1.28199
17.2131
2.49265
1.5084
2.75866
1.51016
1.96521
1.35391
8.3454
4.94844
16.2782
15.6197
-111.256
9.91098
-68.2209
-107.383
16.766
0.64093
2.40736
19.3912
3.72032
1.45198
16.4631
17.0982
15.1597
5.3143
-37.7745
10.3711
26.6268
13.5334
12.9153
15.58
5.43897
0.618045
13.3852
19.5593
9.23778
1.45546
14.0451
13.4751
-12.9151
12.6486
-0.201453
-3.59525
-4.43763
18.1169
20.21
8.97905
22.298
3.40723
2.66231
48.6993
-22.1552
-5.33211
22.0551
8.17357
1.18253
1.44604
-80.3858
-27.5473
21.1619
2.90607
10.1615
0.684234
-21.3048
19.0648
12.1807
-27.5039
-83.2516
12.5596
-17.8919
-54.3408
4.38006
-105.863
9.04003
8.7919
8.61187
-32.5179
14.0529
-81.2235
-2.24105
12.9082
0.893545
18.18
-0.509627
15.2643
12.1679
31.7822
2.86693
0.82794
14.7973
7.11842
0.671312
-46.5918
-30.8625
8.02593
-34.4307
4.46101
28.7033
1.70149
8.80025
-95.7849
9.57965
8.3399
14.6446
1.48951
52.193
1.65079
8.04576
8.048
1.34918
1.1309
12.928
15.9853
16.1782
9.35407
10.0551
29.3093
-76.3076
8.32698
18.2086
-32.3976
0.768425
-88.4379
12.5168
0.689724
17.9425
-55.335
4.08799
-21.2019
0.870857
0.754867
2.79
-106.494
20.7779
18.1927
6.25302
16.2137
-27.1704
-22.3933
-6.56389
9.2985
8.8134
4.71201
17.7701
-0.385203
0.661054
16.2781
23.2977
1.49101
-59.1136
21.036
1.58278
20.711
-8.49814
17.328
36.3709
6.60257
29.5516
18.6884
-30.17
-21.6469
-4.63753
19.4221
9.66478
-32.6591
17.3533
12.3804
4.52543
5.40127
0.680835
-31.1416
40.6368
3.82797
2.03797
0.814252
-88.8546
9.29971
23.4426
15.9961
0.910251
5.23387
-23.1976
14.1754
12.6758
6.20888
1.40824
-7.12525
14.8928
2.01781
10.7258
-21.2668
1.47319
39.1836
0.891439
0.00849038
8.12474
57.2378
17.0619
17.0769
1.39104
10.014
7.19161
8.34155
10.2001
-116.5
2.00866
-35.1278
30.5847
17.4417
8.24271
19.5323
-6.42994
-11.0347
1.44156
3.68542
1.42289
12.7641
-2.64918
18.9843
-88.9214
17.1892
6.84161
2.06518
-3.693
2.86993
-7.0647
10.4626
3.3224
0.909785
19.5261
-121.399
15.7096
17.5491
9.93191
-4.28093
19.2333
3.58012
-21.5113
15.6227
-14.0406
-98.3961
17.5805
8.34383
14.3357
-63.384
-6.65884
16.3324
42.9225
12.4564
8.98
10.6825
-111.422
-126.632
16.4721
-1.30837
-12.1001
1.51927
18.1991
6.88913
-11.5969
13.8943
15.3134
0.15026
18.7008
19.6104
8.02681
14.1677
-3.25322
12.1137
-5.74093
23.039
1.73036
-4.61067
42.5809
1.08849
6.76382
21.9775
4.40346
-45.6986
24.354
-83.9788
21.0823
1.18259
-19.854
9.85933
-9.79632
0.670582
12.0251
11.4622
-93.7066
-39.968
12.9479
-64.8158
-9.04657
53.6976
-16.2676
-20.3601
21.5921
0.675608
5.82662
12.2424
-56.3348
-23.0915
-4.92292
-4.24413
-6.74489
0.923454
22.7541
19.0237
13.1219
-121.95
-44.5061
27.5285
2.22848
-112.352
11.4787
14.7019
10.4029
1.0829
4.68425
1.14561
-15.0675
21.4178
-121.531
-17.4594
-86.1744
-98.8641
18.917
25.4413
-43.757
26.0744
14.7571
12.1092
11.1093
10.4333
26.1083
18.0728
2.08404
-51.8162
-30.5398
24.4497
2.13239
3.27176
13.3012
1.3012
12.8325
-53.8151
1.38341
49.2678
3.7006
22.2975
11.6724
18.7016
16.22
-76.9448
11.4499
44.7484
0.847942
0.87117
32.3357
61.1826
12.6105
12.9107
25.142
-50.9057
-15.7473
17.3055
9.28917
-91.9393
27.4877
17.4993
-63.3699
16.1563
3.58931
1.35204
6.19166
-16.5118
53.8487
0.666985
-8.72595
-0.232722
17.8184
0.466859
8.98803
14.7922
17.7313
11.3311
0.858049
17.4692
0.583416
30.2423
0.09788
11.2266
10.289
17.0033
8.31712
-49.8159
9.66646
18.6611
-29.7659
-71.7838
34.198
1.57244
7.30782
18.3522
34.4732
-85.0153
8.81582
-2.99199
11.0119
16.3116
-88.3796
18.1034
9.83818
49.9458
29.9894
-19.7624
4.29776
16.0204
18.0655
-66.8572
-4.44683
9.88723
15.1374
1.20535
18.239
-128.152
7.56912
0.79336
10.3268
19.1392
0.110736
15.012
23.1269
24.7087
4.53441
-0.560931
18.3903
20.9091
17.4782
20.3932
10.5646
18.33
-70.5275
2.461
18.158
-25.8998
14.0303
7.18311
19.8274
11.5546
-62.3492
9.82579
4.87348
19.2258
-20.9955
16.9447
-24.9758
-104.346
1.60643
1.36944
-47.8993
16.3265
18.6532
-21.4396
-104.942
1.18471
-14.3021
15.8615
-83.0312
13.2855
16.8996
18.7494
-18.5616
6.97092
9.59759
-29.0101
17.2143
8.60597
-85.1398
10.4799
-119.569
47.2656
11.5501
18.6204
6.05709
17.5854
-9.36993
-6.41527
20.3211
-18.5842
5.42865
12.4799
-38.3745
4.86442
17.7798
-49.5752
15.1446
1.77576
-67.6433
-14.0848
17.6756
19.5515
14.1224
62.1694
8.7841
-2.23516
-24.0887
15.6416
-11.9429
15.4845
5.19923
16.1116
0.717656
9.14626
0.637145
-13.9806
58.967
6.98391
59.3256
6.97885
11.4383
3.97775
20.212
-9.63578
18.4057
10.9408
1.65058
59.7959
17.038
8.61759
-8.6941
0.546216
-109.115
16.3153
-5.84309
9.59388
-22.0616
-62.4009
0.929148
-73.7313
9.20653
3.00106
-25.9513
18.5285
15.7532
14.0061
11.1891
21.424
16.8203
12.6075
17.914
1.14928
-68.6044
18.156
20.4943
18.3301
7.65529
-73.1922
1.25741
-24.6936
15.73
-43.6949
0.779958
25.0028
-67.6912
17.5096
0.669562
40.1116
1.42339
22.6908
4.08214
1.87607
17.1008
10.198
-107.74
13.9838
-1.11739
-39.3004
1.49862
15.8428
10.8557
30.9585
2.63348
1.42595
-79.4976
16.2095
16.9793
17.015
-20.2129
-35.9632
14.1725
12.6482
15.0562
1.14637
1.70118
49.3006
0.578014
-65.7189
2.08225
-59.2343
0.708235
0.600417
32.2269
51.0634
11.9197
60.0849
45.5761
18.5222
18.2818
6.06706
14.4528
18.8994
2.21939
1.80343
19.8138
1.58713
10.0151
19.3763
8.5734
18.8943
28.8489
1.5696
-5.66903
-121.329
18.4067
11.0151
-50.8553
7.52393
22.4597
13.965
10.1413
2.40423
17.343
-2.45789
1.56523
30.417
12.6876
0.96048
16.7941
17.452
16.2513
5.48339
15.6777
17.2853
-3.80383
18.7315
20.8439
-78.5975
-29.0687
-18.7943
14.8423
1.64828
-50.9711
17.3337
1.54685
1.07269
-126.383
0.65122
17.8351
8.53761
31.2532
-1.106
1.17503
9.42793
46.3976
1.65436
17.2107
1.02232
17.1117
53.9016
14.1399
-21.2101
17.5189
0.887656
-69.7759
15.6894
42.4276
4.04929
12.4683
19.1626
29.6089
10.8867
20.0276
1.98699
17.8077
10.7156
-123.5
4.32768
18.9507
20.1829
-65.2575
-81.633
18.0643
18.192
12.7203
11.2816
-59.5266
24.7173
-59.0371
17.8821
11.2194
18.1995
-12.2581
5.69375
17.5889
0.803508
1.51441
-91.7572
-62.8306
8.07022
-2.6859
-74.8633
18.7449
18.6566
18.8202
7.07941
19.0608
2.46927
18.3825
9.31184
-1.65315
-25.4134
2.31793
12.2187
1.54084
36.249
17.1297
19.6524
-104.594
15.58
15.8473
20.3733
12.3963
-74.7334
-7.09323
1.37986
17.642
17.2839
17.8058
-4.05117
20.515
-18.0127
8.08575
8.44619
12.5318
9.51699
16.1935
10.8845
10.3759
9.65894
-1.79761
-10.6313
2.5562
-84.9897
11.7205
17.0707
0.706064
-93.4119
41.1052
2.19648
23.8163
16.1744
13.1413
11.6747
16.8521
60.8062
-8.44034
1.1549
-94.9485
17.1452
27.9541
-37.3457
3.43235
-51.8012
1.23755
30.9937
1.61338
17.037
-23.1359
-13.4987
-38.3004
-8.70375
17.9605
1.42514
7.34297
22.504
12.1723
19.5595
8.72885
56.7525
20.645
16.7512
43.9402
10.0204
16.2332
18.8153
20.4585
-10.8463
1.18473
9.8565
11.9879
-16.836
13.8355
8.76669
14.9543
-3.58063
-68.5517
-85.8441
11.0413
6.90519
-71.5043
8.0714
12.7257
16.8791
1.83014
1.69641
15.6862
-0.625797
-19.5748
3.95142
-79.2922
17.5449
1.49571
13.7081
14.9831
1.7161
-74.4238
-60.0076
1.52008
16.9818
22.5184
16.0854
53.5402
16.1275
21.3388
1.06352
1.41309
8.37484
-17.4189
15.4314
18.8633
-4.11139
13.8493
17.4869
33.0536
-65.5672
13.0022
-9.01078
6.66336
8.73979
1.44816
13.2468
58.8069
2.04598
12.1028
50.0096
6.33101
-90.5522
-34.5514
13.3682
-2.74778
6.19915
10.3994
5.29881
2.05795
-80.1568
21.7034
-37.2674
14.3925
1.2304
-92.3854
-52.0727
16.3877
-10.9431
4.32261
2.35391
9.92561
10.7588
-125.151
11.1328
-34.893
18.7328
0.71408
18.3284
17.1089
-20.0087
8.72178
-5.29136
17.0032
-53.0716
16.183
18.949
30.007
-17.6352
8.61293
-89.2875
16.2855
-51.3719
-22.1981
-6.53638
16.9579
-7.27357
21.0886
10.6539
8.01872
7.61192
16.822
18.976
13.6982
10.7568
-11.8967
5.16316
12.0377
8.0957
20.2883
12.4707
7.69504
1.52191
-19.8877
18.4825
18.4816
8.5718
14.4813
16.6416
10.361
45.5208
17.6253
19.8472
3.73132
1.89763
0.917381
-10.2962
45.5559
38.4247
9.83251
-104.428
18.6622
16.9148
15.4159
-103.899
13.0462
5.11152
20.1659
-85.9211
2.38253
10.0663
-24.9715
-129.48
23.712
44.725
5.33164
10.5791
48.8197
9.02405
-0.490985
-12.4476
20.8516
11.0355
1.36631
-20.6657
16.2391
18.4229
8.77012
4.75214
18.6376
49.4917
17.5586
11.012
-19.4227
14.0488
-88.3334
1.1869
18.9005
15.1431
2.63907
-19.2623
18.3491
11.327
25.5335
-26.2327
11.4802
48.1132
16.8047
-24.4024
-33.0471
-18.9859
17.8171
16.3038
25.6152
37.3379
-35.6834
16.2877
-51.8041
-64.367
17.918
18.8372
-67.1663
-101.201
26.7896
19.4871
0.846865
38.8894
-66.2096
9.15654
31.3111
-2.88718
-2.89056
18.3241
-18.9248
11.3957
4.52972
1.00706
17.3576
13.856
18.6563
46.2699
10.023
3.79492
4.05756
18.4285
-1.55178
1.53398
-6.58769
18.3625
8.26367
-12.1328
20.0828
-10.4597
-74.6058
15.0663
2.11957
18.4714
7.69106
1.43773
12.4492
12.6814
14.2793
42.1845
19.9908
31.6317
17.8988
5.38218
-26.0182
17.3572
3.75579
8.79441
-16.9661
37.8738
4.63248
23.4977
20.1276
2.79023
-79.2366
12.5678
13.8627
2.81963
19.8822
11.1442
13.5505
-4.33542
1.8574
-13.0629
-54.2761
11.8189
5.10965
17.2183
18.8381
12.8009
18.1418
15.7903
14.9398
18.305
6.72331
12.1647
13.6483
3.68098
-31.6598
15.3517
16.9869
-14.0587
-27.3588
34.7341
17.8499
-13.3298
8.36607
18.4152
-51.8987
-92.9116
7.74545
5.34469
-60.1038
4.93943
7.90867
11.8905
53.5081
2.87241
2.83133
57.336
-5.41873
13.1863
27.5566
-23.2337
5.69249
16.236
32.4752
7.59258
17.9085
46.4527
11.698
30.5431
9.45484
17.3247
20.5067
15.4811
18.0979
9.75392
32.6728
-79.5954
-17.0807
-6.08262
-14.5835
10.5257
-55.2434
3.25406
2.20562
15.8418
10.9564
10.1506
8.27422
16.167
1.40122
7.18042
-11.8076
18.2855
5.48872
17.7393
-14.7138
-51.0075
17.8779
17.5549
16.0235
-27.2155
17.6758
18.2853
9.77541
11.8183
31.3114
11.3032
15.1389
-1.44163
16.4251
-94.6933
-3.55551
5.54241
0.676574
-7.03019
12.1552
4.75617
11.6082
1.44692
15.9113
3.10635
-106.973
17.2148
60.8835
-59.8636
-27.0005
18.6129
7.18588
37.9691
1.4604
2.73055
7.26922
-4.77034
-30.5782
15.1966
-9.374
11.9589
46.0669
1.75419
10.7749
0.632197
-65.9518
3.64813
19.5895
15.7077
-128.259
-53.6175
14.1553
53.4678
7.81386
3.39757
-101.036
50.7612
6.84462
16.9699
36.2047
19.8477
0.890229
-16.6987
-76.9977
22.5193
17.4842
14.757
-92.5025
9.92379
22.5475
-106.274
26.9541
56.2117
0.980629
17.6945
-2.722
7.2422
32.8751
-30.9365
17.9741
6.98005
16.5442
37.1144
19.5804
24.2454
17.2999
-4.65129
26.014
-65.007
-20.3963
-79.8135
20.2659
4.67355
29.2139
7.90952
9.2655
11.7179
18.3228
1.38235
8.02562
-33.66
10.1482
0.714416
4.21537
13.9394
11.1348
12.9188
2.27611
-29.7936
-7.31571
14.5684
16.2687
-115.092
19.7435
15.8139
18.5237
19.9243
-20.2988
-4.03465
7.82369
15.6307
44.618
16.4516
19.0313
18.0379
15.243
-8.10431
9.99713
17.2938
9.93148
-88.1329
-84.1953
-52.9013
17.1187
-50.1701
16.5428
-5.88564
24.0126
23.2124
2.67768
18.7976
11.828
0.845121
21.1373
1.372
8.05841
-104.516
-109.185
15.8068
19.0155
6.98318
10.4643
15.9506
-6.91936
9.98676
-21.4997
-85.4644
56.7928
0.562
17.0496
-42.0851
-22.8808
36.8294
19.6288
1.5349
15.8257
1.12646
1.23574
16.5252
-94.6914
16.2048
1.26666
19.7729
14.7154
-3.95954
8.62885
0.66869
7.88854
-21.3751
0.358639
32.863
-22.0561
7.0559
16.662
6.17675
17.498
-21.7839
-0.303899
8.63086
9.98222
19.117
9.18798
-47.9201
8.72494
48.2923
4.3809
18.6979
-6.36866
-22.1358
14.5191
17.8661
8.06298
-80.0489
-27.2218
12.3377
5.73727
1.3435
0.800424
-57.4906
1.46894
-3.2351
9.408
19.3215
24.3917
6.23628
-26.3113
17.4065
16.2777
5.60595
-43.3242
14.7156
1.40035
11.361
8.38039
-8.97724
14.9985
-16.0777
-25.0856
17.3556
-44.9849
10.9009
9.48434
7.22776
16.8654
6.33885
0.700091
-15.7209
-112.57
4.80429
18.8322
18.5445
-10.9475
-36.3287
3.27068
8.57694
12.0414
12.5926
34.6848
13.3906
-19.1199
9.30708
18.8237
13.2578
21.4042
41.8861
15.1722
17.1755
2.30754
-0.681165
11.3359
6.39542
-10.4341
24.167
25.5578
30.0946
3.7315
-45.4415
-75.6483
1.2461
-21.0181
18.2581
-69.5517
2.82723
17.1143
16.66
16.7604
4.03906
16.0553
-98.9567
3.06388
-15.0558
2.87638
5.35654
-11.2275
6.0144
-7.45192
6.17858
16.9918
-83.8845
0.874696
7.93649
-29.504
0.646415
1.49959
61.4751
-21.7455
53.9302
-13.9271
1.49818
27.4027
1.61465
10.9724
18.0552
13.5781
17.7575
28.3042
-1.52333
-62.2832
44.513
17.877
18.1983
-12.1455
-41.8112
60.0198
9.44989
3.72144
14.7594
15.3546
8.79605
-24.4477
-2.14411
2.82626
4.20476
18.5133
61.6352
6.48387
58.7195
16.8494
41.4468
2.23189
6.74679
11.5853
13.3907
8.28051
43.0544
-81.0349
9.57144
-82.4437
1.25413
16.9463
1.7227
-22.1417
14.4314
-87.9959
3.14777
18.6796
1.67299
11.6103
4.1581
17.7863
11.6976
8.29346
2.72563
18.8623
1.98835
-60.2755
1.43401
15.2063
6.7967
19.2395
8.43923
-67.8509
7.69853
-52.705
-14.4826
39.8267
18.5914
10.7809
6.40097
17.5895
17.3428
19.0071
9.52807
12.2104
12.1575
-6.12198
19.7109
19.0147
-9.9983
27.5232
1.37006
9.63978
1.17464
15.7565
18.1816
14.2197
7.93087
3.61644
-1.47593
1.13999
11.8485
28.9545
-23.2778
16.6263
10.627
13.14
-91.6388
17.5392
14.0825
28.0422
-23.9246
18.5083
3.46193
0.259127
14.0365
43.9517
9.91948
-50.1172
-38.3391
19.5153
19.3956
0.676478
-4.85781
-3.97831
-92.843
22.4366
0.690077
55.7523
-16.72
56.227
-108.014
18.8495
34.5684
40.4658
-21.2722
-13.5596
-6.27064
8.24919
19.1692
2.33726
19.3739
8.17931
-73.5641
-3.37229
18.9272
-17.9687
2.36074
6.83248
12.9995
9.49435
1.36745
9.26297
1.39794
1.50385
-14.8793
12.544
0.884603
9.36033
-24.0139
8.03602
4.92406
0.314137
1.3366
-0.0994662
6.42252
33.6686
16.2593
1.50888
5.94179
17.8151
20.1723
12.7539
1.59634
15.1102
16.1433
8.75053
1.37491
19.6964
1.17121
27.9869
-48.7917
6.39167
17.6115
18.9717
-79.6247
17.907
7.77774
17.4417
-22.2036
-4.10175
18.7124
38.4643
0.454351
6.30143
1.33902
0.837816
17.0435
7.3699
3.49875
31.4603
1.52384
5.51714
40.56
-62.6624
1.83356
2.39779
20.8876
15.3164
8.29089
2.34179
1.04161
6.89337
-52.7947
13.34
7.15642
5.75194
-22.9151
-27.7223
-67.4173
10.9345
4.21227
-32.5768
32.1508
31.3882
1.84145
16.8774
29.8341
18.3964
11.6755
8.4127
-21.0072
39.9241
-88.9286
-107.665
-36.5009
0.599318
18.5671
6.0049
2.47723
1.24127
0.542889
19.9606
-5.0664
14.4598
1.65619
20.9784
-95.0434
26.3099
-15.9056
-21.668
-28.6017
13.1952
-5.91797
54.2883
28.3779
8.88635
3.30795
-15.3066
1.67928
-103.821
9.49698
9.94246
18.9703
0.509097
6.86054
13.5491
5.13282
18.8261
17.1643
1.14979
10.0279
18.6894
-47.2592
18.9651
18.0709
19.5959
-36.4328
19.1545
5.38237
15.9243
10.7807
1.60756
18.2536
1.47925
13.5733
15.4634
15.2138
1.46757
-23.0345
23.9999
28.2932
1.53191
14.0314
5.17166
49.3515
10.5346
18.4337
4.72986
13.74
-111.106
11.8616
18.1987
-12.4642
1.67452
-33.6033
15.3834
-51.6526
6.92506
-4.82342
9.21711
7.12586
-4.23401
57.2498
19.2624
12.9828
-66.0784
1.44961
-85.8324
19.0487
3.94289
-28.8133
5.25144
19.41
2.59437
-24.2229
9.58688
21.4784
8.67393
8.84976
17.9445
11.3657
31.6718
14.5321
47.3252
-44.2378
42.1915
7.48402
18.279
11.5237
6.58713
8.95237
1.61969
-15.0278
14.5502
-54.9283
11.1095
16.9271
-110.201
17.8406
52.2893
-43.6497
24.3712
16.7535
0.841409
32.8778
8.9404
3.71023
16.5177
1.72235
62.0818
13.8634
-79.1249
1.08605
8.16874
51.1228
59.4354
3.83519
10.6105
10.7752
-43.7838
14.61
10.2028
15.8222
14.8255
8.45064
19.9701
1.34849
48.3455
12.2508
-13.7251
13.9416
29.507
6.12215
8.49108
2.13783
7.86161
16.8777
4.62627
-39.6385
14.8917
4.20007
8.14119
26.2534
0.975397
15.9695
-78.3757
-85.4784
18.6366
1.51627
7.92322
8.84116
18.9559
-3.26585
-0.144781
28.0403
37.502
62.3404
26.8999
8.69501
2.22829
16.8653
24.6634
-76.6846
35.0168
-60.6069
-95.4945
43.8057
7.8242
11.5571
-9.8432
-106.923
9.66875
-40.1436
-19.9433
11.1293
9.76665
5.132
-5.39563
17.1389
7.71731
7.60228
16.7681
-23.9456
9.26914
4.78721
13.1314
9.01202
20.1765
11.737
7.01992
5.95641
10.6884
-10.8667
1.05532
18.4672
-78.9663
22.6655
51.8521
16.635
0.753485
47.2889
18.0942
16.8573
10.3384
57.4512
5.97606
18.916
19.2671
54.8181
-91.6037
8.28972
1.44267
-72.3838
0.728535
-1.08232
12.0265
22.1344
-0.31834
18.5372
0.783959
2.35355
4.20521
-45.8835
13.5577
-22.187
5.31692
16.3725
6.61798
-36.9293
-19.4919
7.37882
6.7592
-50.7116
18.8696
15.5252
13.4263
5.41232
1.20089
31.6092
2.86321
12.668
14.447
47.0522
3.19847
9.31864
-99.5884
-21.8738
-34.6799
-89.6191
18.1384
12.6508
13.8143
9.86994
17.0805
11.3116
-9.87369
28.5635
18.184
5.02936
0.581007
-9.32132
1.95159
4.61831
-6.47104
-34.7686
7.85345
18.4897
16.8589
57.9556
26.0999
-62.0479
14.4224
-1.49655
12.9407
-22.0734
5.05209
-17.8
16.4229
-1.15135
17.7918
0.326346
1.73265
1.58725
-69.7298
15.2585
-56.4323
-45.9736
13.6671
12.0444
20.5596
28.0364
19.8662
31.6286
-39.2026
13.2461
14.1017
51.6402
8.69962
17.207
1.45286
16.7467
4.58973
8.76586
-116.178
1.54038
24.3231
1.53903
14.3655
13.0821
-3.54884
39.6478
-119.894
8.77367
60.7721
4.39811
-0.0862276
5.64921
1.60048
-39.1105
-60.7981
7.90824
-40.7
16.19
2.19036
5.29554
13.018
-123.263
-39.6792
10.6203
20.1772
-16.8373
2.85474
0.835293
0.989061
37.86
22.6448
-0.894871
-45.7081
8.77728
1.49782
4.67353
2.14074
18.8076
8.71116
9.62391
16.0755
11.1694
1.43139
17.6599
1.4115
17.3738
-83.4779
14.0049
16.883
21.4792
17.7582
15.9544
17.3829
-88.8248
1.05647
19.5719
18.6615
2.42117
10.8232
-75.1005
4.95106
-26.3257
18.9841
17.0112
15.724
-58.2125
30.1989
-47.1409
1.71119
22.7798
19.3601
-107.859
33.6302
20.3497
9.06837
15.722
18.8068
-8.30075
10.3342
-20.4256
-49.251
24.5136
1.42576
-3.35732
18.8736
3.85452
3.39635
59.2632
4.87712
10.7513
4.87694
-5.5228
-12.9806
0.620901
17.7119
17.9116
-9.10314
1.49353
-2.38781
1.5411
7.05156
15.5571
-97.6818
39.0814
13.7503
28.5627
2.39788
15.2375
25.734
16.7428
18.9149
-12.06
-2.52889
0.827818
8.73719
10.5635
-5.0846
5.67363
-44.4769
9.44247
10.2543
1.73739
-45.027
-93.2053
-0.0385542
-66.8804
17.7786
14.8963
4.67411
0.278389
13.4288
5.65254
-11.0783
19.466
8.02453
2.56657
-0.282765
34.0132
1.35325
-4.80571
3.37992
-46.5013
17.1359
-34.7018
34.4139
5.74005
-0.698924
14.3083
12.2011
17.0752
18.7939
22.1772
28.0115
9.34024
10.1779
-51.3743
18.9292
8.2729
38.0468
14.448
-4.84477
-58.0961
16.3309
-91.819
36.7639
18.2266
16.7253
37.7486
21.7596
-57.1272
19.7026
14.2296
19.4933
1.69667
2.79433
9.15375
42.4917
19.9365
14.8333
8.55518
17.8395
18.9765
4.70616
6.53842
1.52924
7.41808
9.34777
15.7585
12.2464
1.41663
1.52105
6.5818
-2.51923
-4.35416
9.11706
-2.20204
18.7645
46.5369
0.894721
-11.8194
-3.30243
9.12969
15.2818
16.7258
-106.572
41.6348
18.0904
20.3837
8.3049
52.9168
1.35502
3.16939
-125.383
-17.541
11.7675
17.2958
7.84068
13.0001
4.54965
7.46717
5.90022
6.03457
16.0889
14.1794
-71.3242
33.3081
1.28206
9.30396
17.0469
25.0859
23.0432
-2.69401
-2.26064
25.283
-89.0626
-40.9656
2.37046
20.695
4.10592
0.030897
9.04505
6.08656
0.68362
18.9933
9.29734
-8.90692
10.1452
15.8349
1.02527
16.9255
16.3784
59.0022
-14.2395
1.49556
18.8411
-1.60146
-1.36042
15.7303
-0.958036
59.6025
1.29256
7.47946
-56.9913
-105.949
19.7589
7.3787
18.4392
-103.997
-3.55708
17.157
4.65381
-17.8219
9.86352
17.4695
6.96907
22.9428
10.9992
38.7365
3.59654
-3.24175
1.8405
19.443
33.7223
18.2606
-75.1682
17.5636
-119.319
1.64658
11.8685
-36.9712
-126.551
17.8764
0.77241
-100.696
11.5586
-4.02389
23.2066
0.865197
-37.3042
11.0873
-69.5938
15.0572
7.64193
-19.833
9.50269
18.8608
-4.38806
9.70279
17.411
-80.9123
13.972
4.42763
0.450924
-117.303
-80.2172
14.3045
-10.3617
-7.37765
17.0724
-26.8123
16.9653
0.58775
7.69112
-27.3395
-12.5241
3.41299
-117.484
-15.3426
-39.9721
-6.55949
18.3727
1.51796
41.6399
-103.824
-59.1639
29.3827
-1.45729
25.0592
3.68896
45.8552
0.967121
8.83519
1.22113
1.28584
0.819612
5.86472
2.84107
8.54327
35.2922
11.2165
0.671729
-19.9477
11.8319
20.9258
22.5654
20.4525
8.78001
3.55385
-24.2517
-8.97861
1.12608
-58.5723
9.35453
40.536
18.4392
1.13621
-42.6222
23.2916
-7.02011
0.691054
-79.5052
2.53876
18.2352
-35.5661
22.5675
10.0582
16.38
-1.7343
19.9135
12.8046
16.2648
-18.0172
1.29488
13.3856
4.13057
1.14044
-17.6696
4.90508
19.6424
-117.682
7.71334
9.90138
1.55571
-65.118
1.05308
36.8823
16.5212
-25.2575
-92.2223
-9.81749
-64.438
13.6322
3.7891
31.0804
57.9235
8.731
-27.3127
3.47027
-27.1766
-1.24555
4.22942
14.884
-5.39498
9.82418
14.4708
8.71854
20.5411
42.2394
-1.27793
15.8679
-1.64384
0.966587
-17.7848
-122.432
3.97371
2.20538
-94.9642
4.08664
18.265
1.15786
17.4471
8.38636
18.4508
9.61011
0.693445
6.92604
14.8584
18.4283
2.08629
10.4161
17.9685
14.4837
19.2262
43.6411
18.2423
-30.0717
4.70802
1.34978
17.3306
-14.7109
12.1433
61.4896
-83.471
55.209
44.4233
16.3022
-48.5161
42.9583
13.4592
-6.66004
1.20403
22.9072
20.0554
5.45089
47.671
8.79984
45.6764
22.6949
17.3255
14.8552
12.7856
34.8586
17.7653
2.5022
18.8628
60.8935
-73.6015
3.04777
8.41099
-7.86121
-46.57
-57.536
13.3482
-81.5854
18.829
61.2326
9.70396
7.3596
17.2371
34.7139
3.75678
-59.1897
10.5094
-113.896
2.49059
-1.50931
-98.2639
0.700634
8.99318
21.1029
18.1824
13.7387
-29.356
14.2892
-16.8455
6.53269
10.0485
4.72506
31.9332
16.4059
-38.1293
-72.8528
1.70925
18.7952
15.3318
-34.7993
56.8417
-38.8342
-3.73363
18.6574
-130.428
7.86828
5.79375
-10.8756
2.90927
16.1803
57.6573
-76.3791
-6.14304
16.8303
27.0049
8.83174
18.2131
0.891651
-14.8463
57.4744
10.3419
15.538
1.85331
11.0167
-130.143
18.8199
5.16507
-110.369
-14.2253
10.1345
1.40388
0.658414
-3.7237
-67.6059
15.6064
33.2985
46.5906
25.441
-40.6085
6.29195
6.52986
-14.6472
1.82447
19.8938
18.4633
-5.61629
9.79187
19.7186
48.2364
58.2078
19.0499
-17.8156
-1.71981
10.051
54.6118
15.6106
22.346
1.48574
6.16117
14.7939
19.5521
18.5736
-90.8043
57.4481
39.0029
4.87882
46.6877
36.0492
14.8858
-36.2995
18.1761
17.9059
-3.27179
52.1283
-27.1397
2.20369
-17.4322
57.1075
15.9589
17.8137
10.2697
19.9842
-16.6677
15.1211
-48.7016
53.7156
-57.4464
11.2804
0.646169
-46.8951
6.75953
17.6723
17.7908
-46.1028
17.1996
1.16475
2.30477
18.7444
18.738
1.3206
20.8556
-7.43794
6.56774
3.1666
18.8244
56.8676
-1.51751
8.57715
16.6513
-16.1618
-21.9261
3.83071
-9.6796
10.9792
1.22524
-27.8615
17.0649
12.8919
38.7489
0.944758
12.1972
-44.1572
36.2047
2.77292
8.87407
25.3791
16.5484
8.45358
20.367
-5.11303
7.50636
9.7572
-41.2534
20.9224
0.794662
1.39422
17.3343
8.67492
9.61422
19.3117
1.30953
1.42241
41.8896
-119.833
34.8662
51.5632
-49.5503
1.542
1.0382
3.59254
20.6988
1.63586
-7.7048
28.1889
19.0971
-118.42
24.7824
15.4568
6.24717
-1.08704
54.8903
57.7101
15.9941
1.00194
23.0712
5.37004
15.3912
2.87655
18.2197
3.73121
59.8731
-8.29308
1.5254
1.89788
-17.807
10.9951
22.8013
-43.3213
21.6646
20.621
18.2231
-65.7893
-25.4932
60.4284
17.9209
12.9053
-128.307
-61.4096
59.8729
9.34077
-15.5045
-68.5542
-35.5155
19.6903
43.8105
-40.4856
-77.9574
-113.847
40.7641
1.69385
10.2398
11.1197
16.3043
0.717431
17.8091
35.8477
-40.6788
19.7425
-16.3404
0.446643
62.088
18.3834
18.2766
15.9298
1.49629
-10.4014
1.52633
15.0399
18.2843
11.293
0.663597
-115.353
1.65844
52.5907
8.97245
-57.8158
1.33515
-20.4049
-96.7069
8.82801
11.3598
59.9559
0.761574
-86.1893
-38.682
59.9954
-126.488
7.81929
0.728428
18.743
-8.87756
-66.6805
52.7608
-76.3656
1.24896
19.3933
6.65321
6.47014
-50.5674
14.413
-17.0898
61.9158
-78.6752
1.81135
7.51658
1.2526
1.75157
4.33399
-102.643
6.17277
15.3658
44.8888
21.395
20.4532
22.0504
-84.5269
-1.37108
19.6804
8.7685
1.04005
2.37599
-3.45305
18.2803
-18.6543
1.15466
7.7555
6.65133
19.293
3.42051
13.3535
-19.5637
1.63396
0.845127
17.5249
-105.928
0.99079
19.16
9.74155
1.19813
-6.39575
57.5634
8.77583
-12.952
-10.8625
-63.0956
11.8643
14.6365
9.23846
20.1075
0.219814
-8.45156
-31.7396
0.703769
13.6183
8.36388
19.0375
-0.619023
17.5345
30.4328
27.2397
7.76544
-12.8568
18.1079
-35.8498
17.993
1.51845
0.683562
12.6914
-61.046
59.9168
18.7992
10.3255
5.85033
17.9397
-105.641
16.5314
10.336
1.30138
14.6871
-16.5416
31.9036
17.1432
5.00263
-28.1891
0.0347952
17.5131
1.50078
15.9868
15.3305
34.7668
6.10877
-77.3918
17.0305
6.77781
-12.0606
0.403864
14.2175
18.0676
23.2681
2.26791
60.1632
28.5808
25.3203
11.1743
16.6134
18.8448
2.32808
7.73739
16.9402
8.65906
30.8653
-2.50891
37.3185
1.56092
42.6368
-11.8466
25.5992
17.0544
-42.3809
0.488769
2.64572
34.8597
-0.123124
13.899
6.1314
48.552
1.45473
2.09482
11.3636
16.8719
43.9609
23.6428
0.0203209
55.0405
-47.6732
11.5696
18.9575
8.06161
13.5579
56.3152
-67.8348
48.6662
1.26965
17.1203
-88.6484
25.4188
-101.342
0.729479
4.90198
-40.9191
13.9197
10.9495
18.6138
37.5965
7.78489
-14.4512
12.4711
-3.42751
-5.29467
-19.2444
-64.5698
-115.983
-45.064
0.837502
2.25822
52.8845
18.2616
12.4266
18.2353
-31.8547
-93.7382
1.42149
37.3629
4.80086
18.59
-23.9667
1.29433
19.0787
18.7659
-35.5819
19.5951
16.1918
3.05008
-32.2615
7.64531
40.4751
-108.984
4.2696
-101.986
16.8584
-62.0824
16.7143
13.2674
5.7319
-74.0316
30.937
-1.87605
-11.3454
-6.94135
30.7096
13.3553
16.3567
-59.8394
8.80034
-23.2225
19.676
17.9437
-103.354
7.33869
16.6784
16.3259
8.85895
18.6808
13.1908
1.09002
0.955676
-0.0220894
3.30209
18.3018
8.89707
16.3141
-23.7779
14.5805
17.6255
0.89016
-17.5146
-46.2876
9.25532
13.0648
15.895
0.706159
4.90357
-59.7762
1.26652
-27.8142
17.8194
19.1819
21.6544
5.50297
-55.7113
20.0961
9.17623
14.8889
18.1738
25.7925
-1.61397
21.6546
-66.906
17.4789
0.77351
-14.1123
12.1949
10.1376
-4.48793
0.857428
13.7098
32.1311
13.1539
-83.4111
4.41282
8.30493
-47.2207
3.7775
6.80026
3.04132
5.64546
1.47207
1.35766
0.676815
3.53216
12.1862
10.5851
8.36179
1.19042
3.28915
50.3109
19.8832
7.293
1.34096
-11.6813
12.6898
1.42952
4.3249
47.1651
7.69387
-102.609
-15.5281
27.3946
18.7635
-0.729944
35.1738
55.8782
19.7089
-49.6798
2.78836
16.3203
-47.3239
6.88214
17.8026
4.91705
-62.8363
51.1513
42.385
16.9803
16.9765
61.164
59.0773
19.8696
17.0785
6.26618
1.29609
-16.0072
3.02533
2.11812
-71.9419
13.0521
9.13117
10.8525
-93.286
8.62462
11.4235
18.939
1.40454
19.0884
19.2945
11.5305
20.5013
50.7342
4.31458
6.78232
8.89439
36.5974
0.747567
14.1951
-86.6125
31.4968
36.0413
8.75272
-6.8041
4.08856
17.3268
-1.99588
8.77509
-104.555
18.9244
16.9336
-7.78428
-4.31049
-32.2973
0.995265
17.0974
13.2858
43.4841
0.604979
18.853
17.0716
19.2125
14.438
0.822966
5.3388
9.39422
3.59109
41.0575
12.6929
-29.7214
-14.4601
12.7681
9.90496
2.01333
-5.05573
-33.131
10.7988
49.1423
-64.3076
18.1709
13.8965
1.73363
9.8147
4.31954
16.0039
23.3059
1.05605
11.8308
0.960399
-7.54942
18.2135
14.1131
7.80062
13.7634
18.2226
21.5399
-116.703
-7.19592
15.8847
-48.3916
-90.8499
19.9097
23.156
23.2499
-25.8261
7.25308
9.24077
15.8946
17.7765
40.6256
-50.8082
-40.9894
12.457
3.91052
7.57753
-42.2922
12.5504
17.8788
1.57913
32.5242
-3.87644
20.1407
21.6237
8.58241
-20.5417
16.8234
-2.73389
41.9109
18.0321
2.5257
16.8146
12.0739
-114.339
18.2687
5.88255
8.99408
3.23431
35.9711
18.8837
-27.8988
9.46009
19.7921
37.5263
0.698944
2.81883
-0.285218
3.34492
16.8255
5.381
-46.0234
2.26257
18.9313
9.16568
11.2863
1.69538
-19.4337
-10.2448
13.1398
14.7003
4.99762
-14.874
-2.0966
18.034
-92.5048
19.1755
0.733569
9.15072
6.96495
-112.614
22.6168
7.57931
15.232
18.6106
-57.6784
17.6414
2.51038
5.14814
18.092
8.94057
-50.5608
-8.94616
18.4584
9.01015
18.7981
-114.205
2.81642
5.20698
-97.5501
5.621
-122.132
-121.364
8.324
25.3902
18.7587
-76.3966
1.86857
58.6515
18.1857
6.36878
1.62501
-0.540981
5.85768
-35.6301
35.9043
18.2684
47.4271
-48.9445
21.2781
14.1495
-7.55763
18.2618
19.06
-55.7087
-1.23879
2.6413
20.5223
12.6024
-57.2905
14.4592
9.69883
34.2969
18.949
6.63891
-53.0995
14.8775
-109.424
1.57223
12.216
17.3993
8.25716
23.9337
18.5211
-48.4082
20.8579
6.95883
9.47365
21.0912
-58.1892
7.54629
0.647928
7.11684
24.4137
17.9047
18.6883
0.209028
-41.3885
9.73569
15.3285
-30.8058
19.5992
1.42966
1.31544
5.07898
19.1963
20.8829
-31.1595
-1.51204
8.6943
45.081
-103.852
4.34839
33.7987
3.26341
13.7177
0.159282
18.7634
16.9837
20.1729
3.70579
-16.2859
35.9736
1.30473
-79.7339
9.58184
25.5424
19.8429
17.1995
9.51649
1.53964
-62.8956
20.957
8.05166
-81.6039
3.16419
16.6071
3.77424
27.1992
20.0063
0.810354
21.6968
7.25227
0.607551
1.82377
17.4764
-0.385206
17.2281
15.988
0.0743046
34.3126
32.3397
1.08597
12.4846
0.98835
-10.1913
34.4721
8.97874
19.1125
5.80777
1.44088
14.4017
-107.086
17.1048
-30.1836
58.6642
18.3401
1.49693
-14.7377
24.4645
1.38577
-41.643
1.36862
-10.9886
-118.01
23.2545
56.7004
14.3158
8.56018
22.0843
46.3841
0.505124
0.660868
-0.30589
-46.9523
-14.6467
18.389
1.76902
1.91787
-35.6466
18.1339
2.16309
-47.4421
-100.726
-59.9174
0.808275
-69.517
17.2584
11.5375
15.8686
1.50267
11.8246
2.6968
-2.94429
27.2689
-96.6539
0.511411
1.47563
16.3481
11.6862
1.3508
18.011
16.4345
-42.2633
-114.944
5.89081
19.8596
14.014
17.6235
18.3663
-23.1637
11.7073
17.0468
-6.85637
-72.0349
19.6507
9.55138
-7.32181
8.2335
0.988734
19.4713
16.7399
1.0069
-1.74593
8.77164
25.9108
51.698
-85.3239
34.0048
27.3679
29.6962
13.1314
-6.63648
12.5802
-108.694
17.76
19.7578
23.3498
55.5409
-78.6903
1.30235
-2.02385
-10.7691
-22.8672
10.4331
38.1255
21.2222
-3.97965
-4.66685
12.7806
-0.567975
10.0267
20.5087
0.92507
14.3268
0.77296
15.4036
15.6097
22.7708
-1.60653
20.9019
0.699432
18.3572
44.0801
-125.07
19.8089
47.3267
-4.35972
22.029
25.7226
10.9688
1.99367
12.4213
7.85789
3.73156
4.25574
11.7411
17.257
-81.9436
14.3995
-71.399
-44.1239
43.673
-9.41189
18.1514
-81.7269
-24.5336
-8.72948
22.715
10.456
-12.9734
6.14903
-120.834
17.1316
17.1921
-81.3562
14.4426
9.64445
1.78455
13.7212
3.41915
21.8689
-4.01023
15.8329
14.0695
-17.9685
16.1626
-76.9426
0.480452
12.295
57.9012
-39.0194
26.5284
17.698
22.7486
30.1986
41.4496
8.78262
2.33801
-6.44475
15.0517
36.8997
9.61012
1.35426
0.76165
1.42609
12.7262
12.1577
-113.257
14.7896
0.914846
1.32433
0.927486
-14.0784
-129.743
18.9408
0.690697
12.9036
-109.737
17.5222
-33.4918
2.7246
48.0838
14.8604
7.47805
43.6794
1.32078
17.7262
0.723612
12.3761
-18.9006
-112.966
18.529
14.6658
27.0919
16.9742
17.4359
-54.2014
-5.36314
-70.5702
-14.5434
-53.2156
1.50563
16.3559
17.6193
11.5947
0.943195
1.28045
-7.86529
3.65798
1.39348
16.0376
1.85218
17.2272
10.8274
9.66149
1.07681
2.1483
29.9789
3.26042
-58.8255
-7.4317
-6.93438
2.39592
-109.331
16.4061
15.4421
-85.4151
16.7289
6.1742
-45.9109
20.316
29.2765
9.68209
-33.9596
-34.4726
-1.07058
9.53033
1.67014
7.02536
7.58165
1.2991
21.6831
20.7111
-100.543
-61.0037
25.1228
8.18083
56.4741
-29.8456
-117.137
1.44578
-74.5482
11.3193
0.721417
25.1052
-34.842
-3.08219
23.1308
16.1376
-50.1857
18.1911
23.6338
1.47926
13.9518
7.13528
12.4445
-88.9527
7.35825
3.75014
16.17
7.67367
3.12958
-42.4046
61.5844
-2.72004
-114.998
19.1459
42.6391
17.477
-7.61136
-28.363
14.506
22.2437
0.661013
18.6805
20.6753
18.1997
19.0495
-74.8001
-11.6665
11.0523
-19.1018
-43.1337
12.132
24.5155
25.603
8.08322
-0.231044
10.2543
10.2887
1.66823
17.1129
19.7327
6.39062
-94.1042
16.7529
8.12942
21.4128
8.40326
-65.1928
50.0281
24.5788
10.5123
1.29015
18.0418
-36.2136
37.6426
18.6669
-8.61981
13.1463
35.7371
52.9351
10.223
23.5353
17.7578
15.6745
9.57106
10.0574
-16.0943
17.1504
19.5933
18.9479
21.0399
3.07137
17.2106
17.0941
9.77075
-44.1479
15.1118
8.24859
-1.13075
26.5812
1.48299
-17.0636
-79.7958
54.2222
15.7434
1.33164
34.2998
31.1372
8.77052
17.9219
-23.9319
10.1651
-30.2983
5.45855
18.226
62.3507
26.753
8.94925
-35.4893
-80.5279
17.77
38.2434
61.0877
16.9219
17.621
14.6357
0.830427
12.8727
0.80783
-5.58709
6.92621
16.7884
6.6518
1.15435
7.18379
8.54894
-21.2372
-42.6759
40.0234
1.4067
0.72084
-22.5977
62.5044
-62.0521
20.3632
10.8865
18.6753
-105.581
-35.5358
14.0262
9.44095
17.1185
60.3304
13.5415
22.4444
11.3465
-33.7117
6.14265
14.3474
18.7259
22.0427
13.2824
9.45868
59.6022
11.842
18.2569
1.44819
22.6297
17.8922
54.8716
37.4296
19.2087
-25.1786
-31.0972
23.8718
13.1926
61.758
-15.3726
20.1914
19.7585
-45.6366
25.7973
-62.0551
21.7235
-113.968
18.4598
4.26572
16.5082
30.7045
59.1509
1.33372
-27.2822
0.961441
50.2422
29.7997
18.6723
8.6979
19.1659
53.4183
62.9034
-82.908
18.1765
-0.866748
25.7367
21.118
45.8117
-29.4403
18.757
-14.4835
19.8028
7.81271
14.8154
-40.6295
16.2511
20.7907
57.0372
-64.027
15.4893
21.7041
10.2164
14.0097
10.2597
58.7165
-58.2598
-88.4266
-128.268
19.4447
-89.2012
3.55903
-8.39723
-11.884
12.2063
11.0289
-12.6846
29.2929
24.8476
44.5907
9.53252
-43.0174
3.45074
61.257
-64.6669
1.21225
-5.59598
43.0591
18.5121
6.55506
-2.49136
13.4062
17.8155
10.3664
-0.000863068
16.4768
26.1561
8.71157
-7.56369
-18.3351
4.25368
-0.0978582
13.8391
-46.0496
16.0907
13.8484
-83.6276
13.0754
6.08148
-86.6871
28.3577
-0.404657
5.64734
22.5156
0.582155
18.1752
-120.903
7.4325
19.0471
-42.37
1.03073
1.21976
-2.88947
50.4735
-38.127
22.4734
18.7225
18.1719
32.6843
3.06888
15.4458
-60.3783
-44.7585
39.5688
17.9181
8.86223
17.5274
10.6862
-90.7429
22.3365
34.7581
10.2065
18.8384
16.658
3.35725
8.28465
0.506153
-83.1018
-67.2562
0.780103
16.7313
-73.1902
1.64277
0.664309
-7.37963
-13.5228
-86.7324
39.3281
62.1804
0.556748
20.8362
14.2924
-29.6178
34.7602
0.551398
13.4552
8.88884
11.1441
24.1623
16.746
33.2514
14.1497
-24.6175
18.1504
14.513
19.4514
18.7687
1.66515
0.539093
-72.3965
22.176
5.73549
9.27304
6.08485
-100.092
19.7382
0.937641
-124.611
12.4547
18.9189
28.5425
16.6215
10.3876
1.62322
9.67483
33.6933
18.7676
-3.54108
6.00018
16.0937
11.5653
21.4703
24.8235
-24.5936
8.47757
18.3704
31.9076
33.0453
-79.6983
34.9823
3.49555
8.17314
50.6413
1.54909
10.8352
-122.63
-34.1498
26.6291
13.2934
-108.38
1.61235
28.5878
2.11421
16.7028
-127.725
9.31718
62.0882
18.3169
11.7186
4.53172
19.2353
-22.2558
26.9038
18.3829
-121.378
0.701539
1.78544
11.5631
-19.6302
29.9013
53.82
49.8474
14.0978
-30.3398
15.9978
10.0358
16.7206
-47.1908
-37.176
0.89214
1.47767
18.0073
-1.78155
8.3155
-97.6338
12.3376
-9.70999
0.445426
19.8582
-97.7375
52.1406
1.46528
17.304
39.7332
40.325
0.895519
18.8168
17.7501
-96.7117
-15.6333
14.3512
62.2482
-66.7151
-46.4162
16.6938
18.143
42.8758
50.5169
7.55067
17.9434
0.882815
17.2245
-4.88611
5.00649
-60.71
0.155853
25.9255
16.3056
23.9932
51.8446
-23.1728
42.699
19.1989
45.7174
-78.7768
1.45241
11.573
-6.40456
-98.1169
52.1099
14.8916
41.2803
19.2137
-57.4156
1.50693
11.4695
21.6679
45.157
-2.95496
40.6005
16.1833
-12.2047
7.2888
23.0544
-52.411
36.0256
1.0283
2.5685
-40.2925
25.4433
11.4857
1.53622
5.36115
21.4325
26.1417
9.25891
9.33007
17.7928
-98.7322
16.9449
20.0986
-16.3179
-55.2966
43.1429
-58.8894
4.18634
18.4289
9.98936
-66.6425
18.066
0.810648
10.7597
3.51979
13.868
2.02551
-53.0326
1.21042
1.15982
17.9736
1.77298
-41.1
12.1916
-49.5268
-112.208
15.9223
1.11863
2.37759
21.5474
35.1852
1.53087
20.1566
-81.635
16.874
-7.34243
-15.3472
1.40729
24.7047
-4.88005
13.5835
2.7047
12.6021
5.99002
-1.31757
0.72143
-10.0123
0.77805
-31.4871
0.661088
57.1863
28.0392
1.27939
13.8318
8.90438
4.61041
8.51702
-31.0814
47.3573
-2.26887
-130.632
23.5247
1.35722
-47.8888
1.31756
18.7219
13.1286
7.7888
6.33321
16.7981
36.1848
36.1455
17.2029
8.39077
-0.48023
-127.333
38.1606
-57.3534
3.92558
26.1853
18.7628
14.7286
-113.507
16.909
0.753237
8.85639
18.0109
9.29121
16.3557
-44.5647
-62.1239
6.66388
-80.534
-4.82054
4.33371
4.56031
11.8579
4.64816
33.9259
1.0688
19.8422
-110.549
-103.176
13.1323
-4.73816
24.9822
-0.153846
1.63339
-10.7158
19.3456
-36.9026
8.63944
-26.8693
14.9852
16.6633
-39.3324
28.2872
9.17461
9.85128
6.54546
29.6047
20.849
49.6678
15.115
37.1238
10.9712
31.6223
12.926
7.36116
3.76108
16.7754
13.2003
26.4324
14.953
18.1028
11.3359
-5.87374
18.4929
-32.3564
16.0682
7.18801
24.8049
-21.9747
54.17
56.2033
-35.3238
-123.699
-25.0543
0.214072
-30.7774
5.42052
8.62403
-1.15278
14.923
1.49325
4.00089
-38.6318
-126.671
20.9206
9.07302
1.54891
1.15779
-19.1555
17.1219
-60.9978
-83.5076
3.78705
-96.7027
-11.0459
-46.0713
-28.914
24.1511
9.83954
15.3481
4.00431
4.78973
-13.9704
56.406
0.66247
9.03384
5.42682
7.78223
27.8641
-129.185
6.53168
-17.3643
-69.9336
11.5445
6.99673
-47.5129
26.6141
-61.7292
9.80661
8.96864
15.6747
-47.5169
18.0193
-5.62599
24.5098
17.4676
-27.8897
18.7485
9.19434
-0.964708
10.4565
3.61179
2.17428
14.6156
-14.4424
8.45507
17.2467
32.4182
-43.3455
-127.721
28.2112
14.3162
-5.25419
-30.7905
8.14247
-62.5158
-30.6354
25.1173
-60.1635
11.0561
-2.33939
19.052
6.29701
21.9897
55.334
20.8257
11.9506
18.549
-67.5085
-25.291
18.1466
18.0992
17.4239
44.1626
-28.2116
50.8032
33.9938
14.8004
16.6802
-64.9709
-105.623
8.85193
-100.971
14.7017
14.9654
-77.0533
13.6328
51.2415
-60.4379
25.5473
12.1863
11.0166
12.7452
-111.179
18.3954
-44.1116
-90.4213
17.9228
19.088
1.48427
-31.3462
-16.5115
8.40128
-1.61662
9.42441
21.4883
-99.7654
34.1501
-39.2298
55.4557
57.0775
2.85699
45.8079
-3.22559
19.0552
6.16634
9.08875
1.27749
1.41121
13.8401
-9.41503
18.6111
-105.395
-7.58695
11.9366
-11.8164
11.476
17.399
7.12896
-81.4745
25.7346
3.00821
3.65018
6.61489
13.3079
60.0671
36.2407
18.6101
-84.7992
9.66771
11.0611
13.2924
-99.3656
-3.84508
-7.46215
6.58171
2.19964
7.06421
16.4266
10.6617
31.3214
3.48476
5.21377
4.88335
22.6247
9.39954
13.0899
17.9845
27.3874
8.67959
5.57139
-55.7289
18.1783
38.6706
1.32047
17.7385
1.39683
-4.51459
23.1886
43.8129
21.4154
12.1595
11.6397
18.8355
39.2188
51.4366
5.70211
36.7875
13.6545
3.66648
-20.1782
22.1241
1.4824
50.3201
-33.4736
0.882903
17.4736
16.7086
-8.01839
29.5904
-67.2303
-23.946
11.005
11.1897
14.7062
-4.1798
-108.653
6.62449
31.1146
-10.7957
10.2148
-13.5253
1.26784
-15.5994
11.7491
-123.147
17.9396
1.51199
6.98747
10.0444
8.85841
8.76793
26.3014
11.6815
2.1831
-110.917
1.92185
13.293
20.8828
-99.5995
18.9358
6.54424
18.0839
7.06309
18.4078
52.3062
17.0693
17.8336
39.8838
8.73982
10.7999
9.24975
0.604117
52.2183
60.3483
0.243034
-64.0889
17.934
1.41029
8.71584
2.04491
35.3106
0.0736898
36.4099
26.9533
-45.677
2.0502
-11.1719
14.9693
13.3998
-5.11179
8.6648
16.9237
22.7112
-44.5394
-8.42694
-3.09138
9.20214
13.6425
15.4346
17.8981
17.9975
4.67302
-34.9986
16.3525
33.8651
18.3731
38.1134
9.15083
4.18073
16.1786
3.0993
37.2368
7.43683
15.2259
2.83126
2.29812
-129.802
12.4135
2.98507
0.846684
8.43265
-12.7105
21.3814
1.51024
0.823956
54.2311
1.59887
14.2651
-40.4725
-6.10519
38.4587
0.903346
27.745
16.7675
18.8651
43.9501
2.10122
-99.5377
7.87591
49.035
5.18383
-1.54298
9.6787
-31.5506
-100.956
2.56071
19.4657
3.65952
35.509
18.5233
61.4288
-101.809
-120.546
12.3389
16.3017
26.6123
10.113
4.7749
9.71491
38.478
29.1182
2.04971
34.0414
17.0663
34.1477
-22.2186
61.0625
-101.955
-78.4554
7.89839
4.98788
59.8215
4.30277
1.75941
17.9987
20.4935
-105.457
21.5308
20.7218
16.5482
17.3856
1.53381
23.0574
46.2819
-11.9346
53.8243
-10.4726
17.7475
-44.5481
19.9945
19.3236
19.8541
1.81511
12.8749
0.563417
43.2018
15.201
58.368
9.5999
-8.05697
13.32
27.4038
37.4825
-70.5145
8.21114
49.529
3.02696
-13.7753
9.96683
1.02136
3.16338
21.427
32.6803
-113.326
13.701
43.8637
4.24703
17.3756
14.6673
12.5135
-21.3765
0.65125
48.7576
-39.342
1.22598
-86.5908
18.5851
-68.5667
13.1735
18.6294
15.7839
52.2734
5.00004
5.16381
28.7556
0.62245
1.36699
-54.0961
8.87114
19.0026
-0.865423
13.1633
17.6151
8.94702
18.625
20.3301
13.0279
12.9795
16.8056
3.8827
54.3635
18.5457
-75.9186
6.44518
11.7732
58.1477
25.1441
1.34742
9.25813
12.46
20.6472
-121.561
1.5833
1.21468
9.70312
21.7862
48.4215
-23.3173
59.4946
-86.7397
-5.30263
16.2232
51.4197
10.0559
8.7112
9.264
8.01601
21.7649
39.6247
17.1626
-31.9993
14.8013
14.5883
-31.1814
-78.2251
-31.5774
-128.286
7.37576
17.3864
1.05292
9.09369
28.8678
11.2789
-108.153
11.0214
25.5868
-1.34773
-3.57878
-13.9325
20.127
52.313
19.3251
17.8848
1.06884
4.47065
19.1131
1.53446
-15.458
-9.48427
56.5909
1.32123
1.4384
23.6971
-122.221
-40.8534
11.4632
55.5624
17.4271
57.2187
7.35622
28.1752
7.18243
3.72189
7.77418
-87.0555
-1.89091
18.8073
30.0669
-109.377
-67.922
0.816707
5.7953
-17.8817
15.2359
18.8163
10.7054
26.1945
-115.098
-94.5581
2.75111
10.5692
21.1325
0.575692
19.1372
22.4665
16.2295
0.781893
4.414
16.878
38.5975
-52.3359
19.7463
41.7904
0.695964
17.5038
11.8691
1.08847
10.0298
11.3703
50.8432
38.7204
-122.121
16.7826
-9.21032
-15.2959
17.0654
22.4756
-53.5795
-61.9456
27.8462
14.874
-104.87
-2.62286
-68.4058
-56.2726
35.2525
-77.7495
17.4247
-83.849
-40.331
10.1825
1.30854
-115.388
-119.493
19.9255
19.8882
-6.7078
11.1698
21.1429
-115.466
10.5074
-40.5557
10.1384
27.0518
17.1751
-6.74274
1.33707
39.0683
8.62422
2.21955
-29.7964
1.39114
8.76504
-31.6629
6.93687
15.9215
45.2332
17.7966
0.610531
1.41845
51.6725
49.0756
2.18746
45.2304
26.5059
-84.1773
38.4977
-98.0132
-13.62
12.5049
-90.9209
54.8759
3.31792
2.15566
13.9848
47.1071
7.11317
18.5339
8.6294
-12.6702
8.84899
2.18606
26.4014
17.6451
-54.8856
-14.3801
10.2162
11.2608
18.1981
30.7061
54.0651
18.9939
21.8387
-101.001
1.00054
51.2513
-52.8275
-72.3548
1.07139
9.5757
27.5657
27.0153
12.6628
-58.1625
11.321
-114.805
-10.5924
-8.57374
-84.5332
24.0428
1.60998
5.66115
25.8231
0.602887
13.7311
16.4622
7.60699
-21.1355
-32.8004
-118.911
-29.2451
17.0217
14.8288
-2.87608
9.25763
-118.371
-3.20369
8.57014
3.70881
-63.545
16.2697
17.7231
-18.0646
9.03733
17.351
18.2594
36.6801
23.254
-1.01549
16.2904
-31.6783
0.985398
8.52547
6.93753
18.4762
-5.31698
4.67441
17.0952
18.8621
8.0379
-1.89812
18.7859
24.2227
38.9942
-0.854525
-9.03635
-106.636
-44.8006
18.2748
15.6555
18.6329
2.08272
17.6532
12.8681
-4.7715
2.62144
28.4121
41.2486
-12.3009
0.400939
1.17052
28.9018
11.0585
-48.2664
1.42917
0.788594
15.0393
19.5829
18.9203
18.4909
-2.18882
26.8492
-9.02746
19.3854
-26.8261
-90.6636
1.22626
16.6031
14.7526
12.7652
-60.2813
51.7878
56.936
12.5488
22.9677
18.8934
1.00233
18.8611
19.0813
23.3563
15.1027
39.6837
20.769
-16.4439
-19.6822
13.0435
7.41458
-27.0208
1.49764
18.0369
25.0721
10.5145
1.78637
16.6857
-25.8894
1.90565
17.699
21.7808
-14.3326
-71.0755
10.7257
5.9304
1.59705
-59.8347
20.5798
18.4894
-33.1815
17.8528
0.507557
-5.46166
-78.1979
12.5182
16.7593
-5.99732
0.927296
-46.5868
-33.9109
18.3225
10.5584
-25.8312
19.6812
2.88281
-46.5677
-39.5018
20.1877
25.3995
14.8249
-121.239
17.0566
16.6792
0.743902
15.7159
-41.3729
18.846
-41.5657
18.7178
0.809729
-28.6615
6.93188
13.4449
11.0475
23.3121
50.1435
5.04694
1.27227
7.74586
55.2587
18.9883
18.6639
-74.2082
12.1247
12.5171
45.1906
15.757
18.8433
18.085
19.119
-115.591
23.0811
-63.6058
-67.9133
3.35488
1.13817
-99.5428
13.3807
4.15295
23.2023
-79.1857
5.59475
5.64327
-17.288
-10.7595
15.1042
-111.233
13.7573
-103.501
22.9079
-78.7346
1.79664
57.1793
46.0495
18.573
19.5808
5.16618
48.9127
43.318
56.685
-24.0853
42.1779
19.4688
19.0696
1.14713
13.4683
22.2087
-75.6347
8.99232
0.155906
-92.4731
-24.3624
8.45322
9.61375
-32.4137
54.6967
35.0333
1.61808
-45.1315
8.26404
0.642301
2.11711
23.7346
-111.03
12.7702
-36.1557
8.13486
-97.1164
57.5857
15.2854
13.1258
-71.5738
1.51037
13.7924
6.6143
0.849763
10.8284
53.2525
13.6247
38.9892
42.1735
12.0109
-90.4633
-12.1529
10.6895
24.7722
30.0289
12.6079
-33.3693
16.8686
18.6749
-90.63
-8.31096
9.22771
18.7594
32.9654
61.2974
2.60241
5.04921
-105.581
2.47449
35.3085
7.23346
6.544
-109.198
58.6352
7.24438
-72.0155
14.5185
-79.3629
18.2204
18.4031
16.3858
17.1288
1.63031
12.9633
2.39151
31.2095
62.9211
5.45421
2.12824
9.51617
7.91606
-2.12835
8.82077
54.022
12.4871
3.47165
1.37033
-74.5558
6.03715
27.9705
7.14099
18.0278
-42.588
0.842283
10.8195
18.0217
13.8001
15.1026
-95.2204
3.05686
-95.446
29.1173
-84.803
-30.9772
26.029
14.6951
-66.155
40.3035
6.35406
1.66903
2.8023
18.0034
11.3318
13.5957
2.66685
14.8654
42.2945
18.1882
9.01269
16.1348
20.6541
-20.062
18.5615
20.0114
1.14926
11.8939
32.3398
30.3973
1.23721
-1.47104
-5.41314
-63.8713
-45.6382
17.5658
14.5475
-0.254522
1.64936
-16.9949
-110.613
18.0303
17.0866
17.175
18.9191
4.37789
20.3017
-28.68
-91.1834
1.28836
8.87907
11.3503
9.87079
-21.118
40.2811
7.15436
16.3106
-66.8413
15.5663
16.0547
0.663197
1.58448
3.77736
50.0781
12.5051
18.3071
14.4766
18.4062
16.427
-98.5926
7.23384
5.97348
-116.182
21.2606
11.6022
-56.2024
1.11381
23.5375
-98.0903
-58.8845
54.8764
-5.85448
17.034
-74.4531
55.4617
-25.0293
51.3913
-77.9198
-3.15337
-83.0868
-95.9635
15.2655
23.0233
-8.45557
20.2281
12.9811
1.84875
56.0963
17.3326
-1.50771
1.78443
-69.4619
1.62073
20.8262
2.96531
27.0249
16.7628
12.7805
14.8961
-118.948
1.35129
18.0486
16.3124
10.8344
16.8285
1.33092
6.58128
8.84334
10.493
18.7823
8.30388
2.42855
15.2647
0.807057
-19.5461
16.8435
8.71418
44.3972
3.49454
7.23514
2.13689
26.5179
55.4788
14.9402
44.4889
12.2823
19.0823
-12.2765
33.4657
1.37366
16.9614
30.918
15.1479
9.9402
0.719681
17.3876
7.82323
2.08261
-5.56388
-27.9426
-75.945
16.9283
-5.30096
15.4018
-26.0432
1.45823
3.85193
41.6087
18.8344
31.0955
17.2365
58.9624
17.6585
-4.97668
7.75504
28.6429
17.1641
2.31671
-73.0373
-1.51033
30.2245
17.8889
-40.2692
3.98808
20.5362
5.24575
39.6582
-0.0318593
13.5742
18.1529
-8.26366
16.4114
-18.1192
13.5433
13.1366
-70.2474
27.9226
16.913
5.83939
18.0469
16.1783
30.1972
27.1395
26.989
18.3869
1.74025
4.9278
14.1246
9.82602
1.29153
-38.7473
18.0728
-112.883
36.3487
18.0622
19.8277
17.9229
28.7249
-13.9773
18.4894
11.326
1.54968
-24.0423
-99.7628
18.9318
-21.5099
29.8309
0.919523
33.8996
4.16411
-18.9577
-52.7024
2.92419
19.4592
0.473054
17.5902
-92.7966
2.08344
17.2296
2.76701
-1.15084
-22.667
-51.0245
24.435
2.92268
14.0292
8.65879
20.3995
9.00695
-117.505
-41.5078
7.70161
33.1586
3.62806
18.0199
20.0688
-57.2808
23.4956
15.2287
-11.5829
-11.9289
14.38
-1.98921
-79.9347
9.75702
2.61088
-39.412
-102.66
4.2483
2.38588
18.2225
32.4688
-3.93522
26.614
-111.203
1.1549
-40.3235
6.91401
2.32034
0.448413
13.5378
52.2446
52.0206
11.8918
-122.459
8.24371
-116.384
-10.4208
55.6194
52.601
0.727958
4.38847
18.7548
2.34915
0.436857
7.32129
-61.5151
24.0906
-52.9754
1.11085
-112.4
13.3163
20.9138
-53.3027
7.04447
19.355
20.3718
0.55663
17.1019
0.826886
-28.7661
2.02527
6.59822
4.2648
18.8934
45.6644
-21.7083
25.6305
46.7597
24.7995
-124.057
14.599
-7.56407
7.3387
1.1086
8.52356
1.87429
19.0103
-30.8388
2.26799
-100.962
18.4992
20.1122
-125.19
9.05429
4.55247
48.2071
8.94313
-96.4643
0.864431
0.798161
-95.009
55.6633
11.7597
14.2577
16.1174
-50.2451
-41.3151
55.6915
2.1448
21.8496
-113.087
24.1166
13.2028
-66.4878
16.5041
-10.8861
0.881793
-44.082
13.7159
4.01153
0.701186
-9.21814
42.5615
16.2571
29.8955
18.0203
28.5278
38.024
-86.3262
-110.816
-10.0921
53.9483
25.2772
13.6517
57.6083
7.31354
-25.4629
58.7024
-67.0313
8.68453
53.3231
6.55659
2.31173
24.3411
5.55077
-1.59831
-104.705
15.1247
17.643
-48.448
10.2116
15.0203
-17.2312
13.4893
-36.9337
31.1112
-16.9089
20.3322
8.7641
-11.2605
1.56312
10.2506
21.2278
-17.1258
20.8164
-36.4673
18.7816
-7.33655
-11.4858
1.57248
60.0996
1.70195
15.7485
-53.3516
-37.7192
12.9827
7.82276
23.9329
27.0551
18.9924
2.73686
15.5203
6.97512
-8.73135
-86.9259
16.1016
52.6505
-60.7814
32.9767
4.86076
1.55907
8.68729
-3.8296
17.7757
36.1214
-16.8776
26.3361
-6.75623
-20.0158
0.87493
17.8063
-1.52432
41.4409
40.6577
29.6747
0.912803
-2.77264
-49.0362
-42.7198
47.9873
1.4357
11.8002
19.5184
-36.2931
18.7472
1.15237
22.1589
-53.01
53.9366
18.0534
4.60161
12.0085
9.3346
0.703376
43.722
-14.8655
-42.5156
53.6236
0.615717
17.5999
-34.33
-29.8083
23.2791
0.621295
-88.9586
17.9477
16.11
21.4597
8.31811
16.8841
0.757565
2.86167
19.4074
55.6764
12.8919
3.55375
-84.2665
-51.4063
9.57358
0.793093
10.7014
-103.781
0.751147
12.1107
-2.28362
3.78172
-56.5176
18.6092
-3.71702
0.529936
39.7718
-1.38779
-34.729
22.4248
16.4
14.8836
41.0626
46.4838
-14.9956
4.11914
-20.8302
17.8598
0.215206
8.80731
8.25039
13.8143
-25.8218
2.87549
16.068
12.3806
-46.9635
15.927
-45.5211
-69.4456
18.4507
9.43576
19.6023
15.9492
5.93825
-29.3158
15.0581
-22.8121
7.14015
15.3815
-94.1799
4.61155
-45.7673
-52.7858
10.9639
11.6128
10.4333
-16.7226
8.04073
-32.6303
21.7303
8.89111
8.73237
2.59286
12.8679
6.73973
5.03279
11.7039
1.2029
0.629318
17.5394
-55.5719
-11.1527
-73.0879
33.2546
28.1849
22.2765
7.20347
56.2807
-15.2393
33.2237
-23.2224
-73.8933
14.3902
2.1107
15.5658
9.32187
14.8185
-80.8193
5.51872
-39.3672
39.7305
12.0017
-36.4709
3.91776
-50.2797
1.3717
17.176
6.15671
11.9411
7.7732
-27.6096
17.2119
6.57213
-5.49201
-48.286
-38.7733
-15.1035
-7.75611
2.09425
23.7112
5.97249
50.6239
-123.939
16.6527
23.0388
19.3495
0.975556
6.09018
15.8927
8.99473
32.9276
53.0052
-3.75226
18.2609
58.7934
-40.2903
-17.4621
2.06636
53.4375
-30.7629
-37.1864
13.997
22.7101
28.1099
-31.1571
6.92517
1.88555
-22.8546
0.746839
-0.164263
-82.6233
-16.1284
12.6515
-1.83022
1.45279
0.720432
9.52897
9.28446
-20.8812
13.5706
30.6447
6.88584
-33.074
16.0801
15.5466
41.8856
47.208
3.1448
-0.65054
-1.36456
15.242
-4.41655
15.9806
-70.0693
9.97098
4.38541
16.441
27.5611
6.6041
-20.9516
11.5015
34.752
-87.6304
11.065
15.3411
3.12349
5.17364
11.0828
-12.9993
9.94255
10.8855
18.1104
48.4628
-36.6924
8.35134
15.3277
11.1854
18.8799
18.3458
16.0213
51.3999
-0.0380971
4.53767
-6.4485
6.44544
14.048
-73.3343
6.17273
16.3496
21.4629
18.1222
34.9006
45.5073
18.1758
17.3922
16.8128
-20.5121
1.01517
-26.3397
14.9861
-64.2505
29.3603
-25.7028
51.661
-31.1665
1.11544
-13.9359
20.6569
46.2146
-110.977
62.2243
1.06632
40.7393
19.2369
15.1751
15.5342
7.2424
48.032
16.1636
8.82364
16.3591
26.912
19.2516
16.3773
47.5509
-58.3473
8.85014
2.2729
-7.22561
20.5066
2.01379
1.47671
18.0813
6.6217
-2.39314
15.9362
20.9429
0.628412
15.1149
43.8161
39.0459
12.2559
21.2635
37.3389
3.36724
62.1906
45.1223
8.82279
7.01885
-69.0669
7.37049
22.1355
-51.5141
18.4005
-130.939
16.4729
8.94296
-66.3599
-73.1961
19.0689
1.21298
1.49997
1.35774
-0.680203
0.904208
17.8477
8.59971
60.7272
-28.3363
-97.9455
18.5014
-9.55567
1.46046
8.65951
13.5939
11.6392
56.8674
15.6193
14.8003
11.1116
18.2805
0.859863
54.0399
59.5577
-106.629
-3.17328
24.117
24.3208
24.3661
-11.7392
60.3655
22.3334
28.1645
-20.7553
1.28446
57.9637
1.4199
18.833
9.27025
18.204
16.3067
17.077
1.02794
7.06812
13.9913
-4.61843
10.4224
-68.8051
12.8604
-92.7937
20.2897
14.7446
24.9217
16.9694
16.6758
21.9755
21.4934
-39.3558
18.6915
8.63474
59.3709
1.00804
-14.9367
16.7486
19.5773
2.1019
-69.6947
11.4261
0.693073
22.8409
11.4423
3.16739
16.7311
-37.6147
16.0813
18.0836
16.5356
23.2374
1.52465
-12.8282
15.4485
12.8143
12.4537
-19.4394
13.2305
21.4298
14.3789
-18.2261
14.4945
12.5732
8.99997
28.6713
-16.2844
10.3475
12.8166
9.83131
14.2597
17.1748
8.29981
17.0435
-41.88
6.14107
-16.3404
-27.2466
14.5792
14.7678
8.79182
16.9925
4.53555
13.5093
40.2696
41.7418
19.0343
48.4342
7.10512
7.55276
8.11055
1.51761
24.4716
19.1482
20.4468
-2.17167
-66.7636
23.6191
-45.0082
10.9494
53.2883
40.8164
-38.693
27.8478
2.40498
10.0833
1.94875
54.2223
-16.2392
-74.7687
18.2783
58.7383
1.77847
15.8161
1.70521
13.7312
-17.7343
-12.6285
6.73668
56.0476
59.307
1.48183
-74.5601
-2.16092
-81.9432
11.0944
0.55312
13.1469
18.3663
2.95483
-31.4581
1.02411
16.1837
13.3704
16.5602
9.6264
47.2132
13.942
-3.95449
13.4038
-2.1876
12.7645
-13.4076
1.53083
4.71764
12.4123
-76.2666
17.7827
36.2843
6.3223
1.42816
8.50493
0.641691
21.2663
14.486
-73.7489
8.28727
-12.0911
-9.25746
21.5854
-24.5062
18.7264
-1.06244
-99.0874
-55.5364
14.4014
-1.44055
9.18338
2.22032
52.6877
13.3227
-26.5767
28.2899
16.1013
-2.09083
19.3913
20.9428
-53.2723
-55.4471
11.5508
16.5368
20.9464
19.3718
20.6561
1.41032
61.2055
16.7662
8.18899
4.75504
15.736
16.9449
-25.693
-73.2931
-35.6308
1.86267
-17.7132
-16.5551
47.0583
2.38503
18.9154
-40.9776
10.4864
-74.4702
2.49219
16.8868
19.2009
3.85948
17.2507
18.2964
17.2851
11.7296
22.0679
11.9158
17.4666
31.2946
13.3175
1.66608
17.9499
17.3075
17.5695
-36.2011
17.6302
2.86862
31.8873
17.5001
-75.7853
0.340155
8.8537
34.2378
12.8107
19.1063
15.2622
9.74879
38.4253
-76.9376
1.67843
-27.3814
0.568008
-90.7132
2.57469
34.1943
5.74649
-1.31682
-28.9859
50.6907
2.18943
11.8797
15.2237
25.4818
-36.9727
4.2812
14.4401
8.53111
7.93846
15.305
17.4263
28.9724
18.1874
23.7332
13.7856
12.2798
6.07033
2.15343
4.32083
8.74386
1.11431
8.28966
-2.89272
61.3306
8.0618
13.5531
-30.5978
19.3354
27.2911
2.03565
58.6623
1.55409
12.0523
-10.7453
6.08648
19.3444
57.333
13.6249
28.113
17.3883
-8.3784
0.876466
0.831594
17.2001
19.0445
5.98794
19.0328
1.01017
-10.4257
-3.58002
33.649
12.5422
-12.9659
-2.29085
1.5893
-92.8441
-5.55383
18.4138
-100.841
-67.0025
16.0497
-29.6007
-16.3116
-27.2479
17.6883
8.59485
9.94477
8.05079
-55.4085
-32.4238
18.6472
16.399
19.9366
2.55039
23.2603
19.1816
17.4967
21.4642
0.637322
55.9609
28.8015
-52.2091
6.8317
11.8565
1.46699
40.3097
16.65
-37.8923
1.95972
17.6937
-14.3673
8.83049
-73.9481
0.816041
41.1186
18.3935
20.6475
-15.9796
53.9796
12.1799
16.204
33.1514
7.25125
1.69915
17.6253
-34.2722
-22.8097
9.33603
16.9275
36.4457
18.5854
10.6708
-9.11496
-13.0445
1.45801
17.2875
-71.9625
19.2312
19.9416
-37.1515
16.81
55.3654
58.7179
37.3935
21.5624
22.0533
28.2344
3.89664
16.0901
19.3583
12.2039
9.86325
-58.1042
-3.00477
-18.3937
15.3196
13.2256
-70.2078
-8.53191
31.2526
13.9196
9.19528
-94.0573
9.97986
3.68564
40.9192
1.2632
1.04681
12.8476
7.91691
9.11883
5.4063
17.4562
18.7663
21.4662
-93.4304
-70.1246
1.81366
17.2703
-6.97705
50.3507
8.63142
17.1137
-103.758
15.707
19.283
9.91621
-6.72104
-73.7066
5.25902
59.1583
41.6139
14.3338
14.5879
14.1634
51.305
2.34414
21.8508
-84.202
42.1053
-28.9025
2.62329
11.7991
22.2359
17.4846
17.411
11.1273
-6.23248
-55.2304
8.69244
5.62655
10.0614
17.6202
13.589
53.7157
18.7939
-21.8234
-2.78892
24.4804
10.928
22.3633
2.38701
12.2925
-81.3884
-45.3283
16.5037
6.49869
21.4663
17.9298
18.2223
15.3383
14.3528
-1.12614
18.9706
18.7296
-0.678644
-87.5935
17.0512
29.657
1.45573
1.45694
-10.9907
10.6113
4.33826
19.6081
21.773
11.4531
17.1941
3.00903
-19.5983
22.7237
5.96663
6.2821
19.166
7.50429
16.6321
-50.75
18.4878
-14.7721
9.15103
49.1976
9.01715
-109.674
12.8624
2.3504
-1.0043
-47.7293
0.778886
-64.6439
5.84789
-97.4283
-13.6088
13.3921
-13.7076
-101.791
3.97007
-0.213688
9.75584
52.706
9.43354
-108.751
46.1946
-96.101
4.79062
47.1775
17.0536
0.722078
-17.9075
18.7676
18.1927
-53.9938
0.954221
15.8023
-11.6004
1.58789
47.4158
-63.1608
6.03776
13.1796
10.9249
17.4904
-0.919397
17.4177
15.8681
44.1468
1.46163
-3.64981
4.96763
7.97391
16.6765
-11.4047
19.376
-43.9319
16.4249
8.71539
-91.4201
19.3523
7.7725
51.2267
-4.11032
7.55644
60.1024
19.7473
-23.3657
49.3144
25.3321
1.93552
14.3518
16.5356
-34.9903
-74.9821
18.1753
32.2432
-9.92819
31.26
18.6459
16.5973
14.462
-90.7366
-30.9679
16.5396
16.9847
1.91186
17.6974
-40.8062
-25.617
15.1177
-38.8748
55.1134
13.2273
31.1012
8.761
40.8755
-8.7074
-78.9871
11.9473
17.293
-58.5175
5.34607
-37.0166
13.4464
-39.2473
15.8535
15.2339
-0.448231
-11.1632
-35.936
14.1054
-58.0403
35.9385
12.7656
3.0256
1.55076
-100.013
-2.76483
19.2562
19.4306
7.56389
6.26679
-84.0456
-20.2312
8.37475
20.0378
-102.967
-46.8129
1.42708
-7.8397
51.9991
1.12232
-11.285
22.547
22.9858
17.2643
0.695174
0.566878
15.1812
17.3004
-9.71148
34.8099
18.7525
20.9808
4.6225
37.7749
17.4019
17.8637
-37.8235
-67.3637
55.4165
56.2106
17.2464
16.5257
-75.3407
17.521
15.9135
13.9133
-8.79497
-0.219444
-2.7315
-102.167
19.3791
9.36189
9.30772
-92.6516
-34.7301
1.22816
24.8454
-59.3393
-59.6872
55.5472
17.6663
7.64443
45.3659
17.4276
3.48072
28.3821
10.4297
14.1917
15.548
-57.5356
7.66036
17.382
1.74332
22.1534
-28.2904
47.2429
12.0354
18.6045
14.4699
-3.17772
-9.31253
19.287
12.9904
-22.1557
31.0078
16.3889
20.375
19.2695
-35.3333
2.32313
6.08607
-41.6764
17.3576
17.3414
-13.4585
30.6092
-1.17251
-79.383
8.77397
3.26995
-60.3612
11.5694
17.1375
-33.5442
-14.8387
45.0119
-37.362
-53.1262
-48.126
13.7435
11.168
18.3648
-68.2414
-1.19804
-116.554
10.2876
19.3234
17.2094
16.3443
7.59155
4.63311
1.98725
18.1669
0.818484
15.6268
19.515
11.8679
-6.89675
13.6532
3.48453
17.0695
7.73359
54.4505
21.1846
-38.3281
1.45249
-23.3533
12.9845
17.1007
10.1625
21.6241
18.846
-44.3763
-0.0520778
11.7202
-1.457
11.791
17.8859
32.5817
14.3171
-18.3909
20.0625
-1.90184
12.929
-67.2499
9.18187
-17.8204
26.2979
-28.0728
4.45723
5.28118
-25.2781
30.0886
44.6634
-72.6481
12.1297
16.3921
1.37196
-12.9357
5.36678
34.6019
13.7535
5.45181
6.05371
-0.156304
13.7704
12.6254
21.9695
23.237
17.2749
43.9035
17.3596
19.2029
2.09304
11.7388
5.09267
-4.9625
16.6574
1.61801
3.63571
18.6679
20.6477
17.6799
19.3181
2.57897
-114.676
12.4006
18.7442
11.2869
5.34312
53.0643
38.2592
2.17412
-7.70699
-32.9999
5.36902
31.0406
2.87783
1.81886
14.3742
-36.0476
-3.42438
14.3027
13.6929
-55.8285
-98.3378
-8.74372
2.22316
18.5708
54.493
-2.97514
17.4696
-51.6808
5.35474
-15.093
-99.7922
1.31464
48.1389
-55.3219
15.3845
6.76063
-35.7087
18.5749
4.57196
19.4545
32.9625
-93.4367
-1.69667
6.17285
-3.15659
2.53053
20.4619
40.7199
18.2147
1.29174
0.75781
-107.225
16.8955
16.3722
-97.8058
-71.9402
9.20989
17.4679
-27.4286
46.0974
1.03966
21.0939
16.6689
27.9083
-51.0014
14.0554
5.63358
1.50225
24.5158
-85.9863
21.1029
-105.064
-4.71639
20.265
10.6689
15.2886
3.83615
-30.1778
18.1501
11.5465
14.4022
46.6586
17.789
-7.88869
7.66169
-23.1587
57.4872
12.4106
21.7969
-10.6968
2.52563
6.14335
1.03223
10.6
-11.6365
-65.3613
15.252
14.9194
20.9081
1.48328
2.88021
19.2078
5.20145
-41.8004
-3.6822
-81.681
38.4267
18.6992
9.4206
11.2747
16.2572
0.676484
9.08078
9.55365
5.88589
3.7893
6.06568
5.81796
36.1996
23.5347
-40.4107
-85.9731
4.38181
6.12302
46.325
-9.31383
-85.1412
24.6376
6.34725
18.2752
16.9965
-106.259
-9.33515
23.905
6.04938
8.52647
20.301
-8.16454
18.341
0.624714
17.6872
-51.914
8.86898
8.60749
1.24642
8.82684
14.1366
-74.8423
1.5451
20.5404
-12.2012
19.3318
7.81203
3.08465
-38.4983
-14.0538
5.40492
17.6579
20.8621
36.6603
-2.37194
25.5093
17.3619
4.52403
-12.5907
2.27059
-94.3557
9.08069
13.219
17.8835
20.2649
-16.5715
-15.5671
-103.406
14.7036
8.12618
19.9323
33.0016
-57.0696
-50.4084
20.2321
14.4489
-95.3078
-7.82294
-68.9187
12.5811
17.8929
-55.2119
-10.1451
12.1654
14.5812
32.9283
6.3253
-113.151
-50.0366
15.689
-58.5788
31.7482
19.1516
19.5201
2.74494
8.52115
-13.6972
17.4608
-42.2647
54.4017
47.3317
8.22465
4.31698
-39.9874
-92.2424
5.80534
18.1849
5.49567
5.09186
-6.06205
18.6302
47.9675
-2.0583
8.85938
-20.3811
-7.18083
18.1227
9.02032
-18.7071
46.9209
-70.2986
36.7989
50.0344
16.54
18.4825
17.5932
-6.00316
22.1186
28.9362
-16.3105
6.98054
-27.2516
-53.2542
16.0054
31.7906
7.76929
25.2357
-88.4433
16.1442
49.4798
)
;

boundaryField
{
    frontAndBack
    {
        type            empty;
    }
    cylinder
    {
        type            zeroGradient;
    }
    domain_boundary
    {
        type            zeroGradient;
    }
}


// ************************************************************************* //
