/*--------------------------------*- C++ -*----------------------------------*\
| =========                 |                                                 |
| \\      /  F ield         | OpenFOAM: The Open Source CFD Toolbox           |
|  \\    /   O peration     | Version:  2.3.1                                 |
|   \\  /    A nd           | Web:      www.OpenFOAM.org                      |
|    \\/     M anipulation  |                                                 |
\*---------------------------------------------------------------------------*/
FoamFile
{
    version     2.0;
    format      ascii;
    class       volScalarField;
    location    "320";
    object      sigmaEq;
}
// * * * * * * * * * * * * * * * * * * * * * * * * * * * * * * * * * * * * * //

dimensions      [1 -1 -2 0 0 0 0];

internalField   nonuniform List<scalar> 
11800
(
76911.9
80935.9
80561.6
83761.6
76938
79994.3
75359
65555.2
80835.4
62589.6
75748.6
96026.6
26352.9
73440.5
84480.1
372250
71623.6
60582.1
98027.9
54647.5
78781
93512.8
225123
200448
295067
239038
135665
89705.6
162715
195085
81306.2
95416.9
216122
88346.4
86971.3
83778.5
85061.6
225609
75681.6
60270.1
141577
168763
95597.3
201868
84876.7
346645
202885
223563
76142
63722.1
100362
88076.2
85948.7
123665
389206
450320
48967.1
84308.1
72377.3
72246.8
420397
87650.7
74092.1
71481.2
290481
72036.7
101376
87663.6
51685.6
218140
90762.1
78560.3
74931
502953
413605
87244.8
278280
65124.6
78403.2
83050.1
402804
58167.7
75855
79522.6
61131.9
186450
84092.3
154850
133819
88692
81018.2
253342
79438.6
50417.1
58054.7
44937.7
5727.1
44134.1
83638.6
86901.8
63164.4
94249.9
237094
125088
86915.5
100065
62501.2
71684.8
379820
142311
173469
121770
83684.4
90893.8
56133.5
348371
66505.3
82442.5
329674
65677.2
86429.2
76597.2
64405.1
65541.1
77163.2
84993.8
85656
81999.3
77110.4
35768.9
544044
301171
81654.4
181707
84844.2
148245
128839
81894.2
158623
82273.5
129778
113743
129504
76790.4
64962.1
64654.8
137307
150451
94961.2
115697
82830.9
81161.9
84388.5
79442.7
66887.5
82184.3
89822.5
98062
212334
84326.6
434279
78819.9
280080
86171.5
96193.3
113705
70525.7
80132.9
505195
228750
85459
87629.1
74685.5
79762.2
83172.3
335134
339719
127855
108808
156474
84561.8
81814.9
70290.7
83394.9
76140.2
60546.7
109847
76468.5
62786
79054.4
81724.9
70599.6
79611.4
107281
105864
133602
492900
83653
65311.8
558994
73368.7
66168.6
72873.9
86998.6
87582.5
104693
96712.9
89364.7
79639.1
533622
151162
208528
746804
451304
633605
123042
77800.6
145042
121050
105636
80324.6
76859.5
69628.9
57140.4
99845.5
55822.3
365029
94702.8
60570.8
80081.3
82120.7
66120.2
76771
84720.7
86448
731051
358232
74516.6
80260.3
136666
119044
84937.9
86696.6
169160
142416
122406
85594.1
208169
81170.2
81731.5
77294
70280.4
86307.1
116231
68594.6
103108
620978
64407.4
67882.5
71759.5
74400.2
92698.7
109267
131802
76879.9
78547.9
88074.1
422645
67276.1
72700.5
86244.6
75348.5
46437.9
87209.9
548047
76716.1
76429
90762.2
81435.7
83572.4
76282.7
203378
176968
70373.7
75493.6
73863.8
76467.1
116828
140160
113905
254573
274696
342348
75252.8
79461.1
79428.2
316819
320522
121487
120682
132653
132080
81609.2
67915.9
73165.6
532107
81206.5
85923.6
68117.7
70870.2
61405.4
118645
108991
300399
640473
188404
62240.8
113786
97134.6
79002.6
70315.8
88202.3
84720.2
79303.7
101979
69950.4
89383.6
78340.2
66261.4
77617.8
86569.4
284809
68246.4
82663.1
484614
71762.5
133341
99440
99339.5
108007
106854
75177.7
74787.6
158075
187474
155977
372335
55441.9
147548
128797
82144.3
72892
75720.9
66506.3
81170.7
78504
74617.2
89178.2
104015
65900.5
83285.4
90824.2
98627.8
79099.3
64428.1
123524
94522.6
104469
68112.3
67134.7
70244.4
69774.9
174304
75292.8
80944.9
163949
129328
155031
160277
79812.9
80923.3
66923.3
66252.2
86736.5
98459
78508.4
87873.5
65900
73840.5
71759.6
64807
172259
78223.2
133954
205736
92886.9
83484.9
583011
81902.4
218542
96929.3
88369.1
425502
77810
235558
82378.7
252485
231414
212970
67983
24818.8
82625.8
670462
571863
172252
80639.6
73931.9
79923.7
60677.1
66761.2
62647.8
108161
413395
17999.1
87901.4
71317.6
483798
59924.5
66900.4
60070.7
87822.4
63472.5
75704.4
492443
138570
83888.1
101989
86143.4
76706.2
65763.6
233442
81102.4
83970
79799.2
220368
73602.2
405931
78890.2
81596.2
85161.3
72723.8
65047.4
219436
68620.5
108554
134498
78693.8
103037
116459
139355
76043.7
81609.2
44752.6
67791.9
67563.9
599643
94875.8
84745.6
76115.1
73288.6
59531.1
83751.3
58117.3
66957.6
88160.2
52844
60382.4
85846.1
85271.7
137816
77742.8
116579
158967
114481
73632
464606
80159.9
113164
73753.6
59441.1
418641
430837
80956.7
97493.8
86668.9
67715.4
78768.3
372888
385234
366929
583207
93941.9
76300.3
101983
72533.2
61206.1
66559.9
78941.5
93874
87416.6
85556.4
60247
59350.1
365926
79897.6
238089
287841
63226.9
71430.2
389384
317838
89091
106444
129140
77894.1
85652.5
90486.3
84092
83158.5
82675.9
85573.6
76969.2
78463.7
66419.5
66683.9
57750.1
59667.9
50665.8
63616.6
58892.3
75324.6
53620.7
426497
112858
69455.9
119935
222632
59188.9
79555.6
70304.3
60508.7
53587
78548.2
68849.5
92282.1
89806.8
146533
60374.2
84831.6
457938
53065.4
96522.3
93681.9
83530.8
90610.3
101163
109920
119104
66656.7
77404.1
443397
659874
84453.5
67781.7
67571.9
135716
73272.9
72913.4
125111
107752
92220.4
79923
55625.2
101700
119634
70526.3
66887.1
58566.5
83996.3
100191
83202.5
127844
117711
120108
129023
340027
332619
86613.6
525678
104392
77005.2
403225
158293
189101
98396.9
60149.7
71661.8
83775.5
291414
76819.3
93174.4
548517
77658.1
64323.2
125931
91696.2
219217
95937
361793
83380.1
78693.1
83869.1
77260.9
143043
121996
105356
466937
78722.5
80859.9
142068
345152
80328.6
534576
504772
454778
71375.6
87294.1
53965.1
465100
83342.3
73502.5
80440.8
346606
76511.5
65650.4
77179.2
79740.6
151011
65884.2
657004
422833
71900.2
134309
161686
70432.3
71249.2
81280.8
81826.2
221144
109944
85613.8
83087.2
177011
197845
73303.9
288181
88162.3
68938
72772.1
486584
73639.8
111588
73365.5
85741
65339
66882.4
103072
204962
228415
58756
70105.1
59723.5
89932.1
95486.8
294495
68544.1
83867.5
102036
84594.5
71425.3
125645
147978
97111.8
178136
215564
92106.1
82420.2
74844
59212.3
80465.3
91335.8
69615.9
74815.8
82187.9
64808.3
85157.7
66346.3
78093.1
552742
185468
87571.1
83995.2
107159
70723.5
81145.8
87573.2
195352
160794
138548
73149.3
78950.7
107654
70523.8
314347
328043
256723
79789.7
98062.1
73568.3
91723.6
262135
85553.2
26796.7
81498
606182
576604
62911.5
533560
74720.8
68030.4
76626.2
147027
61338.5
90450.5
123922
164834
197677
240907
296716
101363
100650
91831.6
88333.1
83550.8
79552.8
78660.7
374686
87124.2
89691
65360.3
77669.3
60093.9
65816.9
77843.3
300476
174634
109763
75264.1
124992
152906
75494.6
218307
73285.9
69488.9
84767.5
592986
76066.1
73733.3
63565.4
56600.5
74302.8
545416
74809.2
72771.9
355288
79145.4
150115
87920
564671
166818
78000.5
85339.9
343603
80300.9
65022.8
76777.7
61681.9
75293.7
69671.7
91574.4
77065.3
60908.5
179081
107240
77872.8
107926
119622
85052.2
98137.5
116271
111199
123799
275828
222791
181710
157410
95913.4
107252
291395
235928
111486
195492
121563
165002
316672
86153.2
80625.5
87838.9
70526.6
116334
322238
91117.6
87042.7
96888.1
97491.6
110054
83306.7
86306.7
79005.1
87264.4
202888
167791
144965
84500.4
80765.2
165780
64503.1
63190.5
83941.6
87839.7
75832.6
64603.8
82219.9
76092
80741.6
71507.8
87699.9
204575
78766.7
58576.7
85494.1
186045
87763.9
91987.8
124930
60946.9
59310.6
62546.5
62163.9
73781.2
83405.5
83313.4
86940.5
77050.1
80745.6
60474.7
73838
255908
87086.5
92156.3
158012
81514
73840.4
64344.1
55344.4
63868.5
79718.8
113812
94826.1
82268.6
69808.4
492626
100329
113438
285301
181113
273796
536441
72293.3
81012.5
62297.6
79340.2
59905.6
99471.8
92726.4
537865
71671.2
82065
81125.3
81897.6
64759.7
90745.3
104182
101137
57785.5
75105
72506.5
65017.1
85560.5
414163
526916
62875.9
84277.8
86940.4
81352.2
129943
89287.4
106528
618850
84862.5
89809.8
91904.3
82599.3
103072
121221
125575
132842
289969
232604
189096
163406
103031
117379
304054
245749
119665
203515
129333
172253
444070
408227
311484
78213.8
88541.3
398205
338177
80739.2
84060.7
80650.4
331922
481602
61149.5
77338.6
485379
319710
538792
536152
135526
144283
76341.9
77138.5
82423.9
124371
72866.6
69782.5
72292.4
65366.6
81010.8
65218.2
73172.8
464133
82662.6
66969.6
66924.1
76259.2
79849
389475
80604
77107.2
70931.1
73322.2
215567
77542.6
78673.6
402322
77037.7
78160.4
61243.7
75740.7
90022.9
69762.8
80175.7
207534
95745.3
89299.7
199889
193705
88824.1
86326.6
178534
191511
89120.5
83772.3
79587.4
70301.2
71754.2
84656.1
71786
38658.7
79362
82097
140451
143624
70352.3
92234.7
79950
59224.6
59878.7
62169.1
174224
327466
69656.2
528536
87989.4
119563
104146
68698.2
73248.3
100101
78098.6
84805.2
343455
72255
169450
141815
123016
84052.9
85674.5
73664.8
412656
357488
64012.8
77410.5
190814
81375.7
79724.1
108602
128606
160612
88525
86693.2
46616.7
209268
77012.5
343150
140399
218537
115453
124376
88205
74439.3
61602.3
87640.3
60080.7
72879.7
320399
79283.1
58984.3
64706.2
77014.2
84612.9
72821.3
79243.1
132519
133670
112627
111822
99006.5
100050
368621
82068.5
76747.2
84414.9
65739.6
102272
82696.3
64155
412789
72410.7
140378
87730.6
185687
88773.8
55533.1
59198.6
85774.6
77442.6
93998.6
85964.2
209718
159999
131910
112503
91310.3
253527
97555.1
373267
65343.4
61958.7
72689.4
85127.5
66079.6
83261.6
70691.9
318493
560920
68905
68293.4
59289.1
88194.2
71690.6
58481.5
76831.4
88524.6
75828.9
67453.4
76472.6
65995.3
65258.2
72615.1
83843.5
91514.6
93706.4
103911
70882.9
78298.3
159768
85198.6
148641
113297
89133
269300
258497
154780
550730
79649.7
76535.1
89203.1
105510
60778.9
77072.5
78696.3
118163
79706.1
343054
98225.2
87608.6
105830
46687.2
78714.1
460360
69944.5
82905.3
201411
90099.1
166703
143553
416992
287696
57116.4
89674.6
83201.7
99473.5
264436
92182.2
112526
136369
118471
162516
89095.4
90216.7
57721.3
662186
96806.3
80320.5
81193.1
80284.8
77020.7
63555
86870.1
97853.1
83294.5
468868
83214.5
279464
68038
226419
76418.1
91324
104229
179494
80360.2
83477.8
92438.1
67396.9
486682
61012.5
55448.2
61995.2
462903
356654
82221.5
85580.9
174810
147808
126704
476183
86014.4
82647.8
593372
647399
392997
89560.5
157831
257617
161424
87015.4
83368.1
114619
102175
70674.9
243120
80935.2
100718
80815.4
70058.7
74920.3
431509
581697
65506.5
81961.2
94183.7
621974
69017.1
70092.4
101665
75957.8
581860
607248
90410.8
161281
81198.7
69229.4
138250
70113
64624.1
146915
76091.6
86719.3
570668
166891
94249.4
89873.2
80123.9
80228.2
123304
106543
90293.2
95641.8
609280
135719
118032
73294.3
523831
177144
209127
55223
93740.6
68989.5
229974
78106.3
87676.4
73061.8
65974
69916.3
154952
63999.6
84210
81726.1
134579
566784
70443
73738.6
150888
379272
530529
257074
200565
94836.2
102890
47328.1
80667.5
73659.4
118339
100159
84445.8
521356
68419.1
67317.1
72251.1
67522.3
65634.9
83361.9
63688.5
84150.6
75386.9
167094
395839
83023.5
158575
131055
112207
81651.6
460662
93317.4
97201.5
99458.8
86195.5
239260
433588
167221
77444.4
260831
79707.7
115365
83542.8
131430
160044
84692.3
228329
80955.2
722360
229860
77074.2
381172
716391
619308
141111
87783.6
225938
62523.4
57708.8
82522.1
104990
74932.1
61983.6
72499.9
58368.5
333607
349214
77346
325966
75971.3
65455
78671.4
88520.7
124725
135369
71182
127397
136153
336975
127323
74011.5
61375.2
59870.6
103244
118958
84282.7
17611.2
69566.5
239144
70671.8
104505
108409
127631
152101
85984.9
77842.6
96710
61510.8
65639.2
541263
266374
88944.1
79328.6
183840
164288
80890.2
91317.7
91035.3
59214.3
102400
98793.7
77451.8
62027.1
73183.1
434196
98836.4
219494
66611
79378.7
723321
89484.8
543074
506995
62535.2
190035
88988.5
448069
67527.9
136549
276170
603521
74165.8
58672.9
75132.9
145169
77723.9
74439.5
104843
89872.5
75657.8
62350.9
87934.3
57128.8
54631.5
126540
135301
107693
180688
152284
218101
461533
65533.4
154017
437949
210459
507275
110199
129897
161417
84638.5
82259
100363
133076
501911
81029.3
65219.2
78328.8
70497.8
59358.7
82692.9
85084.9
73167.4
65341.9
205808
101437
577650
56309.8
61749.3
93388.5
530837
169343
74614.3
69268.2
528226
111558
89855.3
70043.7
65421.9
74586.3
108374
132248
83137.1
247025
65394
65558.6
652187
452078
557532
80566.5
78596
151055
110170
96337.6
459598
617847
66183.6
71127.6
95609.6
90518.4
129560
138629
97002.7
106362
473191
554403
72483.4
78512.9
73654.9
332314
83463.8
427706
149056
74368.8
225405
71587
73805.9
477690
83181.8
66965.4
80672.5
86160.1
385946
73721.5
77416.3
167277
72673.7
71956
63031.2
83881.3
89702.8
91791.1
417240
485419
75030.9
109249
83815.2
73809.4
76754.2
398797
74638.7
236034
77559.5
115796
132004
154139
383829
60685.3
111822
515223
68778.6
78088
61539.4
77207.3
87342.5
586613
356680
75972.6
73073.8
151633
106344
205542
82552.4
80330.6
84131.4
93372.1
169800
139508
118288
279174
97754.3
89325.8
439810
82743.4
476337
150631
94639.8
457225
734556
564035
79874
171503
212784
81056.1
83743.4
72489.1
118925
507702
76808.6
77886.1
522026
375530
546179
106822
120954
131285
116809
71131.9
58373.4
94395.2
57470.8
106670
120488
144277
72435.8
74812.3
144243
545671
71496.2
96211.2
83153
62385.1
117250
108748
98293.1
462388
575073
140507
117220
435919
496744
90785.5
255922
180340
257937
64870.8
68391
70818.6
312231
313202
213250
74285.6
81357.6
86022.3
68861.3
109178
383976
63639.8
245593
59794.5
68647.6
82791.9
71963
119880
80959
130325
12385.9
3625.69
127798
675329
64956.3
59827.1
84962.4
74180.7
80573.5
66974.1
77020.9
72568.9
89653.4
84259.1
72105
75196.1
86441.2
122859
143754
108374
512420
582366
74577.3
92301.7
84476.1
69848.5
284285
106883
574780
67416.3
66941.1
118870
71243.3
78536.2
69940.8
123122
82137.9
88930.7
76630.2
71788
65831.1
63005
379277
73365.7
57295.1
68350.8
85506
71406.5
536283
55663.3
444276
408266
175185
155495
85899.7
88987.2
171470
147088
125919
82934.2
245980
193017
86865.5
563649
87215.8
86622.6
80193
287143
111302
125796
276230
60978.1
69464.9
81326.2
94425.4
187966
103303
234852
91617.6
152560
130476
81251.3
248281
85862.4
200770
88756.5
166537
143216
92138.2
446075
78157.9
92479.5
71545.9
67646.2
73169.2
407169
119561
152597
142550
134210
162532
121156
70297.8
75546.5
102838
222677
80303.3
644145
82307.3
74806.2
509420
63869.4
63880.2
147272
177941
408718
80044.5
182157
152799
131695
82787.4
86509.9
467703
71787.8
72174.3
129998
79017.3
131866
76582.9
128971
71753.7
70817.9
82473.6
59608.4
92777
85123.8
122943
80589.3
73693.9
111134
134245
143686
112087
85909.4
387685
88096.1
87317.1
376383
389469
217251
704866
137607
120900
232299
638264
137208
107208
554043
145771
131393
95572.7
457028
79761.4
469056
59780.3
93740.8
76957.3
100898
114151
136210
76562.4
79501.4
174443
60340.4
60585.5
73889.3
61856.5
89730.5
60939.9
87238.1
107448
215260
560574
62790.2
86168.4
526408
207011
94549.9
104010
73488.1
74758.4
424495
311304
109802
195335
178829
305465
61548.1
62217.8
88267.3
82000.1
261555
518746
565226
359222
637764
84515.8
73424.9
70774.8
137610
117491
168256
88267.7
80466.5
476338
85598.7
90139
102015
73262.8
93932.8
239548
107987
58909.8
148675
77987.3
69664.7
535236
70914
78904
182578
155179
131107
88393.8
333365
295997
363919
132555
145781
96011.7
267706
93090.3
86838.2
238550
66537.6
706744
68466.7
549239
130339
153668
56948.5
155178
240321
76645.7
69322.2
66724.6
634692
101779
83903.9
115680
64896.7
68522.7
114745
82238.6
434008
97385.4
159733
226541
188174
86374.2
162588
120062
130298
141779
153955
118604
135200
151880
103628
150386
14238.5
93430.9
71072
85288.5
98991.2
96264.9
107014
243945
196076
159132
136061
84584.9
212590
85912.1
82039.3
55800.2
66603.4
96308.2
54627.4
79436.3
133330
151875
86485.1
369927
68726.9
60668.8
326153
425018
73657.4
195853
94236.7
100638
120899
185180
66385.9
60339.8
80372.6
217684
57415.7
84082.1
387456
68760.2
76452
86529.1
73887.2
98684.9
106595
88205.1
87977
114329
305039
544177
632866
76685.7
81651.7
284186
257569
372290
87096.3
289710
351322
630348
660654
569762
91517.4
157884
75355.1
448089
239485
107305
296133
72653.6
81357
348117
351616
73997.9
136237
564453
410943
364885
376308
661685
425389
384423
404892
76697.4
81631.7
245210
239100
239060
72972.8
64543.2
75609
73294.3
85509.1
86029.4
65335.1
83818.7
371665
223884
80438.4
83056
259162
79556.6
137610
132185
693862
72322.2
65240.2
166494
67135.5
137318
67905.1
80138
562472
4552.21
45400.7
44513.9
9304.84
74537.8
171229
61189
69552.8
81126.5
74378.1
213105
140244
77403.6
511530
466932
84556.9
238949
80360.2
96329.8
283615
81992.9
522056
95246.7
112791
115626
123993
272976
221104
179156
154701
96700.6
108674
288475
233829
110217
192772
120024
163309
64784.8
69802.3
127188
93699.3
75626.1
64251.6
61267.3
61404.1
71839.5
72349.9
58140.1
70902.1
61379.5
95884.8
209936
226461
111982
76901
122237
131670
314515
100516
86636.7
500602
181931
61447.5
45076.8
67316.5
78199.7
85715.2
66481
74510.8
87322.2
147466
113961
77024.2
108751
86309.8
76066.7
286568
80946.5
82704.8
87749.3
75132.5
251292
87109.3
118213
92098.2
74179.4
110323
98953.4
107212
68472.6
64032.9
625331
548959
158706
133109
122694
153852
470081
215458
88046.6
140056
71797.3
74125.2
85863
70093.8
596876
72090.7
194275
163054
140027
90691.6
83775.3
125092
69441.1
71292.9
606798
77382.9
87697
201741
197857
70474.1
74052.9
67751.6
96389.8
223891
385702
97733.9
79382
341562
278239
76859.9
79427.1
174678
144966
125925
79588.8
86960
197066
100442
129482
94010.9
152071
183772
82532.2
223187
617446
475414
84974.8
98701.6
114528
135083
87432.8
73383.2
348111
60838.6
70475.1
121817
117800
60687.1
68815.3
82330.8
74857.9
172433
126442
135282
151076
116157
497128
614353
227998
68481
98666.4
112128
132594
187670
276513
81884.5
398229
185045
101388
85024.9
116990
74813.4
73827.9
69094.2
72534.8
78425
109004
91923.1
91304.7
105538
126408
80889.5
77998.5
86902.3
88910.3
171747
168462
120167
140732
118109
138677
97814.9
113417
85263.3
77946
77612.5
63010.3
355993
99142.2
84617.3
147053
128454
113256
146090
79934.5
91991
251356
105600
205695
172525
65783.3
65231.7
226704
94685.8
89520.9
271035
153624
59363.4
146223
124749
180654
91575.3
83075.8
396219
84841.1
80264.5
432331
94271.1
110400
55456.5
80585.5
87507
75862.5
65565.8
339271
74480.2
111511
89005.8
76290.2
100089
63136.3
72028.1
274646
336000
80678.9
146321
66682.6
280805
515229
362606
88196
86289.5
181051
79572.9
78631.5
70435.8
64997
68731.4
107814
63214.6
79508.2
59598.3
112807
75781.1
62549.5
582839
84607.2
307116
117055
138148
81283.7
82446.5
174113
523882
54556.6
66594
77321.4
74576.3
108639
10284.6
3448.61
106540
191424
67057.7
147703
77699.9
117882
63630.3
92430.9
108432
266522
76033.9
80236.8
70782.2
61888.5
112641
68060.8
136642
121143
79943
60817.4
77463.9
556469
197270
75211.7
100913
66967.4
692392
406061
109702
63321.3
103814
79564.3
84584.5
156033
109780
129455
467282
352184
80189.1
400975
641352
404340
410503
245545
85054.7
383575
66578.6
69141.8
63895.4
107408
76392
85939.9
74446.4
163306
83399.7
60236.9
73773.4
271671
168692
203743
249942
306737
105099
102285
94132.7
88166.8
61904.3
77486.1
151732
6955.88
75197.3
73735.4
3852.44
121099
72376.3
65362.2
74946.8
68797.2
79430.9
90520.6
132961
398289
104926
87513.7
79518.2
79606.9
463018
402432
52207.2
168448
88051.6
85537.9
86184
95437.2
179287
391320
69841.7
85293.4
86850.7
416695
82989.9
69422.2
90210.6
80370.2
160497
192868
104285
239735
235178
82413.4
104523
284077
268446
239044
82280.3
85147.1
55076.6
84625.8
55497.9
67363.2
64016.6
162612
143192
138888
156162
122972
166742
122140
94463.1
142353
137251
114366
145789
115040
86328.4
254323
133329
120810
147521
140268
157859
128449
166980
127128
257837
679734
84867.1
101898
258074
144068
57099
81301.6
69840.5
6764.76
68478.3
6082.28
76569.7
87561.7
171393
145519
213488
101190
79965.3
516902
57192
81494.7
130618
330407
73206.3
151941
79789.4
581053
585809
418086
62678.6
136789
288947
97674.3
89685.9
134236
111249
93906.8
130120
78692.6
78835.5
657009
161322
555868
65006.2
76588
88058.6
63359.1
71245.4
538604
67654.3
327970
72871.7
230181
424704
58020.8
91683
82403.4
146432
89296.1
95874.6
82905.5
69000.6
80393.3
93974.9
75022.1
64184
77688.9
94887.8
85590.7
217684
181685
155390
401356
553120
618843
58402.2
65413.5
75717.9
75125.6
70695.6
55685.2
64774
582407
621542
446184
508397
19396.5
410777
471847
155931
120173
134455
157251
157996
206221
244835
103398
406574
63222.5
90201
76767
137340
70409.4
66127.5
74768.8
77894.5
85046.6
68590.8
74413.8
77244.8
84591.7
96347.9
89566.9
106012
113561
138125
147810
77987.8
83034.2
81908.5
87887.7
81285.2
62032.1
306813
414329
81604.6
167104
356890
96433.5
306491
108681
82536.6
444070
108040
99428
139185
360235
640379
271383
61717.5
564928
85109.5
68132.3
70397.1
172620
65095.7
260601
373786
71702.8
128350
79834.3
90347.2
69846.6
595403
69695.3
69603.2
73688.5
82934.6
179961
64397.6
73428.8
238624
64165.5
408499
74885.3
238136
71450.9
74285.1
351018
186300
114091
219934
270762
103993
330535
99808.5
84332.9
173443
203652
317213
253526
84169.7
108381
116475
100133
562532
91271.4
442920
59864.4
83697.1
62742.3
2517.95
19068.2
202290
46290.9
428512
69071.9
80368.3
96781.2
109103
83394.5
166755
73641.4
234904
72759.2
67662.8
283640
78202.1
80504.1
72161.3
82472.7
165629
140686
206421
94344.3
174388
66580.5
96568.6
97328.3
420361
63971.5
81115.4
65096.6
69141.1
154810
500163
203364
205950
494565
104329
227877
534298
246626
420735
92414.8
428410
76622.2
317730
77568.6
91858.7
79680.3
4401.42
45081.4
44185.5
7660.03
74998.3
421026
61592.7
320285
212330
67591.9
160614
153342
187843
179111
229259
218809
99186.1
95560.8
86857.8
84927.1
89819.7
83046.9
193998
163469
139549
67729.1
92929.2
79230.8
73240
145759
123297
78404.7
73082.5
66771.2
75856
64551.1
537960
358248
82469
180707
152585
222943
89255.8
252405
338841
293278
93930.8
90732.5
465808
193304
85973.6
60932.1
78536.6
68973
74262.1
110778
94262.8
81362.6
308831
677692
418700
207961
93702.3
82940.4
73624.7
79683
68978.8
67805.8
86940.1
91008.4
63055.9
97025
79036.8
75125.2
452000
479213
94188.8
157329
64551.7
87518.7
79065.3
66395.3
151350
457605
149024
111141
117200
128277
84843.1
57733.8
98264.8
72235.5
60673.1
70200
714833
554296
62033.1
70543.8
113424
103501
88056.6
216102
268535
149926
174341
254064
93289.6
72547.1
83256.6
79944.7
66681.5
483105
84350
271446
61523.9
488136
59064.1
95100.7
93216.2
699647
75309.3
90078.9
76860.3
82878.3
71285.7
78614.2
227472
79234.7
167522
111820
197046
241007
107426
297562
101578
93548
106379
92818.5
64473.4
104132
113615
132819
62898.7
89360.7
304572
173106
592932
531784
593678
137701
388634
242445
124721
66578.8
63475.2
478546
318419
70295.2
598553
393945
20278.8
91291
88286.1
38093.8
325535
169752
82356
53531.5
496935
570023
83636.1
103467
107460
280643
270071
94238.3
97440.2
95278.7
103600
72442.5
75268.4
77691.7
76455.1
52744.2
686969
409464
459898
569650
176432
83361.4
295796
112104
130296
154667
67730.9
461793
74341.8
310323
542985
148666
88553.4
612823
88984.8
93912.8
83954.6
90667.2
214717
209886
99516.8
90167.5
60126.6
76769.6
89949.5
234154
192242
160179
101497
672798
83515.9
67967.6
66810.1
156339
182506
101064
221406
93882.1
273819
90352.5
212763
147460
171766
264847
81216.5
113646
103515
97481.1
76866.9
88992.5
79497.5
68597.8
92891.9
68812.2
81314.9
414941
109818
122313
469866
87438.3
76607.9
79875.4
112952
129918
71338.7
78664.2
544577
83543
75997.9
88198.6
88852.8
76612.4
71857.5
118750
78246.4
84003.3
346500
445619
60829.2
55219.4
59213.5
100799
174017
551928
501847
288903
90460.9
59616.6
353816
83736.3
85637.5
665382
193038
431185
72638.8
265382
104633
149456
80852.3
300387
222177
95302.8
83726.8
69199.8
111166
64148.9
41449.2
57107.8
553388
139327
132442
363550
76775
85279.4
75312.2
137521
67368.2
77820.9
92261.8
68477.4
89734.3
8945.66
87996.9
6214.92
86390.1
300914
78097.5
87930.6
160231
131739
111790
67406.2
517727
238018
83663.3
345426
129568
146228
57659.4
5540.77
56535.5
5929.2
364810
170396
91546.4
127704
111416
67742.6
549611
72903.9
74342.4
114537
95455.2
77482.2
12135.2
345688
72866.6
384744
75290.5
78749.3
145704
118499
104617
62005.8
137928
80413.8
73534.2
73706.1
78780.1
143064
146369
69268
74343.1
69385.5
70901
185648
90929.1
83123.5
81378
169062
4323.38
16023.9
165787
93415.8
85607.1
107049
118323
66298.2
585783
642713
67519.4
82043.9
68520
78509.1
78067.5
7904.8
76569.3
6911.18
203457
77262.3
87145.4
598927
603184
387496
478702
121642
106887
107463
100468
522259
73835.1
110770
61832.7
58390.7
77499.1
74692.9
81270.1
94024.2
424544
444817
65864.5
44134.3
109326
125904
83998.3
203902
77013.4
79680.1
498893
69497.5
82638.2
93075.6
133425
127334
149789
96788.9
74005
82230.8
69297.5
59717.8
287278
65033.5
206589
40745.1
81262.2
116546
103888
255743
295462
83515.7
94590.9
87588.4
335168
2596.12
32961.8
9752.45
32520.1
75131.3
77751.2
73191.4
581956
10625.4
564596
147818
14011.9
4566.4
144967
71182.2
47945.7
5414.6
47040.8
86408.9
323458
81183.1
583179
566949
19615
87553.8
122262
106325
168891
77869.1
71607.4
217676
220431
50778.1
66258.8
69830.9
71313.1
92774.3
121996
68707.6
69036.5
559956
106289
116264
116547
130111
376675
83233.5
57987.7
312883
416060
189535
66004.4
68833.7
64989.9
99244.8
90756.8
84416.7
73762.5
75050.6
82497.3
59386.5
335990
410888
65323.3
86977
82059.2
94166.7
285796
103543
67902.4
82499.6
135383
179163
69885.9
72153.4
423544
452077
84263.7
77354.4
104654
149453
123911
73111.2
75092.1
73862.8
64706.8
374114
147252
57569.1
38384.8
24268.7
87751.5
82111.5
101632
144294
120666
78256.1
558865
609910
83724.6
66723
57051
51607.3
502310
80427.9
88556.2
172728
636053
551261
82921.6
82668.2
103866
89037.9
76438
65655.1
87560.3
63648.8
78730.5
77747
76535.9
553857
83484.8
130229
136681
334173
226693
220601
93361.9
89938.1
95585.6
98496.4
109193
64296.6
70364.9
61704
77545.6
98264.6
64038.1
473502
265127
69982.6
76900.6
259048
653610
70102.2
142838
128218
109944
145564
185883
89215
86347.1
220711
79351.5
169900
78887.4
76601.8
73704.7
185459
68437.8
75068.7
163938
81264.9
65740.2
63889.8
77380.4
129052
116302
80852.6
76165.7
84963.5
83684.5
78137.9
91060.4
78235.2
87518.2
77531
85292.4
63787
71756.1
585067
517677
385864
77475.5
86299.4
134889
111586
94231.3
83489.4
96784.8
45452.8
331472
65257.3
84644.6
114121
69455.6
127126
552096
59677.8
72360.1
66924.7
66969
534230
56714.2
92333.3
83279.4
94119.9
70112.5
62433.8
79415.6
60111
76256.4
368955
83044.5
45298.2
5530.72
44430.9
361916
285538
515675
443270
491739
91428.2
525273
289818
5007.73
36281.7
73827
83723.8
90824.4
101224
118778
181393
86868.8
319329
123094
145424
69284.3
63692
56586.3
73466.2
80647.6
64945.3
64637.1
282362
36974
494313
156603
53323
208492
98519
76837.1
85385.4
70962.9
57134.6
66495.3
129159
74506.8
159038
165733
62711.3
84992
103397
305261
70243.7
68669.9
90345
60753.5
82117.4
500208
77142
84867
190031
425226
138739
68253.4
108702
103559
119701
88209.2
77529.3
78039.3
75378.8
2948.73
23269
117794
102720
121324
282629
190666
229592
102292
111594
298583
241497
118535
202396
98629.6
74754.2
69025.7
104817
79477.5
80285.8
67373.2
141457
71062.4
82156.4
57209.3
92426.4
239122
97810.8
64120.1
65058.1
65764.4
74140.1
64048
71431.5
86960.7
72757.7
54566.2
216001
80441.1
84332.3
79456.6
83011
153002
130820
109351
98650
257310
74697.6
64047.4
115880
101606
83588.1
73709.9
74605
83457.4
75115.7
108629
78946.6
68454.1
85651.6
83192.4
75621.4
132238
62734.6
55733.2
315240
266624
72613.2
88908.7
520121
81143.8
91313.4
59672.8
70084.1
82072.6
153031
128219
109153
82384.9
76142.6
193437
78192.9
66615.5
76038.1
347035
76630
66979.4
88252.8
75739.9
60093.6
68327.9
60004.4
65110.8
403277
364357
80742.3
76916.8
88408.6
212914
189242
80872.6
86721.6
98672.8
89745.4
59806.1
72485.8
536248
101655
107084
59678
91299.8
69016.1
28520.2
59126.2
63882.8
81726.7
92867
79454
73248.3
71643.8
82813.9
609835
77140.9
208626
72296.1
467505
103367
117170
77913.3
79137.8
213446
67062.5
77561.6
66335.5
71504.7
86693.6
113464
65656
40629.4
43971.6
182053
77671.2
85185.1
62354.9
72395.6
62431.3
68902.5
99779.6
73566.3
85298.9
48113.8
56081.5
439053
63252.7
674737
80854.8
115079
296650
80513
73152.4
227869
66966
62451.1
291141
85382.6
101599
200893
169056
245286
80594.5
112828
77936.5
296949
282817
65861.5
70788
80448.4
81712.7
94096.1
102982
187007
94192.5
99183.2
234386
185223
228248
130129
152249
129016
150669
373643
154774
73492.8
542506
84219.1
84424.2
165280
483629
111149
68484.6
65525.9
77740.8
70933.5
87079
90350.4
62320.7
343860
78695.4
80201.1
138224
83532.5
195123
81392.7
114464
113795
175558
65664.5
78727.4
81932
65081.5
80085.9
79028.2
67377.2
60748.6
579514
96579.5
75156.7
73618.4
88814.6
69137.5
68879.1
65267.1
328650
64270.6
82973
83848
86329.6
54413.9
551395
75420.4
71069.8
163341
71679.4
82748.4
505546
320814
316379
85363.8
86496.4
446751
125213
137188
70239.8
216319
181781
134302
117406
334595
201502
390229
279759
375202
230659
100189
88490.7
51146.2
58953
417837
62314.8
76558.7
75017.7
79108.2
74085.4
67657.9
128674
133223
71554.4
137477
13082.6
1824.42
134811
83559.5
53852.7
363179
82429.5
119968
68619.5
68544.6
70440.4
65265.3
67567.6
96584
103593
64468.9
81986.1
91506
79789.9
74450.7
90236.3
316019
264856
59029.4
120363
109821
579271
190632
120902
225049
277454
111670
339517
107384
92911.2
179008
209578
261069
326345
114025
91015
121759
107758
78445
204658
58951.4
306065
300186
563073
75940.4
125714
267042
78299.9
118648
48931.3
57813.1
328118
65418.9
71214.9
174765
212711
503762
71733.5
84647.6
99592.2
70648.6
81523.2
77172.3
184623
132151
91734
83443.8
86723.6
82009
433981
127649
124248
327487
319329
76345.5
72732.1
81778.8
75192.3
156675
149846
303202
349836
137382
160949
199520
250019
88189.3
106530
95057
101215
263661
213982
177833
152898
86243
89029
94435
95641.8
74789.3
85892
255219
505934
70396.7
83751.5
73081.5
155854
137467
118139
98567.7
90740.5
72815.7
75184.2
695462
64353.5
80508.7
203863
442024
367847
82298.7
101042
86605.8
38465.2
74591.5
369534
143730
519219
71012.3
76033.8
275815
426309
80710.5
141060
168749
121699
551560
128622
75302.8
76163.2
151684
84317.6
70211.8
154267
199654
137393
135220
121068
76505.5
107313
148934
125018
108640
119453
584658
461832
114730
73876.6
487844
69993.8
78054.7
83516
85914.2
90396.9
175222
179929
73432.1
74623.3
121886
103136
87668.1
102301
61574.1
322436
399728
224375
78269.4
82387.2
357391
121450
116643
135248
128772
490080
71700.9
81014.6
73738.3
67577.9
72632.3
103042
195304
77911.9
60307.4
58610.8
604010
477546
94731.4
79887.9
64196.9
92606.8
69923.7
103857
90471.9
101761
120353
69210.3
79329.6
86332.8
76849.5
541743
38810.7
388546
71748
81457
61843.8
85380.7
77281.7
79243.7
423132
69502.1
690116
112814
89442.4
222861
116824
138148
99138.8
80838.8
85010.7
554207
101998
104215
85591.1
74957.7
144265
96466.2
664974
119636
102257
142713
78939.2
75834.7
85813.1
525895
484593
361153
122952
91268.2
65690
67986.9
69709.2
121637
496857
80924.4
189398
79378.9
298057
293656
213981
99167.4
65486.9
69341.7
420789
77336.2
86677.6
161241
486385
67651.5
156558
77043.8
130414
114175
77659.7
103504
63138.1
86827.4
80560.2
169895
139553
119540
77488.2
157949
125271
138698
160864
2539.52
22884.9
82011.3
458514
503899
82206.8
73638.3
104585
99488.8
82228.9
98608.2
117329
85023.9
73122.8
76063.5
78755.7
57702.6
245942
73766.1
129883
473342
72115.2
68149.8
66914.2
78192.5
490333
71473.3
422519
82828.7
116533
54623
81634.1
66843.2
152311
261530
63591.7
120325
102539
144242
81367.1
77840
66610.3
63162.5
22522.5
68177.7
277062
62678.7
72722.1
312425
75216.6
373439
70596.9
285813
112264
70136.7
174408
77168.5
325317
81974.6
69744.5
124625
240987
236457
87172.1
111568
97752.9
276088
68528.8
332409
319676
84022.7
57715.6
65259.7
84448.9
109760
69697.4
69129
81796
81094.9
61587.6
76486.1
85662.3
70777.7
61938.3
55297.3
82057.6
83200.2
71771.2
63091.8
71541.8
82846.5
194926
194184
80363.7
88813.5
85351.6
393434
367558
358656
560334
412039
115032
88729.4
93570
96342.2
161118
87736.9
188960
227865
81491.9
279373
340577
116102
84014.7
80537
157281
131509
81756.1
114501
138810
133289
118239
121191
634458
244517
74917.6
72419.6
65604.2
507902
200155
407626
58237
72221.1
103018
85241.5
84104
182725
84615.1
716106
274755
554036
459762
251727
96858.9
82706.1
113051
56069.7
87143.7
127007
88877.7
76985.4
36266.2
73410.4
65024.1
109330
109033
91828
92454.1
275298
74381.2
68883.6
91255.9
437747
85123.7
164301
89938.5
115312
150277
137665
131424
116734
159510
650406
444936
323674
84155.5
87646.7
105111
102668
165134
202388
205531
168252
145158
142523
87454.8
92867.2
512860
69326.2
71884.9
113979
89131.2
162615
547620
89729.1
87776.4
99551.6
75768.7
82364.2
48899.2
109684
106308
83599.7
77571.6
125369
120917
152521
146826
85762.5
78671.6
280853
70996.6
184002
85500.3
79516.2
650256
84245.4
534877
536781
498037
80575
83636.9
84253.1
122380
121689
87624.3
80014.6
141834
140244
175402
172798
84405.2
76040.4
62472.7
75735.3
76687.7
69083.8
212781
200231
518434
324073
392055
249951
76448.8
85657.3
82698.7
83336.1
71024.1
74815.3
145787
123050
102997
85726.1
79272.2
116949
71910.7
75235
213212
99249.6
62887.8
571578
377838
201612
82671.8
74825.5
527195
71050.3
66102.8
101675
75864.5
63965.4
85699.2
89658.7
128641
77519.5
84181.1
407654
79927.9
152093
127572
80314.5
111992
80634.9
82125.6
64257.3
99097.1
105486
57941.5
601917
158360
129583
120899
151231
77434.3
218076
160368
59674.7
21840.4
210130
82418.2
110214
93292.6
101935
288371
230272
157134
185339
85379.1
96577.1
300717
246064
100325
201873
107785
170432
88227.9
91467.5
66393.6
81698.8
86934.1
76168.3
69352.8
438047
151336
64545.9
101330
76313.5
64756
97475.5
113334
119019
128084
287705
230446
184999
160172
97501.3
108518
303417
244739
113775
200749
119036
170325
65867.8
541471
79719.5
78992.5
60753.3
59882.2
99794.7
66306.2
365130
153661
150590
114204
109398
180811
176575
218858
214501
102509
100040
268855
263889
99468.4
102843
89484.9
92014.3
114454
118233
105322
102857
248404
253720
73924.9
85327.9
64955.5
77461
60953.2
398299
65225.9
136334
523413
665588
81819.9
73842.6
155649
334174
132370
155400
192273
241219
84678.5
103644
88814.2
97396.8
257629
208842
174357
149533
82035.7
83488.1
90449.4
89769.3
89693.6
120254
71892.4
73521.7
513697
215815
76882.3
642333
79234.8
83430.1
91544.1
205944
168554
144990
85344.2
73315.7
267790
435049
64188.8
384572
148107
186164
84989.8
144214
127486
163775
121530
54137.3
306429
290763
81232
82109.2
472091
87095.1
310714
78399.3
93556.7
65364.9
89388
68795.7
62594
89975.1
64405.3
329319
84830.9
596201
513063
87066.5
57707.5
81314.4
73921.4
62270.7
393454
119219
140801
106282
86042
81462.6
85186.4
54329.2
163110
143401
73166.8
77131.5
80501.5
83241.1
107507
93912.6
78226.2
66981.9
355009
4443.89
51101.9
50114.3
4230.53
394557
90806.7
85485
90353.4
58838.7
531638
80664.6
77512.6
66363
59255.3
122176
111760
143749
83842.7
100179
121410
59293
107399
68438.5
306725
114723
95212
94508.5
60075.3
98715.1
115081
85670.6
312558
144141
165252
129982
139990
125233
115558
160450
151309
138292
147326
139077
131053
124900
118081
161365
171052
256056
84551.2
110593
125949
153430
85975.6
209711
88525.1
75774.4
62566.4
70502.9
347501
458251
320282
80044.1
61824.5
303932
83600.2
429388
67538.4
64848.6
86827.3
96964.7
76735.5
83216.2
157344
130597
110337
451846
341241
71024.1
54970.3
97582.2
383214
464126
435619
364800
53502.9
68847.7
80474.7
569072
72910.6
75263.4
171374
81029.7
77979.3
94086
112413
76014.5
86666.2
204949
196149
123316
231549
286393
113463
348504
106697
94644.2
121317
89238.8
105798
116156
184716
336234
268371
217021
336932
369637
73973.5
76070.1
86073.2
435303
292717
201688
112151
68103.3
68425.9
81157.1
80934.1
61495
82296.8
78195.5
84973.8
46943.7
359499
203368
585814
519079
86820.8
69026.9
77165.5
70370.1
54265.5
60957.5
83011.2
76360
73969.8
81488
342199
131123
134790
133672
104375
66453.1
80532
83506.3
251672
113147
79282.3
79853.9
123237
103292
298242
102474
64340.7
513666
557367
72680.7
84268.7
62608.7
72644.9
487772
542555
82250.9
68294.2
79347
253342
75429.7
101423
280852
249439
312664
54894
81049.5
77312.6
211783
211104
403304
85915.5
105561
92251.2
74751.2
99116.6
60704.7
68640.8
139387
99988.5
320672
212196
57312.6
85941.2
82170.1
81847.6
81048.7
82643.8
69773.6
88578.6
78473.3
85848.1
6951.67
61716.3
60554.9
11765.7
8860.58
85211.2
83581.3
8932.77
192859
284676
96085.5
66884.5
60405.1
76672.5
94268.5
257171
76999.1
247721
452849
65901.4
71751.8
98114.6
92095
508767
391013
70747.2
70693
84159.7
84508.3
80950.8
84519
372669
65009.5
59659.5
412183
75704.7
80918.9
439059
569780
70557.5
87093.3
101747
327185
368430
72673.6
404302
517652
71568.3
64912.7
84027.4
88628.7
67725.5
79622.2
76474.2
83606
83300.5
89477.3
75429.7
76503.8
65394.8
67172.4
57539
65301.7
62006.6
72054.7
56643.3
66202.1
80348.1
54714.6
328294
556527
76936.5
70492.6
249006
84140.1
77674.1
71450.2
67409.2
69396.6
80114.3
68991.9
62200.2
75827.1
49055.9
88639.2
94911.4
233573
2082.2
24036.3
161075
15409.3
5810.74
157970
116032
11482.2
7047.44
113795
259129
184375
145096
148782
80781.2
247286
75257.6
81583.2
146269
81728.9
372919
314277
252014
74335.5
69227.2
111182
93727.5
130835
71623.8
93646.1
121952
76964.1
76014.6
79599
62762.5
304326
135377
65357.1
70881.6
123612
144235
86170.8
175698
260909
83555.2
80014.7
95489.1
96113.2
65475.1
62791.2
48856.5
79847
413485
80107.9
74341.1
61821.4
74456.5
64820.9
80214.2
58016.8
71437.7
95897
59802.7
69705.9
111456
68882.7
70135.2
83875.6
82859.6
82727.3
77922.6
155181
160647
82111.3
78932.4
91268
78352.7
55321.4
63091.3
62591.2
82309.1
263728
271465
76732.4
107065
108392
94277.9
252085
170707
204531
93501.7
104056
265217
215758
107597
179454
151833
130084
84649.6
363794
15566
80368.5
93479.8
175225
121936
141842
86279.5
73900.7
74091.2
321558
114061
81742
100581
126154
63510.7
77194.7
388712
531496
507345
21238.5
113612
5080.82
28094.1
80267
306967
315894
193013
297607
291883
536522
112241
69374
78446.3
115645
93486.3
66801.6
86681.2
219179
5192.62
20596.2
214954
221857
88923.7
77248.4
49316
486157
291679
126216
452701
66042.1
59968.1
68543.2
80187.3
82681.3
225275
83783.7
81754.1
59385.6
95133.5
59977.1
71249.4
60076
164787
71569.1
79329
150038
85975.5
637972
73658.9
68296.4
70607.9
144399
74413.1
70857.5
79050.6
335325
379790
337347
338581
444308
162585
453328
496147
492414
58195
65873.8
80896
387046
641900
67933
62747.8
69186.2
460966
82244.7
55242.8
57521.3
73018
94513.2
177764
86574.2
47003.3
290263
59720
91929
16500.4
1853.77
61392.1
82661
184083
83052.6
74267
71761.6
121061
71058.3
127611
76661.9
82506.6
77388.9
574978
272816
354060
84861
402875
89241.9
189366
88077.7
134611
126847
352727
381866
144976
109831
57551.9
77369.7
80353.2
82666.9
84924.6
84117.1
83385.3
81790
111303
93741.1
639290
102574
91538.5
76506.5
8919.97
93908.2
3128.41
92085.1
71364.4
111815
240874
364241
439382
454907
447374
56810.3
357729
446250
109713
109486
80610.3
270049
280732
81568.1
222127
229002
85340.7
85804.9
182310
186542
90293.8
150731
153049
92219.8
89926
127550
130735
91634.5
100294
97874.6
592795
618137
100133
297290
355379
65166.3
302613
418530
241826
286329
378189
139683
145655
80758.7
74643.2
652049
307001
75540.7
65182.1
60990.1
56311
635236
83641.6
151805
67932.7
74469
197955
489447
455712
234760
95576.3
88386
72507.5
143866
80888.7
69108.4
88098.9
205178
66088
73829
85797.2
73688.4
292189
130306
69282.4
97157
101039
115144
122926
132635
307390
246420
196342
169005
98995
108883
325434
263081
116432
214217
120654
180935
174004
170651
12559
113282
125148
104889
142633
108724
74610.6
542237
78319.8
81268.4
170810
129836
204972
245917
116487
303141
114368
100527
165178
191154
233915
289167
130633
104336
121231
116194
314221
174771
87753.7
82903.9
555421
569846
96063.2
89092.6
179171
65523.7
119117
77297.3
70247
86033.6
235262
99292.1
93249.3
233064
603471
352530
72465.5
215653
98368.1
113346
117441
126060
294671
235681
188763
162654
96951.2
107268
312905
252566
114757
205912
119490
174073
589570
80683.2
72826.9
64676.8
107597
125419
70835.9
65105.9
83615.6
78630.4
78285.2
80409.9
652038
61077.1
70200.8
60876.2
109869
87079
77957.5
185035
189938
115182
225036
277854
105535
337483
99260.1
84847.8
98038.3
116494
110301
178055
260253
325408
210184
81762.6
359158
130638
12536.4
1584.24
128111
269469
67515.8
88923.5
75715.2
74916
492786
548477
331470
454281
340447
69143.9
476734
436902
130429
116188
112435
126490
105062
129835
140321
107365
78227.8
213346
145749
146446
79499.1
76640.8
485271
119297
115775
438008
571960
123036
100059
144666
79734.7
77155.5
573825
84929.1
71804.2
189622
88902.5
85398.9
73495.2
60350.5
50848.1
428777
79785.4
592795
575049
63251.5
72336.8
75695.7
78371.2
72730.4
172507
174701
82781.3
87237.3
85199.4
385028
647076
571677
82475
80509.3
82051.7
421464
234169
262093
442088
392769
82860.2
415043
557245
153508
68824.6
67497.2
89591.7
282322
76589.4
76045.4
84918.5
6297.72
35813.4
35021
2780.82
423626
64140.7
186669
78553.4
225265
67701.1
311763
634555
72055
550556
74429.5
122250
111073
90218
269100
85400.2
270113
88502.6
283351
75773.7
71949.4
85671.9
64326.2
74141.5
58608.2
614817
175454
174889
82584.3
83150.2
86197.9
84762.2
69579.6
80753.3
293588
65797.7
103662
105152
219240
216384
224257
72016.8
71507.3
82625.2
326679
142978
75909.7
78431.7
99651.3
119674
105452
86599.9
54515.4
456378
6767.97
72873.2
3568.17
71461.8
216507
213829
114213
127517
95499.6
117368
96737.9
446167
71566.6
77838.1
69285
88989.9
196750
90645.7
79723.4
75712
348960
193067
77765.8
72597.5
111175
115761
97118.3
270626
183442
219024
84923.1
96881.9
348498
286304
107452
231224
114898
193765
77016.1
82550.8
93744.4
106432
127851
250713
107335
93118.9
245056
77235.9
83756.3
85371.4
335315
157596
315860
78769
2296.42
30264.7
29697.1
9504.88
73184
82509.2
77002.2
421163
108253
265078
266263
99018.8
121954
132402
97046.5
80364.7
308130
300586
84057
271878
403846
424920
66561.6
151049
87505.9
89009.2
77086.8
81155.6
85518.4
90274.8
173101
180365
127856
124109
111205
110603
65647.5
78187.5
472859
65438.2
133304
101102
110966
114638
295133
295626
416992
69476
87404.7
246664
101585
202276
170046
89678.8
80510.5
105514
64272.4
77512.2
163570
141415
202696
102527
84936.5
142857
129649
112914
144482
134653
121638
115243
151484
522700
75387.2
67521.3
381670
574830
146939
111030
173636
210591
100222
258744
99811.1
90673.2
138411
161945
197156
243617
115603
102311
103506
92096.2
63537.4
61649.5
83372.5
85108
82208.6
227321
84374.9
79567.1
92512.8
76159.4
186425
537276
562379
55994.9
458586
203770
166311
86287.6
142515
94470.1
91726.4
211500
172315
147423
88292.3
97033.1
621106
108186
121617
114488
131083
137650
114130
100701
74587.6
101046
63584.6
311820
87846.1
72917.6
60112.2
92072.6
57815.3
311292
456787
251980
622676
63271.9
67865.5
59125.2
76410.4
63895.7
80382
725289
61449.2
628529
141229
129126
112336
144983
133816
122317
116436
153424
108905
103424
472060
75473.4
78529.9
710336
275665
271020
78572.8
71231
241035
96569.3
83831.4
524509
80685.7
113118
128932
156067
77574
78110
69705.6
85627.7
116879
136167
165657
83172.7
76749.8
244053
307933
108341
114805
263624
76654.7
117969
98786.3
85114.6
78062.4
205227
371479
386500
410824
103766
76613.5
204116
173708
157660
408953
186762
316857
39387.1
78212.8
307261
83364.4
65062.9
112671
121531
93171.2
626964
198882
500467
78549.2
78534.6
77707.2
108698
79482.5
123735
150812
81303.6
86471.3
78123.1
101885
69619.2
81766
97249
93633
507636
67386.3
527248
73719.2
85928.2
100153
148552
217068
175167
89046.2
549533
84771.5
52059.4
106650
96886.2
73440.7
126730
78716.8
75651.1
82672.4
99371.6
113894
136442
392628
78629.1
156616
73184
109932
127999
91861.9
552702
78523.4
300170
92962.7
76183.2
79991.2
120414
11363.2
2674.73
118082
63808.8
86982.5
79688.4
66069.4
131452
84379.4
76256.3
154978
63257.6
70067
80172.2
59699.4
222529
63369.3
71052.8
83228.3
95982.7
68148.7
582457
130862
78441.4
62937.2
77833.4
616246
298254
67462.9
110949
60541.4
58436
488807
614664
93213.5
91264.8
85912.5
88094.4
212370
198893
98053
105640
82973.6
81106.9
535866
116602
108019
78705.2
61792.1
124040
233713
360457
85070.1
73493.9
88308.5
81316.1
210521
72698.1
267974
483160
565616
77362.2
453632
531236
232615
95169.2
82361.5
74814.5
89184.1
81920.8
181572
84561.5
353969
68449.3
87485.7
342886
75078.8
87354.7
78307.9
120927
301404
64555.9
60588.1
632370
86570
72916.3
84282
342772
588411
81866
509999
475434
85996.5
243343
197478
167258
62396.6
648673
107662
124732
90287.6
466540
208335
81738.6
64968.1
587400
436008
611432
270730
65417.7
353514
386175
86152.7
612274
86395.1
80802.1
145177
80824.5
85895.3
84172.7
315408
117427
552339
102575
57366.4
58848.1
84297.9
8311.28
82665.1
5429.07
69860.5
68718.8
74598.3
120845
585673
68115
69882.8
61065.1
63985.9
87874
103733
70852.5
73328.7
203051
77340.1
70395.9
131753
155441
192717
83267.8
91658.2
119940
11339
3777.63
159127
156058
15069.8
577227
90240.1
239956
628793
133769
89958.4
95372.7
191972
81495
82432.4
83115.4
166534
136831
119566
189065
195117
81440.4
111231
63975.2
74545.1
57901.9
75452.5
308698
235352
114737
113170
127010
154037
121158
133786
155447
90654.1
98508.2
186988
81148.9
235969
390735
68771.8
546838
90279.3
8399.73
1806.88
88535.6
76151.5
425593
173719
363263
358031
61885.6
84317.6
98917.8
273137
91372.3
94759.8
89509.3
90569.7
91697.1
184761
170377
82011
85247.5
72964.4
74211.7
288121
180209
83793.9
289940
69701.8
7045.65
68351.1
6427.44
231741
222563
115157
73579.3
5416.35
38133.6
70899.1
69373.4
313585
132541
81113
396744
63189.3
95118.5
370809
63139.5
38755.4
643700
59249
70557.5
74181.3
77675.2
81875.5
454883
69726.3
62539.5
112845
73988.1
74839.9
78636.3
78616.9
135622
115205
141348
99647.4
119015
96290.8
69863.1
4331.66
47594.2
46642.2
6661.1
83395.2
85062.3
249035
383851
353995
117954
76018.1
253740
631156
176425
65743.1
64395.7
77438.8
82277.6
70953.7
99609.7
113053
136780
183276
88541.4
95965.4
100578
75268.4
62976.7
76787.7
129382
12457.4
4106.19
126876
347537
376775
73384.4
43194.3
43865.7
644235
136064
83435.4
83533.8
91550.5
17643.7
146731
510950
60021.1
160561
576308
131251
127150
322931
202632
70292.5
630744
87140.7
45165.7
4953.25
44317.3
9462.46
69783.9
89609.5
219537
100358
84946
91802
106024
271405
69860.2
454752
73872.2
297317
81060.5
156040
478270
271753
81647.1
335413
124013
144355
62224.6
156072
184987
222969
98058.6
86833
82301.2
269513
223506
378881
71076.8
71884.4
88171.6
85256.7
84568.6
77617
75171.5
164918
115595
145912
135997
121874
102631
364324
79663.6
81443.8
84489.8
86620.4
186571
187439
152432
153743
131636
133746
124843
244523
70425.4
602557
383602
62479.5
58538.1
95055.8
82204.8
551408
370962
117654
70350.8
528999
80049
367984
272985
434109
96641.8
105431
214235
76751.8
148937
82541.8
75957.7
3276.9
33709.2
32921.2
8484.12
201307
166660
86674
84926.1
72119.6
126341
137108
195088
85495
85009.4
502720
89400.7
438039
81133.1
477208
56873.4
64010.5
72433.5
85367.8
242568
102769
119344
124500
134526
304847
244798
195496
169090
102805
113601
321544
259199
119118
212297
123423
179516
64372.6
83190.6
54363.9
81891.6
96733.2
83339.6
80728.7
46168.8
62183.6
260539
68540.5
100678
63676.4
75763.8
108741
87253.3
87310.8
138632
139040
112370
115820
151800
147105
120068
119341
153839
81421.7
84491.5
532273
200278
355731
207257
77159.4
71117.7
73378.2
137529
363496
665906
195156
449519
71482.7
60161.7
85474.1
70286.3
84888.7
141535
197052
84352.7
74455.7
68766.1
77563
90949
82835.7
148138
123964
108705
85531.1
82881.9
422090
112800
74353.1
133868
115125
83953.3
387730
87600.1
116275
80565.6
83565.7
75441.5
201683
147202
65136.3
63129.7
464506
547189
183291
155024
131820
84793.9
92542.4
537406
407396
75378.6
431020
329255
404849
150137
596962
77860.2
60319
65787.4
74718.3
83856.1
516022
94639.3
106136
214200
85866.5
77475.6
154454
81697.7
68142.7
87343
155293
76820.6
82145.8
74114
76476.3
86483.4
157682
138701
131245
111080
117822
98414.7
574449
264660
334548
85610.9
174834
79948
161787
155652
189278
182114
111914
109849
230619
222336
106766
103095
284930
274436
101564
104006
91648.8
95077.3
104739
103121
42152.7
44184.6
352526
191126
187494
64689.8
79851.9
76997.5
77337.4
151181
77696.6
89293.8
485079
306635
69794.9
309419
412384
99026.1
76746.5
61420.1
71231.8
71312.5
67912.4
373558
263059
70752
79477.1
79618.6
103280
102134
116720
114680
235077
244161
82202.9
357206
304519
277746
89623.8
113112
80211.8
66752.1
328465
70983.6
70342
148009
73864.8
68775.3
89125.8
95514.2
85100
81798.8
84864.9
409107
69618.9
17310.3
190063
79991.9
88375.2
262192
303287
308935
137889
132531
41475.3
4927.43
40712.2
298258
150951
93643.6
134258
655199
559104
399523
95119
112156
133658
80237.6
79643.2
94029.2
300711
107106
67475.4
79380.7
552662
77334.3
84433.3
87675.6
118056
123288
138677
145477
127181
133041
139214
134742
119535
116867
156317
150009
382229
70312.9
77933.8
593041
85385.1
74418.6
149295
17819.6
426.378
446318
62440
68054.6
287626
63465.1
63497.9
461165
508583
240297
94590.4
88560.7
561175
211411
47562
83187
419793
297375
77547.3
52398.5
416712
354421
355470
519213
69629.5
89949.1
65190.7
559779
53737.9
207280
72620.3
206021
70797
126985
126256
149282
151529
67424.9
66565.9
326388
91571.8
358969
74337.7
60033.3
154485
72543.4
117981
113724
83653.8
13860.7
61929.4
6175.14
64598
63339.8
4521.69
119323
111275
144942
175004
140049
93642.1
168396
123623
120328
89930.4
75436.7
78746
301606
70958
447320
320568
329724
97276.6
156314
208962
171499
585917
108644
79434.8
99097.4
258352
208384
168889
145776
336251
55647
77923.1
71334.5
88383.8
92113.1
363389
336419
439858
79605.4
194574
163376
138098
89644.2
318038
88524.9
375104
73174.7
63597
58466.6
80615
81494.8
108355
95498.6
234180
110516
80853.2
74491.2
55054.2
301792
125906
38168.1
81380.6
68846.3
141698
68615
73442.2
75225.4
71719.6
67633.3
71344.7
75553.7
78074
130164
108635
40361.4
73626.7
81360.7
108985
92686
77993.9
87614
103672
383621
75013.4
70584.5
569097
72054.2
68165.6
324027
84263.7
81434.4
137089
488806
392220
395827
85624.2
172399
85333.7
83177.7
122308
52086.8
119514
110434
499697
74960.3
63402.2
95439.7
83007.7
70522.5
71928.8
68513
146310
73727.2
513668
96134
97326.7
260846
104291
89862.5
113491
94550.5
421421
90253.3
124122
106464
76893.4
75887.7
416981
85064.2
71734.6
69994.4
362544
329330
466783
308610
291347
447796
60935.7
178659
249662
649018
143722
77128
79524.3
126564
186769
149211
80905.2
89586.5
80498.7
304568
80968.5
79981.7
74798.3
63154
101898
78370.9
66006.8
88057.4
86848.2
83513.1
444310
442659
88964.7
323580
143021
222338
293380
72919.5
234489
101815
58116.4
288676
569811
73480.6
76452.7
206373
86719.7
461902
89067.9
87872
112993
287951
142897
120966
227301
119221
95532.6
85279.7
86435
86490.3
351400
111732
63083.7
98719.9
64198.9
79763.4
495977
358141
83212.2
77291.1
85207.6
80202.7
84552.5
85129.5
89823.6
193675
190272
68245.2
86524.5
72913.5
84062.1
63538.3
537358
114601
79310.4
360797
66636.7
83351.5
68355.4
81638
93835.8
61102.3
62732.4
536414
305006
114024
98235.2
531489
88517.2
111945
281297
276484
87150.5
170635
70367.8
84301.6
61851.1
301758
79984.9
89060.8
90662.9
507593
85377.7
344142
159922
63056.1
71733.9
88139.2
375265
65139.3
64147.4
81891
96262.8
114265
85422.2
71974.4
143881
121631
515287
84518.8
89207.1
79210
284835
391327
120372
89026.6
83445.9
71008.8
154052
71361.2
407798
450816
452934
467168
71202.8
303376
398210
82038.3
82041.2
275692
260332
526477
658253
90210.6
289860
79261.1
80957
436789
71790.7
342929
76895.5
65493.1
67585.9
44621.4
79326.9
464927
310716
90593.8
80919.5
82186.5
244875
87384.2
540622
230756
84532.9
67206.9
70132.5
81844.4
81724.9
282761
159512
73932.8
76539.5
261483
536157
83225.6
68595.2
507422
78020.1
175906
72025.5
526328
86420.9
65742
72962.1
87036
267777
126551
113927
150203
581444
182635
194804
95885.5
98311.6
108969
112510
223452
233679
85980.5
83206.2
92181.1
96719.8
273984
78928.9
232446
251226
97602.2
104038
246725
252341
89623.5
91551.2
246939
325180
75833.3
76176.5
77192
83545.7
622289
58489.3
466961
281786
536445
71472.5
72920.9
275926
108688
79938.2
123007
149920
80724.7
214791
73865.7
271174
697353
63476
73191.8
73651.9
72580.7
82048.3
80970.1
95725.7
95200.5
116800
118762
63264.4
69594.8
81201.1
77060.8
75004.6
71454.9
346738
445015
120653
134580
107096
119796
423480
54615.4
124866
124770
93183.9
87410.3
80082.8
547707
54097.6
132929
115890
101388
95856.3
289950
81162.6
79174.5
242526
210611
68932.2
78784.6
61972.6
66374.7
77685.8
71019.4
252479
94122.8
101052
195658
601797
527033
265192
205412
80807.5
291570
412926
184681
131264
115721
99684.5
80512.4
502496
84183.2
94906.4
93338.9
86861.6
86599.8
102949
112143
100462
109131
274223
258739
177319
166158
219795
151518
207124
141002
85487
84678.3
91543.8
93053.2
284569
288991
96588.2
97114.8
232102
235797
100351
102794
192063
194914
164457
166787
542771
51716.3
554365
69176.2
314757
127744
125847
150593
149749
108297
110243
80879.2
79561.2
250131
245352
314565
68547.3
69691.8
110859
483357
532586
90851.2
76124.4
485880
517908
125338
289702
231576
67601.9
100258
411658
183226
88144.5
85116.2
107993
98926.3
117511
88259.4
297033
238081
191300
163357
84878
96573.9
312459
101474
254885
208612
108773
177367
74194.9
84051.1
81282.6
91586.2
108807
87202
191095
72108.9
72588.8
518901
568329
416447
74974.1
85689.2
79581.5
69979.6
81122.8
242419
82854.1
57395.3
286853
82357.3
349761
77188.8
79713.6
93428.6
110981
471501
73283.2
221837
87774.4
80477.8
93274.5
102559
249336
222604
72460.4
356385
82770.4
68598.9
77445.3
433381
86091.2
82755.3
91945.9
89200.3
193093
190674
156972
155476
134759
133329
82908
81023.3
406599
83532.8
101255
47520.1
73503.9
75366.9
162696
134675
117825
79547
80409.8
107839
128854
106814
137584
426376
105252
440691
70948.1
80245.1
78658.9
67364.2
60178.3
74249.4
322609
126509
57528.2
80963.7
140876
509477
75308.5
73327.1
87949.3
148740
76288.6
58994.5
356233
637936
110028
528105
81016.2
73748
133882
619164
87482.6
168055
174578
78004.9
74529.7
68626
636812
67167.4
89075.9
64236.8
86741.6
59279.9
79154.1
396587
74942
48977.4
544581
205281
101792
315730
114333
360770
351247
571487
124335
217024
255317
81638.3
84122.8
85422.1
119330
74253.2
566477
394296
389664
550705
326155
271533
93794
259438
108105
212098
178915
23791.5
276697
109307
434416
363282
70950.9
396139
93261.5
115567
106557
41337
236310
98644.1
94122.9
180983
78750.9
203735
318357
324604
89628.1
259074
119408
599033
427369
86182.1
75337.4
153675
373377
177173
523818
549059
108484
84908.3
91136.2
622603
73258.5
98906.1
83078.5
87405.8
479683
83065.5
77547.3
115454
116371
105086
90508.4
112058
120919
232188
289954
186397
160425
89587.2
99648.2
304572
247851
105207
202655
111338
172372
67546.7
90550.4
223350
184847
100852
155243
572676
85681.2
84831.4
78712.7
305989
119856
117790
82875.5
300887
395971
542868
242545
516067
240014
347915
55589.9
60833.7
519903
113746
103655
138162
52440.4
6247.87
51473.6
70419.9
74426.2
70904
74615.3
237065
473205
59727.2
135353
170612
100489
320161
584157
314169
98507.6
96614.9
9978.4
7837.21
124901
145925
179263
91884.6
75449.6
133479
71323.8
71655.9
89190
716927
295855
13395
130673
131878
110398
100116
102795
111246
64693.3
69748.3
92123.7
80463.9
83560.1
87240.9
46731.8
62853.3
97620
71914.9
63389.6
74991.5
186402
5407.55
182805
17651.3
382350
575770
400134
383626
63166.7
96158.3
71378.2
28732.4
78345.8
100081
519614
545700
573154
617755
21612.6
76214.5
91844.6
92547.1
250515
100342
86512.7
86186.5
394310
472500
75116.7
24487.2
75333.7
118743
568414
73233.1
587722
48800.8
74341
77750.8
630362
176611
468452
159040
155443
131478
134037
82497.6
132131
153319
189086
96588.2
83653.4
57126.4
87707.2
86743
160439
108281
188101
230139
103343
284680
98772.1
89877.8
169607
147333
211247
263821
116096
107328
100968
90216.7
80716.6
80825.2
383317
68413.1
66395.2
62720.8
72320.6
75362.5
266919
88988.1
351453
72089.6
70863
310916
86545.2
70397.3
69380.7
159678
77257.8
530086
59314.3
546108
615794
268481
592864
74098.9
598211
518081
427363
82420.6
462429
81090.8
81479.5
85698.9
519770
66298
369515
68985.4
80215
68540.7
80216.2
62230
62098.2
75151.2
75727
119522
80783.9
108732
93657.3
130424
390356
543207
201845
543397
532502
368748
74255.5
135349
112655
99492.6
62089.6
185273
85230.9
79816.8
52303.5
76363.4
360915
103549
117238
510547
78897.7
300678
58135.8
107134
103284
86413.9
79733.8
144474
577475
94966.8
93632.9
84235.4
387400
425191
83950.7
349708
71183.4
163611
58985.4
47943.2
44477.6
85852.2
94454.8
103554
203117
82190.6
401161
77838.4
71143.3
81559.2
67673.4
83908.7
98398.4
116204
148454
619289
77241.1
245894
588241
477673
84130.3
106174
547542
458129
68550
62234.4
76857.5
90317.2
96650.4
199417
110342
81427.7
130783
93493.2
109789
72382.5
364298
85330.9
82429
119022
260565
75430.8
73197.4
89228.3
78294.3
78053.2
90188.7
90426.9
166895
169173
138647
136818
116242
117862
110308
110427
128668
129827
85571.5
81650.8
46600.9
64435.7
76933.2
403505
106033
100801
237641
407587
371665
59428.2
102948
470018
85407.1
83461
39488.5
554506
359247
78697.4
76215.5
115980
571400
450982
61170
98206.1
502547
88124.1
54390
64916.1
235895
603385
65593
68236
68371
67950.2
108745
83292.3
400015
532669
53187.9
83600.5
60077.9
68359.6
60457.5
171034
166006
78525.3
74618.4
70384.1
75356.1
76980.1
502130
91637
78346.2
389118
80518.4
78184.7
81717.7
78945.8
157716
160478
72745
85073.3
418183
69387.3
113923
192353
71038.4
86591
77585.7
84773
73183.9
90191.7
103774
124118
171504
485894
299174
65308.9
69190.3
83086.9
59998.5
66247.8
86837.3
78654.1
53560.1
59598.9
60799.6
66171.3
72430.1
76593.9
73000.9
87551.6
476509
79417.1
85017.9
565059
55276.1
97207.9
105075
408056
477357
104233
80466.3
67105
88299
88809.6
79529.3
401949
464938
84452.9
562458
585541
555771
84675
574846
402899
297814
336316
70707.3
95286.6
387992
479870
77341.9
82874.1
79205.8
505637
68692.5
125003
113632
304471
416098
77553.4
85271.1
170775
420768
79751.5
157243
135457
119068
108144
58283.7
61519.3
242008
422046
150592
322867
352659
108218
133010
62771.1
76295.9
540319
424264
77704.1
372513
382289
398497
81364
237161
193069
163540
52359
259355
454983
90996.7
116237
62949
60875.2
111610
434362
71769.1
126924
195042
157735
132866
501683
225786
409916
442436
253223
248456
79156.1
670777
119620
82337.8
458963
545156
108031
84168.9
286632
75027.7
62271.9
80604.9
221150
81440.4
80689.7
79373.2
79980
215553
215509
549758
87498.7
91539.8
171668
147483
170634
210590
109120
90101
667364
5960.2
51150.3
50181.3
657166
295847
329606
339772
558199
201804
8711.18
84873.6
83243.2
7547.87
167049
121935
136117
143666
122032
155880
135916
157165
82431
74343.1
74764.4
114623
125490
11662.4
653944
170217
78840.6
379820
82505.8
72066.4
237855
393243
420718
85610.6
87986.7
79800.7
113002
129911
156690
224083
60749.7
331360
76473.2
250246
550797
79239.4
66353.1
283088
77445.6
392416
79825.2
80269.2
108003
126732
83813.7
95745.6
9646.42
93898.7
6878.53
512840
159855
15316.2
5092.08
156766
79996.9
69950.1
101058
117727
98341.7
126883
65625.6
78190
89962.9
598569
554164
318487
83584.2
129219
73223.1
390078
409695
468250
13013.4
54484.1
79987.4
80632.5
161606
133484
116660
89645.5
78249.3
418115
236833
407884
81359.3
543021
167307
120680
142519
137757
157883
120028
164081
75063.7
154679
82598.6
96166.1
275511
103756
272418
180245
4872.02
17157.5
176761
78647.7
586687
64027.8
701464
63894.9
137573
79173.5
79603.5
143950
105091
21211.7
112357
136584
57163.3
64016.2
687273
79720.7
75567.2
408793
80944.4
147381
141803
59290.1
573774
81395.6
58260.8
233422
85281.2
83891.3
465185
399938
74427.9
58031.9
85510.1
527237
64831.5
76040.8
66776.6
66529.7
118295
53179.4
533687
116901
106883
139027
67015.7
49112.5
75757.7
85446.3
83542.1
227977
105833
130175
260368
353748
4737.63
51633.3
50617.5
6077.66
80059.5
185204
113556
218358
268442
106471
329441
99243.8
87237
171530
200742
250884
313546
89120.8
121422
104092
112812
59650.7
163814
126439
135989
146869
152511
126720
364912
71102.5
67242.9
81656.4
129707
108844
94435.9
253810
78932.2
82434.9
93295.6
166424
68237.5
81653.7
63714.7
78160.3
407890
75617.5
119145
64061.7
146366
136921
49798.9
761253
62424
84502.4
552582
242137
89313.7
89034.6
87303.5
152830
608494
289890
338277
135064
119670
290265
307875
81890.8
78423.1
83579.2
273686
53664.8
75860.5
73575.1
80636
121288
118785
86261.4
68674.2
169859
52795
5376.4
51775.2
8032.31
100278
59388.6
5969.76
58237.5
7201.98
600713
73742.7
79431.7
169545
6872.57
62707
61514.5
9854.43
7493.97
70324.3
68983.8
8929.05
75939.5
138348
395731
739719
596461
458918
400428
408623
204407
72708.5
127061
158976
132263
501308
378198
74978
211503
74027.7
598844
212253
82377.6
65006.8
528330
489191
85664.1
237701
409786
65697.6
80610.2
299240
293452
12842.2
132090
5645
129544
11567.3
117628
6045.82
115356
80738.2
72873.9
328651
80625.9
4727.06
28333.5
359414
571674
61895.2
64954.5
649733
75999.7
78142.9
169703
91702
97497.6
85098.2
83028
199463
181203
160633
145452
136638
123515
82043.6
309014
454916
177900
73827.5
80758.8
113581
135000
162400
77596.2
509958
433015
75107.5
81256.6
81295.6
155567
113273
127318
394509
166750
128288
128159
152868
74924.8
331496
15819.4
535906
67052.3
61447.7
124019
64275.9
100981
112132
127481
118182
181617
274168
220886
156362
98551.5
108748
289973
234378
113702
195198
125506
163272
126270
127737
97780.9
98767.5
4659.26
23423.8
311081
510908
560516
93020.4
106726
581602
525517
17605
84314.6
246699
241943
78355.9
299289
82959.3
76981.2
78142.1
269271
305040
115891
119812
108068
109415
81414.8
84287.2
531724
4690.94
220802
216534
20929.2
510487
128629
120241
408037
86135.3
92575.1
624503
110027
10613.8
4228.43
107897
391218
98786.4
9500.05
4596.68
96875.6
70924.9
69753.4
133467
76980.4
80146.9
84584
519061
555422
354767
193334
79463.6
415910
276550
75690.3
572124
48770.6
80244.3
497482
86731.3
86054.8
76355
74267.1
770104
132409
121820
159971
143507
131449
118584
152810
168589
70926.9
66591.3
296322
79264.6
77868.6
60614.6
74776.6
497028
106077
104592
160650
155260
249386
72266.5
86377.4
82147.1
294117
78458.6
3298.5
19968.2
439871
124592
105845
64856.8
281013
99025.9
96514
394279
83844.7
89220
77409.6
87239.1
76396.1
68686.5
612981
526067
68596.5
67729.1
320227
218756
93504.4
252100
94521.3
102894
753199
209453
205428
71819.9
65863.9
100301
233845
86373.9
533443
93290.9
122952
84850.2
142617
88113.5
175003
215844
80630.8
88765.9
71713.3
252844
232355
515056
563089
83891.8
17873.5
1266.84
233457
249067
618963
97176.3
101102
69256.6
76967.7
90762.9
80576.5
588200
351320
391540
79397
146244
13109
232655
201763
589878
67851.9
61656.8
74962.1
373130
84072.6
343456
407611
480693
114921
74397.3
73659.8
84490.8
585771
305623
111479
110086
143133
147480
99999.3
100044
174943
168833
98902
100335
210951
203351
90188.1
91029.1
257914
248661
64966.3
62808.5
15018.8
252047
97669
574417
81488.9
102720
94912.9
97936.9
114025
105301
112050
85397.4
87457.2
286359
294445
235282
229394
156273
183973
161311
189681
83544.9
88573.7
99797
93598
309471
302266
102182
253551
246828
97953
202612
207723
110250
104893
176916
172703
84014.8
75296.1
63953.3
56939.1
65430.6
65765.6
104062
222215
154540
178600
276766
119405
109718
82445.9
58772.7
317503
80722.2
286971
79927
654450
318746
82099.3
184429
116005
217584
266976
109843
328020
103036
91801.6
171615
199886
249797
311858
95920.6
107100
125932
116944
467673
265662
143042
76129.1
63058.2
402210
243886
90150.1
89054.9
178254
76663.6
84280.8
86161.8
185588
3329.86
17498
182015
88360.2
87985.4
82976.5
85055.2
103697
60416.1
61501.5
457341
89608.3
82915.9
90681.5
94339
171572
173741
89667.6
375976
266789
383204
269703
97870.3
91108.6
67385.4
372293
338248
324007
512739
82448.8
80264.9
506474
74069.7
61545.3
69524
66196.7
75663.7
93309.8
503561
83778.8
73735.2
150821
76477.5
218403
220137
221491
214714
92925.4
89632.9
94661.7
91861.6
377770
560119
126101
145191
71992.5
87409.9
242619
435085
80514.6
79619.6
157927
119773
75131.3
74254.7
126167
82253.7
79310.2
89884.4
80747.2
98151.9
87300.5
67715.1
73394.4
86485
85793.6
68041
68033.3
102305
87330.2
345211
425196
24538.1
3867.57
64032.2
81229.1
91956.9
297273
74053.8
67290.5
71108.1
79959.1
79298.6
71999.1
70106.5
72463.1
68444.7
360703
227416
104599
57276.7
72832.4
71170.2
75432.3
75927
120454
132526
65624.7
72159
72350.8
68049.8
560161
424763
352550
112362
131260
109590
140767
164205
384669
389878
82625.2
611291
425307
78540.9
203929
98513.2
97604.6
88176.4
109813
71602.4
79370.1
369045
65061.1
68739.2
371256
581796
622580
410706
9625.62
101420
2473.49
99457.1
276095
94014.5
126830
86897
147617
181043
88383
222469
82149.5
1549.94
22944.7
90410.9
91746.1
109449
110883
174950
210416
169443
217290
146511
152210
141463
158987
141970
155817
166046
182884
203053
222197
249832
273905
101037
112227
95177.8
104089
104369
94672.7
93528
102970
92867.8
87415.1
78316.9
158612
115718
89158.1
89394.9
61631.6
77185.2
79247.9
154214
83422.8
109256
117671
64177.5
60426.3
95700.1
549372
86671.7
88015.3
247871
246101
83808.2
83021.7
401244
402974
81696.1
83799.6
328372
104670
120696
143198
171072
81739.2
71648.3
61779.1
80558.1
94154.4
68264.9
80147.8
101888
75148.3
120666
118400
141297
139001
236978
215973
239178
405560
81486.7
388047
545747
380557
89758.3
103465
83213.6
275470
62922
63813.2
60228.5
60798
101807
82291.5
86601.1
78278.7
74846.6
346605
104245
80397.3
94392.7
109466
68791.7
78026.3
81929.2
90256.4
77204.6
400471
254011
249123
487795
491739
111047
116830
108983
79819.4
390391
465114
226571
82635.7
61043.6
627793
82860.4
92181.4
209310
171447
147547
159458
351141
89046.2
216975
566282
85786.2
39393.2
66201.4
458695
84990
108300
92787.2
146989
153260
184010
223461
98770.3
88014.2
121794
122918
302205
317841
673075
84876.8
53412.3
73561.7
145881
153262
122832
129108
113436
106311
292085
76902.2
91285.9
80580.3
85556.4
236746
83663.2
55463.5
97764.5
110177
223890
416370
170005
548255
67500.1
66818.6
148845
442515
489586
87494.4
569673
93668.3
474231
437709
429303
58778.5
108864
4851.78
31664.2
42713.9
52503.9
428762
69194
247251
148743
154257
78644.2
76475.1
82590.4
80158.3
67591.9
69347.7
67708.3
57291
89169.6
85460.4
570537
90184.3
86437.6
194874
298800
177926
86700.3
76446.8
262446
181782
80257.6
92691.1
95099.5
95720
100700
32106.6
359334
74329
98901.8
111470
134617
69061.4
76938.2
76404.3
88922
99679
77281.6
77874.1
139141
163822
557906
21221.8
3846.09
231655
69158
64571.2
110050
68552.3
339281
80816.7
217317
441412
272705
81018.3
513241
87913.6
639306
338044
70685.4
77558.2
323.211
14153.8
152539
149610
486800
96359.4
91968
204810
414386
72993.3
213552
77756.5
442309
80387.3
120657
103874
57334.1
65463.9
90597.9
75880.6
82074.8
104374
629006
76475.8
73994.8
341658
335062
635908
70099
60020.7
579250
260114
622839
325534
13558.9
568147
481419
340194
383342
396000
66869.2
146375
85793.5
76454.9
86404.6
142780
332439
79808.2
73009
89520.7
90596.9
110561
113386
100702
79786.2
58276.7
63631.4
192849
189156
78248
76554.2
74095.5
78329
67634.8
70981.8
92096.6
102983
74548.8
85902.4
65424.1
614009
369777
482515
425438
81479.1
74303.8
154190
108507
127850
472758
158269
180549
177139
110862
110654
216201
212326
260992
265497
107059
105864
326812
320943
96094.9
94992.4
90315.4
88177.3
91345.6
109846
95448.9
108877
108394
108297
252800
246528
201586
173659
207006
169271
118576
121822
260271
270083
101977
100945
198023
191080
134906
140141
163553
159055
529964
80050.6
48827.9
51707.6
76754.3
81763.2
318255
663752
183727
3522.76
41962.7
7181.46
41149.9
82850
175873
163920
124596
116841
192363
208086
233334
252389
109548
117024
288467
312545
106879
112571
95300.1
99485.9
167103
154993
192886
178089
239438
220384
297425
272877
130320
124375
123142
114459
117686
110478
93545.8
99721
141629
144558
169660
167067
93794.8
201117
198879
95308
85387.7
84773.8
72475.1
92901
82691.6
412434
644151
102817
82014.3
145234
211814
171376
80412.3
80564.6
68111.9
75615.8
71063.4
446609
76990.6
63941
99031.9
106904
89661.4
80715.8
76039
84160.4
226440
237875
82531.2
109952
95693.4
81058.6
87268.6
82391.7
102027
96540.1
559270
261281
84256.6
71136.5
95223.9
113124
72364.5
72451.9
246150
82762.9
86944.9
307455
316025
106463
151018
125601
83180.1
79424.6
249080
86649.9
79138.7
224965
220668
574338
359346
74830.4
87063.1
59675.6
90066.1
360059
432168
406143
72571.8
245054
414110
561788
497230
88534
115270
244369
89060.8
354505
209215
129742
87958.9
102008
110733
119327
284621
227906
182556
156152
87151.3
95472.8
299890
102310
243968
107576
199519
169870
507746
71681.1
68750.2
5207.45
32734.7
316485
307293
122500
125107
71765.9
244191
115419
393467
84992.6
88443.2
152968
115653
182182
104092
219277
269259
101519
93092.5
144789
170670
206480
254881
106735
118650
93934.4
106009
504754
251102
66955.7
322029
69691.8
33239.4
209456
609242
231288
85719.4
78472.1
567441
548370
91000.5
281893
155545
74752.5
60350
85726.5
69620.9
64932.2
54632.4
77054.6
80052.6
280898
161160
125349
124034
149847
570287
298704
108939
92533.1
506712
271664
787810
72409.5
64455.7
104528
70665.1
74147.1
78742.1
240561
195628
160025
85260.4
136453
93402.6
92788.6
100694
419071
1180.3
21894.8
10666.6
22839.6
53694.3
192017
156276
120320
185985
108755
223760
275081
106512
96794.5
260893
148772
212026
175303
111108
97646.5
110484
124244
340867
396239
259028
64915.7
76877.2
218594
96351.2
400956
124119
66824.6
70665.4
587246
67131.5
247412
84825
113272
119145
98207.3
101096
252160
115395
403894
127099
124339
104683
109813
467943
67663.1
87343.1
82849.5
127517
130206
118963
116530
309247
634222
76084.7
120067
143555
102131
81746.2
170775
72498.6
82914.8
458891
468057
412665
79500.8
52110.7
563056
74302
72602.8
581829
43469.6
5383.52
44326.6
3691
236629
77343.5
79525.4
121183
481396
85512
86560.5
46319
80681.9
389294
79329.5
7503.33
80894.2
2407.84
74097.6
154710
126417
356381
85379.3
462133
82829.5
338538
466788
205697
61831
337991
86181.7
190935
152372
218521
176287
272412
105792
114453
483967
85632.8
93836.8
227563
99239.8
520194
87672.9
74788.7
74690.4
248181
18481.8
85788.9
80656.5
85542.5
407003
78899.6
504371
164292
262664
579523
76448
100473
114295
138261
222075
154735
86406.8
80007.5
119932
46744.2
66657.4
83926.3
74453.3
46534.3
162063
90539.9
547605
71357
76800.7
66719.8
67005.4
99118.2
79188
199486
68996.2
79468.1
173354
188927
75777
61343.7
530960
532891
64821.4
72648.8
73223.5
81931.6
87353.2
84388.1
130381
142053
157778
160997
580146
206036
104926
96586.3
282066
61808.5
115529
165732
136309
81542.6
91334.6
78685.7
91355.8
737481
174253
318708
71460.1
81598.2
298616
526354
87499.8
80032
141981
140038
484606
719047
682905
177862
175001
373908
141544
143565
480296
83667.8
80686.8
632572
76605.9
78741.8
77627.3
77273.4
84094.8
93424.5
71345.8
62902.3
105243
38651
86161.5
67449.5
69612.7
445430
67694.5
65769.9
80868.6
72290.9
84874.2
75308.5
99642.3
67140.1
77415.2
70630.2
134885
75329.2
50486
60787.5
69882.6
74362.7
72503.5
68998.2
69868.8
65492.9
123148
111249
298944
99486.7
80678.7
86104.3
74624.9
98941.6
113400
136929
188678
425311
450380
78510.8
79523.9
65429.6
80545.4
73949.3
65608.9
72512.5
84765.6
100856
517660
77587.2
769062
579011
65023.4
63510.3
71598.9
58377.2
83386.5
73855.6
63878.6
64895
540519
68242.2
79437.8
92284.6
104220
79263.4
80459.6
387889
516668
459533
162486
506673
179693
561965
107502
87303.6
85671.2
83094.3
85268.5
186724
82253.2
75114
391396
87110.3
82955.5
84632.4
87620.6
295311
304539
361542
537580
435883
447221
257623
69826
427476
599857
608717
508149
111418
111026
91943.6
95022.3
48502.9
117488
102287
87273.4
73766.1
69379.8
149586
112501
293332
86388.2
67667.1
352955
216989
499057
79594.7
66980.3
126091
60955
555610
65297.9
467569
112105
105708
96895
100763
555835
77433
82686.5
75024.4
476435
196681
94288.7
85557
95802.1
110084
117163
125878
304230
243273
194292
167112
93643.2
105079
321156
111298
260684
212620
117429
180074
396057
84879.7
302014
56529.6
100856
239570
95878.1
363948
81773.2
583646
132934
103974
81007.8
110058
88638.6
45363.8
735978
129369
130523
121533
585330
75603.1
8480.17
89951
88210.8
3519.84
51580.8
38166.7
518120
105865
121842
79194.7
90814.7
114109
119446
78768.2
81599.8
58686.8
64385.3
479931
4506.44
30445.8
83686.1
175149
87111
86963.6
81433.6
88666.9
77722.4
79408.3
719808
62369.6
396017
65461.8
389448
86875.2
637776
635664
75973.7
75251.8
50959.6
332009
123535
107101
88752.3
64603.5
67894.9
70357.9
81196.9
85307.3
644895
133985
142835
30674.7
4488.76
34233.3
3229.49
158014
154956
14842.5
324774
501574
34629.1
73864.3
371126
587260
80107.8
103781
91723.5
76811.6
83149.7
125754
99630.4
67242.3
337304
235181
315653
496101
73569.9
71487
137116
140954
465374
89818.1
204851
229707
73621.9
81924.4
80616
76230.4
89326.3
100173
109185
118756
285370
184040
228907
157511
86149.2
95290.2
299748
244152
101382
200257
107200
170508
85263.6
89042
101872
84506.1
96284.7
116634
120805
112248
115014
337389
219747
271121
321342
258510
210216
186084
177152
92257.7
90102
97809.4
100181
332218
351211
106807
110721
273161
289173
221800
233682
114654
120400
186543
197421
99917.3
116657
471729
54097.2
63496
528315
99643
96269.7
441589
604555
352150
632184
79428.5
109472
68564
539655
72801
11106
75557.2
62942.4
89036.3
69647.2
79905
103654
118383
2466.96
27009.6
11720.4
27246.7
63517.6
485147
462516
73951.2
76453.8
133945
506445
306815
78212.3
83618.3
81995.1
8039.73
5026.55
537408
80873.2
102999
94075.9
225479
125805
180893
147347
572607
128195
117361
618474
148031
85666.1
85180.2
250617
204034
167365
142832
88637.5
95287.7
103058
96207.7
127404
436387
565601
87924.8
333765
433164
76757.9
346079
110903
83311
124363
99040.8
69815.4
71701.4
355376
100248
69600.3
477549
131305
137294
332534
188307
505354
86979.6
278617
273249
138936
156559
70924.3
71454.3
84367.4
84226.5
54359.1
567381
77666.4
339500
470289
86075.2
101677
637165
112393
129031
152168
465011
527854
112549
93705.5
183270
182544
74379.1
80076.9
87313.7
80455.2
78507.4
75099.3
106642
93744.8
79284.5
161661
186267
230381
286505
97724.9
115414
127968
119811
98184.9
301490
110510
243361
115192
200642
122516
169982
342655
748472
73300.7
67791.9
81258.4
69709.9
144517
84823
88149
78680.7
66587.8
533768
582353
334339
39784.5
352959
381632
146970
140981
148001
136167
78062.1
380499
177161
378899
371593
75099.2
155297
507355
141307
142601
74881.6
433918
296764
347837
77778
74978.2
453738
68678.2
277883
106431
90484.8
82074.4
235260
74218.9
74489.4
81829.7
59696.1
592903
76329.8
332164
74563.1
76674.5
325738
83688.7
91336.1
750001
69776.1
327321
82586.7
263445
368614
335988
630375
71353.1
72839.5
108996
82962.7
92709.6
80845.1
69386.6
4346.22
26345.1
65087.7
60936.3
219687
320009
67249.8
660559
87259.1
83593.3
141572
149211
365356
137190
141901
355601
2727.91
158622
15096.7
155547
404395
125375
84773.4
146732
320501
74491.7
136305
69177.7
70374.5
502992
346318
324475
592904
49621.5
84678.4
8130.97
83030.9
4130.62
83506.4
83836.6
93962.9
70954.5
82647.2
81498.9
61534.6
71083.4
594989
81306.1
78802.6
81575.8
83191.6
90869.4
165643
185631
142501
157656
121447
133472
606821
137358
159102
197032
103633
85794.2
159776
72275.7
72509.6
90033.2
307324
97609.7
86174.8
194191
216059
96004.8
85377
89186.6
78079.5
74932.3
506008
150637
128602
156856
124978
85474.1
87179.9
350173
336903
388485
87927.2
87348
122808
109740
145928
262801
86126.2
327173
70668.1
4239.06
36874.5
36046.6
78406.4
75404
136924
77424.9
11294.2
73982.2
426465
444743
672615
730554
94723.4
108349
116837
125222
311590
249454
199310
170822
92910.9
102713
326473
111023
265215
215535
116126
182461
606678
656768
499457
89341.3
71439.1
426455
457607
440234
412479
85501
84388.9
64343.5
69706.5
67819.8
71633.7
67590.2
146255
118218
76172.3
74727
317515
573278
69154
88024.9
36095.1
82187.5
78710.3
506814
69571.1
72126.8
181483
280684
169751
2143.03
15780.5
166480
90400.2
104536
93842.3
200109
89630.3
57567.2
88138.7
550750
186281
82823.9
72837.5
7851.88
71455
10270.8
96440.8
89090.8
231777
90156.5
655507
732492
194657
117269
231322
286497
108359
348853
98349.2
87552.5
113943
118314
84139.3
98763.4
335096
183369
269106
217761
75000
73204.8
131179
173422
464359
73994.6
68999.2
73282
54631.1
185680
82210.3
61018.7
64111.3
51824.3
459403
101240
61816.7
63143.4
68641
71062
121406
75846
62585.1
64629.6
75049.2
83598.5
93848.8
98340.5
102006
308101
89703.6
99924.3
3858.15
191506
187816
18192.4
516434
142754
145656
370232
82859.4
94975.2
306020
90480
112559
74401.4
71123.3
73004.4
67925.3
63006.2
81423.2
86527.5
238409
194439
93516
159853
92426.9
135918
101507
78757.3
73529.7
72594.8
146101
203660
72045.1
84644.3
55307.1
13341.1
137267
6380.65
134621
155029
249022
243786
74164.2
88321
86786.6
333455
77211.7
13751.3
290797
59512.2
226103
533436
158067
131594
151553
184151
85257.3
81581.9
534435
125601
85849
77541.5
78637.9
382482
95081.6
109442
129730
79723.6
80464.1
501201
92122.5
98210.4
692219
438689
78160.5
58169.3
137269
86599
92637.8
136102
158881
101914
16239.6
174703
18252.7
411475
363813
100136
102108
5230.85
9974.54
73088.1
67112
526553
514731
63799.1
165137
11684.9
4682.49
119461
121817
499809
370277
186362
201221
115203
119008
221866
239008
273401
296148
108920
109106
333597
359993
99443.2
96591.8
88465.8
90756
189997
225951
278411
210312
177395
258691
95930.5
100773
115942
119937
114235
111766
84289.6
354296
127691
155515
89783
81844.9
73122.4
264002
116233
133005
161583
78778
77418.6
93590.8
598800
171636
80078.6
370267
53393.5
156798
133709
89285.1
372880
612968
117981
83861.6
98085.9
107021
248073
198924
160939
138995
470621
54621.2
71999.9
523093
66112.2
66484.7
5094.91
256767
251820
24116.4
79876.8
81382.5
114562
97601.8
6656.44
64898.7
63646.9
7619.92
67669.4
61561.6
100743
115193
138807
187978
74396.3
79774.3
70402.6
54774.5
5807.91
8904.67
53733
506767
479095
43235.7
342419
90471.7
60887.7
60926.8
146710
149298
387573
76446.3
76900.8
79798
121989
535652
415616
79575.7
79890.8
66218.4
69516.4
77325
375915
353248
82566
196229
89673.9
82047.1
208610
83009.5
85704.5
85651.2
366247
338290
132053
123077
148823
158658
66802.5
73972.3
84593.7
110905
97675.3
101268
87509.8
80034.6
86034.3
161911
86541.7
530110
74092.3
72917.5
467609
284277
60244.1
64592.3
77883.8
71067.3
63553.4
88273.3
69113.2
80363.5
77811.7
79950
358535
324603
282790
197337
220149
466608
317278
76861
83967.9
81798.7
154873
81202.5
63240.1
535604
66979.7
64837.2
87706
528098
469328
71203.6
146661
64789.7
67425.7
526040
349604
76935.8
71249.8
137525
102488
63995.2
64977.6
74573.8
75328
85261.1
508550
88882.2
100176
72539.7
64766.9
75225
81282.1
86607.1
87478.2
780213
123667
106238
92240.4
79319.4
556869
278495
96143.1
254461
104050
205974
200260
104486
95859.7
241513
26660.3
152807
152357
97840
84195.4
73003.9
84556.9
66057.5
235810
89216.6
74301.9
340071
88875
109535
100369
118038
296936
237963
190694
162656
85612
95555.2
312988
102302
254524
208025
108457
176864
335917
368603
365854
761014
409148
75485.3
405767
229890
349540
90480.8
80213.5
349373
55006.7
59043.8
3651.41
27515.8
113587
100375
261047
61001.8
154993
431962
784363
94413.5
335145
107433
73135.6
48185.8
88899.5
69661.8
107708
165140
685262
91427.7
255532
106493
208946
175960
63807.9
66687.3
83186.2
707734
346523
85260.4
322816
86857
22906
330858
65591.7
97418.1
269644
90230.5
78968.9
83664.3
481213
74791.8
176043
97825
766213
79482
89007.8
81173.4
515038
83599.1
65448
61637.8
63952.7
60032.7
95771.8
91785
96559.4
459597
84080.7
75058.1
68123.4
88740.6
65855.5
79359.5
79058.2
185557
681461
78573.5
130195
149737
180884
81594.6
77661.8
220310
100779
84453.5
79526.8
61659.5
69501.8
67815.2
76933.3
64764.4
109838
62508.6
122214
235352
531403
98401.6
311259
111769
75666.4
360301
133465
75255.6
75612
278576
73999.3
216129
268093
81881.9
84964.7
182081
150420
130498
466307
53973.4
75550.8
151036
180267
217914
96054.9
85528.4
247115
458216
4119.39
28792.4
66761.9
369636
51152.2
50186.3
607748
87488.9
84249.4
59185.3
102278
84799
94693.8
111532
148366
270151
173966
216723
82343.8
88932.1
286673
233080
192062
95336.5
164286
99935
85486.6
102259
76916.8
29049.6
60002.4
78546.3
60767.3
259278
69761.5
32821.5
4093.27
100495
107567
33241.9
503392
479386
74328.3
518209
404557
61379.3
63748.6
60653
412191
71355.7
75896.4
116045
105746
637171
579392
84810.8
85613.8
71563.7
6329.68
58363.8
57256.5
9357.68
7077.97
67366.1
66079.1
8251.28
78587.7
108494
217750
94012.7
141663
147904
595041
109181
77895.7
58747.4
58905.4
512477
522693
12229.9
126216
5162.17
123779
10712.8
109581
5648.79
107468
77919.9
80779
79792.8
90349.1
94010.4
113922
106562
76446.4
72889.4
22491.5
4278.46
582770
83687.5
324086
14692
236716
232156
544298
82078.1
4303.29
206527
202560
19424.2
16936.5
121574
80166.9
72147.2
94642
111254
61524.1
72727.2
74894.4
555081
82028.4
171267
203568
248368
104325
91115.7
373926
84853.5
77500
231644
409421
607222
83187.9
82352.5
70359.5
390152
417935
110477
303017
98668.4
54246
80831
86941.7
190958
155640
134436
75436.8
427179
101181
82793.1
66997.7
448135
519400
88393.3
106206
81757.2
530629
707045
65787.6
455865
24600.9
417023
60276.4
59040.4
54690.8
90113.6
82781.1
76419.2
137371
121226
209421
91700.6
691912
185311
5050.94
56574.4
55473
5135.81
60393.9
87116.3
93126.8
87764.4
68077.2
362596
437264
340774
203811
88643.1
94289.6
110922
102660
135256
129151
82316.8
84502.5
67744.1
68574.1
202201
71184.5
163041
131563
123952
154550
65055.3
71451.1
403501
297004
79357.3
234222
385397
71996.2
108221
89355.8
80036.9
375602
571709
78763.8
76300.4
78543.7
64542.4
84796.2
65790.3
68729.4
336817
71109.4
174575
82593.6
80380.2
127230
182758
148212
95979.3
80409
80069.7
86318.1
74361.3
155667
79422.3
51668.6
133587
139051
414542
518530
74857.6
65557.2
60036.1
483200
336732
332752
65101.3
71960.4
81933
83271
178450
79409.6
87325.3
62778.5
92458.4
105454
113047
121726
291465
233434
187400
161229
99990.9
89519.7
105621
309297
112137
251878
206128
175331
410645
609811
70733
81927
84376.9
72259.1
120679
78704
77499.4
77704.5
597674
80291.5
65027.2
495500
87894.2
81325.1
107549
96242
226316
80164.2
78126.6
475179
426157
87393.1
70241.5
100711
61821.6
63575.9
240570
76387.7
77805
100711
82211.6
155341
192888
134265
109536
109476
238199
69940.6
70709
70240
102301
147200
87109.2
71826.5
68969.4
125939
74038.2
75556.3
76061.2
75329.2
464931
80685.7
66655.6
169736
79985.1
140710
119122
123652
128117
213106
254331
265119
86505.2
84494.9
64459.6
67193.4
247080
87381.5
88515.5
54240.3
142961
76528.4
174494
343270
103661
69132.9
69514.5
71766.1
76991.4
87300.9
86632.7
81764.8
88608.5
70794.3
64724.4
79370.5
72122.5
66973.3
469732
36600.7
35818.2
3776.09
60908
371612
310894
105360
79798.4
74417.1
65261.7
64561.1
67265.6
68904.4
118348
110532
91118.3
99340.6
322893
83108.4
91718.8
97560.1
58492.1
64301.9
104178
115411
171189
123829
215411
208713
170249
89947.1
81992.3
131378
154758
183204
129749
150395
74799.4
149447
98574.3
478081
111128
79540.8
71523.4
72093.7
73716.3
133523
63481.4
211366
103373
65053.9
78377.7
84247
93514.4
109755
83858
246674
241992
66686.9
63039.9
79989.4
86846.6
110713
119702
119495
80704.5
84430.7
83721.7
82365.2
71748.2
69830.4
63568.9
62596.1
80757.9
203504
305262
71146.9
86109.6
288696
569354
330490
172105
123237
141807
144842
161362
122957
69138
70623.8
85054.5
3373.59
23283
74923.8
89198.8
59575.3
233315
66105.4
135375
62022.5
63963.1
315760
305336
173111
80948.2
81203.3
68289
65068.6
135581
69839.3
174143
601247
68281.8
81685.5
73840.1
96778.8
82046.2
68108.2
66232.1
393434
140532
134380
80796
70051.7
63613.9
77535.1
49933.9
145129
115731
132689
123534
69349.1
68719.5
121640
76911.6
60638.9
81616.3
62111.7
203860
64885.6
66840
98351.9
66762.7
66606.7
115859
75300.4
76055.9
370890
82142.1
349980
268426
88950.2
175120
139968
118483
83854.8
81707.4
65899.9
138064
308420
96010.7
74652.7
59085.2
60634.2
75317.7
110586
118799
68902
69494.7
84545.7
82162.2
86150.6
91359
77150.6
80602.8
71232.1
67758.8
75444.7
69044.3
83220.6
159415
86921.2
120465
100491
116364
98300.7
393779
71794.8
91098.9
190498
152611
129776
83178.7
182036
219558
60468.3
105731
76975.7
86717.1
336492
275727
76917.2
54133.9
143621
143716
68706.2
82851.1
132809
82147.8
76626.7
96915.9
133740
90203.9
156104
191586
91218
236351
84096.5
73902.9
75301.8
78638.2
76381.2
146335
146192
70349.9
69516.2
184541
108248
116163
139782
128997
137801
148751
105851
114382
285000
85885.1
163217
74651.6
67302.8
66695.4
537562
86422.6
119060
63559.4
68511.5
84435.9
90560
197862
227746
103774
85373.5
77153.4
91529.3
500870
122366
69528.8
71571.5
462011
469193
222462
269138
87610.7
116895
138551
173101
81025.1
85117
125435
69339.2
75206.3
89678.2
65651.5
174070
71275.3
524783
123476
76116.3
471393
477783
502580
252134
254834
71831.2
58220.4
71912.9
84468.3
73261.8
83267.9
98724.5
83355.8
75069
59912.5
75378.5
79949.9
153202
107629
127487
66373.5
566631
427314
459820
83703.8
68329.3
88433.6
77445.2
501542
85590.7
81229.8
100343
491994
399065
286301
81176
61291.4
64425.3
78319.6
61665.1
64167.5
70930.7
82780.7
80556.6
67411.3
563590
121324
108742
105608
84281.7
65356.2
71273
67787
66387.5
67583.9
76066.2
119046
466622
309358
486931
81475.6
162895
103850
190469
98883.8
231349
286022
93548.4
106869
86264.6
100533
116671
218819
272282
175921
150280
86308.2
377920
90931.2
70590.3
61385
46978.4
598156
84165.2
78383.3
476017
262291
275240
75090
78308.4
372070
355858
75432.5
65797.8
80629.2
356269
331918
80475.7
77564.8
122264
63574.4
258427
95962.5
102998
95584.5
263678
99870.2
107114
70714.5
83665.5
491332
60701.6
426844
417934
63889.1
162115
136999
92488.6
69204
81090.9
80814.4
141066
151574
452849
296065
74379.7
146693
121513
105694
83463.2
176343
95100.7
98140.4
208710
205241
287348
200045
191691
76697
77660.9
70472.5
82394.3
140298
132706
278160
317353
135110
90577.7
90937.2
128451
122295
148688
180971
142766
172801
93866.3
90836.5
82503.9
85461
131396
136089
80462.6
84158.5
69527.1
64340.2
305038
227111
390847
84688.8
182492
70782.9
474671
29143
30104
3045.82
81792.8
58835.4
209179
83051.9
83527.1
82033.6
210925
84791.3
201711
129559
180990
204218
3276.45
26724.1
75957.8
194626
81806.6
93910.4
81547.7
70510.1
90262.1
86198.2
116034
122315
551031
104836
107278
62419.7
78117.4
77957.9
69420.5
75225.9
83086.2
70553.4
93200
108028
129299
174852
92883.4
560339
251480
90407.5
98122.7
72204.1
65173
70807.3
563114
82554.7
70061.4
61342.2
61919.9
67682.4
69196.7
61739.9
61815.9
115429
92279.6
83379.5
583316
201107
63972.7
63721.5
104787
300433
69340.1
163101
82146.5
80119.7
209247
351918
101182
102590
78813.6
274557
116690
84493.7
93835.6
258357
358221
167540
123353
141077
229958
83963.7
66438.5
114341
82572.1
485599
533785
588081
87876
506166
564829
209944
83350.4
86217.6
183291
157240
150083
192771
129123
135405
93934.7
84302.5
97264.2
76160.8
64729.3
75336.9
315453
68860.7
59256.8
148292
108694
65608.9
65144.7
75813.1
83079.3
64788.4
554210
71229.2
95566.5
61202.3
71336.3
102455
94974
367414
360416
64433.9
82500.2
78407.1
76406.3
78206.7
82023.6
367275
553047
79343.7
82813
70374.1
72543.1
146444
171441
98501.1
209950
90455.2
60380.2
125321
132928
65714.5
386114
343237
93256.6
64434.6
63939.9
329611
335544
66708.6
69161.1
68058.2
136932
150302
82978.6
83720
112732
124167
130941
101073
516445
77627.9
84482.4
82720.3
74323.9
82934.5
72047.1
107004
95115.5
81694.8
85955.4
90012.9
160280
142970
263524
162121
93595.6
67593.2
84594.2
81989.9
69612.6
99600.1
94468.2
187737
79923.4
85863.8
368418
97642
110892
63092.5
62102.8
69453.2
301604
92176.7
71815.4
86636.9
65316.5
85980.4
87707.8
349971
142295
118803
118845
152462
66821.2
74221.9
60538.3
113992
139949
69221.7
79330.5
78008.7
73193.9
217419
536105
334235
185608
73576.9
383009
579250
62726.7
65832.3
70632.7
251173
485246
400613
85979.7
79626
81786.2
72431.9
79661.9
358568
78849
333934
110917
73832.8
65681.3
82713.7
560553
529895
334530
570398
78759
84681.7
81472.7
61746.3
80978.9
49336.4
73774.3
67206.2
67723.7
385596
381000
77839.6
78106.4
63372.9
61049.2
63895.2
58826.7
87467.4
94901.6
80882.4
83364.1
74238.4
178875
163885
292213
566643
74044.6
75084.9
96672.9
85062.4
73379.6
82974.4
72607.6
63439.8
79867.1
81163.7
76402.8
280932
551232
379818
110471
90628.4
98370.7
381360
58015.4
269465
75421.7
84122.6
86266.4
69567.9
65190
67858.4
64071.6
60444.9
75660
177475
70507.2
82316
83695.9
192832
434599
360618
577187
384865
68008.8
66317.5
61872.5
397075
95025.7
69167
320132
72825.5
501396
79886.4
347840
125129
73339.6
66902.8
80349
76868.8
132906
135388
74151.6
72832.5
351333
66371.5
60758.7
82236.8
76498.9
117216
127294
80854.8
81095.3
67807.1
70807.4
531926
376192
160542
163001
166433
403115
254002
79422.5
85656
67748.6
75392.1
306077
57773
60022.8
109586
54046.6
558486
67113
67675.7
99281.9
65353.3
81647.9
58874.8
95942
57352.8
319536
75114.1
312020
117554
98606.9
481196
75102.6
60322.7
68285.8
75361.8
86476.5
71880.1
85016.7
83950.6
107138
91801.5
65771.6
77434.3
64278.1
77646.9
57836.2
73035.7
63145.6
270232
85024.4
189160
436876
65024.7
63872.6
81921.6
550555
30383.2
3517.19
31292
79617.7
62571.2
547874
405853
55878.2
59625.1
64511.1
64025.2
191260
68052.2
83590.9
260550
263584
80957.4
53907.7
75870.6
64366
71085.1
80040.3
82733.9
96426.9
60687.5
184952
)
;

boundaryField
{
    frontAndBack
    {
        type            empty;
    }
    topAndBottom
    {
        type            calculated;
        value           nonuniform List<scalar> 
452
(
390192
34055.3
454494
45843.6
537802
552444
79064.4
377337
597317
98578.8
117057
111104
124472
278179
224347
182871
158618
96182.1
107869
293489
237558
112042
196954
122179
166177
136295
144663
37227.2
627298
610882
55810.3
83695.4
525055
164026
120323
131363
142242
154370
120147
135236
153512
450947
44150.9
473163
61525.3
51615.6
409555
417344
644549
187068
114807
220945
272280
104877
332488
100106
84895.2
174478
204848
319223
255085
84367.4
109046
116960
100688
481458
602278
37652.1
52739.2
616531
40443.3
427199
446757
40782.8
80928.1
568843
65334.2
38072.9
53199.8
613558
39993.2
43412.2
54315.6
582717
36521.1
38260.2
556463
637975
33920.4
70679.2
158798
129818
121265
151801
97627.7
113595
119363
128317
289362
231771
186149
161188
97409
108601
305281
246265
113959
202189
119310
171502
145384
127683
164206
122144
4473.4
51484.9
50488.7
4290.72
395298
59204.2
81077.3
374404
152334
130245
84587.5
364921
445923
594554
620888
379361
140267
146139
98874.7
113718
118041
126819
296288
237037
189676
163521
97163.8
107477
314307
253684
115097
206894
119721
174916
191060
115464
226298
279569
105660
339555
98973.1
84570.6
98317.2
116867
110606
179088
261783
327293
211423
81972.6
6347.09
36330.3
35530.9
2818.61
111636
116290
97439.2
271950
184302
220090
84840.8
97411.5
350417
287921
107474
232453
115242
194901
85163.4
337212
631760
37923.9
508994
584261
491032
634822
83817.8
343778
154462
121420
133968
155845
90700.6
8466.37
1830.03
88946.4
646605
69970.1
54535.7
45388.8
356796
451381
192679
189007
71101
18041.7
426.471
563255
14064.7
37546.8
40028.5
84477.3
571949
71619.6
44182.1
624367
84698.7
521082
418656
351629
358301
435587
49398.2
567867
40677.5
601620
624454
70332.8
73988.1
590339
56963.5
72952.7
544869
83567.9
388677
58104
45895.9
37539.8
555759
505022
401431
73453.3
68003.2
51748.1
158044
132819
253153
248381
167382
122189
136383
143829
122364
156137
136431
157645
76695.2
78353.6
394507
83368.6
82605.5
469953
409240
167388
121008
142859
137555
157815
120452
467403
535855
185367
114304
218719
269154
107188
330380
99899.8
87796
172102
201425
251798
314701
89155.2
121340
104627
112793
59088.9
164616
126489
136526
147276
153380
126765
146759
137085
159222
132918
490866
511306
101331
112620
127827
118707
182200
275093
221684
156967
98861.4
109239
290982
235137
114163
195841
125928
163844
48451.8
62865.6
513822
504642
427219
82781.9
412160
401505
39204
549916
290.329
14304.5
153615
150661
415285
64953.6
615857
646186
71586.4
74976.8
161324
126164
124119
150475
1171.37
21949.2
10783.1
22910.1
636217
43730.8
5412.81
44592.8
3711.96
79667.9
7539.98
81239.1
2419.89
155255
127020
358331
85105.2
18603.6
46426.9
61787.5
528071
375306
142006
144110
634025
38849.6
468903
477773
96492.7
110427
117421
126230
304854
243783
194580
167365
94045.6
105464
321922
111806
261253
213054
117821
180401
45278.9
37102.9
50240.4
646453
73642
528779
161931
186657
230814
287154
97823.3
115526
128073
120093
98248
302065
110665
243802
115384
201039
122741
170275
39355.9
141770
143023
633007
504436
70842.4
427309
445669
35898.8
195104
117351
231812
287168
108235
349627
98539.9
87335.7
114058
118519
84078.4
98938.4
335788
183658
269648
218148
143436
145807
371304
55201.7
80607.4
502376
57916.5
136570
159222
83866.2
355240
128235
155696
600149
53573.7
614281
479993
)
;
    }
    right
    {
        type            calculated;
        value           nonuniform List<scalar> 
20
(
79608.2
80053.5
78145.6
82439.1
82554.5
79280.9
78759.2
79021.7
80089.7
78459.2
78394.7
80716.6
78027
82741.3
79766
80713
82111.6
78094.6
82131.6
79230.4
)
;
    }
    left
    {
        type            calculated;
        value           nonuniform List<scalar> 
120
(
45425.3
5785.11
44581
752459
736451
386868
491550
717907
735801
28752.2
7003.46
62168.4
60999.9
11852.9
8928.16
85862.6
84221.5
9001.42
162385
15523.1
5853.34
159255
116942
11568.3
7099.35
114689
15669.3
21365.6
5107.31
28238.4
299483
293722
221029
5230.14
20743.7
216768
384154
561972
731629
716469
629271
616971
576549
389548
5467.16
38546.5
39181.3
420325
697887
412931
52985.6
6313.97
52012.4
99493.8
97583.4
10076.5
7914.05
717588
13518.7
188260
5458.68
184628
17818.4
24712.2
616061
598639
487462
478041
434160
442319
459678
670228
656818
705381
691010
762959
741019
537858
527422
772651
755569
587501
576102
389875
382348
439129
430695
343292
336663
5242.67
32957.1
33498.6
788088
769308
638040
471596
534685
673223
656828
551006
73413.2
7913.6
72020.3
10352.7
13445.5
138388
6430.71
135721
692671
18373.3
5130.8
258642
253659
24278.4
780526
761429
409733
785396
767149
514773
)
;
    }
}


// ************************************************************************* //
