/*--------------------------------*- C++ -*----------------------------------*\
| =========                 |                                                 |
| \\      /  F ield         | OpenFOAM: The Open Source CFD Toolbox           |
|  \\    /   O peration     | Version:  2.3.1                                 |
|   \\  /    A nd           | Web:      www.OpenFOAM.org                      |
|    \\/     M anipulation  |                                                 |
\*---------------------------------------------------------------------------*/
FoamFile
{
    version     2.0;
    format      ascii;
    class       volScalarField;
    location    "0.5";
    object      k;
}
// * * * * * * * * * * * * * * * * * * * * * * * * * * * * * * * * * * * * * //

dimensions      [0 2 -2 0 0 0 0];

internalField   nonuniform List<scalar> 
9648
(
2.71261
2.71279
2.71161
2.70737
2.69966
2.6878
2.67239
2.65322
2.63013
2.60304
2.57196
2.5371
2.49885
2.45777
2.41449
2.36975
2.32428
2.27878
2.23386
2.19009
2.14792
2.10769
2.06969
2.03405
2.0009
1.97025
1.94211
1.91641
1.8931
1.87211
1.85334
1.83672
1.82214
1.80954
1.7988
1.78985
1.7826
1.77699
1.77293
1.77037
1.76926
1.76956
1.77122
1.77422
1.77855
1.78418
1.79115
1.79949
1.80921
1.82035
1.83296
1.84709
1.86278
1.88004
1.89886
1.91909
1.94042
1.96234
1.98436
2.00609
2.02719
1.75994
1.76235
1.76201
1.76018
1.75917
1.76165
1.77014
1.78573
1.80854
1.83876
1.87628
1.92054
1.97073
2.02588
2.08501
2.14719
2.21149
2.27704
2.34308
2.40906
2.47457
2.53933
2.60314
2.66583
2.72728
2.78745
2.84636
2.90404
2.96047
3.0158
3.07015
3.1236
3.17626
3.22822
3.27957
3.33033
3.38062
3.43054
3.48008
3.52922
3.57804
3.62666
3.67502
3.72312
3.77105
3.81866
3.86597
3.9131
3.96008
4.00679
4.05312
4.09898
4.14445
4.18913
4.23331
4.27672
4.31955
4.36111
4.40165
4.44122
4.47988
1.44566
1.49927
1.55446
1.61313
1.67749
1.74869
1.8267
1.91172
2.00337
2.10137
2.20472
2.31262
2.42401
2.53779
2.6529
2.76827
2.883
2.99614
3.10691
3.21479
3.31944
3.42068
3.51839
3.61251
3.70304
3.78999
3.87351
3.95362
4.03062
4.10474
4.17621
4.24532
4.31225
4.37711
4.44003
4.50123
4.5608
4.61894
4.67574
4.73128
4.78565
4.83893
4.89123
4.9426
4.99302
5.0425
5.091
5.13861
5.18518
5.23072
5.27522
5.31872
5.36141
5.40262
5.44328
5.48237
5.52064
5.55702
5.59272
5.62732
5.66088
1.35687
1.45994
1.56837
1.68224
1.80199
1.92796
2.0601
2.19796
2.34076
2.4877
2.63751
2.78908
2.94112
3.09255
3.24221
3.38907
3.53224
3.6709
3.80444
3.93248
4.05486
4.17152
4.28255
4.38806
4.48818
4.58303
4.67282
4.75793
4.83867
4.91549
4.98887
5.05901
5.12631
5.19089
5.25296
5.3128
5.37064
5.42668
5.48108
5.53399
5.58553
5.63585
5.68504
5.73321
5.78038
5.8266
5.87189
5.91629
5.95972
6.00218
6.0438
6.08424
6.12372
6.16206
6.19975
6.23625
6.27161
6.30581
6.33892
6.37099
6.4018
1.3818
1.52649
1.68032
1.8413
2.00842
2.1813
2.35925
2.54126
2.72631
2.91303
3.10001
3.28582
3.46924
3.64914
3.82442
3.99394
4.15691
4.31276
4.46097
4.60148
4.73424
4.85933
4.97705
5.08754
5.19114
5.28808
5.3788
5.46373
5.54355
5.61878
5.6898
5.75713
5.82095
5.88162
5.93935
5.99454
6.04753
6.09847
6.14759
6.19502
6.24091
6.28545
6.32882
6.37112
6.41239
6.4527
6.49206
6.53051
6.56811
6.60465
6.6403
6.67494
6.70842
6.7408
6.77222
6.80279
6.8322
6.86055
6.88774
6.91365
6.93832
1.46033
1.64121
1.83491
2.03779
2.24726
2.46193
2.6804
2.90126
3.1229
3.34353
3.5616
3.77534
3.98377
4.1856
4.38022
4.56625
4.7429
4.91003
5.06712
5.21447
5.35228
5.48056
5.59993
5.71043
5.81263
5.90705
5.99413
6.07503
6.14997
6.21984
6.28514
6.34574
6.40267
6.45603
6.50616
6.55362
6.59889
6.64204
6.68327
6.72268
6.76038
6.79668
6.83185
6.86603
6.8992
6.93148
6.963
6.99351
7.02328
7.05214
7.08002
7.10689
7.13274
7.15739
7.18107
7.20375
7.22552
7.24629
7.26578
7.28378
7.30065
1.57094
1.78435
2.01427
2.25517
2.50277
2.75493
3.00944
3.26441
3.51803
3.7675
4.01168
4.248
4.47598
4.69424
4.90334
5.10083
5.28626
5.46005
5.62118
5.77087
5.90956
6.03673
6.15391
6.26021
6.35699
6.44504
6.52515
6.59863
6.66589
6.72733
6.78356
6.83466
6.8815
6.92496
6.96477
7.00178
7.03706
7.06997
7.10101
7.13022
7.15747
7.18339
7.20826
7.23237
7.25531
7.27745
7.29896
7.31964
7.33975
7.35895
7.37727
7.39453
7.41083
7.42583
7.43961
7.45269
7.465
7.47635
7.48623
7.49446
7.50156
1.70113
1.94392
2.2069
2.4823
2.76418
3.04925
3.33541
3.62042
3.90171
4.17573
4.4418
4.6959
4.93864
5.1679
5.3872
5.59206
5.78226
5.95923
6.12041
6.26822
6.40424
6.5264
6.63859
6.73702
6.82452
6.90294
6.9724
7.03648
7.09275
7.14266
7.18757
7.2256
7.25985
7.29075
7.31762
7.3418
7.36469
7.3843
7.40246
7.41915
7.43356
7.44651
7.4587
7.47036
7.48064
7.49049
7.49941
7.5078
7.51569
7.52299
7.52932
7.53469
7.53935
7.54228
7.544
7.54529
7.54546
7.54568
7.54386
7.53982
7.53528
1.84159
2.10832
2.40115
2.70487
3.01851
3.33118
3.64337
3.95618
4.25891
4.5549
4.83792
5.10839
5.36097
5.59676
5.82072
6.02979
6.22181
6.39885
6.56102
6.70393
6.83244
6.94715
7.05032
7.14159
7.21702
7.28153
7.33873
7.39058
7.43295
7.46849
7.499
7.52335
7.54321
7.55887
7.5699
7.57971
7.58527
7.58819
7.591
7.59155
7.59015
7.58622
7.58429
7.58091
7.57571
7.57198
7.56425
7.55779
7.549
7.54048
7.53
7.51977
7.5101
7.4982
7.48524
7.47258
7.45663
7.44509
7.42865
7.40869
7.39043
2.04739
2.06658
2.08489
2.10231
2.11889
2.13476
2.15018
2.16549
2.18072
2.19505
2.20816
2.22069
2.23274
2.24451
2.2563
2.26869
2.28206
2.29672
2.31303
2.33149
2.35186
2.37373
2.39679
2.4206
2.44485
2.46954
2.49478
2.52033
2.54608
2.57209
2.59847
2.62512
2.65205
2.6794
2.70712
2.73518
2.76368
2.7927
2.8222
2.85209
2.88248
2.91347
2.94503
2.97712
3.00986
3.04308
3.0768
3.11116
3.1462
3.18179
3.21799
3.25488
3.29256
3.33081
3.36997
3.40995
3.45106
3.49302
3.53616
3.5806
3.62641
4.51767
4.55344
4.58831
4.62243
4.65552
4.68715
4.71688
4.74536
4.77161
4.79711
4.82091
4.8437
4.86543
4.88614
4.90575
4.92412
4.94137
4.95746
4.97242
4.98624
4.99897
5.01064
5.02114
5.0305
5.03877
5.0459
5.05177
5.05615
5.05911
5.06064
5.06073
5.05943
5.05679
5.05278
5.04745
5.04088
5.03301
5.02396
5.01368
5.00221
4.98958
4.97585
4.9611
4.94526
4.92833
4.91024
4.89089
4.87035
4.84852
4.82546
4.8011
4.77539
4.74849
4.71993
4.69044
4.65944
4.62753
4.59426
4.56065
4.52657
4.49216
5.69282
5.7237
5.75303
5.78147
5.80891
5.83576
5.86076
5.88448
5.90603
5.92632
5.94499
5.96244
5.97851
5.99355
6.00736
6.01986
6.03106
6.04094
6.0495
6.05672
6.06268
6.06733
6.07068
6.07275
6.07352
6.07297
6.07113
6.06797
6.06344
6.05748
6.05014
6.04134
6.03112
6.01953
6.00655
5.99223
5.97654
5.95952
5.94117
5.92152
5.90065
5.87864
5.85554
5.83138
5.80612
5.7797
5.75198
5.72293
5.69247
5.66061
5.62733
5.59236
5.55582
5.51755
5.47777
5.43619
5.39303
5.34855
5.30321
5.25708
5.21029
6.43163
6.46019
6.4875
6.51329
6.53788
6.5613
6.5833
6.60374
6.62255
6.63975
6.65535
6.66942
6.68197
6.69308
6.70262
6.71076
6.71747
6.7227
6.72644
6.72868
6.72948
6.7289
6.72695
6.72367
6.71898
6.71288
6.70533
6.69638
6.68605
6.6743
6.66109
6.64635
6.63009
6.61235
6.59318
6.57258
6.55053
6.52699
6.50196
6.47552
6.44779
6.41886
6.38892
6.35803
6.32625
6.2935
6.25959
6.22446
6.18805
6.15036
6.11126
6.0706
6.02835
5.98442
5.93874
5.89115
5.84183
5.7911
5.73943
5.68685
5.63376
6.96172
6.98397
7.0048
7.02408
7.04171
7.05779
7.07232
7.08525
7.09687
7.10718
7.11599
7.12333
7.12923
7.13359
7.13645
7.13793
7.13787
7.13628
7.1331
7.12832
7.12206
7.11444
7.10554
7.09541
7.08396
7.07114
7.05697
7.0415
7.02482
7.00691
6.98773
6.9671
6.945
6.92146
6.89661
6.87038
6.84269
6.81352
6.78275
6.75045
6.7168
6.68193
6.64612
6.6096
6.57249
6.53481
6.4962
6.45667
6.41613
6.3747
6.33201
6.28786
6.24234
6.19517
6.14626
6.09515
6.04232
5.98787
5.93253
5.87624
5.81954
7.31621
7.33048
7.3432
7.35449
7.36409
7.372
7.37836
7.38299
7.38603
7.38758
7.38781
7.3867
7.38414
7.38008
7.3745
7.3676
7.3593
7.34942
7.33781
7.32444
7.30953
7.29329
7.27589
7.25746
7.23783
7.21689
7.19468
7.17127
7.14696
7.12184
7.09589
7.06869
7.04027
7.01054
6.97977
6.94781
6.91442
6.87962
6.84318
6.8051
6.76555
6.72462
6.68276
6.64041
6.59784
6.55536
6.51218
6.46868
6.42449
6.38017
6.33491
6.28823
6.24058
6.19141
6.14075
6.08749
6.03254
5.97571
5.91844
5.86003
5.80131
7.50747
7.51211
7.51524
7.5168
7.51668
7.51482
7.51121
7.50608
7.49934
7.49081
7.48096
7.47003
7.45773
7.44393
7.42853
7.41209
7.39463
7.37559
7.35465
7.33158
7.30678
7.28076
7.25366
7.2259
7.19719
7.16711
7.13577
7.10309
7.06986
7.03643
7.00319
6.96902
6.93426
6.89838
6.86217
6.82507
6.78634
6.74637
6.70485
6.66171
6.6169
6.57027
6.52253
6.47434
6.42619
6.37917
6.33133
6.28419
6.23661
6.19045
6.14395
6.09568
6.04708
5.99706
5.94624
5.89179
5.83617
5.77805
5.7207
5.6617
5.6028
7.52937
7.52259
7.51417
7.50464
7.49341
7.4808
7.46611
7.45089
7.43421
7.41492
7.39435
7.37334
7.35087
7.32704
7.30093
7.27411
7.24763
7.21985
7.19016
7.15727
7.12188
7.0858
7.04851
7.01075
6.97297
6.93377
6.89323
6.85018
6.80636
6.76307
6.72219
6.68065
6.64007
6.59868
6.5586
6.51853
6.4756
6.43076
6.38521
6.33903
6.29064
6.23957
6.18695
6.1335
6.07987
6.02922
5.97652
5.92618
5.87513
5.82855
5.7829
5.73409
5.68583
5.63631
5.58727
5.53248
5.47775
5.41918
5.36391
5.30616
5.2495
7.36899
7.34838
7.32445
7.30176
7.27625
7.25313
7.22571
7.20109
7.1763
7.14857
7.11895
7.08991
7.05839
7.0267
6.98981
6.95079
6.91559
6.88153
6.84774
6.80914
6.76235
6.71812
6.67213
6.62386
6.57727
6.53051
6.48484
6.43326
6.37617
6.32052
6.27127
6.22126
6.17487
6.12857
6.08874
6.05089
6.00711
5.95717
5.90817
5.86215
5.81485
5.7619
5.70569
5.64924
5.59135
5.53906
5.4807
5.42758
5.37179
5.32752
5.2856
5.23682
5.19083
5.14421
5.09966
5.04509
4.99287
4.93404
4.88303
4.82871
4.77752
3.67361
3.72186
3.7714
3.82225
3.87444
3.92812
3.98321
4.03984
4.09776
4.1569
4.21735
4.27867
4.34078
4.40622
4.48665
4.56181
4.63511
4.70909
4.78381
4.85942
4.93596
5.01347
5.09184
5.17101
5.25079
5.33093
5.4113
5.49172
5.57199
5.65177
5.73097
5.80926
5.88624
5.96169
6.03526
6.10638
6.17458
6.23922
6.29607
6.33773
6.36619
6.38222
6.38578
6.37624
6.35259
6.31344
6.25693
6.18075
6.08223
5.95822
5.80499
5.61811
5.39261
5.12177
4.79249
4.23953
3.98129
3.84726
3.79309
3.768
3.71839
4.45711
4.42173
4.38557
4.34874
4.31128
4.27389
4.23635
4.19942
4.16261
4.12629
4.09121
4.05128
4.0074
3.966
3.91982
3.875
3.83032
3.78555
3.74116
3.69745
3.65442
3.61181
3.56951
3.52748
3.48564
3.444
3.40256
3.36144
3.32064
3.28023
3.24034
3.20107
3.16257
3.12504
3.08874
3.05397
3.02113
2.99083
2.96365
2.94138
2.92138
2.90377
2.88887
2.87727
2.86987
2.86758
2.87142
2.88268
2.90282
2.93307
2.97467
3.0287
3.09636
3.18004
3.26894
3.40323
3.57666
3.84391
4.22188
4.71514
5.06222
5.16302
5.11525
5.0667
5.01706
4.96633
4.91504
4.86353
4.81227
4.76087
4.70926
4.65483
4.59227
4.52997
4.47106
4.41233
4.35426
4.29554
4.23611
4.17633
4.11664
4.0571
3.99746
3.93768
3.87773
3.8175
3.75702
3.69626
3.63521
3.57383
3.51211
3.45004
3.38763
3.32491
3.26193
3.19875
3.13547
3.0722
3.00905
2.94617
2.88379
2.82188
2.76013
2.69906
2.63949
2.58174
2.52639
2.47428
2.42665
2.38512
2.35183
2.32956
2.32183
2.3333
2.36947
2.43319
2.53571
2.68033
2.89687
3.229
3.72774
4.34826
5.58031
5.5268
5.47263
5.41745
5.36086
5.3037
5.24631
5.18938
5.13229
5.07447
5.01036
4.94007
4.8721
4.80772
4.74451
4.68211
4.61936
4.55638
4.49327
4.43037
4.3676
4.30451
4.24124
4.17781
4.1141
4.05018
3.98598
3.9215
3.85662
3.79131
3.72553
3.65931
3.59266
3.52565
3.45831
3.39073
3.32297
3.25508
3.18705
3.11893
3.05065
2.98218
2.9129
2.84268
2.7722
2.70158
2.63106
2.56106
2.49227
2.42576
2.36297
2.30603
2.25787
2.22226
2.20292
2.20591
2.23916
2.31981
2.47661
2.75203
3.17665
5.76244
5.70573
5.64859
5.59055
5.5306
5.47001
5.40912
5.34904
5.28871
5.22737
5.15824
5.0852
5.01528
4.94901
4.88391
4.81965
4.75522
4.69136
4.62787
4.56497
4.50229
4.43903
4.37563
4.3122
4.24848
4.18464
4.12053
4.05615
3.99129
3.92594
3.86007
3.79379
3.72713
3.66022
3.59312
3.52594
3.45876
3.39164
3.32457
3.25757
3.19063
3.12378
3.05689
2.98943
2.92114
2.85218
2.78259
2.71246
2.64192
2.57133
2.50107
2.43177
2.36438
2.30016
2.2407
2.1889
2.1506
2.13628
2.16236
2.25354
2.44022
5.74185
5.68356
5.62515
5.56607
5.50412
5.44149
5.37818
5.31641
5.25449
5.19195
5.12084
5.04789
4.97832
4.91283
4.84792
4.78383
4.71945
4.65667
4.59476
4.53398
4.47353
4.41194
4.35054
4.28947
4.22803
4.16664
4.10486
4.04286
3.98015
3.91691
3.85304
3.78891
3.72453
3.66017
3.5958
3.53164
3.46774
3.4042
3.341
3.27821
3.21582
3.15391
3.09247
3.03137
2.97016
2.90832
2.84585
2.78282
2.71928
2.65529
2.59097
2.52636
2.46147
2.39633
2.33081
2.26553
2.20281
2.14783
2.10933
2.10051
2.14007
5.54186
5.48339
5.42521
5.36719
5.30428
5.24089
5.17598
5.11411
5.05229
4.99108
4.91989
4.84897
4.7813
4.71893
4.65592
4.59404
4.53105
4.47119
4.41244
4.35539
4.2987
4.23978
4.18196
4.12535
4.068
4.01089
3.95295
3.89503
3.83583
3.77614
3.7156
3.65528
3.59489
3.53503
3.47534
3.41627
3.35766
3.29985
3.24268
3.18642
3.13091
3.07642
3.02285
2.97018
2.91819
2.86651
2.81432
2.76163
2.70858
2.65528
2.6018
2.54813
2.49409
2.43928
2.3831
2.32495
2.26493
2.20469
2.1479
2.10086
2.0734
5.18778
5.13011
5.07375
5.01942
4.95685
4.89431
4.82857
4.7685
4.7087
4.65154
4.58151
4.51387
4.44898
4.39181
4.33176
4.27391
4.21317
4.15783
4.1035
4.05101
3.99896
3.94278
3.88957
3.83975
3.78781
3.73595
3.6823
3.62959
3.57424
3.51869
3.46181
3.40656
3.35127
3.2976
3.24389
3.19147
3.13932
3.08868
3.03903
2.99113
2.94427
2.89911
2.85541
2.81287
2.7714
2.73102
2.69058
2.64961
2.60855
2.56762
2.52712
2.48701
2.44715
2.40703
2.36596
2.32301
2.27745
2.22908
2.17876
2.12877
2.08337
4.71589
4.65867
4.60618
4.55845
4.49779
4.43757
4.37141
4.31574
4.2604
4.20972
4.14193
4.07803
4.01579
3.96576
3.90883
3.85684
3.79854
3.74947
3.70034
3.65175
3.6043
3.54981
3.50209
3.46301
3.41673
3.36873
3.3184
3.2718
3.21901
3.16704
3.11258
3.06409
3.01425
2.96832
2.92077
2.87583
2.82929
2.78644
2.74509
2.707
2.67002
2.63528
2.60255
2.57112
2.5398
2.50916
2.47903
2.44816
2.4188
2.38981
2.3636
2.33844
2.31507
2.29185
2.26864
2.24407
2.21754
2.188
2.15544
2.11953
2.08165
3.62589
3.52238
3.4099
3.28954
3.16701
3.04575
2.92857
2.81909
2.72049
2.63486
2.56308
2.5051
2.45995
2.42611
2.40173
2.38498
2.37409
2.36776
2.36493
2.36472
2.36653
2.36993
2.37459
2.3804
2.38724
2.39502
2.40375
2.41337
2.42388
2.43524
2.44738
2.46027
2.47379
2.48782
2.50219
2.51674
2.53126
2.54552
2.55928
2.57233
2.58443
2.59534
2.60493
2.61312
2.61989
2.62538
2.62975
2.63326
2.63628
2.63925
2.64256
2.64651
2.65134
2.65726
2.66415
2.67185
2.68
2.68834
2.69632
2.70331
2.7088
5.05956
4.9894
4.87067
4.69871
4.50632
4.29585
4.06575
3.8227
3.57545
3.33223
3.09944
2.88363
2.68863
2.5157
2.36528
2.23861
2.13503
2.05155
1.98491
1.93239
1.89149
1.85997
1.83592
1.81781
1.80488
1.79586
1.79063
1.78864
1.78965
1.79342
1.79975
1.8084
1.81914
1.83167
1.84565
1.86069
1.87636
1.89223
1.90775
1.92234
1.9353
1.94589
1.95323
1.95639
1.95458
1.94715
1.93369
1.91427
1.88956
1.86091
1.83026
1.79998
1.77268
1.7506
1.73514
1.72711
1.72599
1.73059
1.73855
1.74733
1.75476
4.85794
5.22391
5.43027
5.45004
5.32032
5.12571
4.86844
4.57147
4.25302
3.9251
3.59986
3.28901
3.00011
2.73839
2.50711
2.30773
2.13876
1.99588
1.87649
1.77959
1.70269
1.64286
1.59702
1.56236
1.53631
1.51735
1.50398
1.49538
1.4908
1.48965
1.49149
1.49588
1.50235
1.51038
1.51947
1.52913
1.53885
1.54808
1.55627
1.56281
1.56708
1.5685
1.56648
1.5605
1.55004
1.53468
1.5141
1.48823
1.4573
1.42203
1.38385
1.34505
1.30875
1.27845
1.25747
1.24878
1.25386
1.27282
1.3042
1.34557
1.39398
3.71005
4.30097
4.87064
5.31656
5.5475
5.59745
5.4816
5.23541
4.92094
4.55998
4.17939
3.80415
3.44659
3.11791
2.82352
2.56362
2.33549
2.13778
1.96919
1.82883
1.71476
1.62465
1.55522
1.50277
1.46359
1.43503
1.41488
1.40161
1.39395
1.39088
1.3917
1.39577
1.4024
1.41084
1.42039
1.43036
1.44004
1.44876
1.45578
1.46036
1.46177
1.45933
1.4524
1.44047
1.42309
1.40005
1.37131
1.33708
1.29772
1.25395
1.20696
1.15872
1.11207
1.07094
1.04025
1.02557
1.03109
1.0587
1.10793
1.1766
1.26129
2.7426
3.17114
3.71254
4.31026
4.86363
5.29246
5.54329
5.58909
5.46386
5.19734
4.83722
4.44484
4.04066
3.65048
3.29051
2.96376
2.672
2.4135
2.18985
2.00091
1.84482
1.71987
1.62269
1.54872
1.4931
1.45199
1.42252
1.40251
1.39016
1.38393
1.38286
1.38616
1.39297
1.40234
1.41338
1.42524
1.43709
1.44808
1.45736
1.46404
1.46723
1.46613
1.45998
1.44816
1.43008
1.40551
1.37437
1.33688
1.29334
1.24447
1.1913
1.13561
1.08001
1.02824
0.985971
0.960728
0.959488
0.987609
1.04728
1.13661
1.25038
2.24979
2.45341
2.7705
3.20561
3.73137
4.29274
4.81342
5.21065
5.4341
5.4697
5.33044
5.05962
4.69159
4.2823
3.87838
3.4895
3.13283
2.81019
2.52003
2.26885
2.0593
1.89061
1.75894
1.65818
1.58168
1.52416
1.48199
1.45238
1.43295
1.4215
1.41673
1.41771
1.42343
1.43273
1.44455
1.45787
1.47173
1.48515
1.49717
1.50675
1.51289
1.51471
1.51132
1.502
1.486
1.46302
1.43287
1.39575
1.35182
1.30169
1.24627
1.18721
1.12692
1.06886
1.01852
0.983986
0.973918
0.997207
1.05998
1.16232
1.29862
2.07917
2.13589
2.26422
2.48426
2.80783
3.23146
3.72778
4.24312
4.70937
5.06032
5.24922
5.26445
5.12306
4.85696
4.5111
4.1117
3.71324
3.33262
2.96742
2.64048
2.36132
2.13446
1.95712
1.82032
1.71557
1.63545
1.57546
1.53213
1.50242
1.48303
1.4722
1.46877
1.47161
1.47928
1.49052
1.50415
1.51902
1.53406
1.54813
1.56013
1.5689
1.57356
1.57309
1.56674
1.55352
1.53315
1.50528
1.47017
1.42776
1.37871
1.32377
1.26458
1.20342
1.14343
1.08972
1.05004
1.03396
1.05273
1.11619
1.22773
1.38267
2.0495
2.03728
2.06039
2.13562
2.28068
2.51031
2.83078
3.23218
3.68618
4.14406
4.54634
4.84051
4.99659
5.00231
4.87169
4.62775
4.30722
3.93814
3.52232
3.12242
2.75971
2.45855
2.22297
2.04005
1.89804
1.78723
1.70203
1.63896
1.59473
1.56393
1.5442
1.53384
1.53167
1.53589
1.54498
1.55752
1.57218
1.58773
1.60288
1.61637
1.62702
1.63393
1.636
1.6325
1.62215
1.60468
1.57965
1.54729
1.50743
1.46073
1.40787
1.35048
1.29065
1.23136
1.1775
1.13637
1.11764
1.13418
1.19867
1.31806
1.48916
2.0446
2.01288
1.99418
1.99864
2.03926
2.13078
2.28736
2.51866
2.82462
3.19361
3.59185
3.98335
4.32487
4.58071
4.72009
4.73363
4.62303
4.39408
4.08117
3.6825
3.24686
2.8709
2.57265
2.33548
2.1435
1.98998
1.86912
1.77893
1.71429
1.66713
1.63482
1.61416
1.60417
1.60276
1.6078
1.61764
1.63073
1.64556
1.66068
1.67447
1.68619
1.69448
1.69856
1.69747
1.68996
1.67539
1.65371
1.62431
1.58772
1.54395
1.49435
1.43999
1.38305
1.32668
1.27489
1.23479
1.21612
1.23294
1.29905
1.42523
1.6088
0.299805
6.69868
6.37962
0.218208
0.36728
0.127082
0.00315841
2.46292
0.00338408
0.0233821
3.33414
1.08047
0.00316035
6.11247
0.111422
5.31251
0.00326222
2.56771
3.64
0.00315329
0.21711
5.93459
6.49031
0.00329563
0.00333748
0.105108
0.00315558
0.51838
0.00324848
0.00346327
0.735239
0.00324072
0.0163025
2.48062
0.792099
3.41182
2.54147
1.56005
0.00316332
2.57019
1.87173
2.05767
0.00320986
4.59666
3.20578
0.282619
0.0036092
0.0152965
0.132282
1.10382
6.68018
7.80506
0.00310524
0.00405769
0.0370746
0.00817884
0.00345431
0.682679
2.41386
7.51014
2.49259
0.00370468
0.138984
0.0320088
6.55857
0.464301
1.98032
1.77088
0.00430696
0.00321304
1.22323
2.49427
1.70531
0.0154379
0.0391503
3.98867
6.95663
3.19071
0.00310626
0.940867
0.00713267
2.56154
0.0105295
4.68302
0.00321787
1.06379
0.00336684
2.20771
0.0147208
0.00492756
0.119576
0.00310238
0.00379046
7.6797
5.48718
0.00360075
0.441518
0.311565
0.00603337
6.53707
0.221506
2.5614
0.726747
0.00309898
0.00316397
0.00309552
0.299973
0.125171
0.0032386
6.06161
6.72861
0.00924088
4.61385
1.51651
2.60954
2.70105
1.7837
0.00389622
0.08576
0.00419149
0.00437887
3.46663
0.00736842
7.32961
7.76244
1.00861
0.00321487
1.012
1.02446
0.00321058
0.0340837
0.0335659
1.71231
0.00571327
3.0091
0.00322034
0.00315906
7.69675
7.87993
0.00323117
0.169623
5.60847
0.103995
0.303999
1.57015
4.77927
0.0382683
1.65627
0.0121232
7.18595
1.23714
0.00862204
2.73515
4.62297
6.30104
0.00330607
0.00327091
0.216861
0.00311437
1.95145
0.0295668
0.00510347
0.00319676
0.00321981
0.00323672
2.772
1.80973
1.55124
0.00331271
6.86695
4.82584
3.14604
4.90782
0.0139365
3.69881
1.65756
1.89685
0.00324345
0.0057024
2.89354
3.07513
2.11615
3.68303
0.00321645
0.00352682
4.93096
0.0361525
0.570527
0.00323797
0.00360507
0.104986
0.00338659
7.85493
0.667415
0.00310426
0.255389
1.81449
5.493
0.0044782
1.93025
0.00321877
0.00323452
4.8163
2.3226
7.39271
0.00452185
0.0034
0.00761403
2.65228
2.21016
1.06885
5.0891
1.58042
6.8419
0.186238
4.20736
4.01198
2.01362
1.36057
2.30832
0.00490724
0.0371088
0.00322622
0.00319593
1.82138
0.0182481
0.0202624
0.00575763
0.0130793
2.69528
4.67958
0.0188792
6.0458
1.06948
0.397535
0.00318315
0.163136
2.70404
1.01907
0.00412709
1.18337
1.17179
0.178307
0.262129
7.20653
0.764315
0.484446
5.04134
0.00383463
0.00315924
0.00404565
0.0104695
1.75091
0.00336186
0.0065699
0.00316332
0.381747
3.9593
3.94062
2.74626
1.27934
1.43052
7.63779
0.0043279
2.08075
4.49358
0.0032102
1.9636
0.00321731
4.03427
0.379919
1.52501
0.00535352
0.00322041
1.86995
0.511318
0.00323896
0.00323845
0.00325274
0.00324558
0.362285
1.58859
2.90121
0.0146414
0.00324061
0.00316325
0.00309703
4.61841
0.233877
0.00448326
1.60563
0.0881466
0.0407037
0.00309071
0.264788
0.00323973
0.0522545
1.45719
4.74237
0.295807
0.00391712
0.00598246
3.18047
0.140503
1.94014
7.56807
0.00350545
0.00319765
0.00318721
5.69192
0.00331521
4.79284
0.00322176
1.86691
1.20148
0.026931
2.9377
3.95115
0.00469271
2.72882
2.6419
1.64063
4.61735
1.13501
7.89198
2.45604
3.85348
3.62584
4.3919
1.69692
0.158183
7.77603
7.30539
3.00995
2.13392
0.00393214
7.08388
2.73986
6.7551
0.0276144
0.00359358
0.00321483
0.0034292
0.172555
0.424683
0.734338
0.0925839
0.00317258
6.00094
0.00321549
1.46469
1.86859
6.29799
2.64942
1.78441
0.00599895
0.00426523
0.0876226
2.77026
0.0103786
0.72521
5.24482
2.05341
4.0432
6.35605
3.27878
0.00346643
7.29852
5.4696
1.73271
0.00323613
6.42131
5.6724
0.00333687
1.98161
0.00323998
6.87585
5.62099
1.87769
4.06891
2.51157
5.60231
0.00328849
5.58593
0.00387363
3.62068
3.90508
1.91075
7.27085
0.71918
0.214541
0.552274
0.00424791
4.27306
0.136817
0.00814951
0.00503876
4.52001
0.00384071
4.25305
0.00319025
0.00323688
0.00598777
1.7641
0.105236
1.77614
0.00575466
4.1266
0.164122
6.80689
4.35871
2.55643
6.30447
0.00337724
7.26738
2.8429
0.00321333
3.83571
1.98411
0.0031005
0.00316729
3.38588
0.00646737
1.98926
0.0872546
2.33034
0.0269039
0.590036
2.5698
4.95403
2.32937
4.06327
3.60821
0.00393123
0.0214821
1.68583
1.72837
7.5593
6.55079
5.49262
0.0657437
5.05319
5.03049
0.487106
1.72902
2.78227
1.99814
0.00346751
4.02905
7.88771
0.00416949
4.39496
1.86338
2.80889
0.0242955
0.0680981
6.28491
0.00600693
7.55578
0.00462941
0.257815
0.0032037
0.97995
2.29557
0.231745
0.00480986
0.00368989
2.67819
1.61695
0.0880756
0.415605
5.94564
4.06657
0.00446259
1.44155
1.65846
3.20041
1.51352
4.17473
1.95772
5.3624
3.16875
0.487823
0.989916
7.42327
1.89759
7.68663
5.98749
0.0318746
3.40982
2.83085
0.00337111
1.80874
1.60668
1.34006
0.0173114
4.72776
1.4508
0.679299
1.89944
0.00544532
0.00321545
0.0462031
2.39315
4.68937
2.59726
0.00322152
0.00318742
0.00321746
1.71919
0.0275145
0.00321635
0.124284
4.42788
5.02228
0.010576
0.0108018
0.00315328
0.00320522
0.00602887
1.70818
1.73425
1.6895
0.459615
7.64841
5.91829
0.00525024
3.43742
1.8378
1.94343
3.91136
7.47503
0.00345715
0.0105306
0.00324065
3.835
0.241217
0.00316857
1.3638
0.162521
7.47279
0.0032386
7.8124
1.11574
0.0480688
6.46426
0.00323464
0.00319817
0.00405083
7.81283
3.17936
5.20778
5.06291
1.03224
1.76134
0.00312451
0.00604771
0.0874454
0.0138856
0.0252421
1.95761
2.14791
0.00322604
1.27004
1.83496
6.24966
7.80637
0.00827295
7.76413
0.00593495
0.0304712
3.56479
0.00320434
5.49491
0.00324117
0.00337215
0.0220655
2.13195
0.629503
2.54258
1.87066
0.00365982
1.76707
4.61359
0.0555003
0.212041
0.850903
0.0033194
0.0032706
0.00692989
5.26857
0.532203
0.00335026
7.37743
6.03084
6.67248
0.0344291
2.03631
0.00419611
2.33601
0.165188
0.0914989
2.66336
1.6678
1.89615
6.02745
0.00327677
0.00313075
0.0105632
4.09707
4.5764
0.971294
0.0139314
0.00333217
0.00324212
0.00886809
0.0237308
0.0066342
2.18334
1.73975
0.0115478
1.57247
6.02834
0.00327238
2.38772
0.00321765
0.523666
0.00324485
0.0222587
2.49485
0.0201793
0.00320626
0.763188
7.93802
7.28238
0.00318741
0.0032617
0.384291
0.024657
0.003217
4.48761
0.00370865
1.67413
7.90149
2.33785
1.69691
2.43426
3.69625
7.57711
0.00323184
0.00743098
0.014691
4.22697
1.43836
6.54291
0.709772
0.365318
4.29552
3.62734
5.18712
0.750669
2.82266
0.00322303
0.352928
1.65243
2.47851
3.95262
1.97922
0.231083
2.46159
0.101997
0.00915294
1.7244
0.00324222
5.79869
0.00366397
0.373239
7.36164
2.72206
0.553005
0.0074317
0.742193
0.00330327
0.00319213
0.107137
0.022606
1.76619
0.0154384
1.74611
0.00322168
0.0281169
0.00316553
4.40524
0.00503669
4.09915
2.49799
0.0220908
1.91382
7.66135
0.00326126
1.70975
4.46019
0.00335225
7.32216
0.060472
0.00347261
0.0033936
7.40903
0.00317845
0.00429723
0.0872907
0.100133
7.20664
7.22488
0.00322116
0.00327063
1.13218
2.2395
0.0146598
0.255593
1.99829
0.00321848
0.00384374
0.00372595
5.9396
7.20285
0.482194
7.30145
0.0262104
1.60723
0.00331706
0.0148604
0.0250066
0.036045
0.00323148
6.97039
0.0032012
0.0251581
0.00332249
0.255696
0.0226198
0.015766
0.438267
0.665531
2.2882
0.397812
1.05043
1.82424
5.07416
0.00344169
4.85386
7.72477
1.10125
3.89859
0.00327765
4.33908
3.91299
0.00321736
7.52711
2.32181
0.0082754
0.0113752
5.75362
5.55197
0.0621102
7.59424
7.45331
0.799493
7.40073
7.35041
4.80664
1.93164
1.7218
1.02906
7.2651
7.58193
0.0220524
7.54123
2.60921
4.35973
0.00343228
0.33341
0.387721
6.69664
5.90858
0.0203251
4.25077
6.30398
0.47742
0.0333089
0.376226
1.81518
0.00537064
1.85188
7.00902
0.0338231
6.64921
1.32415
4.34478
6.28629
0.00322358
0.00565017
1.04596
0.687873
0.0181117
0.00321901
0.187997
0.258045
0.00451879
0.0032365
4.21186
0.97202
3.03705
0.986955
0.00866782
0.00418068
0.0965327
3.38473
0.00346618
1.79562
1.67974
0.481259
2.30115
0.00397935
0.116231
0.00320284
0.343008
4.20992
0.00436885
0.118963
2.10772
5.93173
0.225698
3.88505
0.581534
0.173194
0.00392847
2.30547
7.84718
0.00321245
0.00328037
5.57581
0.0246442
0.00323566
3.72805
0.244042
1.91669
2.00913
1.46357
0.145314
1.71238
3.50454
5.90841
4.43464
0.00327801
5.64999
0.00389415
2.53807
0.00339154
0.00454746
2.11465
0.00654586
3.87959
0.0207329
0.0399405
1.82338
0.711342
0.0615445
0.00368328
6.26486
0.00365213
0.00315129
7.86576
5.82747
2.76491
1.93307
0.00344054
0.00307394
1.85391
5.57716
0.00319988
6.76834
1.66312
0.00324453
5.85995
0.00311417
0.35616
0.907792
1.35717
0.352526
1.58566
1.95878
0.00311034
7.27675
7.5584
0.0032173
0.0166968
1.92723
0.00312838
6.86854
5.43116
4.39104
0.0032194
0.00317036
3.53953
0.0407886
0.00350094
1.78735
1.70793
4.21033
0.00315221
0.00337487
0.0244458
0.0194529
0.00321821
0.00640061
5.06565
2.87906
0.00322373
1.29532
0.00321525
0.708895
0.00420152
0.00359386
2.19804
0.00326447
0.123227
0.00317608
2.92733
0.173624
1.66798
6.14177
4.37256
3.65509
0.803376
1.21343
0.0032355
0.931534
7.28131
4.05855
0.107187
0.0034725
5.18099
0.00321553
0.0297043
0.00315433
7.23888
0.783558
0.367113
6.4678
2.17485
0.483145
4.04089
0.706427
6.66647
4.41048
0.00331426
0.00326842
0.00824056
0.00322689
0.0228696
4.49243
0.00377065
7.20519
0.00602732
0.0784635
0.573081
4.6777
0.00486099
2.65103
0.0168229
3.19694
2.35068
7.02513
0.0033897
0.00383402
0.263485
3.56286
1.7141
3.58298
0.41375
1.05079
1.62473
0.0504629
1.05871
0.253298
1.68392
0.00328152
4.33568
0.416994
3.0507
0.0033681
2.96354
0.979115
0.00462938
1.63331
1.77732
0.0656776
0.00314561
0.00321949
4.89387
2.73226
1.37378
0.00320954
0.0176606
1.99809
6.18655
0.460387
0.0126714
0.00322217
5.59117
5.21542
2.08078
2.55718
0.00321522
3.4728
7.50332
0.0032112
0.00321798
1.21712
0.00411768
0.0099182
0.0311224
1.91511
0.00409435
2.21291
7.66837
0.00319932
0.00345612
0.00316674
0.00331016
3.63521
4.63122
7.84511
0.029138
2.30894
2.20257
0.087206
2.81493
0.00347105
1.68871
0.222635
2.08041
0.672403
1.64342
3.07165
0.025448
0.00323914
5.77961
4.42039
4.70442
0.902211
1.77556
0.173225
1.66317
0.00930186
0.00485058
3.42048
5.46891
0.0214151
0.127866
0.00324703
0.0783393
1.87003
0.0275358
1.01562
0.716149
3.78683
2.14032
0.438584
6.93447
5.31736
2.95129
1.60318
4.22542
3.545
0.557406
2.60589
0.00619776
2.72473
2.87775
0.00320423
0.00313331
0.123833
0.00322819
0.00332374
3.01423
4.35893
0.00322102
3.24375
0.00321627
0.00319277
0.00321823
0.00325721
0.00594516
1.94069
2.7594
7.01507
0.00315597
0.00391366
0.942156
0.00356196
0.0330276
0.00324575
0.00361049
4.37332
0.00391836
0.0109945
2.80286
0.0105109
0.00322014
3.95271
0.00321509
0.00326889
0.244623
0.0036109
0.940994
0.00455934
0.0302747
0.00320442
0.00325282
7.49653
7.69679
2.71041
0.0266367
2.91832
1.51119
0.00471568
1.77186
4.16955
6.81086
4.5709
0.00312366
2.006
2.48101
0.147082
1.73939
4.46662
0.174276
2.05636
0.205639
1.71658
0.0374828
1.01726
0.00323495
6.83989
0.00328436
1.79495
2.40101
0.00321549
0.315184
0.00734089
0.0201698
0.00317382
0.770714
0.0036719
0.00321936
2.52481
0.00860739
0.110916
6.75299
1.89973
0.00345065
0.00386953
2.33123
7.16514
0.00309257
0.00324842
0.0716514
1.34332
5.41827
0.00657853
1.60949
0.00321924
0.00344923
0.00314624
0.0349716
0.998018
0.0101249
6.60375
1.81024
7.14481
6.02824
0.00352625
7.46241
3.62658
0.003179
0.0032263
0.00321815
0.00440398
0.00320335
3.75585
0.00320823
0.0032424
6.82678
0.32036
0.00778981
0.0226246
1.94302
0.903407
0.00809591
0.00346392
6.21993
0.00324547
0.813969
0.00325929
0.00353052
5.86249
5.9547
0.00874738
0.00350161
0.324323
0.00320675
6.88066
0.00325288
5.67387
0.0254513
0.721021
0.0354245
0.368704
0.360784
1.49019
0.0032429
0.00357386
0.0116227
3.30107
0.120675
7.46543
0.00322066
0.00456992
0.00557355
7.11755
2.72558
3.05489
0.00692886
0.00896737
0.20833
0.00322393
1.23686
2.42013
0.0170594
5.98085
6.0337
1.91008
0.00534979
0.385726
2.84934
6.84654
1.80165
0.0188204
3.07508
0.0601751
5.29772
0.0917302
0.519292
2.65747
0.00324366
1.76487
0.00456115
0.0119218
0.00822508
0.0503728
0.00371109
1.27744
0.00322723
3.07574
0.096031
0.00361264
0.232838
0.00323206
0.285472
0.117651
2.30937
0.456788
4.5953
0.240205
0.00321737
0.0031927
0.743791
0.0920437
2.75756
7.16987
0.00322455
3.8737
2.60386
0.0233234
1.98999
0.5517
2.35505
2.1535
0.0331325
0.00590639
7.22502
1.53397
5.72977
0.00321109
1.6558
0.00321621
1.30702
2.41203
7.6563
1.62141
1.89724
0.0105413
0.297611
0.00322139
1.41949
0.285531
0.00354047
3.28674
2.09248
0.00329982
0.449186
0.0111094
0.00400093
6.7039
0.00322467
0.00560079
0.0226638
2.44367
0.0541957
6.81774
0.232535
0.00319868
2.03878
0.577977
2.19301
4.13654
0.00329919
0.476606
0.626087
4.93087
0.305804
0.00323968
0.0466333
2.13002
0.00491047
3.79499
3.20641
3.79305
1.67451
0.50184
0.513636
4.36196
7.31962
6.7562
0.306484
0.0236473
0.00387603
1.99186
0.0521347
4.83328
7.13263
0.00410875
7.7048
0.00318476
3.41416
0.00323805
0.00322123
0.563058
4.92308
0.0131655
2.19582
1.86132
0.00322223
0.00316091
0.0145206
7.8855
5.43925
5.89263
0.00322325
1.78624
6.25734
0.0344164
0.226947
0.021481
0.00349236
0.00322117
0.00682269
0.00330659
0.00321653
0.00318969
0.00323295
3.16606
7.66457
4.11373
0.150617
0.00334084
0.00320108
0.00323556
0.00373042
2.49832
5.70193
0.111463
0.00667432
0.11909
0.37416
0.00321232
0.0032228
0.579923
0.0032096
0.00334721
0.0196854
2.36891
1.92015
0.0217216
0.133733
1.37966
2.32658
6.38694
0.0031508
0.105179
0.0032145
6.42374
0.00322072
0.047948
0.00320164
5.75774
2.87832
0.00322514
7.39222
7.11005
0.00372366
0.183535
0.00818347
0.145451
0.262186
0.00323271
0.00676038
7.9044
1.13678
0.691038
1.84403
4.87264
0.0495161
0.00317501
0.00433303
0.00373851
0.00320263
2.21861
0.00322438
0.00321679
0.0744117
2.5859
4.14856
2.42197
1.99136
0.758761
2.92642
7.93354
0.0031731
0.00574055
0.00482041
7.92738
3.99927
2.8114
0.112784
4.41851
4.57577
7.91097
0.00311988
0.0754806
1.38123
1.29258
7.82049
1.64082
6.15057
7.68479
0.00314055
0.00332946
5.34565
6.88726
0.0997518
0.00341961
4.04146
0.0313635
5.61146
0.00323445
0.0173352
0.0101241
0.143017
0.0031485
6.87654
0.171954
3.54785
2.89242
0.00373218
0.00322752
0.00315468
0.722879
0.0032185
1.70565
1.06409
0.00317959
0.00711872
0.00795217
0.0153099
0.00323337
0.00326936
7.83426
0.00334276
7.63568
6.03517
4.55728
3.81461
0.0032484
1.14112
1.5757
4.14562
0.00342149
0.0587644
0.183679
0.00319841
1.94844
0.0036891
1.60696
2.44042
0.00321818
1.49491
0.0255305
1.82098
0.0974112
0.0162438
1.51014
0.00320012
1.90854
4.83386
0.00322576
0.396361
3.74127
0.00319146
0.00329436
0.00322574
5.95376
4.39868
0.0647654
7.14821
0.00617194
6.11022
0.00415286
0.00321716
0.0698775
0.00313673
0.0499999
1.14002
0.00309909
0.00337847
0.0137614
0.174951
0.00468266
1.46635
0.00323173
0.00714687
6.8762
7.85413
0.0320506
0.00313761
6.84569
0.00323227
0.0031585
3.39258
5.91165
1.1743
4.84587
1.90625
0.00497764
0.0032696
0.00322945
0.922571
0.00601408
4.80338
1.92147
6.92478
0.0464067
0.00635515
0.324382
2.5154
0.420139
0.0318703
0.768139
0.00311141
0.268956
0.00322586
0.0772544
0.400096
0.0032092
0.00324173
0.470065
0.00313364
0.00661637
1.95857
3.88404
6.65399
0.01561
7.37792
0.0119774
7.72381
3.11628
0.689087
3.97967
0.264961
0.29635
0.00323361
0.00341591
1.521
2.38318
0.038678
0.00307916
4.02223
0.00330248
6.64165
7.71713
0.00323154
0.00321591
0.00323027
7.91609
0.0577759
0.00309417
0.00383183
2.63399
0.00943377
0.00453937
4.31116
0.0101403
0.0337247
4.82904
0.00984263
1.14785
0.015342
3.46712
0.00323205
3.60401
5.18394
1.98432
0.00321437
4.15421
5.62896
0.0032271
3.27144
4.14023
2.32737
0.00332733
1.68419
1.61996
1.6857
4.63823
0.00347957
0.0903002
3.49827
0.0120584
0.0594337
0.00822766
1.41774
2.51357
0.177837
2.08522
7.12405
1.33269
1.9564
0.00323068
7.18739
5.34404
4.45754
2.5949
0.615246
3.24088
7.51986
0.419315
0.0302328
0.00457685
2.62145
0.00323912
4.22135
0.83892
7.64537
0.00360001
0.00344816
0.0585225
4.60146
0.0389549
0.00726578
7.47491
0.0049108
2.36388
1.88586
0.00595333
0.00809111
0.927661
0.0130843
0.214155
0.00324672
0.761324
0.0032838
1.02165
0.0031815
0.00593229
0.00385866
0.0103279
0.00485805
3.52154
0.371301
3.86734
0.00356671
0.00396174
0.00666228
0.00335143
0.935278
2.10373
0.00317342
1.48783
0.00327011
5.17202
4.45095
4.58327
0.00392429
0.00321544
4.64878
4.05291
3.11966
1.05394
0.0538048
1.69731
0.00321242
6.17982
0.00321059
0.287844
0.00998094
0.0031937
0.173195
6.44192
4.34812
3.85747
0.852416
0.00673654
0.00321158
0.00345644
2.06515
0.0690809
0.00339147
0.00369701
0.87334
4.09245
4.71108
1.12673
0.57092
3.94516
0.280856
6.42098
0.0166737
0.00624105
4.36423
0.00321025
0.00322052
2.31191
0.003712
1.48293
0.00437763
5.68806
5.87945
0.00323498
0.00318442
5.17578
0.00372808
0.00321221
7.68585
0.545172
3.62048
4.6474
2.2189
2.17447
0.00590782
7.36937
0.153727
0.106907
1.56357
5.57046
0.00323863
2.15122
1.87302
0.00324612
7.30412
0.0340571
1.64933
0.0031871
4.86897
0.0452997
0.908714
1.79112
0.0119347
3.42174
0.00554149
0.0109429
0.141003
0.783349
2.3119
3.76686
0.0032818
4.81152
5.13756
0.00321192
0.00321932
0.00317245
0.00323715
7.05832
0.00320311
0.84008
1.97904
0.00325723
0.0152551
1.66621
0.0180759
0.00328502
0.00327099
7.40757
1.60733
0.00324609
1.94651
1.49044
1.85955
1.44897
1.54387
0.0146207
0.0200479
0.00320723
0.00375054
0.935698
7.61832
0.00322682
0.260707
4.38971
0.681112
2.75452
1.55078
2.62331
1.06245
3.25248
0.296988
4.7545
0.189005
0.00395736
1.37747
0.00324952
0.770926
1.98348
0.0055403
0.0034812
3.45888
1.15284
6.68051
6.00096
0.00318649
0.00970553
0.036954
0.363972
4.55057
0.0032092
0.00322108
0.00330689
0.172152
0.0032227
2.06903
0.00324022
0.00317683
0.0943269
0.00359525
1.71851
0.00346522
3.23926
6.45809
0.828005
0.342352
0.366561
0.0334839
0.00382263
0.013966
0.00715277
1.9785
7.10877
4.76748
4.01116
2.82525
0.00312879
2.54204
1.9715
0.0106012
0.00321918
0.00323572
1.45561
0.00360905
7.25114
1.11322
1.86668
5.22405
0.003886
7.82747
0.00350228
0.430348
0.00360238
0.025037
4.38564
1.89849
0.0032631
0.340028
1.76726
1.9701
3.4747
1.76636
0.817291
7.91592
4.03773
0.30815
3.72413
5.20228
0.0032303
0.0552771
0.00314497
0.00550928
0.00668151
5.80989
0.0879184
0.00330469
0.00444323
0.377548
7.80413
3.37102
0.00323221
5.97025
1.175
0.2181
0.00318906
7.88273
6.3099
5.88988
1.83721
0.00316429
3.14341
1.21014
1.94568
1.94388
0.332673
2.44418
0.00354641
0.153163
4.3652
1.89336
0.134535
5.18949
0.00346572
7.4395
0.00503372
2.62859
6.58236
1.50401
3.33694
6.4956
3.66054
0.00317386
4.14301
0.0052094
1.63233
0.00552061
0.170014
0.00323353
2.05515
0.00319077
2.63077
7.19521
3.27674
0.724914
0.00345438
0.00950196
0.00322393
2.30989
0.00327367
1.49387
0.120038
0.131234
0.00324241
0.00365013
5.67958
3.69304
0.0567627
0.797855
0.0031911
0.00327304
0.0202138
0.0144639
0.00318451
0.00317368
4.74241
0.00950799
2.39036
0.003698
4.21489
0.498971
0.00308354
0.0373248
0.00358271
1.89045
0.0101789
1.89498
0.00321748
0.00577934
1.00942
0.00776695
0.00332683
0.00323766
4.49468
0.00324514
0.00322142
1.56201
0.209821
0.00317224
1.89828
4.41099
0.0225696
0.14931
0.00375839
3.6593
6.60925
0.811513
0.00685434
2.48202
0.0176856
0.0120839
7.53382
0.003403
4.09625
3.69498
4.68537
3.62249
5.73142
0.00316
1.07636
0.795213
2.03208
0.0492369
1.92538
0.00385888
0.00385226
4.52192
0.202504
0.0035749
4.87041
4.64878
0.00322697
3.95162
2.19956
0.00447876
0.0960545
0.0032253
1.32761
5.2821
1.32262
2.5365
0.668248
0.0037535
1.71459
0.00321806
7.93032
5.10145
5.83513
4.59036
4.33709
4.59415
4.86244
0.0230958
0.00321756
2.06564
1.21991
0.00318437
0.0032019
4.52527
2.05339
0.797829
3.86038
0.00330887
1.44368
0.0031805
4.40052
0.0109744
6.82484
1.43863
0.00410401
0.00328549
5.99593
0.00345698
2.81671
0.00350007
0.785762
7.55484
0.00320004
0.291585
0.00567858
0.00565888
4.17801
1.69574
0.00539804
5.12085
3.56491
0.0929451
0.0049095
2.70748
0.194986
1.73381
2.50001
3.43256
0.00332531
1.42817
5.44401
2.67318
4.3247
0.0226821
1.13558
0.00321959
1.737
4.35809
0.134278
5.16884
3.61429
1.44953
5.28321
0.272687
0.0408401
0.00788688
1.99602
0.00322119
0.0385996
0.00361777
0.00321674
0.00322702
1.02049
1.2887
7.04798
7.41078
6.7016
5.64442
0.00321468
0.00633194
4.00792
1.97813
4.39062
0.00319019
7.13291
4.28068
3.29749
2.03157
4.52377
3.40473
7.59119
0.168367
0.567766
0.0715839
6.12705
1.37927
0.00555459
0.00330656
2.19029
7.79192
5.601
5.45037
0.00317856
1.74264
0.00319606
4.36562
0.00360078
0.410887
3.43501
0.00316265
0.103462
1.9057
1.3823
0.00324042
5.54798
0.00319788
0.00331625
0.0031789
2.45937
0.0031829
0.0145216
2.10597
0.377403
3.81059
0.00313615
1.7266
0.920166
0.0032152
0.572807
1.74833
7.90877
0.635278
0.0629958
1.95936
0.934188
5.19891
2.07713
0.102828
0.00314286
1.28305
0.0420376
7.37759
0.0674301
0.0032435
3.02567
2.21826
4.95783
2.7596
1.90087
1.73135
5.89259
0.0032161
0.00339393
5.88553
1.39568
0.00320213
0.00322499
6.77387
4.29168
5.4521
0.0069231
1.51705
7.55788
0.00448106
0.0203938
0.0049846
0.775749
0.52127
0.0126686
0.00320381
0.626414
0.00368782
1.50104
0.0097262
0.00324538
0.188505
0.754209
0.46212
0.0106363
0.00418009
0.0774979
0.00376578
0.00318911
1.90792
0.24196
0.0219517
1.44613
2.17376
0.325754
5.79848
0.00347319
0.883636
7.63283
0.00405927
0.0627545
4.62507
0.0113932
0.443438
3.28789
0.0336912
2.28121
3.80242
0.383584
6.97507
3.57109
0.00324849
1.37811
2.08856
1.94742
0.00345335
0.00323214
0.641842
1.97144
0.00323382
0.0090729
1.77168
0.00438437
0.00327158
2.81785
1.14592
1.23815
0.0626144
0.00326921
1.47962
3.89118
0.00326569
3.85016
0.119627
0.331033
4.25388
4.46909
0.42857
3.88657
0.00324609
0.476915
3.49456
4.04326
7.20045
4.65661
0.00321227
1.75228
1.00822
0.00321368
0.00317718
0.404996
0.00987412
0.0923849
0.907086
3.69761
0.00506208
5.13126
4.4948
0.00511666
4.19759
5.62273
3.51458
7.50403
5.53157
0.93794
0.00339943
0.00322415
0.120713
5.70305
0.00874522
7.81156
0.245545
0.489994
0.00359496
1.44982
0.650808
0.00521568
0.00332698
0.00800539
0.00534653
7.25753
0.00410056
4.26696
0.516991
0.00318493
0.00347709
0.0682667
0.100998
1.41866
0.0118849
0.0350553
3.96899
0.00330135
3.3139
2.04505
0.519137
0.00323039
2.92838
2.17387
0.00548546
1.19336
0.00332099
2.84542
0.00499261
0.00519967
0.00318071
3.1345
4.65255
0.641322
1.93626
4.28921
0.0116895
0.00679
3.6648
1.37015
6.35024
0.00401426
2.63789
4.61771
1.83677
6.5453
0.0931229
4.43591
4.56326
0.0283887
1.42195
7.0662
4.92298
1.85979
4.80983
7.73283
0.00320621
0.0131811
0.253935
0.00380612
2.05673
0.460379
3.8918
0.00322939
3.22797
0.828946
3.37664
0.00321951
5.04042
7.34226
2.49889
4.22126
0.00312296
0.992407
0.00556725
0.146506
0.00323405
0.00327336
6.97529
0.288644
0.00340232
4.28906
0.0112783
7.82527
4.16408
0.0128617
6.96992
7.12593
0.00332035
0.00441097
2.55767
2.39024
0.0131326
7.65088
0.483767
4.89861
0.00323311
3.91085
3.74851
0.0847439
0.222192
2.97775
0.00314189
3.21157
2.23016
2.47785
2.95407
0.0032363
3.55416
0.751039
0.00328059
0.166162
0.0136017
0.0119207
0.00336321
0.336202
7.82107
0.00333278
0.186843
1.57614
0.00320135
0.0100549
1.799
0.0038424
3.67655
0.00320521
7.10444
1.72792
2.05537
1.67249
0.420891
0.0486638
6.21611
0.736123
7.03741
0.00321151
3.29846
1.68107
0.0399752
3.89507
1.69825
4.41675
7.61747
1.42065
1.21243
0.00323106
0.0054423
1.64005
0.534906
7.18126
1.00952
0.0119537
0.0369401
0.0667887
0.084266
1.74334
2.00887
0.789868
0.00350923
5.11084
4.10356
0.00346111
1.83991
0.00721763
2.64254
0.00323921
5.3908
0.00322133
0.448373
0.497049
6.0371
0.00350298
0.0699701
0.0552365
3.88033
1.34932
0.00579927
0.00526821
0.00322516
0.00890468
0.00350711
5.96279
4.82052
0.00317933
0.00321353
3.74821
0.00341684
4.40635
1.84821
0.677985
0.00325904
3.62889
4.3043
5.80931
2.13514
1.71987
2.30732
0.00408778
0.00317978
5.67639
0.0127758
0.00321156
0.00321445
4.04835
0.0033615
7.80494
0.00321765
1.28931
5.68811
1.47737
1.76251
5.39632
0.00318072
0.611628
4.25885
2.54224
6.26617
0.00332291
0.0040423
0.0574227
7.87694
3.74125
0.00329393
0.00536411
0.0466572
1.78472
6.928
1.78542
0.00335898
1.17698
6.65319
0.0652536
0.00322084
0.031275
3.89966
0.821447
1.71371
0.354011
0.00316576
1.18042
0.0114292
1.9321
0.0032289
0.00350189
7.66822
4.07255
7.77171
2.06294
4.05847
2.47721
3.85892
7.41492
3.78856
3.92394
0.00359693
1.4436
4.03826
0.0184499
0.0032539
0.00449949
0.233467
0.0035163
5.60688
3.4573
4.13047
0.0674644
2.46323
0.0155381
3.74122
4.60208
0.00513879
0.356959
2.57631
0.00355968
5.20176
0.643686
0.0032294
1.86721
0.00323676
0.00341142
0.00525629
0.909489
0.539776
1.40201
0.00316945
0.571508
2.33079
2.1428
0.00947942
1.92736
0.00323961
4.34057
0.373752
0.00311423
0.00571326
2.65589
0.00742377
5.05319
0.00875499
1.08987
0.00366395
0.00547249
0.262194
4.78216
3.32373
0.00320149
0.00337979
0.00366613
0.00348168
0.00319348
1.73205
0.134756
1.78264
4.45391
0.00316599
2.15865
0.00322428
1.463
1.75248
4.60246
5.29114
0.0591025
1.32373
0.0812522
0.00322805
0.241276
3.48545
0.503157
0.0109287
0.0752128
0.526063
0.00326506
7.23977
0.0544181
0.00311991
0.0344535
4.90128
1.87923
1.47623
3.2139
6.84009
0.212508
2.39321
0.0269378
4.76677
0.398116
0.00477363
0.00336621
1.02543
0.00378887
2.18115
1.89176
3.24671
3.88392
4.31319
0.00323319
1.95145
0.0136603
0.00383716
6.02138
5.817
0.0259569
5.24161
7.14838
5.31452
0.0037442
0.00400002
0.00950441
0.00321895
1.21646
2.67663
0.00319765
0.00327081
0.316462
0.00343515
2.26151
0.021205
1.78911
0.00323499
2.61659
0.0432978
1.79554
0.00321572
0.00713961
6.99068
1.30088
4.45893
2.42485
1.806
0.0298684
6.35533
6.22487
0.00323088
0.0054495
0.00321919
7.19262
0.0713755
0.201256
0.0103854
7.92249
0.357169
0.00610094
0.0106055
0.611577
0.00323568
0.800795
0.00409105
6.12277
3.84672
0.00392096
2.56666
0.00314516
3.66272
0.0374513
6.85868
2.23973
0.0256915
7.5907
6.77569
0.00321126
4.104
5.91389
0.00519276
0.0179649
4.62062
1.95627
5.39006
0.10199
5.11824
1.80558
4.82732
6.19805
0.752642
0.003208
0.974874
0.00440644
0.238036
3.50531
4.03148
3.87118
3.07259
6.56815
3.6565
0.00401868
0.518805
0.0321935
0.00560421
1.35035
0.0146189
2.19777
0.00329405
7.7539
0.051561
4.8424
7.06542
2.0489
5.48593
2.04894
0.00353628
2.09612
2.8502
5.1986
5.50663
0.00727791
0.624534
0.00455358
3.99545
0.214382
1.7312
0.00321961
2.25107
3.42526
3.24971
0.00377385
0.00423866
0.00346103
0.0676365
0.0819189
2.31852
4.46646
0.116376
4.72967
0.0848615
3.52824
0.00320857
0.0388295
0.261031
7.71581
4.2179
7.26156
0.510036
0.224
0.00321529
3.46427
0.656315
2.30084
7.74888
1.73119
7.60787
3.82581
0.00317034
0.677196
0.00379067
0.0119424
0.057434
0.0070147
0.00348248
0.210642
0.00761001
4.59327
1.56048
1.00206
0.0091856
1.74961
5.3605
0.00414268
0.00566681
6.63237
0.0582957
0.00321692
1.94688
6.57157
1.74021
0.549305
0.00671162
0.203701
6.94569
0.021023
3.18188
1.89659
1.59332
3.94713
2.74854
0.0031937
0.137077
4.67744
0.201046
0.311383
0.00547156
1.05358
0.0391196
1.00878
0.00326688
0.00337347
0.746024
0.0700132
6.42609
0.00896924
5.66269
2.50216
0.208734
6.65778
0.00876328
1.94819
6.91746
6.02239
0.00315665
2.54327
0.00344585
0.0032325
0.00664375
0.00317239
1.73537
0.00336775
4.50972
0.00523832
2.47391
0.450611
0.00322961
0.711872
0.00316758
2.36915
0.00316116
0.199133
4.08046
1.8647
0.00321069
7.81027
1.0175
3.08871
5.63638
1.25171
2.84227
0.0063783
3.92294
0.117876
1.52609
5.82011
1.75974
0.00366499
0.00363339
0.00456909
2.938
0.545936
0.153495
0.00347161
0.00385269
0.00326974
4.39438
0.154073
0.00318212
3.47094
0.00320154
3.75735
4.38157
0.617999
0.00322236
3.22395
4.92344
5.39076
2.30139
3.33619
0.00319146
3.6787
1.30709
5.19119
0.00445897
0.423623
1.46809
1.51999
0.0285293
6.1869
0.921474
5.80837
4.90719
1.90228
0.708486
0.00343367
0.00311911
0.261097
0.194507
4.95675
0.350497
5.07138
1.86106
0.00386038
0.0639969
0.00355455
3.91791
7.65582
0.278471
0.00320123
0.00321644
5.70021
2.37957
2.90849
5.91845
0.00320981
7.05578
0.00546529
0.00396409
6.90697
3.5802
0.00321258
1.86362
4.37706
3.4708
0.00700754
0.00529532
0.545656
0.00311324
3.8424
2.63831
2.72527
0.00322668
0.0032223
2.38634
1.0732
6.97787
0.00322485
1.1391
6.44663
0.0378942
0.0066197
2.23704
2.27874
7.60354
6.02328
1.95116
0.318667
4.30988
0.00427058
5.90378
4.65337
1.23197
0.0439648
2.70612
0.0095478
0.00319018
6.44025
0.467018
0.00318497
4.22548
2.6719
0.00318511
0.140676
5.6229
0.0109572
2.13405
0.00327568
0.00370274
2.4658
0.0145522
0.552411
0.168672
0.00314934
5.40657
1.57373
1.31592
1.37127
2.40476
0.660221
1.74511
1.49565
0.00320943
0.00329966
1.46026
1.67021
0.242154
2.65
4.18029
1.62715
0.00904178
0.00330987
0.00338891
0.00327971
2.73851
0.909599
7.70727
2.43925
7.43327
0.375907
3.10199
0.828588
0.00337488
0.0040146
2.13755
1.09781
2.131
2.30945
4.83798
0.0208655
0.00323502
2.8598
1.29467
1.25626
0.00913256
6.13935
4.36869
2.67614
0.0154319
0.00332779
0.00607694
2.56896
7.84411
0.00744371
7.80768
0.0284525
4.11086
0.206623
0.00591975
0.00324546
0.056811
2.51246
0.0284516
0.889919
0.0503405
2.03578
0.00318528
2.38279
0.221214
0.00322569
0.00322408
3.62031
5.64743
1.66876
7.78203
1.7344
2.67359
1.57414
0.00395853
0.768959
0.00326152
0.00317425
0.00628099
3.02189
2.12416
6.54319
0.049145
4.33935
1.58588
2.51105
2.03345
3.4037
0.00458316
1.96879
7.17109
2.43208
0.00658566
6.32268
0.00498787
0.0428224
1.13958
5.73888
4.24067
4.13479
0.0103173
3.2288
0.00401428
4.93746
3.0179
4.11391
0.00315197
2.84606
4.03895
0.0208682
1.69432
2.32843
7.64185
0.898541
0.00358236
7.0376
0.9527
0.00337378
0.00321021
7.69275
0.300939
3.00704
0.00311562
0.0621784
7.03448
7.69831
2.13301
0.0036963
4.64831
4.77
3.19657
0.00320591
0.120387
0.648296
7.24078
7.09388
2.11858
3.22166
0.00354204
0.91069
0.728796
1.7828
0.00329868
0.061369
3.39455
0.00319313
3.35849
4.4642
3.42103
0.00314157
0.00314468
1.16673
1.79933
7.41995
1.83912
1.02241
0.00320287
0.00475542
0.00535342
6.29106
2.34687
1.50094
0.900989
7.68565
2.27408
5.00542
7.51141
0.003209
0.17193
2.73415
1.94272
6.12425
1.35615
3.49492
7.08416
5.09339
2.41717
0.00322207
6.9058
4.87504
2.54435
7.00038
4.15668
2.33194
0.00387027
1.16612
7.67769
3.18697
7.33006
3.38052
4.85477
5.459
1.82555
4.11526
3.31112
5.29492
6.36585
3.67882
0.00321678
4.00608
0.072505
0.195406
0.0033889
7.54982
4.76467
0.00364706
0.473417
2.4697
2.99651
0.0126302
0.00321093
7.3782
2.80104
0.00329738
4.35677
0.00317437
0.91255
0.248536
7.59118
2.11031
2.55467
0.0032134
7.43683
2.22265
0.00468982
0.00319599
1.69562
1.7551
1.62967
0.626349
2.53845
2.44574
4.49344
0.280051
0.103378
0.00322777
0.00330282
3.64425
1.91715
2.38226
1.87662
0.378316
0.00324474
0.00318742
7.13154
1.46289
0.584109
0.00471602
0.00345084
7.78795
1.81438
4.33201
0.00312103
2.28253
0.545921
4.80484
3.21437
2.72617
0.0060364
0.00396185
0.00382851
0.00331623
5.5032
0.00321923
1.71959
2.76135
0.872671
0.048243
1.30588
0.00559639
1.22971
1.02157
0.017019
0.00395515
1.69931
1.35477
0.00324066
4.19459
0.006083
3.06056
0.0598612
0.00372333
6.84552
0.0055019
1.97759
0.00312997
0.00390205
6.52928
2.42188
0.494702
0.0377438
0.00322924
0.756074
0.00317276
2.68757
0.00398623
0.00654033
0.00320505
0.0351548
4.24232
4.63631
1.74764
4.54223
7.88295
1.08168
0.499941
6.69834
0.00568838
4.72109
1.02717
0.00590788
0.0341082
0.00398082
1.93435
1.82715
2.53505
0.283543
0.0358357
0.68358
0.00387692
6.47873
3.45128
4.76986
1.84099
0.00319354
0.904261
0.227099
3.37063
3.23246
1.41891
2.03621
0.00321133
7.44129
0.48745
6.31518
2.39323
4.18387
5.11747
0.0750979
0.285857
0.912406
0.22833
0.00457839
7.74241
0.071552
0.00867522
7.26913
0.822863
3.7324
6.78296
4.69891
4.36739
2.82274
0.821922
0.00307612
0.0136975
0.00313626
2.92511
6.18049
1.88013
0.0283199
0.0198327
0.00322872
3.70053
1.76398
0.141676
0.0032171
2.01658
0.00348881
0.00766244
3.01293
7.00593
1.42449
0.180557
6.9749
0.00389168
7.4873
1.80987
1.88239
0.00322705
1.22929
1.36147
5.97672
2.40823
7.1903
4.23077
6.10023
0.0148544
0.0389849
2.63597
1.73046
0.00323985
3.42592
0.00320431
0.00317409
7.46499
0.00331747
3.08173
3.74073
0.00346453
0.00409368
1.8239
2.80015
4.8822
6.83656
0.00437289
0.0031427
0.00319791
3.33517
7.64504
0.207448
0.00322136
0.0078659
3.19997
1.13076
1.16762
0.00326477
2.58733
1.83406
1.58929
7.02612
4.31993
3.03289
0.00314168
0.590443
0.00377675
1.41952
7.72735
0.00344855
0.0100063
0.497087
0.00378285
0.0076979
0.0487785
2.11197
4.92782
0.00372576
2.9104
6.32974
0.0099268
1.19111
0.16655
2.46965
0.191617
2.41648
0.00324119
6.1563
0.0040018
0.572818
4.16556
0.00402986
0.00347487
0.024114
0.048534
1.98054
2.14643
3.73434
3.32742
0.0962618
0.00323066
5.55133
3.00176
5.98591
3.84215
0.00470304
0.00335558
1.38975
1.83043
0.516907
1.37002
1.96348
1.61921
2.11592
5.13363
0.0549671
0.447111
1.8212
0.00955883
0.0271622
1.11265
0.00330574
4.83206
0.00418164
0.836025
2.11537
0.0731213
0.00367558
0.00373645
5.00541
0.670028
3.23152
0.00321384
0.00457336
2.93029
2.10007
0.00670912
0.0193103
4.55893
1.86279
7.80628
1.54991
0.0213596
5.90858
0.00322497
0.00357116
0.00348757
4.52878
0.00324618
0.00323316
0.00319458
2.04099
0.201767
0.00324644
2.07709
0.00320975
3.04501
0.00404019
3.45166
0.00318261
0.0339066
3.88962
0.68672
6.78965
1.71525
1.38966
0.0032065
4.85265
1.43508
0.812031
5.33896
0.00333585
5.84475
0.00320418
0.0135552
0.0294536
0.0284823
0.613209
4.40834
0.00321104
0.253318
0.117717
3.75262
0.00322094
0.108417
0.0031938
0.0236706
3.99649
1.71702
0.0653611
3.88698
0.085087
0.00326099
7.12099
0.0889922
2.38364
5.10225
0.0307096
6.05839
2.48807
1.1606
3.15879
1.72073
0.00315196
0.00325364
2.32151
0.00322895
3.36076
2.91361
0.00370814
3.14578
0.00323389
1.70008
0.0175988
0.00313129
0.00333001
1.99008
0.224747
0.00337189
0.00794625
6.39693
7.68501
0.00321387
0.816311
6.22103
0.00324367
0.0051048
0.00350809
3.60058
3.16185
0.00334843
3.39743
0.00317834
2.63227
1.243
0.588501
0.00322464
4.00211
1.67208
3.22743
0.00733008
0.00321363
1.81093
0.0594527
0.406437
0.00321594
0.0714194
0.00324921
0.124365
2.56162
0.0475519
2.64144
0.00321162
2.79854
1.48147
4.52675
6.115
0.00308623
0.96851
5.26277
3.21801
0.0424036
0.0157506
0.177651
1.00429
0.00319186
0.0708509
3.88785
4.7647
0.0275336
4.68349
0.0135839
0.00383699
4.71553
2.66559
1.31129
5.07525
0.00324455
2.19449
0.0746772
0.185134
4.90296
0.00350358
1.9397
0.186209
6.43317
0.00320422
6.62109
0.00327991
2.95347
0.00872477
0.702168
6.09255
0.00511262
0.679611
0.00321516
0.00338662
1.63204
0.486438
2.77391
0.00363271
0.00318501
0.00321225
7.77408
4.91611
0.00320343
0.00320632
0.00323645
6.87192
3.05017
1.49742
7.54125
1.93184
6.66467
6.54794
0.724344
4.82149
0.0031569
3.04243
2.27061
2.9694
0.00346327
1.94655
2.17362
6.82337
5.33445
5.57678
0.302247
1.65288
0.323512
3.73049
0.00359102
0.00490066
7.69413
0.00313964
0.00319334
7.75232
0.00655518
3.01482
0.00322571
0.00593285
5.16416
2.08594
0.00469161
3.16932
0.0031987
0.935111
4.73057
1.33045
7.45779
1.84316
2.08384
0.100374
0.622497
0.256613
0.00315396
7.79315
0.00351296
0.00348531
0.00321676
2.11645
7.7363
0.00330269
2.27246
1.96876
0.00458606
0.0265088
0.00366612
6.51354
7.62087
0.0081732
0.137344
0.184917
0.00464446
1.35573
1.38581
0.765574
0.00328311
0.00361216
0.840769
0.00808289
0.00324822
0.387226
6.93145
1.30987
0.0170859
5.18205
0.0545186
0.00570911
0.00320813
0.0150236
0.317196
3.41422
7.93267
3.48819
2.71863
5.1513
0.00345411
0.00459815
0.00319818
0.0296633
0.0150781
2.21639
7.00478
0.00326713
1.43407
4.83401
3.0659
0.0442233
2.05715
0.00498287
0.00319943
2.53785
0.00351858
0.00407935
3.49504
0.262941
0.00487958
0.0111595
0.00444159
1.76789
0.00976022
0.190275
1.49287
4.36611
0.0716517
2.57811
1.15628
0.0840835
0.00317671
0.00316544
0.00363824
1.75978
0.00388074
6.49415
0.01063
2.44253
1.81871
0.00308172
1.62712
6.01786
1.50788
1.34214
0.56079
1.33863
1.04497
6.69579
0.00397688
1.50991
0.738871
4.88738
1.26814
0.36948
0.085629
1.70257
3.84585
7.7705
7.61911
0.00320365
2.29831
3.08516
6.12628
0.00311167
2.81255
7.79174
6.59768
4.59411
1.7377
2.91523
0.00465166
0.703155
0.00327166
2.06104
0.00326362
3.76544
7.05719
0.00722685
5.14634
3.27205
4.41587
0.00321176
0.33904
2.05378
2.21845
1.76389
6.52473
6.36146
0.753173
0.00338203
0.735867
0.00465161
0.00315629
0.436217
0.00676541
0.00435553
0.153397
6.81788
1.65405
0.00328149
0.0710417
1.94133
3.13189
0.00331061
0.00324131
2.20622
0.246859
0.00321423
0.00451893
1.14086
7.58112
0.39259
0.0341906
0.120213
0.00323674
7.49764
0.200213
7.10949
0.00330574
0.00330167
0.00363802
2.04533
6.12366
3.39406
2.07815
0.0285183
7.74427
5.20965
0.0270056
0.00326248
0.627995
5.63298
1.38588
6.94197
5.25241
0.00354493
2.1987
1.00629
1.68814
2.67159
1.9771
0.00442817
5.70478
0.00324838
1.76878
0.00314129
0.101618
6.80035
0.00320359
0.186538
7.10914
0.00337685
2.95934
2.09902
2.3829
0.149159
2.01635
2.07348
0.00393378
1.96784
0.00321591
3.44691
0.00322899
7.52436
0.921764
0.719519
1.63051
0.00321457
5.41281
0.126391
7.0773
0.0059448
0.35513
1.01528
5.96051
7.26725
0.00324008
0.0144046
4.57526
0.188237
0.0043965
2.31966
0.204711
1.59824
0.00375524
5.62702
1.00878
0.0341177
1.64862
4.41672
3.33932
0.830861
0.163542
2.14739
0.501107
0.0245142
0.0031897
0.0686934
1.31699
0.0832482
0.00321786
3.30492
7.34151
0.700815
0.021433
0.00321695
1.60542
1.82491
1.89929
0.0446697
0.197357
6.89213
0.0168464
0.219013
1.83478
4.2693
4.42912
6.95066
0.00320111
2.90788
0.00362746
5.90106
1.93272
7.56343
2.4466
1.55267
0.00668586
0.00331134
3.7548
1.93419
3.21355
0.00570972
0.00323969
0.0923993
7.35032
0.00321762
1.35638
0.751762
0.0249918
0.00331445
7.76328
2.00835
6.81341
0.237709
7.70844
1.7998
3.20794
0.00322913
0.183089
2.55324
2.20507
0.206636
0.0513918
1.72974
0.00321806
3.36566
2.17836
0.00751967
0.00434689
4.22381
3.17102
2.03136
2.18201
3.59532
7.70622
0.0379722
5.91166
7.21008
0.440827
0.0331949
4.05793
0.00607717
4.67983
3.8172
0.505356
0.00986138
0.00337921
7.88345
4.46276
6.51473
0.0032274
2.19606
5.34561
1.02878
2.04873
0.00330551
0.00351497
5.96875
2.75621
0.00386041
0.00804091
1.82791
4.42092
6.35604
5.24183
3.03992
0.00321716
1.9844
0.200442
7.63595
3.28042
1.82656
0.525328
7.77307
0.00387668
0.00353733
4.1681
0.377064
0.00341363
0.194697
5.2059
0.570847
3.60566
0.00908449
0.00380492
3.07938
1.82366
3.34327
0.00861348
6.45387
0.00318845
2.37438
0.00350267
0.0203133
7.49087
0.00330688
0.00850752
2.53532
0.00332462
0.00337018
0.00308652
0.00319539
3.68157
7.8377
0.0041984
0.881492
1.25387
0.257347
2.12831
0.00411774
0.00336357
0.00591345
3.99666
4.78381
2.08224
0.00705334
0.0139924
0.00513986
6.35607
0.17723
1.74188
0.624579
0.00341971
7.43969
1.87836
0.00440509
3.92393
2.46431
0.0032033
0.854148
0.0272545
0.00323636
7.75792
0.0953076
0.143983
0.903569
0.00332353
0.0057568
4.16357
2.97405
0.00338007
0.00325714
7.13967
0.00356224
0.00323693
0.00315908
0.0033022
1.93905
0.103763
1.8893
0.339663
5.66763
1.68354
3.25242
6.07106
0.0843758
2.6124
0.182069
3.71
2.22461
3.37441
1.87468
0.673253
2.10265
0.00320107
0.00378883
0.1065
0.00329977
0.200544
0.212354
0.00322546
3.88122
0.0388634
0.470622
7.37167
4.72691
0.00313845
0.0372728
3.31185
0.0294838
0.0174079
0.0032332
3.21994
0.313377
2.05362
2.74869
0.0584575
3.01826
0.0254916
1.72194
4.16467
0.00323147
0.201786
2.94069
0.0450998
2.12173
1.89923
7.54741
3.56616
5.92606
0.0032209
0.0032453
0.00320387
6.22447
1.29647
1.03801
0.00321742
0.00429682
3.25377
0.180651
0.00364538
5.21115
3.83384
0.00459821
0.0734909
4.93344
0.00334185
0.0467758
0.00321678
3.22841
0.0057269
0.00320546
4.04995
2.09066
0.00316522
0.924782
0.13378
0.00318354
0.142507
0.609494
0.00364602
0.0569556
3.64921
0.0619884
0.00322812
0.00326049
1.32102
0.00402494
6.8026
0.00439495
6.11124
0.00315049
6.2356
2.17928
0.0705661
3.25725
4.44788
7.11156
3.17764
4.41835
0.456269
0.00319345
0.00323174
0.00319073
0.666827
3.66551
7.61898
0.00311649
0.00724405
0.247303
0.00326085
4.52376
0.392564
0.00345433
7.86995
1.14675
0.984264
2.05277
0.851944
0.700102
0.223938
4.21115
3.43816
0.777336
0.00332752
0.00322561
0.0999674
0.00322011
2.24443
5.76633
5.18783
6.89227
0.00317587
4.31383
0.00400613
7.61127
7.29289
1.38351
4.06187
0.0326192
0.792423
0.18796
1.5151
0.871239
0.617419
5.49048
4.00542
5.82192
0.00561647
7.17727
0.0659857
0.0038665
0.0147245
0.00839926
0.0947687
0.574299
5.2961
3.99192
1.32253
0.00441437
4.28538
7.34283
7.56234
0.00400655
0.00683827
0.00330082
5.53174
2.37
0.321491
3.76835
0.0938179
1.3276
6.02867
0.799709
4.21939
0.00458323
0.004189
6.31922
0.00314241
6.6534
4.39766
1.49335
3.87522
2.45196
2.2692
5.34764
3.59388
7.65406
0.00454566
0.00320846
0.00314259
0.0103861
4.65208
0.878083
1.54146
5.58304
0.0460232
0.00312135
0.00330659
0.00348877
0.00430869
5.9227
0.00339147
0.0493233
4.96427
0.00315681
0.170142
1.91194
1.29993
4.44879
6.04495
4.4546
4.58541
0.742779
7.47905
2.04157
4.43974
7.6062
3.17114
4.71719
0.57585
3.49804
3.1544
0.00325418
0.00324038
5.84533
1.79983
1.8878
0.055345
0.00323837
0.00325101
1.74778
2.44844
0.0356392
0.0748281
0.111669
0.00353975
0.0236996
0.00323847
0.00321306
3.36466
3.62961
5.55653
0.00339847
0.00413835
0.00341134
3.57539
5.66924
0.00327392
0.0403807
6.77736
0.00321906
0.00320255
0.124284
0.757927
0.302484
2.60666
0.00321444
0.133639
0.00316903
0.00803806
0.101295
0.360077
0.00324286
0.0438309
0.00389662
0.193126
0.00324449
0.00313758
0.0500528
2.56203
5.83172
1.34833
3.19304
3.83879
2.93489
1.54477
1.32692
6.60156
0.875711
0.00442111
0.00443421
5.89176
2.11213
0.496525
0.0100069
0.0306627
7.02301
0.460423
3.62374
0.00322504
0.940188
0.0257992
0.00353119
5.47697
0.00490449
0.594146
6.6557
3.78251
2.49022
1.68444
7.59405
2.48196
3.11165
2.57984
4.87956
1.79933
0.527942
0.00391647
0.00723907
4.72989
0.594447
0.0614429
1.50677
0.0031166
6.74667
0.00325725
6.40338
0.748628
6.51998
3.0275
0.00320259
5.32256
0.962873
1.9716
0.00369338
2.72496
0.0836408
3.06184
0.00317196
0.00321372
6.53537
0.0839942
2.11106
3.57577
2.42294
0.906128
0.00534474
0.00311355
1.89401
0.382074
1.13216
0.00322525
3.26984
0.00466075
0.010188
0.003837
3.60956
3.94136
0.0121498
2.12196
0.0541782
0.482935
7.41018
0.221423
0.00572552
1.08214
6.75277
1.40354
0.00323754
6.56562
5.18488
2.57436
0.00328388
0.53685
0.00369706
1.24892
1.68219
0.0291815
0.00382539
0.301387
7.29729
0.386428
0.258288
0.0336291
4.91902
0.00355087
7.19346
4.13893
2.30978
6.45006
0.555857
2.19531
3.95944
2.04042
0.00417097
0.00338366
0.0043283
2.04306
0.00389557
0.00321588
5.31626
0.0032466
0.00333095
3.84823
5.66794
2.81827
7.70627
3.45001
0.00462403
2.05841
5.98561
0.00317907
2.65565
0.470715
0.00509778
0.199856
2.87405
4.52306
3.93563
1.78538
0.00311355
2.23729
4.93221
1.90073
5.64094
6.25197
1.14501
1.77847
2.2191
0.00333739
4.7151
1.77798
1.7874
3.45529
0.00767559
7.07373
2.49535
0.120212
0.00416789
7.52437
3.91202
4.18384
0.0633389
0.00355414
6.91058
3.57147
0.784292
3.05017
4.85966
6.55555
1.93619
0.00595474
4.52281
2.14722
0.439206
0.00388084
0.00322157
7.49695
1.0279
1.76963
7.10648
0.00501335
3.81638
7.70166
4.3368
0.00317058
0.00322784
0.617695
4.7714
0.246216
1.88658
1.70364
0.00466065
0.0033668
0.865059
7.11567
3.28168
5.40391
3.31216
1.41155
0.00316321
0.676385
6.44126
0.171654
2.67448
0.00321445
0.00319497
0.00346632
4.77877
7.40175
7.48539
1.65845
7.62986
0.0129503
4.6474
1.27253
3.70724
1.78737
0.0722907
4.40077
0.00318973
5.84537
5.90331
2.12428
0.0140062
0.00434402
6.91997
0.0404636
0.299026
0.00319497
7.87994
0.00322503
5.52319
1.87004
0.508305
0.488035
0.0628088
0.316854
0.00322732
0.00403489
0.0577962
0.00333629
3.01663
0.00324701
1.88199
4.14296
4.70964
3.85599
0.00331997
4.69937
0.0306231
0.187783
0.00813416
4.16078
0.102795
5.25987
2.51374
0.0031463
2.84913
0.00324526
0.916416
0.0416528
7.89132
2.97625
1.36761
3.57456
6.89476
0.32762
6.97979
0.880223
0.00452865
0.00321906
7.15801
2.11208
1.45102
3.35702
5.00713
7.25637
4.24618
0.00318114
2.15295
5.30274
0.118907
0.00560345
4.52426
7.2635
3.8816
5.7601
7.65317
4.03609
0.36568
0.00403402
0.00322021
2.06161
0.0845863
6.05629
0.0398568
2.82016
1.90933
0.00321565
0.00363273
1.30529
3.3663
6.97918
0.00371145
0.0775319
7.66294
0.00324296
0.913304
3.15854
0.0686768
7.67544
5.26808
0.00321794
2.12652
7.65225
0.00320361
0.0197892
0.149882
0.00402092
0.173195
0.00345433
0.00317873
0.0850498
4.45536
4.26464
3.07655
1.07216
3.20448
0.07523
0.00369203
2.10962
7.6503
6.95179
0.0102618
0.0485809
4.38758
6.20582
0.00324719
4.15422
3.85402
0.00398147
7.71471
0.0782153
7.20996
1.0064
0.00347862
0.21601
3.03301
0.0039851
0.00324847
0.00319518
7.58996
0.13073
0.00312682
1.31296
0.898435
2.22959
4.19353
4.21376
2.49273
0.686274
0.0417696
7.69582
5.77479
0.00323601
5.25812
0.0484211
1.88203
5.24046
1.18418
0.910943
7.72502
0.00421069
0.172108
0.715196
0.201148
6.31414
0.00338805
2.6068
4.91639
0.00314611
0.0031985
1.85489
0.544106
0.0563794
0.00326075
5.1906
0.00319421
0.00342499
5.3248
0.0119654
3.35342
4.05363
4.00543
4.55998
1.07206
0.0122055
0.00319264
0.0066246
0.0031988
1.67043
1.40759
1.98388
2.67404
0.00345751
5.63389
6.30635
0.00451867
6.65783
4.90866
1.15221
0.00335192
7.28909
4.09435
0.00447217
1.66005
5.66558
0.228832
3.84418
0.401287
0.00322213
7.41192
0.003225
0.388761
0.00321466
5.03058
7.46865
0.283117
0.00345662
2.5542
0.0037333
0.00647113
0.00324081
0.325336
2.73292
1.25446
5.69541
0.264257
1.7482
0.00328295
0.00309833
0.00773423
0.00997645
0.00360907
4.36969
0.00313728
2.5785
4.37696
0.0032266
1.82715
0.120337
3.08452
4.36088
0.00330785
0.00322311
5.09307
0.00321421
0.0335817
1.92398
5.00111
3.90125
0.00762786
2.58416
0.128413
0.00331877
1.86072
1.13281
1.71593
2.3231
0.871307
0.016471
0.702002
1.11696
7.51969
2.83565
0.00326597
0.0119911
1.03914
2.22405
5.80902
3.86982
0.20032
7.85572
3.23186
0.037637
3.07914
4.14009
5.25118
6.82881
0.00310648
1.83262
0.00388221
0.0151066
1.76822
0.00319611
0.181579
0.00673743
2.64805
6.32576
0.0237544
2.05612
0.00325294
5.20798
0.00319178
0.00439321
0.863347
0.914073
0.00313845
2.22724
0.00445186
0.00323135
0.0429379
0.00318797
0.00321779
1.30895
3.978
0.935455
3.39753
5.02517
7.30984
0.00310929
2.90599
0.00324146
0.0243682
2.50986
3.71018
4.52896
0.176866
0.707497
1.09102
5.34733
0.0727093
4.89329
7.45577
4.91171
0.00329928
0.00345524
1.13643
6.3034
5.75084
0.00625904
3.33276
0.0110254
0.00578912
0.00315081
5.90483
0.428239
0.00322748
1.77193
0.00307102
0.0979607
0.00348678
0.00424118
0.00416355
4.70301
2.57621
4.34624
1.8802
2.5679
4.59028
7.16978
0.266886
3.81663
1.77656
0.530772
0.0739012
0.00331887
1.81845
2.19728
2.8301
2.07435
0.0032335
7.61267
0.895124
0.53806
2.47121
0.959973
1.36825
0.00320076
0.304642
6.74371
7.38514
0.00329849
2.58253
6.15719
0.0191389
0.00337549
7.59017
6.45885
6.43136
0.00320297
0.332806
0.0182122
0.00317457
3.47373
7.36633
6.72062
0.253169
1.77266
0.958378
1.56983
1.13358
5.35524
0.0466776
2.37206
3.8659
2.18899
0.00650883
0.0150571
0.127504
3.03993
6.97337
3.69758
1.5291
1.22879
3.3775
0.00470445
0.00910811
0.00310738
0.00330191
7.50363
0.00336534
2.32643
0.00332875
0.00379836
1.72972
0.413413
3.916
6.99012
3.04532
0.145594
0.00323449
1.69114
1.24316
0.00317436
1.00697
3.36305
0.716292
1.71778
1.40846
3.28673
2.32648
0.00321564
7.61387
0.00416846
1.35246
0.279809
6.06308
0.00326223
3.88512
6.48915
0.208768
0.910007
4.3335
4.58603
0.003817
0.0263029
6.61276
0.00343404
2.72779
0.00446286
0.00379659
1.91233
0.932256
0.0891077
2.75504
0.261917
0.861058
3.66623
3.92769
0.00315297
5.32536
4.2611
0.00317879
0.641088
4.17023
1.95817
4.95454
0.00855784
1.74635
1.75652
5.1744
0.0199976
0.00318152
0.00805421
0.137553
0.18498
0.00324476
0.00323153
0.00598922
0.264197
0.0455758
0.00877567
1.82172
4.14069
0.00322784
4.91331
1.96503
0.599588
3.96548
2.32744
6.84992
0.00319079
2.12979
0.0081625
6.52133
1.68229
2.4031
1.17241
0.00698023
2.84698
2.43708
3.92899
7.59792
6.31383
0.146925
3.27474
0.00435084
0.00322025
0.00439062
1.27035
0.00347996
2.31933
0.00987399
0.431174
0.00322792
1.97646
5.56506
7.64302
5.65988
6.88327
0.00398359
1.64887
3.22003
0.938641
4.7933
0.00353378
6.99453
0.00433826
0.00397999
4.48751
0.00837618
3.7184
0.00566331
3.22595
0.00325759
0.00311525
1.98166
0.00430556
0.00318738
4.21405
4.35008
0.0208027
3.09341
1.74099
0.00530877
0.00370449
6.75282
0.523303
0.00321819
1.43858
0.00879951
3.04286
0.00567466
0.348257
5.11004
5.38043
0.00367769
6.25472
0.00688268
0.003208
0.00686735
6.79838
6.56261
1.66883
0.00357317
7.08298
1.74012
0.00321207
0.00344997
2.33519
7.40812
6.28771
2.07282
0.00330855
0.00331815
3.33778
0.00429975
0.00343278
0.00321475
2.77221
0.00395238
0.167232
4.47476
3.23464
2.29053
4.45563
2.39034
0.0034441
0.252095
3.56927
0.00324405
0.46506
1.34892
3.57767
6.57609
0.00321209
5.36452
0.490182
0.00321042
0.0034255
3.25659
7.69377
2.3769
0.00322075
6.15206
0.0309191
5.25513
2.64558
0.0207872
3.38434
0.00324908
4.56124
6.17501
0.0032637
1.90044
6.40076
6.69089
0.114707
1.49111
7.77352
0.01061
0.00395905
6.55629
0.00327905
2.50891
0.00507632
0.0174577
0.00446593
0.736523
1.40632
1.86994
0.00470609
4.26231
1.20238
1.40064
0.00321308
2.01396
0.903284
1.81646
0.29204
0.00324039
2.84721
2.14688
1.94165
1.54627
6.59589
2.7627
0.00450436
7.60838
1.73988
7.01491
5.37502
1.76847
5.37912
0.965335
5.17487
4.63973
1.00226
2.8372
0.0136606
0.00323637
1.52143
0.231471
0.00333306
2.70961
1.78847
0.00322925
6.81916
1.42228
0.00332664
4.63992
0.00311967
0.041103
2.23364
0.00365537
0.00329442
5.95416
2.86284
2.25165
1.23061
5.46104
4.60565
3.10949
1.86611
4.65673
1.25506
6.67611
0.0529905
6.60139
6.68978
7.47187
4.83956
0.00394778
2.02363
4.09153
0.00429181
1.82809
0.424819
0.00321617
0.00418209
7.52063
5.43828
6.38898
3.78222
0.0573964
0.0168306
3.1349
0.00569018
6.35529
6.18819
0.00331895
0.00442308
5.84728
0.00515846
0.00319142
5.40912
0.459318
0.0066079
0.00322061
0.0276027
0.00439681
5.21213
0.00493213
0.358098
4.30537
0.0124768
1.44725
0.00322542
5.27651
1.60979
0.241641
2.26064
0.0124144
0.0810974
0.00322424
2.38124
2.9668
0.0195081
6.51443
6.4585
7.69417
0.00313252
1.10689
0.00321178
2.10991
0.00324643
0.00321919
6.44211
2.86922
1.86388
0.0627364
7.17492
0.0056636
4.22343
0.00593621
4.93274
0.822753
1.6407
1.77426
1.89603
0.00319986
0.00580043
0.00323168
0.00689646
0.0109932
0.0213295
0.00318732
5.79691
4.7224
4.47214
0.00724226
0.022583
0.716125
7.45983
0.567166
1.7591
0.00406776
2.35376
0.00320611
4.41677
0.0031996
0.00378235
1.32967
0.00322828
0.0373653
0.00333348
7.88403
0.0937713
2.08715
5.04501
6.94826
1.85062
0.00319761
0.0544711
0.394852
6.39457
1.17226
5.35176
2.36372
0.00322515
2.33556
0.711843
6.56199
0.00323327
1.66484
1.87984
2.07791
0.00685184
0.00314242
1.26526
0.00313491
0.0115292
7.61988
5.75421
0.0855977
2.68225
6.60119
2.34757
0.737311
0.836677
0.00323149
4.31331
2.45559
0.00322433
4.24196
7.34209
1.26669
0.516673
0.00653217
4.05962
7.24787
0.0193537
0.008781
3.44657
3.70424
7.67518
0.293947
0.550276
1.97702
1.83615
1.28392
4.62607
5.12101
3.60521
0.0309515
2.91654
1.89256
2.12424
0.0137757
1.92958
0.00331292
2.77317
3.12064
0.0963913
5.21866
2.07486
0.00321276
0.00320821
0.00328022
0.00319553
6.66531
1.02457
1.8354
3.53369
1.90164
3.0451
5.96157
0.112536
0.0047175
0.0250122
6.08587
1.90099
4.76501
0.050239
0.0226419
0.628742
6.33916
0.0360855
7.1874
0.00349694
3.93968
4.3728
1.83248
2.07955
0.00320703
0.0031846
0.0272381
0.340398
0.43578
3.2349
5.3754
1.55241
0.00317721
0.00322642
4.5346
0.00324757
0.405702
7.17499
0.00317347
4.09895
4.2881
7.00676
2.02204
0.397801
6.69831
1.0789
0.0158832
4.34394
0.70711
1.71286
1.8025
4.37057
0.00439958
6.11699
0.00324322
1.30324
0.00326713
6.34995
3.26385
0.00430696
0.132301
7.3607
0.00511052
0.00377539
1.92503
2.9609
0.00365685
2.94812
2.09713
3.8954
0.0740363
0.478286
6.31064
5.68604
2.07886
0.00414757
0.966295
0.0858211
0.327716
0.205395
2.18391
6.23281
0.139025
0.00317251
0.00324316
4.53792
3.03768
1.96356
4.68968
6.78298
2.91159
0.0158028
1.93797
1.89723
6.08287
3.31828
0.992278
3.26289
2.09712
3.40919
1.36608
0.0032211
0.00653115
0.00445079
6.76735
0.0032201
4.571
2.75496
3.80283
4.58846
2.15189
0.00390299
4.33097
7.27004
0.00323081
1.81046
1.58029
0.00418844
1.29646
5.54681
0.00421358
0.00718673
1.28691
0.00781059
4.22213
1.82952
0.00321906
0.00365905
0.00323165
0.00598783
4.70336
1.90782
4.76211
0.0083128
6.65635
2.42467
2.01053
0.00322499
2.72497
3.51977
1.33541
2.1374
2.10873
0.00322303
1.1562
0.204328
2.46208
0.901364
0.170011
0.00316179
0.00471723
0.0076499
0.00329525
0.085104
0.0031493
0.00321701
4.6112
0.893639
1.08459
3.11811
2.24215
7.17439
1.41937
2.1539
3.10043
0.00330873
0.00325233
1.26875
2.06807
3.15142
6.5781
0.00309907
0.00915001
0.00322881
0.00316499
0.0210225
0.00462731
7.91023
5.3022
2.0491
1.97363
0.152814
0.00323956
0.643917
1.824
4.07325
0.426687
5.9357
0.00322897
1.66806
1.73238
2.02726
0.0385368
2.42438
0.0137753
0.00313691
3.71981
0.00324628
0.00650154
5.84435
0.00334948
2.69033
6.25143
0.00325542
0.205243
1.29564
3.04268
0.627578
4.89409
2.5361
0.99621
0.244951
0.00888853
3.18301
1.62683
7.75082
2.96079
7.42273
5.46887
6.2187
5.04383
0.00322295
0.0249157
7.7071
0.00415762
2.0985
5.26553
1.34983
0.00321025
0.0127655
3.22484
7.09905
2.07455
0.00406827
3.27628
0.353517
0.0856384
0.00321734
0.030134
6.7829
1.89242
0.00312495
0.210968
2.00392
0.0590333
2.10483
0.00363974
1.73741
0.0388512
0.00487657
0.00323495
3.57123
0.00461709
3.29674
5.3186
0.00513459
0.00319782
2.54714
2.07086
0.00706642
6.54271
0.30976
2.99879
0.00334211
0.641618
1.75203
0.00319457
0.0505525
0.790627
2.9898
0.0221678
4.59865
1.95709
1.69623
2.02753
0.0505147
2.51474
0.00470726
0.156146
5.41855
3.20671
0.00341079
0.677626
0.614573
4.14936
1.69883
6.37951
0.593886
0.00316341
0.696699
0.00961058
2.13406
1.11095
7.51064
0.00328832
1.95829
0.00445803
2.37216
2.76909
3.15339
0.00813258
0.0032204
7.84062
3.64809
0.00321607
1.8609
0.0584162
0.00698972
0.00323199
0.00326197
7.44092
1.08494
0.074758
0.247727
0.175745
7.66914
0.00541278
0.00715352
0.00371276
0.00309074
0.377574
1.76712
0.154554
0.0486477
0.00320597
2.37484
1.22307
0.00339782
0.00319204
4.21085
7.85891
1.13197
7.04929
2.65426
0.00326089
0.00318736
0.00319915
0.140668
5.68802
0.00314557
1.95187
1.8818
0.136476
5.64866
0.00316151
0.300958
0.00665255
3.1895
0.526254
2.31414
0.134636
2.46154
0.0138045
0.00317744
3.34983
0.00341725
4.48178
3.15749
0.00845133
3.19968
5.65898
2.40116
1.10581
0.00525112
5.79161
0.00349882
0.00321651
0.00409558
0.00316831
6.32909
7.82863
4.1711
2.19025
0.00563546
0.00314338
1.66015
4.11634
0.00432081
0.0132728
0.0557021
0.496793
0.461979
6.0948
3.40524
0.00334294
3.87138
7.84437
5.44696
4.0465
2.72402
0.00312901
0.00965342
0.698321
2.62461
7.12008
2.64159
7.67974
0.00341306
2.66791
3.86617
0.6939
0.773268
3.58934
0.00324781
6.92538
4.3934
6.43893
3.89181
1.74037
2.29433
2.93707
0.138217
0.00324043
3.00904
2.36227
1.18127
4.02474
0.0405044
1.10254
2.00518
6.56498
0.0669529
0.362268
5.80437
0.00516343
0.00317633
0.00322471
3.99662
0.00513248
2.74912
2.7569
2.50124
0.911574
4.82363
0.00320092
0.13367
0.175315
0.0499903
0.626176
0.00388395
6.7834
4.25168
0.415379
0.00379346
3.46657
1.58315
4.46875
0.00318217
5.26916
2.84799
5.43193
0.00324067
0.00319928
6.74579
0.00323038
4.09386
0.668451
0.00320759
5.95566
1.84493
2.89599
6.97912
1.05669
4.5849
0.0032224
0.00391781
5.12973
2.33489
2.49586
2.87904
0.00336117
6.20832
0.00368083
0.00336614
3.26591
0.0403562
0.204233
4.29617
7.81991
5.06658
1.6155
4.33115
2.28402
0.986506
0.00649768
0.118876
0.144016
0.687131
0.0450148
4.11779
6.50855
7.72773
3.5555
2.1082
0.00324132
3.40875
0.00335973
3.0572
3.35674
6.33993
2.04511
1.18416
0.00702335
0.105287
0.0498659
1.20093
6.81338
6.85834
2.16833
0.00367697
2.96404
2.09256
0.00322181
3.83429
0.00323768
7.87234
0.165972
0.0490968
2.26055
0.00353829
6.07781
2.06235
0.00326083
0.00331382
0.483509
0.00500707
2.90792
0.00323203
0.0175606
5.23833
1.6076
2.44934
4.83342
0.00328825
4.8316
6.22407
3.30201
0.673448
0.00372914
2.03014
0.00319537
0.395256
1.90433
0.00380286
6.96832
6.19586
0.00767362
1.22496
1.62778
0.0178616
4.47218
1.82771
0.00328799
7.48764
0.0711816
0.0218799
0.05898
0.00858841
5.21853
7.83306
4.53979
0.00323049
0.142625
0.0581691
2.29371
1.72765
4.53462
5.08007
0.846726
3.98813
2.04469
5.24351
0.364011
0.00318761
2.10709
0.00321843
5.05372
0.00346987
7.62447
2.18458
0.00309977
5.79009
1.43643
0.00322349
6.37699
1.42683
5.25722
1.75893
0.714399
1.75735
0.00341231
0.576564
7.75644
0.0035279
2.02884
6.50238
0.00311222
0.00333216
2.28927
0.00392785
0.00598025
1.86519
3.64002
0.003178
1.26329
5.11197
4.70142
6.13689
4.82443
4.53233
2.70386
0.00418851
5.39396
2.82063
0.0874546
5.1114
0.00436337
4.55996
0.00318809
1.08078
3.22028
0.364475
0.0068252
3.00986
0.0651878
3.40503
0.00324261
0.993174
2.93452
0.0702145
5.54778
7.33652
0.00317858
5.2738
0.00321706
1.1768
0.110015
7.89246
2.9708
1.12971
5.12735
3.02766
0.640092
7.57533
6.93541
0.00314542
1.97524
2.23199
0.00322705
1.43051
7.85409
4.88673
7.27969
0.0036408
0.0256129
4.8284
1.63484
5.01065
1.05846
0.0266713
0.0256247
1.99212
0.109585
0.00399451
1.30673
0.00333921
1.17185
0.00320366
3.23547
0.0622363
0.00356655
0.00381029
1.21413
0.00568429
2.14393
1.67843
7.59408
2.28094
4.57148
1.01431
0.00674644
2.74226
0.769693
2.81569
5.35798
0.0162874
0.127395
7.65245
5.02593
4.04857
0.0168689
4.78459
0.00321793
7.62553
1.1962
4.54361
0.471031
0.0256356
1.21214
6.1812
5.35014
3.00506
0.00537387
0.00360607
0.197427
1.69496
3.74587
0.00399119
4.22314
0.0172651
5.27715
1.79107
0.0451473
6.83557
2.56047
2.31072
1.63234
1.52656
7.31637
0.718859
0.156385
0.00320377
0.774737
1.88297
2.10518
0.00327734
0.106083
3.01155
7.44881
0.00323904
3.21574
7.47176
7.63262
2.51636
2.43067
0.354682
4.63394
0.224543
2.29457
1.50296
1.37268
0.00405598
2.43908
7.79377
3.59376
5.88518
7.57268
0.0451122
0.167335
1.22889
1.74555
3.50426
0.356937
0.00322089
7.89239
0.0663477
0.095527
4.90166
0.379968
0.0165357
0.0117582
3.84463
1.91791
0.00532271
1.21374
0.0269954
0.00378593
5.36769
0.0033596
4.8835
0.00571206
1.59689
0.443373
1.71044
0.00385845
7.78509
0.00939679
2.07714
4.54503
0.00323558
0.0119046
0.00512413
2.18652
0.00324061
7.50179
0.00323101
4.44559
0.00308676
2.35673
0.782846
0.461541
0.0149172
5.07156
0.0032039
0.00313658
0.0188974
1.79969
5.57226
1.62101
0.015921
0.00350819
2.04687
6.93433
0.00362067
0.0102
0.00327096
0.00320802
0.021631
2.30143
0.00320814
0.00347482
0.00852518
0.106567
3.82019
2.17912
0.403492
2.77507
0.210544
7.63054
0.761389
7.70834
2.06845
0.371964
0.00322079
3.62223
6.6824
3.31714
0.00683808
0.107157
0.0031859
0.00322035
1.99385
0.00341838
3.55561
0.0985661
1.94917
0.0139133
2.43773
0.0032356
1.89378
0.238139
3.1897
0.00321781
2.82129
6.80535
0.00410453
2.47348
1.73283
0.0364413
0.00355417
6.47788
1.99293
0.0065325
1.68517
1.71169
1.92397
2.14032
0.876676
0.003366
0.0359694
4.05866
3.28557
1.82458
0.00320848
1.47931
6.3343
0.00364917
0.0174136
2.77518
0.00334858
7.04488
0.0974346
0.00328298
3.57071
2.66304
0.00320247
2.07522
3.16443
4.21696
1.16329
3.79966
1.33907
0.00321823
3.01397
0.34331
5.40774
0.00320249
6.1187
1.45116
0.00344914
4.51307
4.5847
3.12063
0.00322548
0.262917
0.00657065
0.00315438
1.06923
4.34131
4.13502
6.4314
0.228004
0.0038266
0.0210232
0.0238081
7.52329
2.99662
0.00366575
0.128932
0.397835
3.20384
3.14791
6.82372
0.0031565
0.00329074
0.00312481
1.46679
0.00322117
3.11494
0.770864
0.354537
0.249906
0.00736176
3.94122
0.0798496
5.02273
0.00459881
0.00321896
0.0102344
0.0059753
0.476727
0.00369286
0.00340984
3.23206
0.00328002
0.00321989
2.93287
1.92014
7.61814
0.0051337
0.00319037
0.061748
2.36201
0.053376
1.66067
0.931426
4.63921
3.45772
0.786112
7.4846
0.0598441
0.00324866
0.0865208
0.00360675
1.75989
0.750777
0.0118653
0.0711685
1.19758
0.651416
0.0574462
0.00328854
1.06821
2.10411
0.00321555
0.537983
0.462529
2.04563
0.0810789
0.305898
0.00321569
0.00322289
0.00321687
0.349117
0.0361735
1.60961
0.579453
0.0462795
7.91311
2.97951
0.518577
0.00321569
0.00321977
0.00704194
2.66946
0.21018
4.16695
4.10747
0.00317327
0.689076
0.00350832
0.94665
0.00324886
1.93592
0.0144232
0.00318859
0.0038229
7.24099
2.09183
0.00473503
2.0421
0.279162
3.86727
4.64452
5.20676
0.00697064
3.54166
0.937297
0.00493548
3.81532
0.0430914
7.21115
0.00313333
3.66879
6.71566
0.00919057
2.14783
1.60571
0.373793
6.35655
1.48353
1.60778
3.62301
1.92169
3.90016
0.232959
6.37846
4.75946
4.54831
0.5223
0.00320439
3.05869
0.571373
2.11832
0.0111723
0.202153
0.0110311
0.00324559
0.254347
0.00321855
1.40131
1.70799
7.13843
1.60292
1.13839
1.79896
1.3925
5.00668
3.03467
0.00314993
0.568153
0.94522
1.9869
0.88845
1.83507
1.5789
0.00322209
2.77995
2.48798
4.98937
6.67163
0.00409725
7.79998
0.00323407
5.30728
5.19424
3.73512
0.00321883
4.93944
0.0032187
2.65293
3.1218
1.63951
4.57495
1.14297
3.87286
6.68491
0.00318715
0.00397449
1.67536
7.46394
0.0106271
0.013863
0.0043635
0.00323059
0.00355569
2.86314
3.06043
0.587786
0.00324526
0.086563
3.90796
0.65111
0.12484
5.38703
0.868252
2.95199
0.106517
0.078389
0.177659
5.35411
0.0031816
7.75524
0.00321762
2.76872
0.0061776
0.0830433
0.00319225
4.28057
0.00399086
0.00326321
0.00402314
0.00423827
0.00474963
0.0226111
0.00333748
0.944461
0.00864526
3.55582
0.144143
0.00357928
0.0032744
3.76368
0.00331082
2.98168
0.807871
0.00334014
7.33571
3.91814
0.00357888
0.633609
5.17465
0.0352244
0.883977
0.339905
0.225117
7.62137
2.17665
7.29532
1.82986
5.03639
2.81821
0.0155638
1.00005
7.23737
0.588629
0.604577
0.00485086
0.37842
0.508543
0.00549255
7.64361
3.6258
0.41154
0.00321997
0.00326001
0.63761
0.00366041
3.85057
0.0159463
0.015141
1.02053
0.371603
1.83111
2.54878
5.34245
1.57194
2.12919
0.00494107
0.620891
3.02515
0.00324825
4.96813
0.294985
0.00323121
2.17397
4.39277
1.89484
1.96505
0.00322305
0.750085
0.969827
0.00334513
2.07171
0.00355096
2.17064
0.00343487
1.32148
2.34386
2.19256
0.331925
0.00319073
1.16627
0.0882937
3.50009
0.0378432
3.59279
1.47437
0.52391
0.666959
0.377704
1.95219
5.43288
7.63845
0.00986232
5.12738
2.17106
0.0285499
0.270312
7.56958
4.56467
0.00324482
1.07309
0.0032623
0.0172664
4.15648
7.86813
0.00361152
0.00924364
0.00325618
0.00505462
0.00353871
0.00320188
0.00372399
0.833525
2.96054
2.7797
2.53553
4.50124
4.51483
0.00322021
1.85648
0.621169
3.18919
1.99463
4.45597
0.0032221
0.290914
0.00321875
7.60887
0.447674
0.0491421
0.00326854
0.00373318
0.287029
0.743873
0.529009
0.747184
0.793017
0.00351568
2.68131
0.00323173
6.62295
2.81561
0.0034871
0.0216615
2.30155
0.00317725
0.00612494
7.36311
0.0277822
4.43428
0.0035767
7.62707
0.00318786
0.00536504
0.414148
1.77569
1.35509
2.71217
2.29812
0.00332349
0.342604
3.80653
3.46652
0.115989
0.00321775
0.146421
0.00322093
3.11091
5.32391
0.0884708
3.45206
1.68686
2.50118
7.15327
0.0131764
0.0686455
0.00319531
6.01302
0.00322376
0.00537222
0.0560546
1.75367
3.72977
0.176389
0.00331892
0.003334
1.43989
0.00365484
0.00319725
0.00643636
6.53988
2.51568
4.50772
0.925815
0.0182448
1.97815
4.24619
0.00489768
5.73415
0.0146314
0.00317259
0.299517
1.29069
6.55652
1.80254
2.7245
0.0816081
0.00322624
0.00854169
1.63692
2.48397
2.7074
0.00405318
3.79818
1.46737
0.564522
0.00498153
0.00940207
0.0121373
0.00359892
0.00341741
0.284589
7.30655
3.11424
0.00320669
2.25379
0.0143094
0.0040551
3.58867
1.15255
0.00320189
0.094178
7.41585
0.00507244
0.282459
0.00339352
0.00660095
0.59216
6.71082
0.797971
0.0132701
0.00423216
0.131762
0.00316802
0.00319639
0.00330934
0.814449
0.440537
0.00319718
0.00317962
0.15658
5.3218
0.00457001
2.18433
1.82415
1.89984
1.42876
0.0198623
2.39973
0.00372121
0.00340279
0.289278
0.0819222
0.00427241
7.75069
0.126241
0.0274665
1.79164
0.00352536
0.00338997
0.701966
3.43026
0.00320521
7.20154
4.77402
1.31324
0.00322589
5.84113
1.19324
2.71265
0.231056
2.45108
2.81755
5.58059
1.13616
5.65221
0.029868
0.0032297
7.34591
5.2096
5.90375
0.238418
4.53793
2.73171
0.00353952
6.26631
2.53812
4.83542
3.77525
2.54136
0.00490346
0.00675598
7.75464
0.00318964
0.0136053
2.83078
3.45807
0.00915464
4.65221
3.64963
1.52762
1.76024
1.77798
1.9918
0.0311395
0.00332969
4.57549
0.00359716
2.31337
1.23559
1.89247
7.36206
0.00378147
0.00344716
0.00572517
7.27309
0.00317342
2.37601
0.0185351
0.00319913
4.85708
0.00318454
0.00329243
0.921179
2.73192
0.696036
2.59229
0.00323997
0.587103
0.320879
0.00899829
0.00609293
0.00321586
3.13069
0.392406
6.38528
0.00312211
0.0979771
4.64946
4.22919
0.00774598
0.00321213
0.00321591
4.39707
1.70138
0.016511
0.157298
0.00575501
0.00318657
1.84083
5.04619
0.483858
0.472768
1.42482
0.129857
0.00795338
0.716821
1.57072
5.10203
6.43672
2.31703
0.00401577
1.4413
1.16735
3.51003
0.0113482
4.21094
0.00322719
0.00325841
6.10165
0.743094
7.83122
0.00365208
7.70515
2.10192
0.0715014
0.00668008
1.89439
6.26608
4.04055
0.00316908
0.00318292
0.00347037
0.00353986
5.86745
0.0886099
0.00323228
0.0869886
5.54912
1.31544
1.50691
6.48688
2.73677
2.98525
7.46004
0.00444248
0.0180178
0.00398498
4.0302
0.157773
1.88279
0.00385728
5.38284
0.0915377
0.00315729
0.00534673
0.00413052
2.14939
0.00341471
0.00320968
7.7505
2.16154
2.52027
1.92196
0.00415632
3.74718
3.28164
0.00332611
3.37992
0.00335573
0.277212
5.5493
0.0149687
5.53489
0.00317274
0.00324776
1.87125
4.88069
0.373114
2.02103
0.00992799
4.93856
2.41467
1.19294
0.003339
0.00339448
2.29751
0.00359884
3.51678
0.154146
1.06951
0.257202
0.149115
2.17469
0.00358143
0.00343809
4.48599
0.0034414
0.920581
2.37495
0.00324131
0.00320227
0.0032176
2.60726
4.27059
0.00318865
0.0136376
0.112784
3.6841
2.18843
0.00327314
0.00364852
7.79528
3.09075
5.30672
0.987348
0.00375259
0.00374281
4.9006
0.193237
4.71797
3.7251
0.00367112
0.00436946
2.27691
0.262142
0.00429644
6.24571
0.0453431
1.73476
7.84112
7.38862
7.61233
1.82711
0.00322559
0.00323993
4.41854
3.7151
6.5298
0.273654
0.00319053
0.00405685
0.490692
0.00333251
1.31406
4.10469
0.00311837
2.76168
0.00322193
0.00325462
0.00323864
6.89801
4.67724
6.31764
0.0070344
0.00347384
1.70299
0.0184685
0.482742
1.91681
4.39762
3.84784
0.0151699
0.0033704
0.00329153
0.00319689
1.30524
7.18295
0.00928775
4.0479
0.849375
0.00322786
0.156807
0.00321652
1.12631
2.06232
6.91316
0.078394
2.22741
0.00321777
6.26201
0.00617163
0.873766
1.8029
0.00366154
6.00354
0.348776
1.9673
2.63374
0.476221
3.49294
1.90497
4.33887
0.00417841
0.424509
3.79378
0.00400118
1.05246
0.433223
5.01306
4.76516
0.00415057
2.10514
0.00398285
0.378036
0.00594553
0.00317028
4.26183
0.00321901
1.41474
6.892
0.00321367
0.00484093
3.61308
0.00315609
0.00533423
0.0032097
0.0578748
2.82261
6.13081
0.0993051
0.00315465
0.0157822
1.18348
0.627655
0.196884
2.57692
4.21894
0.328279
5.23502
0.0112075
6.25095
0.446623
0.00322011
7.85079
0.0174347
1.70113
0.299022
1.20645
4.89142
0.18843
0.00885541
0.0546118
1.12552
7.45031
0.00332008
0.984507
1.18767
0.0478887
5.39401
2.67623
0.575535
1.22727
0.00333611
0.0455552
0.322401
0.00357627
1.29728
0.0031909
0.0872958
5.34757
2.85417
1.05458
4.95818
0.0448494
0.00321904
1.19699
0.00312564
1.76071
1.95215
5.8413
0.00321212
3.62961
4.93997
2.6686
1.84746
0.00332281
0.280082
0.456786
2.78388
0.523117
0.0389045
4.33418
0.993677
0.00321918
1.46077
2.02408
0.00375124
3.81532
0.111887
6.03798
1.32351
0.044902
0.202163
0.0294962
3.5505
5.09545
0.236593
0.251155
4.84232
1.75848
0.295678
6.58381
0.00333572
5.97519
2.85458
0.0821582
0.00341862
3.90128
3.2653
0.335192
6.78889
0.00334418
7.67026
3.87058
0.00324933
0.00321633
0.00606957
2.02979
2.28233
0.00316856
5.65478
5.25557
4.42881
4.94308
0.122527
0.00316006
0.00326632
0.0032221
0.1948
2.30828
0.00549778
0.00326473
0.00361743
3.92312
4.31982
0.00393585
0.0188756
0.0915349
1.97723
4.46031
1.43516
0.932956
1.26514
6.57227
3.70293
0.0080789
1.84264
0.00320312
0.00335887
5.80304
7.25364
0.00370835
1.37829
0.00323051
0.00616661
6.65612
0.00351346
1.76211
0.016025
3.8404
0.00357043
0.00322029
2.82851
0.00325603
0.53056
3.81352
2.00764
0.848248
3.94029
0.038129
0.00327855
0.00735028
7.77799
4.99436
1.34608
0.00324314
0.0148862
0.117661
0.0195096
0.533359
0.00375466
1.70451
7.74851
0.00447693
4.58963
0.00325405
4.61306
0.00319747
0.00320632
6.01399
3.90373
6.01466
0.00976288
0.0034529
0.00323887
0.015339
2.75015
7.5743
0.00361504
0.015906
4.62678
3.56368
2.25646
0.20388
0.00311848
4.58534
7.20569
0.184199
0.222615
0.486576
0.00347889
6.28477
7.42582
0.469568
7.64361
3.32308
0.013155
0.0035766
2.87882
0.0032303
7.56814
0.00359738
4.91457
1.4441
0.518252
4.53786
3.69691
3.54084
4.31681
5.79802
0.00312116
1.73426
1.78583
0.0166008
0.00322806
0.464638
7.38683
4.38061
4.01082
6.36989
0.00322724
0.00324593
7.78095
0.402495
3.32357
0.141388
0.728886
0.0376741
0.00322773
0.00327661
0.286986
0.415812
4.18031
7.26299
1.81315
4.95331
2.30976
0.0138121
0.0109816
0.236586
0.412778
3.97776
0.0110431
0.594814
)
;

boundaryField
{
    frontAndBack
    {
        type            empty;
    }
    cylinder
    {
        type            kqRWallFunction;
        value           nonuniform List<scalar> 
244
(
2.71261
2.71279
2.71161
2.70737
2.69966
2.6878
2.67239
2.65322
2.63013
2.60304
2.57196
2.5371
2.49885
2.45777
2.41449
2.36975
2.32428
2.27878
2.23386
2.19009
2.14792
2.10769
2.06969
2.03405
2.0009
1.97025
1.94211
1.91641
1.8931
1.87211
1.85334
1.83672
1.82214
1.80954
1.7988
1.78985
1.7826
1.77699
1.77293
1.77037
1.76926
1.76956
1.77122
1.77422
1.77855
1.78418
1.79115
1.79949
1.80921
1.82035
1.83296
1.84709
1.86278
1.88004
1.89886
1.91909
1.94042
1.96234
1.98436
2.00609
2.02719
2.04739
2.06658
2.08489
2.10231
2.11889
2.13476
2.15018
2.16549
2.18072
2.19505
2.20816
2.22069
2.23274
2.24451
2.2563
2.26869
2.28206
2.29672
2.31303
2.33149
2.35186
2.37373
2.39679
2.4206
2.44485
2.46954
2.49478
2.52033
2.54608
2.57209
2.59847
2.62512
2.65205
2.6794
2.70712
2.73518
2.76368
2.7927
2.8222
2.85209
2.88248
2.91347
2.94503
2.97712
3.00986
3.04308
3.0768
3.11116
3.1462
3.18179
3.21799
3.25488
3.29256
3.33081
3.36997
3.40995
3.45106
3.49302
3.53616
3.5806
3.62641
3.67361
3.72186
3.7714
3.82225
3.87444
3.92812
3.98321
4.03984
4.09776
4.1569
4.21735
4.27867
4.34078
4.40622
4.48665
4.56181
4.63511
4.70909
4.78381
4.85942
4.93596
5.01347
5.09184
5.17101
5.25079
5.33093
5.4113
5.49172
5.57199
5.65177
5.73097
5.80926
5.88624
5.96169
6.03526
6.10638
6.17458
6.23922
6.29607
6.33773
6.36619
6.38222
6.38578
6.37624
6.35259
6.31344
6.25693
6.18075
6.08223
5.95822
5.80499
5.61811
5.39261
5.12177
4.79249
4.23953
3.98129
3.84726
3.79309
3.768
3.71839
3.62589
3.52238
3.4099
3.28954
3.16701
3.04575
2.92857
2.81909
2.72049
2.63486
2.56308
2.5051
2.45995
2.42611
2.40173
2.38498
2.37409
2.36776
2.36493
2.36472
2.36653
2.36993
2.37459
2.3804
2.38724
2.39502
2.40375
2.41337
2.42388
2.43524
2.44738
2.46027
2.47379
2.48782
2.50219
2.51674
2.53126
2.54552
2.55928
2.57233
2.58443
2.59534
2.60493
2.61312
2.61989
2.62538
2.62975
2.63326
2.63628
2.63925
2.64256
2.64651
2.65134
2.65726
2.66415
2.67185
2.68
2.68834
2.69632
2.70331
2.7088
)
;
    }
    domain_boundary
    {
        type            freestream;
        freestreamValue uniform 0.00325;
        value           nonuniform List<scalar> 
64
(
0.00319025
0.00315328
0.00319817
0.00325
0.00325
0.0113752
0.00436885
0.00307394
0.00325
0.205639
0.00860739
0.00325
0.00325
0.00325
0.00309909
0.420139
0.00309417
0.00325
0.00325
0.00325
0.00325
0.00325
0.00325
0.00325
0.42857
0.00321151
0.00325
0.00332291
0.00350189
0.00325
0.00311423
0.00316599
0.00317239
0.00325
0.0284516
0.00325
0.00317671
0.00308172
0.00325
0.00325
0.00325
0.00317907
0.00322503
0.00325
0.00325
0.00313728
0.00318797
0.00307102
0.137553
0.00325
0.00325
0.00325
0.00325
0.00325
0.00325
0.00325
0.00365905
0.00325
0.0505147
0.0032204
0.00319204
0.00316831
0.00325
0.00325
)
;
    }
}


// ************************************************************************* //
