/*--------------------------------*- C++ -*----------------------------------*\
| =========                 |                                                 |
| \\      /  F ield         | OpenFOAM: The Open Source CFD Toolbox           |
|  \\    /   O peration     | Version:  2.3.1                                 |
|   \\  /    A nd           | Web:      www.OpenFOAM.org                      |
|    \\/     M anipulation  |                                                 |
\*---------------------------------------------------------------------------*/
FoamFile
{
    version     2.0;
    format      ascii;
    class       volScalarField;
    location    "0.26";
    object      epsilon;
}
// * * * * * * * * * * * * * * * * * * * * * * * * * * * * * * * * * * * * * //

dimensions      [0 2 -3 0 0 0 0];

internalField   nonuniform List<scalar> 
9648
(
2407.53
2415.34
2410.78
2402.47
2389.17
2370.82
2347.62
2319.14
2285.38
2246.5
2202.85
2154.7
2103.02
2048.82
1992.97
1936.4
1880.18
1825.23
1772.18
1721.47
1673.55
1628.65
1586.86
1548.28
1512.92
1480.65
1451.38
1425.04
1401.56
1380.75
1362.52
1346.68
1333.1
1321.6
1312.1
1304.49
1298.62
1294.48
1292.03
1291.18
1291.83
1293.95
1297.51
1302.46
1308.84
1316.72
1326.1
1336.93
1349.33
1363.44
1379.25
1396.74
1416.15
1437.42
1460.47
1485.01
1510.71
1537.1
1563.41
1589.12
1613.88
590.762
583.679
574.716
566.083
559.554
556.418
556.068
557.364
560.747
565.848
572.397
579.719
587.405
595.109
602.54
609.384
615.515
620.945
625.7
629.747
633.199
636.129
638.587
640.689
642.559
644.26
645.852
647.414
649.034
650.765
652.635
654.702
657.012
659.563
662.373
665.433
668.733
672.252
676.031
680.128
684.54
689.295
694.395
699.814
705.512
711.488
717.741
724.264
731.039
738.052
745.284
752.682
760.191
767.833
775.456
783.034
790.407
797.692
804.755
811.529
817.983
235.782
239.51
245.309
253.251
263.072
274.647
288.006
302.751
318.831
335.771
353.346
371.102
388.708
405.848
422.263
437.754
452.188
465.513
477.703
488.767
498.753
507.704
515.706
522.846
529.22
534.917
540.022
544.629
548.81
552.646
556.2
559.529
562.69
565.714
568.631
571.456
574.198
576.907
579.572
582.222
584.901
587.593
590.336
593.114
595.909
598.731
601.551
604.363
607.156
609.903
612.611
615.269
617.84
620.378
622.763
625.097
627.282
629.459
631.466
633.35
635.102
136.433
146.73
158.753
172.487
187.809
204.646
222.864
242.209
262.405
283.064
303.855
324.403
344.402
363.573
381.703
398.62
414.23
428.488
441.386
452.956
463.243
472.309
480.242
487.135
493.096
498.226
502.623
506.385
509.604
512.364
514.741
516.793
518.564
520.11
521.451
522.64
523.758
524.776
525.768
526.687
527.497
528.296
529.046
529.809
530.608
531.404
532.24
533.075
533.897
534.694
535.439
536.169
536.865
537.542
538.148
538.745
539.327
539.884
540.397
540.873
541.352
103.266
116.631
131.748
148.54
166.893
186.667
207.628
229.478
251.869
274.393
296.684
318.374
339.177
358.847
377.207
394.106
409.482
423.32
435.634
446.487
455.938
464.054
470.941
476.699
481.455
485.322
488.411
490.833
492.668
494.021
494.96
495.542
495.853
495.905
495.75
495.455
495.025
494.577
494.05
493.461
492.874
492.2
491.525
490.828
490.096
489.424
488.797
488.242
487.721
487.197
486.652
486.091
485.537
484.983
484.428
483.872
483.34
482.805
482.252
481.693
481.135
91.2312
106.64
123.943
142.999
163.594
185.518
208.453
232.036
255.865
279.493
302.545
324.645
345.548
365.024
382.971
399.222
413.748
426.586
437.759
447.382
455.529
462.256
467.708
471.969
475.205
477.549
479.115
480.025
480.353
480.181
479.617
478.722
477.565
476.232
474.705
473.016
471.279
469.386
467.514
465.669
463.787
462.05
460.265
458.445
456.63
454.772
453.041
451.436
449.916
448.446
446.976
445.509
444.058
442.626
441.208
439.834
438.494
437.163
435.826
434.493
433.15
87.9834
105.126
124.286
145.24
167.649
191.256
215.66
240.45
265.213
289.403
312.712
334.693
355.201
374.004
391.146
406.352
419.651
431.159
440.862
448.975
455.589
460.698
464.549
467.145
468.736
469.475
469.444
468.844
467.645
465.989
463.979
461.621
459.122
456.468
453.659
450.803
447.812
444.804
441.717
438.607
435.718
432.91
430.28
427.69
424.923
422.233
419.586
417.076
414.737
412.481
410.273
408.077
405.921
403.768
401.644
399.575
397.555
395.584
393.606
391.602
389.62
88.9008
107.612
128.429
151.026
174.907
199.785
225.248
250.848
276.154
300.495
323.681
345.096
364.816
382.529
398.623
412.525
424.344
434.35
442.334
448.74
453.696
457.016
459.229
460.04
459.913
458.994
457.345
455.253
452.559
449.445
446.079
442.371
438.539
434.625
430.606
426.565
422.648
418.507
414.365
410.29
406.169
402.421
398.918
395.463
392.053
388.631
385.214
381.936
378.828
375.892
373.013
370.171
367.37
364.554
361.79
359.12
356.476
353.942
351.365
348.745
346.216
91.7125
111.642
133.909
157.708
182.869
208.602
234.67
260.926
286.319
310.658
333.374
354.111
372.665
388.999
403.848
416.359
426.63
434.996
441.473
446.189
449.265
450.749
451.082
450.287
448.52
445.825
442.65
439.116
434.817
430.334
425.595
420.691
415.855
410.641
405.176
400.128
395.071
390.029
385.213
379.903
374.603
369.406
364.939
360.756
356.595
352.821
348.508
344.543
340.488
336.847
333.104
329.649
326.267
322.733
319.308
316.188
312.811
309.994
306.771
303.426
300.455
1637.87
1660.98
1682.97
1703.82
1723.76
1743.25
1762.43
1781.65
1800.03
1817.45
1833.62
1849.08
1864.09
1879.1
1894.29
1910.37
1927.93
1947.49
1969.41
1994.07
2021.11
2049.95
2080.19
2111.45
2143.42
2176.08
2209.48
2243.39
2277.78
2312.65
2348.2
2384.28
2420.93
2458.29
2496.38
2535.1
2574.55
2614.88
2656.14
2698.19
2741.05
2784.99
2829.96
2875.81
2922.87
2971
3020.09
3070.18
3121.48
3174.03
3227.76
3282.54
3338.94
3396.54
3455.72
3516.26
3578.9
3643.66
3710.53
3779.42
3850.44
824.104
830.324
836.352
842.119
847.658
853.096
858.59
863.999
869.416
874.592
879.739
884.8
889.894
895.014
900.165
905.4
910.739
916.221
921.833
927.542
933.305
939.06
944.789
950.47
956.088
961.612
966.974
972.162
977.17
982.021
986.732
991.276
995.674
999.946
1004.09
1008.1
1012.01
1015.8
1019.49
1023.06
1026.54
1029.94
1033.24
1036.45
1039.57
1042.6
1045.53
1048.34
1051.07
1053.71
1056.25
1058.67
1061
1063.38
1065.58
1067.87
1070.11
1072.58
1074.93
1077.36
1079.91
636.831
638.498
640.205
641.879
643.528
645.072
646.676
648.209
649.692
651.041
652.348
653.609
654.899
656.158
657.385
658.576
659.725
660.831
661.88
662.861
663.757
664.572
665.29
665.911
666.429
666.843
667.143
667.329
667.391
667.338
667.158
666.857
666.437
665.896
665.247
664.487
663.618
662.639
661.549
660.347
659.039
657.629
656.123
654.506
652.791
650.965
649.017
646.938
644.735
642.412
639.94
637.367
634.655
631.834
628.822
625.728
622.546
619.29
615.95
612.561
609.188
541.804
542.252
542.666
543.071
543.446
543.788
544.088
544.381
544.582
544.693
544.749
544.763
544.711
544.578
544.395
544.148
543.836
543.452
542.988
542.437
541.8
541.074
540.267
539.37
538.38
537.291
536.106
534.822
533.437
531.954
530.372
528.683
526.889
524.997
523.015
520.941
518.776
516.519
514.163
511.714
509.177
506.564
503.878
501.127
498.311
495.426
492.453
489.391
486.234
483
479.659
476.222
472.702
469.082
465.336
461.472
457.535
453.512
449.432
445.335
441.247
480.578
479.991
479.378
478.734
478.06
477.326
476.549
475.771
474.979
474.133
473.253
472.33
471.347
470.307
469.208
468.046
466.85
465.582
464.243
462.829
461.343
459.793
458.184
456.519
454.79
452.992
451.122
449.179
447.169
445.091
442.942
440.71
438.397
436.005
433.548
431.026
428.435
425.768
423.02
420.193
417.3
414.349
411.354
408.331
405.286
402.218
399.093
395.937
392.714
389.445
386.11
382.697
379.229
375.69
372.057
368.322
364.506
360.601
356.674
352.732
348.795
431.818
430.473
429.12
427.721
426.297
424.836
423.331
421.821
420.273
418.697
417.081
415.441
413.763
412.034
410.262
408.455
406.623
404.727
402.765
400.738
398.655
396.527
394.368
392.185
389.964
387.695
385.378
383.013
380.618
378.193
375.733
373.214
370.638
367.999
365.324
362.609
359.839
357.014
354.117
351.148
348.121
345.044
341.943
338.843
335.763
332.713
329.636
326.57
323.474
320.392
317.272
314.09
310.888
307.62
304.305
300.866
297.362
293.782
290.212
286.602
283.017
387.654
385.696
383.73
381.748
379.728
377.662
375.563
373.473
371.347
369.172
366.984
364.789
362.562
360.309
358.01
355.698
353.386
351.025
348.598
346.098
343.542
340.966
338.378
335.806
333.224
330.604
327.954
325.267
322.589
319.927
317.303
314.64
311.963
309.237
306.514
303.772
300.969
298.132
295.232
292.265
289.237
286.141
283.026
279.926
276.865
273.908
270.93
268.033
265.128
262.329
259.536
256.662
253.801
250.884
247.962
244.865
241.756
238.537
235.409
232.214
229.069
343.687
341.214
338.731
336.287
333.815
331.353
328.815
326.358
323.872
321.274
318.681
316.13
313.536
310.917
308.217
305.548
302.956
300.323
297.626
294.783
291.863
288.965
286.049
283.176
280.364
277.516
274.64
271.669
268.723
265.858
263.169
260.463
257.835
255.176
252.599
250.039
247.345
244.586
241.818
239.037
236.152
233.141
230.106
227.07
224.055
221.259
218.379
215.681
212.971
210.54
208.176
205.661
203.201
200.68
198.218
195.469
192.789
189.939
187.329
184.599
181.972
297.247
294.281
291.151
288.366
285.419
282.897
280.039
277.588
275.107
272.403
269.691
267.23
264.532
261.855
258.885
255.892
253.247
250.699
248.162
245.359
242.14
239.143
236.064
232.952
230.019
227.137
224.362
221.251
217.925
214.789
212.059
209.321
206.813
204.357
202.258
200.227
197.87
195.227
192.675
190.319
187.896
185.093
182.216
179.392
176.473
173.938
171.068
168.576
165.952
164.018
162.192
160.037
158.075
156.026
154.136
151.689
149.471
146.923
144.882
142.658
140.659
3924.68
4001.66
4080.7
4161.82
4245.42
4332.41
4422.19
4514.66
4609.48
4706.89
4807.63
4909.76
5015.45
5129.76
5276.17
5399.41
5526.82
5656.94
5789.6
5924.78
6062.77
6203.56
6346.76
6492.58
6640.75
6790.54
6941.67
7093.88
7246.97
7400.04
7553.01
7705.24
7855.85
8004.24
8149.86
8291.29
8427.42
8555.96
8667.65
8749.65
8804.89
8834.72
8838.87
8815.53
8763.07
8678.99
8559.22
8399.1
8194.3
7940.17
7630.46
7258.32
6818.54
6303.47
5685.64
4729.52
4310.13
4101.85
4021.38
3984.11
3903.88
1082.73
1085.67
1088.83
1092.06
1095.4
1098.98
1103.11
1107.65
1112.65
1117.93
1123.5
1125.63
1127.42
1130.95
1135.14
1140.89
1146.44
1151.92
1157.56
1163.44
1169.58
1175.99
1182.65
1189.57
1196.74
1204.13
1211.78
1219.72
1227.99
1236.65
1245.74
1255.33
1265.55
1276.5
1288.31
1301.21
1315.39
1331.19
1351.09
1381.43
1417.86
1456.86
1499.09
1544.68
1594.3
1648.27
1706.65
1769.72
1837.75
1910.27
1986.39
2064.45
2142.85
2220.53
2289.9
2355.37
2414.5
2501.72
2606.87
2715.01
2668.09
605.804
602.435
599.043
595.639
592.184
588.758
585.442
582.276
579.146
576.027
571.806
565.656
560.168
555.397
551.171
547.582
543.948
540.166
536.316
532.451
528.607
524.782
520.969
517.167
513.377
509.595
505.834
502.098
498.407
494.761
491.181
487.689
484.298
481.054
477.983
475.136
472.56
470.327
468.63
467.914
468.481
473.54
482.225
494.227
510.014
530.25
555.659
587.27
626.082
673.174
729.557
796.018
873.752
963.117
1063.94
1173.02
1281.22
1399.56
1544.66
1732.51
1921.2
437.173
433.121
429.08
425.029
420.935
416.842
412.795
408.834
404.815
400.711
395.288
389.163
383.694
378.701
374.119
369.88
365.686
361.464
357.219
352.986
348.769
344.552
340.343
336.147
331.96
327.795
323.652
319.534
315.443
311.383
307.355
303.366
299.428
295.552
291.747
288.034
284.433
280.961
277.648
274.556
271.775
269.626
268.889
269.795
272.3
276.753
283.623
293.568
307.44
326.267
351.468
384.37
426.636
479.391
543.301
616.409
694.502
779.056
878.464
1006.57
1166.64
344.886
341.05
337.245
333.426
329.541
325.656
321.781
317.973
314.1
310.104
305.022
299.723
294.951
290.555
286.426
282.522
278.68
274.893
271.138
267.433
263.759
260.069
256.394
252.742
249.104
245.493
241.91
238.355
234.821
231.311
227.824
224.368
220.948
217.572
214.25
210.993
207.812
204.717
201.718
198.834
196.093
193.56
191.379
189.937
189.254
189.403
190.609
193.178
197.545
204.256
214.112
228.127
247.507
273.519
307.186
348.637
396.449
450.126
511.939
587.497
683.129
279.436
275.987
272.579
269.177
265.637
262.102
258.549
255.1
251.594
248.002
243.56
239.126
235.091
231.388
227.834
224.437
221.075
217.832
214.658
211.568
208.519
205.429
202.37
199.353
196.346
193.379
190.431
187.517
184.609
181.718
178.838
175.987
173.163
170.382
167.647
164.97
162.358
159.819
157.356
154.981
152.707
150.557
148.571
146.844
145.62
144.788
144.475
144.802
145.98
148.289
152.101
157.946
166.503
178.549
194.966
216.326
242.751
274.295
311.568
356.222
411.374
225.842
222.82
219.85
216.94
213.772
210.635
207.427
204.41
201.357
198.307
194.528
190.889
187.528
184.519
181.533
178.683
175.803
173.12
170.511
168.009
165.554
163
160.524
158.134
155.736
153.392
151.044
148.739
146.409
144.094
141.768
139.482
137.22
135.011
132.84
130.73
128.674
126.689
124.768
122.93
121.174
119.526
117.993
116.612
115.466
114.653
114.114
113.913
114.155
114.974
116.56
119.167
123.119
128.851
136.841
147.588
161.51
178.929
200.305
226.415
258.536
179.088
176.49
173.985
171.642
168.865
166.163
163.294
160.768
158.221
155.802
152.628
149.683
146.899
144.554
142.075
139.779
137.339
135.206
133.121
131.132
129.206
127.089
125.131
123.37
121.538
119.755
117.916
116.164
114.32
112.497
110.626
108.846
107.079
105.401
103.737
102.149
100.584
99.0966
97.6655
96.3282
95.063
93.9064
92.86
91.9199
91.1212
90.5765
90.2071
90.0312
90.114
90.5269
91.3697
92.7652
94.8848
97.9274
102.145
107.828
115.274
124.823
136.842
151.83
170.446
138.088
135.85
133.828
132.132
129.743
127.504
124.931
122.975
120.968
119.22
116.572
114.204
111.851
110.148
108.056
106.333
104.241
102.67
101.042
99.4207
97.9412
96.1138
94.6236
93.5864
92.224
90.8488
89.3647
88.1253
86.6048
85.1567
83.5701
82.267
80.9082
79.7275
78.4689
77.3281
76.0975
75
73.9702
73.0683
72.2427
71.5169
70.9124
70.3936
69.9113
69.5422
69.361
69.29
69.4383
69.732
70.4108
71.3924
72.8835
74.8481
77.5012
80.8786
85.2738
90.7825
97.7999
106.591
117.509
3760.64
3603.77
3436.2
3260.99
3087.17
2919.81
2761.89
2617.3
2489.3
2379.58
2288.36
2214.52
2156.54
2112.41
2079.7
2056.13
2039.76
2029.16
2023.03
2020.27
2020.25
2022.45
2026.42
2032.06
2039.3
2047.92
2057.84
2069.01
2081.5
2095.15
2109.92
2125.73
2142.44
2159.79
2177.66
2195.72
2213.65
2231.14
2247.99
2263.85
2278.27
2291.07
2302.06
2311.1
2318.31
2323.99
2328.29
2331.47
2334.12
2337
2340.42
2344.57
2349.93
2356.63
2364.32
2372.67
2381.33
2390.2
2398.15
2404.17
2407.59
2472.13
2264.01
2061
1867.77
1699.43
1545.31
1404.15
1276.47
1162.11
1061.6
974.807
900.96
838.899
787.021
744.94
711.769
685.87
665.438
649.11
635.942
625.285
616.623
609.624
604.071
599.842
596.802
594.844
593.944
594.053
595.155
597.254
600.323
604.349
609.291
615.086
621.643
628.837
636.554
644.63
652.856
660.966
668.637
675.439
680.915
684.655
686.267
685.42
681.988
676.12
668.233
658.945
649.05
639.44
630.854
623.586
617.927
613.557
610.115
606.667
602.58
597.392
2006.24
1989.88
1883.69
1705.25
1523.25
1348.3
1179.63
1028.16
893.763
775.483
673.961
588.393
517.437
459.687
414.103
378.884
351.436
329.424
311.692
297.481
286.055
276.807
269.265
263.073
257.979
253.79
250.369
247.629
245.508
243.963
242.962
242.495
242.536
243.045
243.986
245.313
246.981
248.935
251.111
253.426
255.78
258.061
260.145
261.868
263.072
263.569
263.18
261.751
259.213
255.566
250.958
245.739
240.379
235.435
231.332
228.549
227.261
227.432
228.768
230.972
233.334
1332.86
1479.69
1575.42
1589.73
1517.91
1390.38
1220.83
1051.28
895.719
753.083
629.647
526.644
441.927
374.163
320.997
279.577
247.216
221.429
200.917
184.721
171.974
161.963
154.089
147.845
142.829
138.745
135.397
132.653
130.416
128.615
127.209
126.168
125.462
125.046
124.878
124.912
125.107
125.418
125.794
126.182
126.521
126.753
126.814
126.641
126.177
125.37
124.182
122.597
120.63
118.315
115.738
113.06
110.518
108.401
107.005
106.711
107.828
110.466
114.603
120.313
127.631
799.974
935.522
1078.66
1205.6
1286.47
1303.84
1252.99
1146.9
1010.4
856.521
711.207
586.723
480.043
393.296
324.608
270.282
227.649
194.134
167.74
147.129
131.166
118.932
109.605
102.45
96.8819
92.4737
88.9466
86.1076
83.8211
81.9777
80.5141
79.3934
78.5744
78.0074
77.6448
77.4426
77.3578
77.3476
77.3692
77.3757
77.3181
77.1503
76.8278
76.3101
75.5628
74.5628
73.3058
71.8036
70.0777
68.18
66.1926
64.2456
62.5371
61.3166
60.9046
61.5535
63.73
67.7349
73.7904
81.7958
91.6469
480.07
565.42
668.375
784.97
903.054
1004.9
1070.28
1083.7
1042.92
955.913
839.844
713.961
587.402
477.645
388.032
314.189
255.801
209.556
172.653
143.964
122.085
105.716
93.5926
84.5602
77.7227
72.4387
68.3126
65.0727
62.5236
60.5026
58.9155
57.7088
56.8291
56.2158
55.8146
55.5781
55.4609
55.4222
55.4205
55.4128
55.3548
55.2081
54.9335
54.4992
53.874
53.0428
52.0037
50.7726
49.3662
47.8273
46.2226
44.6621
43.3106
42.3984
42.2449
43.2624
45.8806
50.4952
57.3628
66.5
77.8233
298.391
348.217
410.344
486.27
575.107
672.23
767.729
847.424
896.784
905.098
870.097
799.171
704.566
600.515
498.809
403.08
324.499
260.356
207.01
165.233
133.408
110.019
93.1382
80.8478
71.7368
64.8397
59.5671
55.5233
52.4177
49.999
48.1241
46.7109
45.6888
44.9776
44.5114
44.2341
44.0961
44.0545
44.068
44.0945
44.091
44.0253
43.8592
43.5652
43.1095
42.4839
41.6835
40.7258
39.6181
38.4013
37.1282
35.8959
34.8492
34.1934
34.2385
35.4191
38.2092
43.1155
50.5188
60.5298
73.0715
193.648
222.648
259.009
304.355
360.026
426.295
501.491
580.666
655.874
716.253
751.136
754.018
725.05
668.729
593.981
509.152
424.282
344.536
270.211
210.485
163.342
129.019
104.799
87.4306
74.6923
65.1389
57.9248
52.5083
48.4605
45.3559
42.9782
41.1926
39.9063
39.0044
38.4034
38.0315
37.8308
37.7525
37.7543
37.7921
37.8224
37.8192
37.7438
37.5714
37.2621
36.8145
36.2177
35.4936
34.6402
33.6968
32.708
31.7634
30.9925
30.5821
30.8277
32.1642
35.1051
40.257
48.1353
58.9493
72.6161
131.224
148.256
169.55
196.371
229.783
270.839
319.957
376.668
438.533
501.51
557.664
600.835
624.57
626.034
603.561
559.345
499.307
427.794
354.281
280.246
212.364
163.47
129.221
104.565
86.1693
72.4034
62.0529
54.4517
48.9005
44.6809
41.4961
39.0987
37.379
36.1597
35.3304
34.7882
34.4654
34.2976
34.2458
34.2522
34.2809
34.3059
34.2921
34.2089
34.0165
33.7114
33.2875
32.7576
32.1222
31.4099
30.6709
29.9843
29.4788
29.3238
29.7972
31.3314
34.4597
39.8647
48.1454
59.6591
74.2187
1.24781
207.167
184.877
2.46874
1.77373
0.195167
0.000727944
90.7983
0.000789902
0.014495
98.3162
6.80926
0.000727885
253.155
0.159356
134.323
0.00075566
91.7879
122.179
0.000734449
2.53072
242.82
196.072
0.000770752
0.000775677
0.210591
0.000733349
8.13718
0.000751587
0.000815819
5.13759
0.00087486
0.00872626
74.8196
3.86537
116.644
77.6905
15.5774
0.000726313
46.4183
65.9148
26.2692
0.000742096
101.808
187.773
0.69888
0.000875488
0.00826923
1.62444
7.02993
374.966
353.369
0.000718947
0.0010401
0.0682603
0.306479
0.000812613
9.34221
64.4155
279.759
146.26
0.000893098
2.04384
0.0245827
197.441
1.6953
44.0232
64.7023
0.00114176
0.000747315
8.477
40.5738
56.696
0.0372583
0.0533521
89.1455
224.486
54.8486
0.000713621
5.31817
0.00229417
49.2191
0.0174739
109.288
0.000749613
8.5103
0.000785171
42.4045
0.0118525
0.00134946
0.220205
0.00071178
0.000923969
303.73
140.995
0.000859769
1.5464
1.39559
0.00184059
205.856
0.6756
28.0546
5.91947
0.000710167
0.000727832
0.000716707
1.42201
0.207997
0.000750942
172.517
221.438
0.00513006
250.82
30.7562
117.89
62.3305
32.5156
0.00098545
0.107198
0.00109469
0.00135005
204.708
0.00258458
286.59
412.452
28.7391
0.000744732
6.88921
6.75008
0.000742761
0.0299498
0.0264585
95.4032
0.00175799
72.8043
0.000747227
0.000726124
393.399
347.106
0.000746304
0.540809
147.512
0.232583
0.898166
30.162
116.033
0.444076
31.2414
0.00511839
274.408
11.3271
0.325058
48.7547
106.876
186.704
0.000763697
0.000753874
0.498658
0.000838971
47.2262
0.162893
0.00144105
0.000744786
0.000745808
0.000758413
39.785
72.4094
34.8166
0.000797147
288.227
317.086
411.633
166.331
0.00696658
175.266
52.3647
32.1798
0.000747083
0.00164476
201.119
72.25
26.9744
70.1851
0.000743084
0.000837343
254.335
0.0291351
2.43885
0.000756405
0.000872133
0.17072
0.000802853
328.184
3.83442
0.000829369
0.656987
94.9805
136.786
0.00120403
60.0494
0.000744331
0.000747762
106.542
32.072
300.262
0.00122115
0.000794383
0.00292712
40.7743
84.7428
9.77465
118.41
12.6958
230.924
0.843748
85.3629
81.143
24.5536
10.4469
45.1693
0.00139008
0.0286105
0.000745397
0.000862691
32.54
0.00981684
0.0114238
0.00176187
0.00632374
46.7548
211.548
0.0111027
165.73
7.25589
1.88914
0.000732619
0.450959
37.7125
7.02001
0.00107276
10.0874
36.2044
0.897097
2.93382
270.254
7.59634
5.18183
121.63
0.000955534
0.000728947
0.0010088
0.00430273
32.7761
0.000781928
0.00215868
0.000725973
1.74367
71.5574
84.2248
53.3273
12.2671
11.119
322.625
0.00114952
54.1601
98.8402
0.000742683
94.4897
0.000749261
333.437
1.74298
61.1925
0.00150388
0.000746878
19.8958
7.93187
0.000759501
0.000747737
0.000752365
0.000751332
1.16015
36.211
43.79
0.0115929
0.000760338
0.00072608
0.000710498
103.516
0.901928
0.0011653
18.221
0.114293
0.10507
0.000714057
0.778546
0.000760104
0.0783128
48.5046
286.79
3.77721
0.000992973
0.00183356
55.5696
0.322496
134.706
320.503
0.000831676
0.000739378
0.000734007
155.44
0.000769016
130.053
0.000748511
23.0618
12.929
0.0247468
154.862
242.458
0.00124585
54.1593
51.9265
91.633
90.7015
6.51083
344.757
43.1943
67.0754
145.538
93.9295
56.9016
0.327049
334.308
278.719
66.7335
38.3608
0.00105741
268.31
140.027
229.177
0.0183783
0.000856689
0.000744381
0.000804429
0.716071
1.5218
5.06567
0.121145
0.000729507
168.747
0.000745097
30.8558
22.8146
191.263
37.1872
18.2151
0.00187254
0.00109438
0.509029
98.5295
0.00429948
8.17666
273.057
40.5792
82.9699
188.498
60.2174
0.000816828
281.862
139.967
98.5723
0.000748039
190.099
150.188
0.000776136
34.8692
0.000749015
400.144
175.637
31.9454
80.5107
127.474
147.697
0.00076805
147.128
0.000949021
74.7092
80.2519
32.1701
278.162
3.50301
0.484671
2.53924
0.00109128
447.623
2.02381
0.00283778
0.0022118
270.267
0.000938132
91.5457
0.000742105
0.000747875
0.00183823
31.8454
0.182236
21.1014
0.00176181
82.5882
0.297755
213.848
285.415
37.488
347.46
0.000802614
278.197
41.5909
0.000740206
77.6564
24.979
0.000716996
0.000728978
120.312
0.00206163
23.3506
0.503621
88.7786
0.0171157
3.27908
38.6727
116.886
32.1268
77.4305
68.1241
0.00106028
0.0383024
33.2688
19.3119
329.258
347.982
136.007
0.0814025
122.167
121.089
3.41802
95.6262
44.7289
25.2868
0.000853781
83.2564
380.289
0.00105837
92.059
18.69
45.345
0.014775
0.0856809
275.386
0.00187597
325.143
0.00123154
1.89494
0.000738317
7.70465
173.985
0.545558
0.00130689
0.000918399
87.5769
30.3859
0.0869972
5.704
304.8
550.359
0.00161439
11.3386
30.8771
82.6906
29.6681
456.57
32.676
158.917
51.0446
5.13242
5.87935
300.92
54.8117
351.6
170.549
0.367916
189.224
69.3525
0.000800026
96.725
33.8892
13.364
0.00992412
98.0762
45.8245
3.96626
53.7629
0.00158544
0.000746118
0.0947695
24.5105
101.581
78.7232
0.000749238
0.000733912
0.000741737
32.0508
0.02904
0.0007441
0.234924
91.7439
286.609
0.0043428
0.00445609
0.000726587
0.000738725
0.00188679
29.8095
102.96
19.0007
1.87134
292.911
392.088
0.00150996
57.0797
31.8705
32.3206
74.7832
436.182
0.000824723
0.0044013
0.000747982
404.656
0.738772
0.000727974
10.214
0.341043
300.243
0.000759133
319.763
8.42093
0.0574717
200.405
0.00074535
0.000733893
0.00103566
401.227
52.2161
128.874
331.291
8.18341
32.9915
0.0007159
0.00181883
0.51351
0.00703821
0.0158844
181.243
45.8477
0.000745741
25.9195
51.9985
181.846
403.782
0.00283338
407.251
0.00181344
0.0209269
164.292
0.000736736
145.201
0.000758544
0.000785995
0.0223758
39.4404
2.869
328.695
62.5377
0.000888529
32.4693
506.597
0.0489009
2.47322
8.03851
0.000770052
0.000756031
0.00227812
134.491
5.67454
0.000796014
266.205
288.162
214.411
0.0525255
67.3489
0.00110153
29.3146
0.457288
0.127253
130.022
34.5491
154.055
172.72
0.000762953
0.000717617
0.00465414
76.3303
100.272
5.69623
0.00644562
0.000774132
0.000746978
0.00339374
0.59612
0.00206879
80.3727
23.3285
0.00500766
29.898
170.344
0.000758687
42.2942
0.000742453
2.99837
0.000762463
0.0128704
33.9018
0.0113332
0.000744275
3.90137
359.41
257.741
0.000734256
0.000749146
1.49175
0.736351
0.00074651
93.6092
0.000895374
37.2674
373.326
29.1653
91.4346
301.012
135.756
333.998
0.000744851
0.00248377
0.0119027
295.366
62.8283
196.395
3.25878
4.51657
102.686
183.009
122.31
2.15998
42.6943
0.00074914
1.43709
47.7414
32.5103
314.051
24.2594
0.875936
40.5534
0.205293
0.0139221
47.8852
0.000748034
175.967
0.000890632
2.8049
291.647
192.926
2.88414
0.0024475
7.20322
0.000764665
0.000735794
0.187683
0.0131736
60.85
0.00838541
32.6216
0.000749612
0.0183876
0.000726894
94.4258
0.00218526
90.3493
306.889
0.0138942
170.929
372.441
0.000753539
100.735
238.304
0.000792767
286.138
0.306039
0.000852748
0.000796298
276.846
0.00073192
0.00111209
0.11841
0.217718
432.705
268.61
0.000751234
0.000751833
6.29424
27.1055
0.00696774
2.87667
21.6419
0.000746205
0.000939664
0.000920554
167.61
269.994
3.46133
294.119
0.0167849
30.4287
0.000785526
0.00691222
0.0156296
0.0446297
0.000747425
299.238
0.000741463
0.0155213
0.000769301
0.435446
0.0143972
0.0251565
2.2543
5.11019
39.4946
1.93223
9.18059
31.9249
189.249
0.000811049
176.916
322.802
12.7642
74.5236
0.000762272
270.617
76.7747
0.000743472
410.399
72.5021
0.00297319
0.0332609
160.753
159.962
0.0705666
313.257
409.325
4.3184
430.935
259.146
127.132
57.6472
18.7887
28.531
261.807
286.279
0.0139016
306.123
38.8935
408.944
0.00081177
1.5833
1.76707
224.338
162.535
0.0113914
451.395
194.699
7.18439
0.0596774
2.84055
32.2094
0.00151258
32.2859
441.883
0.0292497
220.629
13.3259
92.3729
188.219
0.000744286
0.00167113
7.07769
5.32757
0.0138644
0.000746936
0.860875
1.8993
0.00118768
0.000758634
275.493
6.78817
50.879
10.727
0.00303478
0.00106505
0.133766
91.4095
0.000815879
21.0819
34.7384
1.79966
171.335
0.000989292
0.415862
0.000739667
3.2481
85.9788
0.00146856
0.180989
45.8953
161.283
0.492269
94.6426
5.2188
0.479751
0.000980174
32.2096
327.761
0.000742653
0.000755092
146.621
0.015166
0.000758142
71.788
2.90743
166.816
33.5029
38.8161
0.299248
16.8082
207.326
158.321
258.2
0.000759839
286.486
0.000977832
32.2781
0.000819023
0.00120717
50.5219
0.00209553
258.371
0.0120889
0.0313465
45.9625
7.8804
0.868039
0.000884665
182.815
0.000875123
0.000722973
340.46
159.589
40.0401
32.6142
0.000806891
0.000716918
18.6273
147.221
0.000729791
213.517
37.722
0.000750142
168.472
0.000719017
3.51283
6.31588
10.4035
1.43592
77.9648
21.7567
0.000719039
267.102
326.112
0.000742277
0.0141343
32.8692
0.000719755
237.808
166.066
408.343
0.000743273
0.000728689
214.91
0.10659
0.000835148
31.5272
81.8784
267.783
0.000724204
0.000797682
0.0152555
0.0115971
0.000744929
0.00203337
124.782
55.2621
0.000744827
12.6187
0.00074596
10.4142
0.00109956
0.000856522
26.4839
0.000750553
0.28892
0.000730923
47.328
3.1565
19.266
184.81
364.668
163.491
4.97604
17.0831
0.000758206
5.45065
276.209
536.198
0.152041
0.00081858
127.724
0.00074461
0.159769
0.000723738
441.74
15.6022
3.27222
193.339
52.7755
5.16708
79.2721
7.91551
223.092
112.579
0.00076889
0.000766991
0.00303742
0.000797581
0.0138233
94.8993
0.000938425
245.75
0.00185573
0.136497
2.90805
165.247
0.00137092
40.5826
0.0144151
52.1383
29.6469
438.531
0.000819495
0.000963483
0.442403
84.577
65.9921
64.6622
1.83407
7.21598
18.5378
0.063086
8.91755
4.00846
35.0983
0.000754965
396.368
1.3834
55.1488
0.000783843
52.2789
16.6616
0.0013834
90.8553
16.8528
0.0810624
0.000724719
0.000743879
217.185
47.5042
16.0762
0.000736261
0.00933597
57.1968
187.031
5.31556
0.00573657
0.000733877
143.9
128.53
40.2986
34.8833
0.000741457
114.739
434.216
0.000746614
0.000748671
18.7181
0.00104443
0.00372263
0.3759
47.9305
0.00106477
40.4805
342.189
0.000748229
0.000827234
0.000730208
0.000765792
65.4404
521.664
331.192
0.0199432
32.7681
52.5143
0.132022
43.6953
0.000853148
36.5217
0.524154
34.473
5.25438
83.6424
115.395
0.849154
0.000758564
158.572
89.8683
292.619
5.50617
34.5515
0.528988
17.4887
0.00345312
0.00130769
168.276
141.751
0.0385347
1.52372
0.000751388
0.0967755
19.0326
0.0291676
13.9447
1.86805
394.418
42.6643
1.72418
274.96
138.699
60.6001
15.0602
215.917
191.689
3.15126
37.3935
0.00203022
46.7188
44.5537
0.000743016
0.000720268
0.289035
0.000746189
0.000784526
61.6268
303.762
0.000743383
88.0842
0.000742864
0.000736309
0.000739203
0.000761387
0.00177851
33.7788
41.9844
248.399
0.00072781
0.000971186
6.42851
0.000845729
0.0282499
0.000762718
0.000877712
181.029
0.000968234
0.00463187
190.159
0.0041462
0.000748359
202.665
0.000743959
0.000757387
3.64783
0.000863214
5.24619
0.00125503
0.0231016
0.000743538
0.000754277
301.65
418.791
42.0184
0.0242991
124.218
15.5333
0.00131666
31.4149
312.176
233.915
481.607
0.000768992
23.9644
56.4382
0.25305
32.692
103.243
0.34513
36.1112
2.15362
32.7292
0.413824
7.24499
0.000757391
217.105
0.000810258
32.9983
31.3224
0.000747115
0.900081
0.00237589
0.0124111
0.000730329
3.77527
0.000881774
0.00074416
45.0929
0.185381
0.158866
229.509
154.767
0.000829242
0.000975765
29.5635
258.947
0.000736518
0.000751338
0.209562
24.3734
145.646
0.00208841
15.2874
0.000743692
0.000810529
0.000722806
0.0273447
24.601
0.00408623
277.629
34.2463
257.722
170.58
0.000834108
297.034
65.352
0.000733548
0.000753972
0.000750386
0.00116814
0.000739218
137.955
0.00074498
0.000747394
356.065
1.15306
0.0025896
0.0154936
69.3209
7.43409
0.0114443
0.0008168
184.398
0.000762639
7.54082
0.000757702
0.000836357
161.645
160.065
0.00328221
0.000857981
5.24689
0.000743665
373.543
0.000755204
147.419
0.0210359
8.69556
0.0355257
3.29533
3.47581
30.1502
0.000760525
0.000849711
0.00472877
57.0524
0.254571
301.527
0.000745062
0.00125871
0.00162526
255.601
61.8558
281.349
0.00224658
0.00352018
0.83496
0.000750239
24.268
37.3078
0.00856356
278.671
179.101
45.5811
0.00151467
1.39258
177.644
223.138
31.9275
0.010488
136.192
0.793704
130.693
0.139027
2.2006
40.1302
0.000761924
32.4208
0.00122959
0.00486928
0.0030731
0.045498
0.000894257
10.6447
0.000744905
48.3786
0.129347
0.000876413
4.01567
0.000756611
0.734168
0.215964
44.5862
3.90316
100.019
0.757805
0.000747485
0.000730509
2.01314
0.14908
42.0861
260.245
0.000750464
153.973
36.1906
0.0135818
52.6094
12.5069
40.7239
45.0969
0.0812304
0.00175415
443.818
72.6387
161.861
0.000745495
31.2876
0.000744984
8.28423
42.3786
358.439
16.7329
31.9437
0.0171857
0.767963
0.000750688
11.8413
1.28747
0.000853272
442.545
34.7046
0.000764212
1.55523
0.00531123
0.00102695
384.624
0.000745434
0.119281
0.0135394
34.1321
0.0503116
214.304
0.905818
0.000730279
34.1239
5.14871
31.01
182.349
0.000764582
1.7954
2.58401
116.461
0.974781
0.000748873
0.0397144
101.219
0.00138787
80.0375
314.525
71.1208
14.9956
2.07876
1.2351
559.87
278.967
217.51
4.1659
0.0141046
0.000954919
169.719
0.0773913
111.677
261.792
0.00104937
308.301
0.000735941
184.435
0.000759347
0.000751106
2.2823
113.071
0.0060812
26.4147
19.1213
0.000744574
0.000725367
0.00671687
392.624
153.933
170.642
0.000751677
21.0259
179.046
0.0275538
3.45133
0.0127821
0.000837454
0.000743715
0.00212897
0.000765179
0.000748478
0.000737585
0.0007474
49.3192
297.635
110.809
0.487388
0.000776138
0.00073742
0.000757288
0.000900707
96.3188
148.88
0.162448
0.00215992
0.282788
0.769561
0.000743684
0.000743506
2.42923
0.000745245
0.000789771
0.012169
45.0278
34.7729
0.0124538
0.225826
16.3795
28.1101
195.581
0.000723071
1.76725
0.00074537
207.591
0.000744096
0.0570797
0.000737802
162.743
282.025
0.000743605
440.13
259.89
0.000914902
0.368758
0.00300436
0.420224
0.669705
0.000737851
0.00211715
355.62
14.626
7.4954
53.2867
121.444
0.061092
0.000735968
0.0011102
0.00090521
0.000740488
27.0187
0.000803102
0.000743866
0.0895376
33.9718
84.4959
47.9108
42.0704
3.12759
55.969
362.622
0.000736244
0.00175638
0.00131928
365.793
75.8393
42.8388
2.3097
94.5739
100.794
388.145
0.000779485
1.18705
19.3649
14.8494
331.441
40.3799
177.034
376.154
0.000738813
0.000775046
134.98
233.725
0.156529
0.000802734
276.545
0.0222112
156.442
0.000738216
0.00896421
0.00406949
0.331092
0.000723021
218.894
0.999481
73.3615
145.575
0.000979933
0.000753325
0.000725122
4.28047
0.0007425
98.3455
9.08802
0.000735086
0.00233143
0.0028208
0.00726505
0.000757175
0.000751564
385.968
0.000787903
294.775
184.778
92.6714
160.992
0.000751384
20.5404
31.7737
117.793
0.000802199
0.0899999
0.381458
0.000736795
34.5847
0.000889461
59.6718
35.7991
0.000749516
70.2697
0.0210224
22.4602
0.133485
0.00787688
23.423
0.000737249
164.21
112.309
0.00075198
1.00652
131.464
0.000734638
0.000762874
0.000752247
160.917
394.759
0.0766671
250.48
0.00218779
206.831
0.00146537
0.000742964
0.19941
0.000725316
0.0631496
29.8999
0.000827208
0.000787453
0.0068291
0.256597
0.00124264
12.0835
0.000755853
0.00455796
218.394
399.273
0.0232266
0.000741291
438.384
0.00073994
0.000726472
61.9503
165.21
10.4039
172.393
22.5506
0.00135474
0.000753803
0.000753851
5.89624
0.00178433
190.862
23.6677
394.198
0.0800035
0.00199658
1.18099
118.249
3.43618
0.0226742
15.2237
0.000751486
0.714741
0.000751842
0.0946481
3.22004
0.000742237
0.000749637
5.01098
0.000725374
0.00221554
34.7013
75.3281
203.61
0.0078911
428.95
0.00603957
386.083
247.104
3.03756
67.8041
1.10556
2.12637
0.000742775
0.000800967
47.0996
29.3317
0.0320187
0.000718689
101.96
0.000789547
202.297
391.139
0.000746727
0.000743249
0.000755329
376.08
0.0776298
0.000708523
0.000958846
36.3229
0.00353492
0.00120161
84.3699
0.00386587
0.130714
111.155
0.00389031
31.0148
0.00726197
60.1534
0.000755258
76.5574
132.41
32.8342
0.000743608
160.141
150.953
0.000754044
65.5357
83.6428
33.4905
0.000786586
50.9835
14.4564
41.456
177.579
0.000819421
0.144644
60.4275
0.00609888
0.0585825
0.00295453
15.9918
299.322
0.888842
60.6578
250.198
54.5859
40.4051
0.000746605
268.366
134.77
89.758
47.9878
8.3859
73.4727
319.65
1.44986
0.0204485
0.00128556
36.0953
0.000751262
302.767
6.33639
360.636
0.000862805
0.000857331
0.089337
101.826
0.049571
0.00241625
310.009
0.00133972
38.0366
33.5199
0.171582
0.00283606
15.2892
0.00577746
0.517563
0.000765325
5.31549
0.000761213
6.26556
0.000731847
0.00175164
0.00110919
0.00416029
0.00131816
61.2387
1.56812
73.5615
0.000865392
0.000979844
0.00208706
0.000779413
13.4303
66.2405
0.000732718
48.9747
0.000752458
126.616
98.4801
330.527
0.000973282
0.000745333
104.753
113.309
254.727
6.79626
0.050272
13.9463
0.000744051
183.63
0.000740658
4.70928
0.00379555
0.000735654
0.395261
383.76
87.4321
71.7707
4.6322
0.00223296
0.000741128
0.000835247
60.1921
0.0878532
0.00079674
0.00112155
23.3946
82.6589
106.392
8.23043
13.2775
75.7524
4.64772
402.162
0.00812446
0.00187078
174.912
0.000745293
0.000744653
52.8407
0.000898768
33.5684
0.0011601
154.121
164.822
0.000757605
0.000735079
165.466
0.000919734
0.000743688
360.562
5.17319
67.5237
103.945
33.0695
57.7783
0.0104493
269.009
0.27547
0.153408
13.3018
243.691
0.000759448
106.323
86.242
0.000763041
277.864
0.131128
69.2852
0.000733145
105.605
0.0386653
12.92
41.9156
0.00494016
57.718
0.00160575
0.00440074
0.239598
15.6432
40.7585
73.1221
0.00081561
109.505
286.048
0.000737549
0.000745407
0.000729524
0.000754698
240.736
0.000735846
4.58232
194.669
0.000761927
0.00762612
19.276
0.0137839
0.000778964
0.000752509
288.836
14.0283
0.000762743
142.715
55.8532
35.8577
13.8307
38.8337
0.00723817
0.0142594
0.000739938
0.000916757
21.8081
291.673
0.000753919
3.41368
133.357
3.60597
75.3886
41.8748
90.663
17.2403
55.6656
1.41018
115.893
0.447239
0.00102128
13.6546
0.000750465
9.48043
107.698
0.00180673
0.000821089
185.837
10.7438
217.517
198.797
0.000736409
0.00385034
0.0299221
1.26315
153.217
0.000735639
0.000745576
0.000767217
0.345544
0.000750486
27.3933
0.000756885
0.000732344
0.12249
0.000860211
16.1889
0.00081591
49.5813
261.416
6.37571
2.25743
1.75028
0.0243365
0.00093878
0.00623007
0.00234944
141.737
244.201
109.983
293.157
39.5912
0.000718199
34.411
180.503
0.0309012
0.000744542
0.000758085
63.985
0.000862285
271.307
7.01119
23.1417
211.51
0.000953783
382.009
0.000828374
2.20489
0.000860539
0.132462
93.7577
34.9569
0.000750999
1.24431
39.9822
32.9679
82.0363
16.3641
4.66235
350.794
182.644
1.0989
110.888
133.283
0.000755731
0.086195
0.000765373
0.00160664
0.00209153
158.833
0.112569
0.00350846
0.00119534
1.71382
384.156
78.8686
0.000744891
223.132
7.12313
0.845346
0.000728567
395.323
355.097
234.93
136.922
0.000728526
62.6331
25.3009
23.5573
47.4118
1.11526
313.403
0.00084137
0.63228
89.1492
64.2912
0.224222
129.792
0.000823395
295.806
0.00139446
40.2581
269.683
12.4498
52.3431
201.69
112.737
0.00073159
180.317
0.00147266
82.5984
0.00164351
0.981352
0.000742339
215.207
0.000738198
48.4956
256.047
296.54
3.10619
0.000811063
0.00373822
0.000739734
29.7608
0.000754469
15.1508
0.181609
0.212776
0.000761351
0.000896204
154.406
71.1199
0.0546562
7.89319
0.000722396
0.000757169
0.0127229
0.00667254
0.000732349
0.000730649
116.453
0.00354365
44.2379
0.000908104
84.0354
3.58321
0.000723308
0.0695505
0.000860146
159.751
0.00385436
32.7808
0.000745861
0.00169457
8.45116
0.0027533
0.000775608
0.000747927
98.0119
0.000851738
0.00075054
13.305
0.534798
0.000731486
143.749
245.795
0.0135222
0.26193
0.000910703
65.8945
204.007
8.05993
0.00223954
82.0803
0.00957129
0.00504416
320.864
0.00080189
201.093
79.2893
103.76
76.2121
156.037
0.000725508
6.86873
5.61878
26.7868
0.0472705
19.3027
0.000944558
0.000970182
106.863
0.636842
0.000849592
113.815
112.455
0.00075029
77.7131
157.949
0.00116376
0.218947
0.000749026
40.8453
136.404
31.9143
290.408
4.46253
0.000909125
32.884
0.000743688
370.733
120.852
162.977
97.5558
334.019
261.391
152.489
0.0141097
0.000743734
34.8421
26.4482
0.000753781
0.000737735
97.9646
44.3152
19.101
66.4861
0.000764517
31.8479
0.000731315
374.737
0.00447658
221.561
37.4713
0.00106795
0.000770161
169.143
0.00083601
107.886
0.000872135
5.4233
298.595
0.000740301
0.761447
0.00164104
0.00162187
203.547
33.3987
0.00161156
176.906
103.242
0.124207
0.0013492
37.1363
0.420062
17.9462
44.5895
83.4115
0.000779772
24.2242
142.446
379.783
216.441
0.0131182
8.40526
0.00074434
53.6003
125.463
0.248857
125.81
64.2949
14.1761
193.314
0.735182
0.0344873
0.00268901
179.199
0.000750795
0.0326514
0.000888963
0.000744918
0.000741414
8.60793
14.2723
248.219
298.004
209.386
277.83
0.000742637
0.00191144
239.857
33.799
485.359
0.000734281
383.395
82.3333
317.049
42.9819
98.8361
60.6794
422.609
0.376348
2.41628
0.210981
400.268
11.261
0.00161275
0.00076351
273.263
317.69
258.556
141.931
0.000717806
65.2772
0.000739774
402.715
0.000858186
5.59671
169.862
0.000726399
1.66245
84.8747
26.5915
0.00076039
144.818
0.000740599
0.00078579
0.000730707
36.7821
0.000734213
0.00767562
24.3416
4.74097
528
0.000723403
31.693
11.3432
0.000743887
3.04355
31.9739
390.475
4.68211
0.068046
41.5
11.5401
179.458
31.7293
0.254269
0.000722128
49.8479
0.0829004
292.771
0.126833
0.000761838
49.5295
38.8967
124.223
73.6503
20.0757
54.2884
386.441
0.000742591
0.00079278
375.762
12.3309
0.000739077
0.000744895
219.631
296.465
143.34
0.00227046
70.983
431.759
0.0011939
0.01248
0.00136006
5.2961
8.28261
0.00575666
0.0007327
6.97748
0.000917245
30.3594
0.00370852
0.000762611
0.387777
4.53645
1.90841
0.00469312
0.00109597
0.162985
0.000912668
0.000725534
34.7495
0.766819
0.0220802
12.6632
70.6078
1.60978
161
0.0008451
5.70421
304.003
0.00102185
2.03096
514.255
0.00467703
4.20942
71.3395
0.13274
52.5598
92.6303
0.894555
239.889
432.298
0.000747664
14.0917
26.3007
148.519
0.000816743
0.000746657
3.32637
19.2397
0.000755086
0.00382542
15.0748
0.00116412
0.000763294
133.708
9.97867
20.281
0.072755
0.000756637
21.0582
82.3973
0.000753497
156.692
0.286998
5.70579
116.483
98.5166
3.14207
109.869
0.000745716
2.54048
226.177
79.6142
261.598
104.435
0.000747326
31.228
16.2881
0.000739853
0.000732057
1.97494
0.00368879
0.139617
7.31787
89.3954
0.001427
148.821
244.31
0.0015029
94.3223
148.713
65.8246
292.949
147.103
7.39772
0.000794373
0.00074507
0.22556
155.475
0.00343918
387.346
0.760644
4.14824
0.000870385
48.8059
2.83167
0.006729
0.000771549
0.00294549
0.00162017
251.712
0.00102747
187.081
4.39378
0.000723315
0.000835012
0.134262
0.211826
57.2973
0.0048906
0.0262308
259.854
0.000766698
56.5461
42.3352
2.15112
0.00075551
157.427
25.8477
0.00162988
22.716
0.000773663
47.0563
0.00135552
0.00150467
0.000732637
71.9873
104.029
7.27989
61.1595
88.9375
0.00514636
0.00217713
64.8382
19.8723
319.318
0.00103178
124.354
175.477
138.099
201.033
0.205708
94.952
145.58
0.0231122
14.0858
238.821
124.358
67.2282
144.462
332.228
0.000744843
0.00675581
0.735413
0.000934271
92.8002
2.26494
104.657
0.000754063
48.7933
4.49193
73.2842
0.000732862
121.511
258.542
37.5793
86.9353
0.000720452
26.8496
0.00158753
0.429306
0.000757315
0.000756869
425.028
0.979907
0.000797086
108.971
0.0048672
364.214
407.92
0.00634385
406.627
242.704
0.000769714
0.00118399
37.6377
37.6644
0.00609448
323.875
3.63872
307.781
0.0007561
75.8734
83.4058
0.115938
3.9774
47.0203
0.000769185
52.9902
39.9773
276.646
44.6854
0.00075819
66.567
4.47893
0.000759698
0.960191
0.00648019
0.00500533
0.000795836
1.21148
337.923
0.000775119
0.665192
17.5492
0.000734992
0.00383008
32.0291
0.000940464
65.6199
0.000737246
256.736
31.8748
41.9652
30.5399
2.59486
0.0446393
374.62
3.58634
250.443
0.000740369
66.1348
18.4893
0.0384263
88.2957
30.7835
96.4789
314.435
13.8707
11.1432
0.000755821
0.00154222
62.4424
10.0635
267.226
8.12944
0.00597339
0.0346019
0.072348
0.144433
33.5712
36.9914
4.04394
0.000833036
304.255
81.9328
0.000818193
32.5958
0.0023167
74.4052
0.000759803
142.339
0.000746138
4.67537
4.2129
260.657
0.000857582
0.0778941
0.0726236
75.1921
22.3825
0.00169108
0.00152114
0.000745161
0.00373327
0.000915963
174.876
243.603
0.000730897
0.000747979
102.216
0.000799721
93.5194
112.46
4.19173
0.000754296
68.9685
78.0992
173.154
42.0771
16.7288
40.6167
0.00105243
0.000731923
153.842
0.00554931
0.000740676
0.000741286
73.285
0.000784848
349.711
0.000744086
12.8385
167.102
12.0138
31.2602
359.493
0.000733913
3.89153
158.771
38.3407
213.087
0.000771214
0.0010208
0.0663795
381.119
202.025
0.000764431
0.00151244
0.0412436
31.3425
365.133
32.9823
0.000780819
10.3773
213.775
0.0708623
0.000744876
0.0237521
242.281
4.19514
29.0487
7.73494
0.000727552
11.0496
0.00491862
37.8108
0.000742927
0.000840143
342.068
93.7112
390.816
82.3008
76.7964
89.2852
76.8449
294.379
231.432
74.8923
0.000858966
24.9417
98.7906
0.0105691
0.000752541
0.00120315
0.737189
0.000851218
150.929
79.2835
257.703
0.073964
47.7507
0.00782177
197.062
104.377
0.00838959
1.30824
59.0835
0.000845777
301.708
2.27855
0.00074576
48.1642
0.000758639
0.000802407
0.00150148
12.8638
5.05952
11.97
0.000728974
8.71808
28.9446
57.3292
0.00352893
23.087
0.000759957
91.1758
1.13739
0.000713225
0.00176096
60.798
0.00249061
124.946
0.00312707
5.71822
0.000901137
0.00155502
0.956905
133.166
59.5003
0.000737784
0.000789438
0.000891902
0.000846081
0.000739033
84.0237
0.215294
31.7371
162.954
0.000714398
54.7123
0.000750924
35.4727
41.5675
190.753
337.718
0.0694938
24.6947
0.0981743
0.000754779
0.568677
158.292
2.85429
0.00431698
0.133257
3.57446
0.000755939
271.629
0.0524675
0.00072038
0.0246179
146.93
24.8323
41.7044
65.5776
235.002
0.6045
31.1326
0.0211951
128.548
1.96486
0.00130845
0.000784104
23.2507
0.000930713
24.8132
43.768
56.0431
81.0209
319.52
0.000737789
42.464
0.00644915
0.000942199
163.27
355.877
0.018478
129.999
246.553
127.947
0.000928779
0.00100224
0.00347971
0.000741166
26.7151
122.356
0.000740874
0.000755891
0.878467
0.000805476
38.319
0.0133226
46.2112
0.000757736
41.1046
0.0390489
31.6783
0.000749254
0.00231469
240.124
9.89156
283.787
35.416
31.9197
0.0269593
189.465
184.793
0.00074902
0.00153739
0.000750604
265.011
0.0808187
3.31115
0.00397072
355.771
3.52114
0.00190022
0.00467785
4.54721
0.000747023
5.73143
0.00102812
365.268
392.492
0.000967297
34.7115
0.000727164
68.4894
0.0359633
232.851
37.8755
0.0164269
424.873
229.972
0.000746046
335.284
165.447
0.00148152
0.0098073
116.809
37.4247
150.193
0.248642
127.082
14.7915
133.441
175.711
9.16112
0.000745697
5.52894
0.00113697
0.904802
61.6903
107.799
103.894
230.207
215.46
66.8801
0.000998105
2.96541
0.0226355
0.00261189
10.5018
0.276265
77.3048
0.000760319
312.264
0.0481824
182.05
253.26
21.5682
155.586
26.3126
0.000860971
81.2241
43.0911
128.465
151.05
0.00244209
3.93826
0.0012018
141.515
0.486833
32.5353
0.000740978
96.9775
423.379
203.268
0.000924454
0.00108199
0.000817768
0.0777861
0.098852
88.2157
100.229
0.420018
122.535
0.103637
65.1185
0.000738018
0.0376928
0.678129
313.119
398.372
261.659
1.85605
0.520596
0.000748692
60.435
3.39086
27.6898
338.356
35.7457
331.214
301.434
0.000736744
3.30109
0.000942048
0.00606048
0.0777724
0.00224718
0.000837793
0.853837
0.00291706
101.061
56.1067
7.74845
0.0033335
32.4201
133.002
0.00105961
0.00170271
220.14
0.0838381
0.000732487
32.4287
205.317
32.433
2.8775
0.00222314
0.506987
238.199
0.0118197
51.1487
44.5402
85.5321
83.5292
51.3792
0.000731772
0.239624
159.886
0.44061
0.845955
0.00159583
4.97915
0.0337487
15.0198
0.00075617
0.000786316
6.79551
0.0783068
337.198
0.00379696
345.313
58.3873
0.454681
218.23
0.00332958
161.505
235.503
193.034
0.000726348
53.9188
0.000859222
0.000740439
0.00205697
0.000714902
36.8345
0.000783986
89.1828
0.00152013
45.2872
3.80829
0.000760955
2.41418
0.000727335
44.8607
0.000727994
0.459138
188.839
31.7694
0.00074368
400.74
14.0624
61.0593
149.872
10.6347
65.2452
0.00194081
78.7752
0.180976
29.3435
153.79
32.408
0.00089516
0.000889773
0.00122937
67.5694
8.10489
0.279933
0.000822149
0.00111732
0.000756706
91.9233
0.27086
0.000755035
395.643
0.000742278
86.8381
94.5509
3.9805
0.000738839
52.1528
115.494
136.788
27.4222
56.9768
0.000738266
83.9624
23.9665
161.019
0.00162127
1.39138
67.5963
14.6049
0.0303092
183.96
7.35186
338.107
115.132
48.201
8.39173
0.000808325
0.000714203
0.62712
0.46371
134.342
1.07105
139.46
52.7249
0.000950572
0.0719414
0.000844835
75.1558
343.699
0.7075
0.000741653
0.000743689
150.394
32.2277
42.4427
370.684
0.000745558
254.82
0.0016146
0.000995275
429.04
400.465
0.000745371
21.9532
94.2412
61.8223
0.00222195
0.00149166
8.08317
0.000712579
276.279
34.9465
42.7
0.000751328
0.000751059
57.9897
16.2197
247.456
0.000753344
34.3383
199.611
0.0303389
0.00221263
38.7941
74.0909
336.825
169.931
18.3328
1.10203
106.516
0.00109587
162.127
99.8334
26.1248
0.0399645
100.839
0.00375772
0.000739368
398.159
6.19844
0.000732564
102.601
41.5387
0.000735188
0.283126
336.465
0.00437329
31.2079
0.000758542
0.000896529
45.583
0.00769315
3.30211
0.308138
0.000723156
140.465
15.426
9.94666
48.628
31.2916
4.13931
35.9209
12.5959
0.000749923
0.000781741
15.0843
15.8734
0.590482
70.0091
87.7048
17.2054
0.00355904
0.0033211
0.000796967
0.000760146
42.4393
3.61379
322.872
41.9508
282.27
4.68783
177.272
5.30753
0.000786823
0.00103635
50.2912
7.70429
51.0179
113.043
208.43
0.0129356
0.000757951
127.565
18.3059
8.79573
0.00327212
233.999
101.511
49.5444
0.0078785
0.0007712
0.00205756
33.4026
329.899
0.00256328
332.358
0.0298079
316.981
0.513709
0.00993582
0.000762499
0.054582
98.4424
0.144472
5.52528
0.0480565
213.281
0.000726439
55.3212
3.53053
0.00074126
0.000744151
65.4432
162.84
17.8285
330.303
31.1236
114.079
35.0283
0.0010207
9.55829
0.000753346
0.000729863
0.00190171
126.666
36.995
209.238
0.0451
110.729
14.6033
106.999
36.8725
87.8373
0.00124465
35.5831
409.157
55.9495
0.00212071
194.461
0.00139199
0.0368851
24.2528
320.661
107.329
103.674
0.00438028
285.932
0.00102304
166.635
40.7756
115.808
0.000724638
42.657
100.593
0.0119721
31.3461
42.6571
291.646
11.8176
0.000865659
238.239
10.3616
0.000797859
0.000741733
368.957
1.04161
54.8588
0.000784433
0.116496
252.037
374.401
28.7581
0.000905673
102.313
110.307
50.5024
0.000740346
0.193633
3.11993
265.471
255.314
37.1226
133.089
0.000839837
11.9982
9.81463
38.3209
0.000782053
0.0645996
56.7232
0.00073577
55.9449
335.943
76.4508
0.000720694
0.000721787
15.5557
31.9954
269.021
31.676
13.3373
0.000740252
0.00126461
0.00151695
192.651
94.8191
15.8627
24.9198
390.136
40.5867
128.7
316.546
0.000738821
0.997937
45.4506
40.7858
176.899
10.72
73.1484
257.01
152.193
82.2112
0.000752053
422.262
114.311
46.6794
241.461
391.58
28.2208
0.000962363
24.5413
400.787
48.8629
435.487
75.5458
113.675
246.376
63.3788
259.3
133.432
188.217
203.123
64.878
0.000747589
89.6673
0.10025
0.598461
0.000798612
319.976
308.096
0.000894829
5.4499
54.4305
85.4669
0.00535553
0.000749454
436.2
118.232
0.000761235
88.5651
0.000730006
7.19752
0.680532
285.639
65.4443
98.846
0.000747218
301.901
114.352
0.00128688
0.000723583
75.5046
16.4589
16.627
7.04284
37.4251
30.5558
99.1508
1.59195
0.230865
0.000748691
0.000773482
211.301
23.8785
34.9383
45.5238
1.43562
0.000746725
0.00073617
252.597
24.4945
2.34729
0.00128066
0.000810382
317.353
35.7646
93.0002
0.000725824
39.5217
2.10383
110.333
51.9103
45.5538
0.00179059
0.00097897
0.000934096
0.000786546
144.447
0.000749525
42.056
127.604
10.1145
0.0461008
16.1945
0.00262604
40.361
6.33789
0.00848063
0.00101664
30.6935
21.718
0.000760367
96.3233
0.00188663
48.932
1.89922
0.000908714
435.783
0.0015813
48.2095
0.000725835
0.000981642
236.143
36.4549
2.62378
0.0346379
0.000753164
7.53038
0.00073075
57.8758
0.00100949
0.00212112
0.00073377
0.0284418
92.0579
121.877
31.0181
118.243
352.047
12.2282
3.57701
210.413
0.00167726
179.679
9.64736
0.00174625
0.0472612
0.00100276
28.0718
31.7818
46.0046
1.62753
0.202282
3.20655
0.000970921
314.801
67.8466
112.132
46.308
0.000739267
23.9604
0.466522
65.4104
52.7048
15.1794
34.305
0.000745531
297.64
2.69396
199.693
99.6625
178.948
131.669
0.306312
2.54646
4.95061
0.514002
0.00123841
407.111
0.111112
0.00308864
378.976
6.14578
71.8339
226.597
109.085
228.244
74.5078
4.93494
0.00073276
0.00663327
0.000719244
48.3377
180.941
31.8071
0.0194705
0.0123174
0.000745927
69.7164
32.4867
0.352888
0.000749773
26.329
0.000840437
0.00252613
58.4572
232.314
30.9236
0.370577
242.805
0.000958667
311.436
25.9774
20.0647
0.000753758
19.1316
10.1187
180.508
53.6968
255.959
90.6198
405.482
0.00712849
0.052708
29.9652
17.6743
0.000740627
58.1382
0.000739512
0.000985608
307.504
0.000767888
48.9303
65.3486
0.000820739
0.00102788
41.6499
68.7124
240.322
308.565
0.00112773
0.000724598
0.000728573
48.2579
425.18
1.85288
0.000810315
0.00277175
51.0772
9.59656
19.7596
0.000755386
29.8545
38.9821
63.5503
239.627
368.58
45.3879
0.000755821
4.57403
0.000937791
46.5324
338.52
0.000812479
0.00425452
1.41111
0.000949835
0.00257271
0.0521907
45.4604
117.77
0.000936361
121.345
182.564
0.00371331
8.08866
0.307389
62.4294
0.682645
53.1161
0.000760449
178.732
0.00100329
3.48088
84.4626
0.00100589
0.000820303
0.0164213
0.0581647
67.8942
36.4321
325.017
67.4207
0.261169
0.000753465
156.532
81.6323
217.528
83.4736
0.00129043
0.000779465
45.5083
17.6448
1.88041
31.203
190.984
20.0775
23.6178
125.007
0.0544461
2.24216
35.7545
0.00373843
0.0180902
8.10457
0.000776086
111.957
0.00106225
19.7189
23.9431
0.0835819
0.00091483
0.000905609
122.113
3.50878
56.2535
0.000746994
0.00128084
53.5728
27.3147
0.00217391
0.0931851
129.26
31.7712
402.159
74.8003
0.0134775
176.37
0.000751506
0.000859721
0.000822242
99.1637
0.000747764
0.000755456
0.000739655
33.7785
0.639039
0.00075049
64.9474
0.000739997
70.6306
0.00101929
58.2132
0.000725923
0.0250758
499.612
2.91853
223.16
27.3236
17.0892
0.000737752
122.782
62.175
18.8281
333.629
0.000774978
163.943
0.000743727
0.0270176
0.0200799
0.0188214
2.74384
377.688
0.000744393
0.776015
0.179768
198.234
0.000751597
1.59939
0.000737455
0.0209292
81.935
72.4402
0.0705413
125.046
0.108008
0.000753966
241.451
0.132413
30.3551
137.047
0.020731
386.003
31.5195
18.6746
54.7834
18.015
0.000724939
0.000752448
39.8342
0.000744312
171.508
37.7074
0.000899486
124.21
0.000746819
32.9284
0.00893871
0.000717761
0.000774244
96.7271
2.01829
0.000787711
0.00274828
197.526
310.121
0.00074579
4.9132
183.28
0.000753202
0.0014472
0.000835354
67.1542
50.8959
0.00077873
80.6705
0.000757801
58.3194
10.8212
3.00275
0.000744765
137.038
14.817
57.2505
0.00239019
0.00074748
31.5181
0.0648177
1.30228
0.000742753
0.0968723
0.000744467
0.220943
30.8744
0.0501713
57.5055
0.000746498
59.4328
25.2714
97.7614
180.528
0.000709745
20.9189
151.784
64.1655
0.0360289
0.00828645
0.400636
14.9601
0.000735301
0.0775722
227.037
202.646
0.0200694
115.341
0.0265472
0.000946446
107.626
372.763
19.5104
140.665
0.000761863
59.9298
0.0908614
0.508615
114.622
0.000827929
167.368
0.37944
190.176
0.000747941
210.581
0.000760351
104.61
0.00343386
10.4183
179.504
0.00145404
8.54623
0.00074643
0.000808246
17.0707
11.841
56.0939
0.000870904
0.000740041
0.000740297
353.713
126.111
0.000741455
0.00073004
0.000758586
233.992
59.7026
49.9143
326.516
140.927
217.7
210.676
15.9815
129.09
0.000724531
47.4599
49.2146
60.5734
0.000836474
124.761
36.4629
327.287
180.288
162.748
0.93908
30.224
0.918593
72.7318
0.000872087
0.00131943
377.157
0.000720239
0.00073825
358.168
0.00203708
200.898
0.000745297
0.00174003
126.561
23.7832
0.00124216
52.7122
0.000740346
15.7227
108.253
21.6629
308.022
31.8901
61.8137
1.67118
7.00024
0.917261
0.000724278
357.691
0.000833375
0.000821317
0.000731772
46.0666
364.916
0.000762871
80.4253
106.91
0.00123746
0.0206711
0.000904189
196.694
300.821
0.00279003
0.223294
0.419229
0.00126954
30.1616
49.2258
5.47801
0.000768829
0.000879724
6.0159
0.00283428
0.000743959
1.22968
237.76
48.323
0.00897841
122.445
0.083906
0.00168059
0.000745441
0.235658
1.42255
83.9477
360.871
64.7092
58.2734
128.151
0.000811277
0.0012331
0.000737041
1.41177
0.00904688
37.4562
238.52
0.000759524
31.1025
112.212
60.9403
0.511638
230.863
0.0013714
0.000737192
105.348
0.000845345
0.00104454
439.568
0.965648
0.00137741
0.00478422
0.00121031
35.7029
0.00386482
0.374625
20.5232
509.277
0.169963
57.9586
10.7104
0.103872
0.000723108
0.000726586
0.000875587
32.2383
0.000951259
212.678
0.03126
36.1198
19.9728
0.0007085
30.2678
164.61
23.1017
38.2056
2.78281
33.7225
6.27571
226.99
0.00100923
14.0526
2.75501
131.246
17.4913
1.14412
0.132974
38.5086
240.142
388.367
417.942
0.000746052
74.3052
451.039
174.19
0.000714529
213.12
377.287
209.691
102.268
34.1177
43.8849
0.0012314
7.69226
0.000757725
34.3135
0.000754408
68.8397
238.009
0.00243172
125.917
194.226
396.324
0.000744538
2.21509
34.1259
54.1427
35.3107
199.398
198.629
5.31725
0.000791512
7.61675
0.00128722
0.000729254
1.52027
0.00221212
0.00112169
0.373267
225.68
29.153
0.000759036
0.0918089
72.7721
162.046
0.000778142
0.000760778
43.0976
0.594063
0.000741321
0.00119511
7.89918
332.906
1.221
0.0271414
0.201811
0.000758101
388.079
1.44332
256.692
0.000788611
0.000766838
0.000880304
23.8918
190.484
162.42
22.3319
0.0192083
415.861
140.612
0.0175447
0.000756018
2.62658
376.556
24.9518
319.146
146.992
0.000842933
44.3797
6.25878
34.0762
32.3452
19.7267
0.00118222
147.048
0.000751579
35.8614
0.000720872
0.143105
229.154
0.000739031
0.379024
241.636
0.000794426
45.4035
71.6085
42.9505
0.473909
101.609
236.938
0.000974385
54.6527
0.000748015
60.4283
0.000754554
302.196
6.54709
4.40437
18.5303
0.000742961
142.055
0.229556
236.57
0.00181467
3.49083
6.01777
185.013
278.107
0.000760215
0.602659
101.747
0.661766
0.00117038
69.9567
0.428493
86.24
0.000929889
370.851
12.9779
0.0474296
14.3691
83.3631
57.2735
6.35948
0.295311
30.1579
2.13922
0.016997
0.000767716
0.091109
16.6545
0.107231
0.000743224
74.0213
395.455
6.87031
0.0123823
0.000741642
38.2129
37.6732
31.9198
0.193561
1.38135
235.362
0.0117282
0.694924
31.796
512.99
99.3468
245.273
0.000742446
159.393
0.000867389
164.962
41.3293
428.393
332.498
18.1045
0.0020776
0.000765816
77.3563
32.2513
52.3822
0.00165578
0.00074819
0.129674
289.148
0.000749853
9.08115
6.13519
0.133746
0.000770314
363.04
25.5102
224.872
0.547467
328.877
31.7982
43.9186
0.000782248
0.779128
138.003
39.2103
0.432059
0.0470577
36.6317
0.000748849
484.45
41.8175
0.00247466
0.00114897
246.074
116.667
38.5225
269.549
63.7503
318.294
0.0321479
160.159
268.667
1.46199
0.0804723
81.9275
0.00206218
128.853
71.2112
1.78495
0.00381847
0.000788118
377.758
97.1138
332.52
0.000744162
37.2612
176.139
17.2397
82.4201
0.000770454
0.000845621
173.735
42.4853
0.000956844
0.00296536
21.7808
95.1658
195.107
124.993
47.7501
0.000744745
40.933
0.417599
422.603
54.1442
33.4951
3.52922
376.835
0.000982638
0.00084516
222.354
1.36901
0.000799094
1.34624
128.489
3.51436
100.002
0.00357898
0.000941425
60.0389
22.0061
74.5429
0.0030559
201.419
0.000736036
45.737
0.00087048
0.0117179
276.847
0.000767558
0.00294905
69.1517
0.00078516
0.000788036
0.000713435
0.000738387
69.0964
334.739
0.00108428
4.83045
9.55634
1.05258
44.3788
0.00105048
0.000782669
0.00174332
140.918
142.877
178.544
0.014318
0.00675393
0.00146923
204.791
3.33433
49.2618
4.76191
0.000802769
286.471
19.7229
0.00116675
72.6761
108.309
0.000741132
6.14696
0.0179517
0.000758509
376.513
0.216705
0.252451
5.335
0.000773253
0.00173459
91.5125
38.788
0.000791576
0.000752432
442.292
0.000848045
0.000751189
0.000724794
0.000768201
178.506
1.9869
40.1226
2.50247
166.851
33.8941
52.0952
333.227
0.104802
52.5805
0.374862
69.7935
27.7938
68.3436
31.8683
4.35284
40.5061
0.000734922
0.000952099
0.163427
0.000764621
0.480588
0.453751
0.000753506
95.8314
0.0306203
5.40213
266.906
107.613
0.000775378
0.0292515
74.2693
0.308399
0.00998426
0.000756606
195.489
1.67789
62.9362
38.04
0.0848364
40.7272
0.0204186
32.8586
91.2607
0.000739252
0.439227
43.3527
0.0393439
35.5553
43.4018
432.481
85.971
180.351
0.000743948
0.000762041
0.000744444
190.238
9.86776
7.56195
0.000741161
0.00117265
72.2451
0.289745
0.000889267
136.455
74.983
0.0012445
0.135854
134.065
0.000782149
0.0818115
0.00074204
72.2598
0.00165634
0.000742702
240.548
23.0603
0.000744434
5.73404
0.22178
0.000733912
0.253109
2.76704
0.00088066
0.0724947
83.5889
0.0644689
0.000745331
0.00075444
10.5151
0.00101496
221.449
0.00117209
179.813
0.000723205
193.248
54.4626
0.0833074
62.3426
268.48
240.241
175.849
114.299
2.23595
0.000739983
0.000749597
0.000737011
3.26656
89.0335
350.342
0.00071481
0.00239475
0.574885
0.000756496
118.313
1.31222
0.000813415
386.939
14.9622
16.0004
20.9625
6.06154
8.86984
0.738924
107.039
62.7534
7.0534
0.000777818
0.000750089
0.604532
0.000746465
29.6811
169.891
129.259
239.416
0.000730167
90.4636
0.00100132
390.996
254.356
25.0278
78.2974
0.0238095
6.35467
0.474774
18.2613
4.5154
3.1117
216.993
100.16
159.691
0.00164763
391.854
0.0712812
0.000978939
0.00783213
0.00300552
0.426818
2.21697
144.302
239.477
14.8173
0.00116216
93.4502
402.175
428.28
0.00099604
0.00220385
0.000765497
157.382
32.2852
1.68311
70.3844
0.42013
31.5009
171.796
6.52866
256.092
0.00120199
0.00109095
286.326
0.000727484
217.168
107.94
24.6149
73.5333
128.464
107.243
352.049
72.3895
418.302
0.00122783
0.000746389
0.000722693
0.00406698
226.332
3.18617
14.9829
146.016
0.0396192
0.000737063
0.000766101
0.000824219
0.00110196
165.686
0.000797549
0.0462302
126
0.00072419
0.511007
136.648
25.5678
430.727
172.673
95.9336
488.311
3.41677
296.246
39.3353
421.348
386.977
50.2601
106.405
2.39229
79.2687
175.383
0.000754868
0.000748879
157.207
28.8599
51.1773
0.0859553
0.000740094
0.000751083
30.5412
34.8548
0.0281133
0.305585
0.176193
0.000862654
0.0209959
0.000751952
0.000747833
144.693
205.352
151.827
0.000799065
0.00104163
0.000798059
156.11
154.194
0.000764413
0.0389858
230.812
0.00074394
0.000743314
0.213233
9.00279
1.97514
50.5698
0.000730989
0.217819
0.000729363
0.00277495
0.214417
4.28278
0.000761075
0.0469273
0.000970328
0.400454
0.000746985
0.000720733
0.0457955
59.5422
168.066
16.5051
65.0818
75.9357
47.2724
29.9784
23.9805
214.331
6.40571
0.00116507
0.00114644
166.609
35.1728
1.76048
0.0037858
0.118845
251.428
2.51202
83.4371
0.000753285
12.4367
0.0159583
0.000838326
158.872
0.00134874
4.65948
221.527
184.777
69.8442
38.287
427.253
57.534
71.984
49.7207
111.643
21.9034
5.55099
0.000988794
0.00328398
108.406
2.69288
0.0807121
29.5945
0.000726032
213.392
0.000750626
207.505
3.48014
426.551
147.304
0.00073847
135.318
6.70003
32.8252
0.00113734
63.1072
0.103533
89.1079
0.00073097
0.000762328
205.603
0.100153
55.9535
82.0544
33.4919
6.31283
0.00161789
0.000715578
29.3016
1.26066
20.4057
0.000753306
156.46
0.00188916
0.00394216
0.000944492
64.2181
231.661
0.00507615
51.8428
0.0592841
1.84717
439.591
0.506438
0.00172709
9.39216
219.766
29.487
0.000757994
408.639
127.451
36.601
0.000760735
2.1426
0.00091378
9.85507
30.6715
0.025746
0.00093658
0.852992
371.844
1.25487
3.9532
0.0258052
143.772
0.000853858
253.836
93.6237
46.3999
228.616
2.58632
25.2122
81.809
37.8357
0.00107224
0.000792301
0.00112964
81.277
0.000979229
0.000761285
134.937
0.000763283
0.000775774
74.0716
164.14
65.4141
382.446
72.7815
0.00122199
75.3596
183.398
0.000737683
71.298
7.00363
0.00140156
0.392913
321.353
100.746
143.029
32.061
0.000726739
57.7592
121.491
47.8438
163.692
187.628
7.43963
32.1442
156.108
0.000782865
125.785
31.2245
33.2968
60.4731
0.00271008
236.071
36.7795
0.253737
0.00107134
379.257
79.8905
82.5193
0.0805991
0.000843636
336.677
247.321
5.65797
109.142
119.261
300.485
22.1726
0.00176925
451.592
60.1516
4.15512
0.000958437
0.000738191
434.016
6.48911
16.5486
260.413
0.00140996
538.283
400.097
216.323
0.000731039
0.000753231
8.38647
142.693
3.22606
31.0884
25.9486
0.00191149
0.000784258
4.48793
260.2
57.3011
145.517
67.3646
19.7958
0.000726943
2.72025
199.158
2.90404
69.004
0.000741718
0.00074952
0.000822127
124.219
273.266
292.455
54.0447
357.461
0.00554733
147.945
49.561
122.774
104.535
0.085741
434.65
0.000734285
163.355
166.195
60.874
0.00623848
0.00113728
238.135
0.0391916
1.16337
0.000736937
364.493
0.000746551
160.845
18.0561
3.7002
2.18722
0.0716732
1.44677
0.000750601
0.00100522
0.0630274
0.00077745
70.5158
0.000763409
30.6877
139.598
124.256
122.02
0.000768451
229.619
0.120741
1.3322
0.00289659
93.9692
0.202509
139.548
32.1819
0.000722621
40.3592
0.000762577
24.5957
0.0334219
337.497
64.9639
11.6982
62.7908
237.552
0.981913
256.796
6.46832
0.00118272
0.000736364
324.798
54.2483
29.4235
67.7029
126.022
277.195
95.6336
0.000721107
36.048
257.787
0.179244
0.00267366
100.33
269.345
72.0485
160.916
402.982
82.1081
1.41144
0.00102944
0.000733433
22.7895
0.144915
182.789
0.0327006
55.7211
42.3144
0.000742582
0.000872385
26.0165
58.9893
247.109
0.000903544
0.0906089
374.984
0.000749062
24.5578
49.4272
0.0763653
384.623
138.142
0.00074332
53.4387
409.228
0.000741946
0.0107505
0.333417
0.00103853
0.38451
0.000830892
0.000719446
0.131495
97.4455
144.771
441.654
6.44383
54.4808
0.134307
0.00118184
23.5583
413.028
244.849
0.00405829
0.0678141
91.3539
177.671
0.000745617
84.2164
72.9596
0.00100056
344.612
0.167234
366.204
12.0081
0.000820284
0.693476
66.4461
0.00101619
0.00075042
0.000741293
315.301
0.241504
0.000720904
19.7061
14.811
39.5571
86.9938
103.033
55.8869
6.68213
1.03507
352.465
158.372
0.000751624
131.91
0.0673074
16.1729
133.147
18.164
6.25286
361.257
0.00107689
0.683845
4.84902
0.650985
195.371
0.000809048
34.7905
115.861
0.000737691
0.000738516
31.7143
2.83056
0.0565763
0.000751794
321.464
0.000723633
0.000813161
134.113
0.00500801
55.03
97.2894
95.7921
236.637
6.99476
0.00508289
0.00073821
0.00204394
0.000726808
62.4083
29.9563
60.451
35.9628
0.000832376
151.907
412.411
0.00117697
433.986
115.764
15.6482
0.000779183
272.373
89.4489
0.00116561
88.7053
185.08
2.07339
90.2278
1.65031
0.000752002
292.234
0.000749126
1.93671
0.000745282
120.883
376.54
1.06273
0.000812709
48.7797
0.000901982
0.00216431
0.00075966
1.18012
174.518
35.7027
199.665
0.966093
46.2182
0.000760424
0.000735741
0.00268028
0.00424468
0.000863722
92.7714
0.000720827
56.7747
550.437
0.000753753
31.818
0.189293
49.4538
108.281
0.000772382
0.000745114
126.896
0.000748645
0.0250513
20.7113
134.999
82.5485
0.00252441
147.944
0.232451
0.000774562
31.7265
7.77988
20.3475
50.9948
9.45797
0.0365336
4.77443
12.2819
300.334
39.9581
0.000755
0.00595865
5.98052
29.7708
160.113
159.994
0.476411
366.133
51.2271
0.0291908
150.19
86.1614
135.968
231.472
0.000732989
31.7332
0.000967888
0.00901033
49.5616
0.00073234
0.443014
0.00218635
48.2259
191.907
0.0160253
22.3114
0.000753208
129.548
0.000737814
0.0011644
9.22616
15.1974
0.000720163
35.5349
0.00121826
0.000756143
0.0365575
0.000729178
0.000744184
24.415
303.141
5.57364
69.2883
274.623
269.315
0.000732206
66.5207
0.00074632
0.0147049
55.5683
67.4608
115.244
0.344914
3.90667
9.51482
131.103
0.133701
130.274
370.067
130.194
0.000765682
0.000817961
9.72098
417.043
360.469
0.00187904
53.6646
0.00522279
0.147862
0.000734885
209.397
1.62139
0.000753955
28.3572
0.000731858
0.140711
0.000828869
0.0010794
0.00105049
208.081
57.7926
98.9602
15.9633
280.078
190.927
266.969
1.3091
215.138
33.5775
5.633
0.0820005
0.000776388
31.5913
72.8734
44.9656
47.9557
0.000747241
419.82
4.82996
2.72324
78.2354
9.46479
21.9889
0.000741807
0.886472
241.168
291.04
0.000762746
50.6097
189.334
0.0111761
0.000790437
426.866
211.521
243.647
0.000739763
1.47473
0.0095277
0.000734674
83.3285
288.964
221.819
1.01598
40.1034
9.55761
34.5502
34.1764
147.576
0.0404568
52.7909
113.971
42.4661
0.00210874
0.00716249
0.229685
60.4785
240.675
69.5187
36.1397
40.3765
80.5068
0.00124935
0.00327397
0.00072617
0.000766779
318.046
0.000787484
56.5283
0.000774597
0.000968134
32.4969
2.0629
85.5395
432.151
52.0979
0.254998
0.000757655
16.1747
8.66765
0.000729652
11.9275
474.734
7.34727
42.8402
16.3681
65.2962
31.5046
0.00074235
298.446
0.00105089
18.2089
0.820514
188.257
0.000751913
85.3174
216.748
0.609065
12.751
384.283
97.3276
0.000952497
0.0171348
220.963
0.000805853
60.65
0.00118295
0.000968613
19.6757
12.2207
0.122824
126.5
0.681029
6.16832
238.062
76.0539
0.000723591
138.891
84.9812
0.000735159
5.79205
101.526
172.314
198.289
0.0030366
42.5114
64.5506
132.733
0.0142905
0.000733853
0.00281387
0.959239
0.595045
0.000756431
0.000756542
0.00177065
1.277
0.136317
0.0073081
134.91
101.025
0.000754617
116.667
128.028
3.77906
94.5378
53.2026
250.648
0.000722831
65.0503
0.00285475
208.974
31.8269
111.986
19.7279
0.00220591
62.6502
35.7201
93.6795
344.181
391.992
0.406656
59.8509
0.00115381
0.000735847
0.00116638
24.9192
0.000831496
45.2737
0.195328
1.53534
0.00075384
47.5454
162.829
353.296
148.399
240.377
0.000987745
30.5594
165.122
7.41427
128.351
0.000837465
244.205
0.00113811
0.000994501
291.962
0.00295396
70.088
0.00169787
58.1284
0.000759418
0.000748651
34.8918
0.00110231
0.000735892
383.992
91.3878
0.0116688
55.0122
32.9107
0.00149217
0.00090726
230.291
2.40477
0.000745878
12.6452
0.00332631
53.3469
0.00170974
0.982309
120.996
208.025
0.000883397
198.528
0.00218847
0.000745931
0.00219417
226.474
205.337
33.8666
0.000849996
444.444
35.4718
0.000747476
0.000814078
52.6605
299.545
198.995
123.529
0.000766964
0.000772403
125.968
0.00110115
0.000813986
0.00074689
152.304
0.000978157
3.11082
112.85
52.0749
55.6012
112.84
102.533
0.00081011
1.31622
173.973
0.000760734
6.83795
10.641
68.9987
211.377
0.000744305
154.647
2.62737
0.000743416
0.000810421
52.8936
341.703
53.8663
0.000749853
185.702
0.0238765
131.161
36.049
0.0119019
59.1919
0.000751723
100.101
177.374
0.000752378
74.9651
201.153
219.813
0.229631
24.3013
348.176
0.00482121
0.00100625
208.529
0.000758576
32.5358
0.00138862
0.00964605
0.0069219
5.11817
38.4989
29.5712
0.00129106
267.229
11.0881
35.3596
0.000739334
21.5579
4.87325
47.8077
0.777676
0.000760426
161.338
75.1917
26.7353
13.6117
216.983
60.9281
0.00118663
342.147
26.2599
244.441
154.154
40.1859
139.051
6.23616
145.209
209.596
6.94754
63.5313
0.00696689
0.00075882
34.9616
0.726165
0.000773105
50.1647
31.1102
0.000986563
222.272
11.0074
0.000772203
111.289
0.000714923
0.0337984
34.3848
0.00090017
0.000766398
172.779
85.5589
36.7064
10.5448
140.637
557.054
48.2209
33.1696
119.684
20.5972
211.654
0.0907665
219.387
430.832
403.047
112.292
0.000980097
56.9058
100.655
0.00111655
49.9109
1.75874
0.000747716
0.00105614
432.98
154.104
198.056
72.8213
1.1777
0.0116983
51.6373
0.00172437
196.135
361.63
0.000769681
0.00116461
174.154
0.00142269
0.00088254
155.417
4.23958
0.0021215
0.000751132
0.0183414
0.00116845
146.412
0.00133624
1.32476
368.947
0.00602509
35.5485
0.000754354
149.592
64.8383
3.3423
55.2555
0.00598648
0.123119
0.000753159
56.2727
46.6637
0.0115047
422.133
209.673
406.704
0.000718633
15.0905
0.00074807
167.793
0.000763221
0.000747087
390.122
57.1082
32.8599
0.0657227
429.553
0.00163947
530.471
0.00177689
120.85
5.18149
31.9227
35.0721
42.4599
0.000738042
0.00175773
0.000756421
0.00219277
0.00451962
0.0121302
0.000734443
154.823
107.045
214.855
0.00326261
0.0188574
7.41452
288.186
2.53928
18.445
0.00101585
55.7867
0.000744881
351.886
0.000739367
0.000920202
18.6823
0.000754032
0.0294628
0.000782825
390.966
0.133173
24.6959
175.147
227.077
33.391
0.000748568
0.0587194
1.99933
194.672
16.5439
133.287
49.4377
0.00101888
55.9205
3.32806
205.211
0.000755313
58.6197
32.4752
23.8893
0.00223752
0.000720913
11.9771
0.000742611
0.00467177
304.782
163.537
0.186784
34.3999
397.455
68.4822
4.1828
5.9581
0.000758703
97.6297
30.4462
0.000744423
312.163
268.222
11.9512
3.45319
0.00201687
88.3828
275.564
0.09388
0.00719983
205.527
61.2838
411.515
1.30271
2.61276
41.9773
36.1692
12.3863
122.946
121.756
67.3006
0.0206701
65.0772
126.809
36.7683
0.00705494
21.3484
0.000770296
39.8669
49.306
0.26005
131.251
33.6342
0.000744697
0.000745627
0.00332023
0.000737562
225.05
11.5298
19.5826
64.895
163.532
152.444
167.575
0.274067
0.00128297
0.0176549
187.473
122.897
153.967
0.0471101
0.0132511
2.60688
193.081
0.0447718
265.413
0.00083502
77.3877
363.89
19.6502
33.359
0.000746257
0.000732694
0.0230624
1.02046
1.67793
76.205
151.675
19.7687
0.0007303
0.000749482
457.213
0.000763579
1.26191
258.785
0.000720256
236.401
89.5667
230.386
90.8047
3.1962
208.608
7.57672
0.00776993
345.334
4.06925
47.5085
40.0287
160.16
0.00114232
181.166
0.000749149
12.5278
0.000753501
203.338
76.5201
0.00110054
0.252436
278.474
0.00140977
0.000916646
100.48
118.176
0.000886491
48.4594
57.2451
82.5485
0.0867789
3.93293
202.275
147.202
70.751
0.00105018
9.10556
0.191636
1.14335
3.2957
51.8061
196.008
0.235527
0.000717366
0.000761619
114.715
59.6924
180.474
160.599
225.342
321.475
0.007636
98.5562
92.6714
179.13
78.3424
16.3412
56.3264
62.2371
58.8595
23.7698
0.000752818
0.00218709
0.00121903
259.559
0.000747962
235.322
39.6412
93.9819
110.613
252.775
0.000985225
101.098
357.125
0.000743604
22.4286
32.3957
0.00106157
35.1381
151.143
0.00109179
0.00238762
26.2208
0.00276301
88.5415
34.4498
0.00074579
0.0253271
0.000755663
0.00177253
106.211
142.051
108.564
0.00296353
213.149
29.8618
39.0896
0.000752227
38.7955
66.7536
31.0823
36.3281
243.859
0.000752122
18.4712
1.23446
340.844
4.67827
0.326902
0.000734106
0.00129697
0.00276026
0.000765246
0.114513
0.000722499
0.000742459
548.263
6.77678
11.0233
50.7332
99.8155
351.434
14.6104
27.3786
53.1366
0.000799438
0.000752201
12.0478
67.03
53.3985
219.029
0.000729364
0.0140493
0.000746591
0.00072758
0.0117647
0.00126169
377.422
135.202
89.2413
73.2372
0.631721
0.000758158
4.06296
27.9924
87.0654
8.00298
179.579
0.000754634
32.2901
41.0476
34.5221
0.0298403
43.5231
0.00675741
0.000719618
64.7031
0.000763159
0.002179
161.493
0.000778545
38.339
187.846
0.000753655
0.751318
10.6175
95.014
2.579
114.658
37.1585
6.43405
0.848048
0.00337172
51.1935
15.432
414.38
65.891
289.712
350.712
196.896
121.377
0.000751275
0.0148862
386.784
0.00108364
59.7347
225.13
11.9657
0.000744553
0.00544764
415.254
248.799
35.7954
0.00104886
90.9433
1.0243
0.792082
0.000743922
0.0294108
226.886
31.9196
0.00072509
3.889
61.7661
1.0498
35.7594
0.000871437
47.7397
0.0489299
0.00131688
0.000741863
138.584
0.00121365
150.16
149.179
0.00150946
0.000732988
34.7513
121.272
0.00239674
253.313
1.13298
51.0798
0.000777971
3.54223
39.814
0.000738644
0.0464783
3.96319
73.5712
0.281709
117.389
17.4943
41.3482
55.2045
0.862302
33.9267
0.00125455
0.383655
153.698
54.5464
0.000799852
4.50446
13.404
84.9927
33.4224
209.811
3.11255
0.000727345
4.91448
0.222244
27.8154
14.8574
360.54
0.00075844
20.4914
0.00817853
266.727
41.7458
51.7315
0.00286973
0.00075545
360.345
91.6463
0.000741938
112.114
0.0585175
0.00227768
0.000755738
0.000767604
272.358
14.5153
0.0910252
0.451369
0.521633
366.485
0.00155489
0.00448233
0.000896312
0.000744935
4.45674
29.0095
0.321361
0.0493668
0.000746534
62.0905
40.3708
0.00079472
0.000722519
381.853
366.455
15.1188
251.03
61.9578
0.000767837
0.000733192
0.000752221
0.236776
147.75
0.000721441
54.4685
32.8839
0.256872
150.737
0.000725867
0.859311
0.00208293
168.22
2.80472
125.742
0.216886
31.7243
0.00620841
0.000730507
200.049
0.00390262
96.8595
71.4494
0.00314085
92.071
324.696
29.2171
8.78703
0.00149831
154.03
0.000826092
0.000739602
0.00105925
0.000717804
194.678
366.01
91.0252
43.0442
0.00166391
0.000734467
29.092
85.5648
0.00113947
0.00683488
0.0608101
1.80936
2.19672
352.358
59.0869
0.000776994
300.267
382.956
140.464
127.124
272.635
0.000717843
0.0036234
4.68703
35.9241
258.113
126.763
308.204
0.000798882
51.8525
290.266
6.94581
3.99181
72.4844
0.000763557
240.085
102.294
200.549
76.2538
20.0996
29.2614
159.375
0.227382
0.000760255
91.8407
66.8886
41.6327
81.7262
0.0382995
8.68493
34.9001
216.978
0.117606
1.74634
174.221
0.00148207
0.000730396
0.000745339
220.493
0.0093119
97.7629
37.7865
49.1031
15.3938
192.465
0.000742676
0.219869
0.343604
0.0514029
3.26445
0.000960907
228.219
95.194
1.35408
0.000935707
142.083
37.9102
205.576
0.000733858
130.116
92.1365
139.39
0.000760596
0.000737001
225.443
0.000743828
123.087
3.07595
0.000730777
167.53
34.0651
81.5911
240.696
7.43433
105.167
0.000745224
0.000965205
130.763
33.377
35.2797
286.82
0.000787599
187.396
0.000894657
0.000785046
56.9671
1.27481
0.428379
496.435
363.923
117.028
81.8497
526.68
31.5363
5.93651
0.00217643
0.181379
0.362775
5.12014
0.0390988
83.8998
212.765
390.859
71.8939
43.2128
0.000760515
67.3867
0.000780829
51.2219
66.0341
189.928
92.9942
9.83605
0.0023712
0.147841
0.0439397
30.7125
341.708
231.786
57.2204
0.000915644
44.1043
78.7314
0.000745077
74.3488
0.000758612
351.317
0.334826
0.0449903
53.5428
0.000837953
167.738
54.8788
0.000755284
0.000771632
2.56667
0.00136568
48.2661
0.00075655
0.00898522
145.811
30.7751
36.7005
224.504
0.00076211
114.427
179.614
53.576
8.45791
0.000907538
39.4848
0.000738155
1.2234
42.428
0.000925444
418.026
193.968
0.00277133
10.7791
16.0727
0.00930975
146.706
36.7486
0.00076059
343.754
0.0778517
0.0130178
0.0607403
0.00312897
145.672
325.01
464.678
0.000765545
0.32967
0.0588396
43.7213
28.1974
441.221
338.464
5.22371
80.7002
31.472
247.89
4.47378
0.000734483
23.3759
0.000750701
137.077
0.000827317
308.892
33.5682
0.000778851
156.648
13.8161
0.000747733
304.356
11.5018
146.191
20.8224
3.61998
46.5405
0.00440942
3.08877
313.652
0.000840805
69.4383
202.429
0.000790318
0.000775379
54.1097
0.000988979
0.0022111
38.0315
213.029
0.000731103
9.93977
123.035
204.483
190.122
114.328
103.462
106.075
0.00109548
137.927
88.5737
0.195806
139.718
0.00113998
102.118
0.000737861
9.70153
164.508
1.31172
0.0021942
50.6715
0.0674758
76.8251
0.000749745
6.04777
68.7837
0.0776701
208.255
442.452
0.00096411
281.895
0.000742953
40.5949
0.260877
391.136
66.6113
29.4721
127.584
51.1961
14.6372
296.372
233.637
0.00072168
70.2228
53.1906
0.000753596
37.7729
397.079
105.882
444.364
0.000879537
0.0201039
111.491
77.5741
125.031
7.66945
0.0256539
0.0204528
62.5089
0.182243
0.00101393
12.6238
0.000779681
10.2385
0.000736439
106.728
0.115725
0.000852607
0.000934202
10.7676
0.00167881
60.3185
31.2375
305.777
31.6332
100.687
9.55601
0.00217985
39.1352
11.281
44.9743
132.445
0.00805487
0.231173
368.222
113.083
140.576
0.00979355
118.492
0.000744769
348.539
30.8485
100.479
2.14121
0.0199343
11.1703
181.561
143.706
139.014
0.00160291
0.00086478
1.37515
47.0857
68.9814
0.00104011
101.078
0.00881321
139.862
21.5748
0.0396017
415.378
53.0719
53.2318
56.2067
17.1716
285.848
14.1197
0.36063
0.000740385
5.65283
93.7982
20.4101
0.000757516
0.152108
67.5921
354.778
0.00075863
72.4479
279.474
422.248
61.3025
33.0412
1.12155
103.458
2.01741
53.4373
21.8709
10.8647
0.00103344
292.443
317.716
255.148
311.617
324.583
0.0398856
0.612678
11.6929
32.8902
417.638
1.0285
0.000746146
394.676
0.115777
0.13505
143.12
1.26049
0.009464
0.00568022
81.0724
28.3095
0.00152521
11.4394
0.0194513
0.000919864
131.037
0.000783528
114.445
0.00175663
77.7806
8.01373
28.3706
0.000944434
411.766
0.00388745
38.1639
99.9963
0.000756657
0.00583025
0.0014413
110.698
0.000759841
420.585
0.000753038
94.2608
0.000745861
42.3317
5.31134
2.55658
0.00817418
140.672
0.000743978
0.000719647
0.0116256
23.6633
300.29
78.2578
0.00766517
0.000828966
23.6504
234.08
0.000870417
0.00431227
0.000758722
0.000744333
0.0125385
28.6286
0.000744777
0.00090929
0.00317849
0.1565
499.155
24.5105
6.14907
40.0682
0.527775
425.659
4.55392
417.124
36.2806
1.67206
0.000743477
72.4284
217.631
68.6903
0.00221102
0.15269
0.000734852
0.000749747
46.6645
0.000800881
69.8101
0.899058
70.4048
0.0186108
57.2579
0.00075206
40.6354
0.5733
51.0452
0.000734039
85.9382
411.027
0.00103126
53.0685
31.4144
0.0343505
0.000847525
366.704
46.1355
0.0020874
39.4304
15.7573
29.5767
38.9413
6.55117
0.000792997
0.0269209
119.04
67.9161
26.5795
0.000738705
36.304
189.621
0.000883376
0.00984391
39.3812
0.000794884
254.385
0.897283
0.000755348
66.0645
38.2283
0.000740863
35.8573
432.416
178.857
7.61884
178.996
22.2714
0.000739613
60.2712
1.26923
138.347
0.000741719
169.356
29.5344
0.000809736
107.959
111.611
69.8042
0.000752811
3.10626
0.00215768
0.000729525
9.34563
112.13
104.993
198.719
0.752991
0.000946603
0.0115601
0.0164081
416.875
60.1909
0.000896634
0.209661
1.29914
407.214
70.0426
268.684
0.000724312
0.000761589
0.000716608
10.7866
0.000744632
149.561
11.4432
4.55378
0.873153
0.00258872
78.5749
0.0877074
119.659
0.00121015
0.000748655
0.00414256
0.00222099
5.18062
0.000907538
0.000807718
57.2999
0.000760421
0.000740381
58.3804
33.6535
288.553
0.00150882
0.000735324
0.0812752
30.9049
0.0519084
35.7126
9.90265
133.853
108.554
7.82112
280.126
0.305254
0.000764858
0.788727
0.00086591
39.385
5.35451
0.00582121
0.105974
10.4563
4.14667
0.0576699
0.00076488
7.14538
22.7985
0.000745951
3.09476
4.27775
39.2526
0.109568
2.00207
0.00074404
0.000743366
0.000744542
7.48514
0.0276314
40.1122
2.76325
0.0534917
382.299
49.4946
3.99388
0.000746126
0.000740706
0.014547
38.4725
0.844278
96.2931
93.4771
0.000730438
3.80456
0.000832245
15.1596
0.00074701
33.2457
0.00698952
0.000735712
0.000934619
335.014
25.8309
0.00126532
22.3551
1.66597
85.9036
123.51
128.265
0.00223182
131.805
7.29855
0.00136291
83.6921
0.0367902
261.639
0.00071892
79.5726
226.025
0.00363688
37.099
16.1901
1.59316
183.675
37.4185
15.234
77.8353
38.804
76.3677
0.775911
193.311
133.539
237.65
2.87488
0.000742923
66.3879
3.06476
39.1599
0.0049696
0.813041
0.00488307
0.000748633
0.631116
0.000744871
14.3176
36.1361
343.144
32.9302
10.5372
37.4723
50.0354
120.218
48.0805
0.000755886
2.27094
20.1773
32.8924
24.8137
47.5842
26.4002
0.000750753
41.6888
33.2473
115.689
420.616
0.00105802
410.681
0.0007575
320.233
128.237
68.5089
0.000744627
112.053
0.000741114
49.1455
73.5998
16.9161
104.783
13.008
63.5787
208.143
0.000734848
0.000986487
16.146
285.234
0.00480123
0.0187053
0.00112381
0.000749914
0.000860314
310.077
57.438
14.15
0.000746416
0.107855
75.804
5.91141
0.206474
137.541
5.17695
118.885
0.174245
0.103994
0.356112
222.256
0.000734021
401.256
0.000743504
41.0496
0.00190651
0.781666
0.00073713
140.472
0.00104097
0.000755521
0.00634469
0.00107625
0.00126771
0.0158988
0.000827335
8.60328
0.00302853
391.485
0.36689
0.00112641
0.000793094
73.1189
0.000797783
60.7395
6.31712
0.000823066
276.897
221.218
0.000850849
2.72131
126.999
0.0326336
10.289
2.51145
0.5503
334.095
51.8277
255.988
46.0256
120.439
54.2779
0.00748835
24.478
315.578
3.22843
2.61734
0.0013264
4.79356
3.83962
0.00157107
300.73
85.7005
6.32519
0.000737245
0.000750155
13.9938
0.00527198
78.5993
0.00843673
0.00750635
27.2376
4.65164
80.9377
58.6038
130.837
36.4412
38.4881
0.00133617
3.92198
56.8933
0.000747174
114.849
0.814452
0.000746386
45.0994
148.309
22.0728
33.428
0.000749898
3.56092
20.8153
0.00078006
24.8758
0.000842736
44.5704
0.00114513
13.2441
81.2776
56.43
0.926924
0.000737435
24.9027
0.148024
180.774
0.031284
64.5197
19.7349
2.95517
4.44476
1.76131
37.8346
139.241
356.572
0.0039384
124.966
27.4188
0.0233453
0.701178
283.712
104.438
0.000776276
17.4144
0.000750943
0.0086053
86.8614
343.245
0.000886448
0.00518232
0.000753384
0.00141343
0.000848378
0.00074025
0.00093664
8.183
95.835
54.8627
33.5824
98.6978
122.264
0.000748183
46.5153
3.41134
72.1938
25.8276
193.949
0.000772661
1.0589
0.000734792
326.66
2.27917
0.0448502
0.000767699
0.000904742
1.03374
3.89684
4.59088
8.38751
6.05279
0.000835409
36.4408
0.000779364
204.414
44.9256
0.000821804
0.307727
46.2088
0.000733342
0.00182388
264.006
0.0183411
207.456
0.00117751
328.872
0.000735008
0.0015084
1.51627
40.89
11.1221
49.1219
45.5318
0.000774925
1.56135
76.7936
77.3236
0.268395
0.000742726
0.449613
0.000746556
52.8282
128.899
0.123901
52.3879
35.5659
34.731
414.409
0.00591884
0.0753094
0.000725151
177.811
0.000748678
0.00154869
0.0556448
73.5759
436.819
0.544216
0.000767841
0.000774365
62.3862
0.00601807
0.000741289
0.00204398
205.225
35.148
236.645
16.111
0.00957315
28.5035
91.7025
0.0015845
157.419
0.00791221
0.000729273
2.15438
12.6671
204.863
92.0559
49.0043
0.0990385
0.000753032
0.00296669
32.6746
45.178
51.3677
0.00104141
71.7922
12.1348
3.01581
0.00138131
0.00387625
0.00537631
0.000896845
0.000947737
2.53342
259.183
53.1047
0.000737061
111.528
0.00645152
0.00101534
62.1728
8.13049
0.000743263
0.128732
336.753
0.00139575
1.69037
0.000799547
0.00211328
3.67658
216.685
5.02649
0.0064559
0.00110088
0.279944
0.000743339
0.000743586
0.000768346
19.8142
2.27088
0.000739926
0.000734815
0.389211
136.247
0.00128103
25.1953
39.8792
51.5171
11.0125
0.010662
127.226
0.000900099
0.000804183
0.737485
0.777941
0.00109346
413.7
0.258983
0.0232748
72.2707
0.000854666
0.000791324
13.37
63.0165
0.000745539
245.441
122.153
10.1115
0.000747106
162.811
10.4653
50.0621
0.764907
31.2597
99.8352
154.641
27.8896
150.907
0.0204908
0.000754438
258.942
129.58
162.61
0.801618
98.0515
54.4038
0.000838289
192.842
50.7246
112.37
89.3565
50.1084
0.00157723
0.00216884
410.411
0.000737962
0.00673796
40.8529
172.366
0.00361623
102.175
212.676
13.2434
18.8707
72.2691
51.9248
0.0219683
0.00105624
97.7352
0.000907688
22.9791
8.88904
42.1046
275.543
0.000920795
0.000811823
0.00176501
424.01
0.00072932
29.5309
0.0112926
0.000733937
112.747
0.000733886
0.0007598
5.40415
41.2497
10.1143
41.5914
0.000748789
2.45651
0.929021
0.00336726
0.00186302
0.000745447
46.6392
1.3927
193.347
0.000716957
0.138713
101.646
96.8639
0.00272862
0.000744992
0.000744775
93.6628
20.1076
0.0360618
3.28986
0.00170999
0.000771541
18.5206
130.406
8.867
2.07311
13.6401
0.233645
0.00271483
15.653
20.5697
119.786
196.54
73.3058
0.0075616
13.6285
31.8746
65.3976
0.00452082
88.2384
0.000745771
0.000753794
326.388
5.27323
337.784
0.000875639
335.153
38.7226
0.170503
0.00215651
35.6768
187.096
78.7923
0.000727803
0.000733127
0.000819404
0.000838979
169.951
0.11719
0.000743148
0.14349
146.997
12.5941
30.0026
412.261
55.3417
318.563
417.616
0.00115411
0.0103605
0.00105068
212.049
0.393171
17.0184
0.00111219
132.125
0.123232
0.000725407
0.00155326
0.00103915
39.57
0.000963499
0.000743768
407.011
26.7539
44.4768
24.6411
0.00143921
60.0211
56.5528
0.00110976
49.5019
0.000781899
1.02937
306.623
0.00749631
146.217
0.000729073
0.000748972
55.6206
113.687
1.38334
34.3423
0.00373181
118.965
31.0052
9.43268
0.000777688
0.000793221
41.496
0.000907071
192.881
0.315992
16.2143
0.610087
0.418549
25.7042
0.000859346
0.00108764
246.225
0.000817242
6.99233
43.3683
0.000760302
0.000743853
0.000747903
34.4691
87.8314
0.000735608
0.00598709
0.17087
71.932
21.8857
0.000758535
0.000876224
402.524
107.734
130.235
7.8185
0.000964458
0.000978356
124.393
0.393095
116.342
70.3282
0.000895304
0.00114109
27.8342
1.07897
0.00117477
180.045
0.0418331
16.6702
389.353
275.377
303.207
41.3077
0.000745304
0.000758248
94.6465
68.0434
206.93
1.79585
0.000736234
0.0011148
5.56722
0.000772086
47.2439
152.108
0.000716244
104.659
0.000744961
0.000757995
0.000758635
221.967
100.977
222.855
0.0142142
0.000821019
19.6495
0.00948809
2.00096
45.6167
96.8069
120.99
0.569815
0.000785699
0.000765585
0.000740937
12.5053
305.087
0.00369131
78.5901
10.4226
0.000761443
0.304904
0.000747031
7.24982
44.6006
350.046
0.102889
28.4625
0.00074376
178.527
0.00186332
6.41573
105.98
0.000879724
165.396
1.3364
21.0165
37.6233
2.66196
51.5482
78.548
90.756
0.00105618
1.83163
67.7941
0.000993433
33.442
2.18928
114.31
106.926
0.00104856
44.2711
0.00105121
1.30483
0.114396
0.0007284
143.786
0.000746947
46.968
221.395
0.000746197
0.001308
82.3662
0.000724526
0.00155227
0.000744388
0.0778228
52.9637
180.924
0.237016
0.000723904
0.00745264
42.2096
2.88524
0.415375
286.892
85.9712
1.10187
126.124
0.00462644
185.233
2.26503
0.000749534
389.794
0.00887261
34.8303
1.50994
10.0266
114.661
0.523298
0.00334688
0.0709876
7.87652
325.029
0.000925775
7.13833
42.2296
0.0454717
138.564
58.572
2.76364
10.3517
0.000776376
0.0393001
1.05968
0.000852481
45.9956
0.000735787
0.116027
135.361
40.9623
33.3847
113.276
0.0469675
0.000743077
8.34305
0.000717491
70.8495
19.7736
163.762
0.000745587
56.5586
117.023
39.1207
54.6819
0.000907947
0.755763
1.82283
138.247
3.46489
1.35818
101.626
7.28026
0.000749087
62.4673
33.5967
0.000918737
72.0389
0.219713
173.573
9.61227
0.0486909
0.408233
0.0248322
76.9932
132.605
0.886613
1.31407
106.284
17.1591
1.31989
198.263
0.000773261
163.824
56.2327
0.260562
0.000809702
75.6619
113.601
0.933154
227.872
0.000777583
406.339
72.8469
0.000751402
0.000746904
0.00188196
33.5931
26.8531
0.000727742
194.206
130.351
92.2214
117.384
0.199006
0.000725923
0.00074977
0.000745007
0.389023
27.4988
0.00155676
0.00075003
0.000867672
100.022
110.277
0.000971148
0.010039
0.142997
20.9402
96.3688
62.7893
21.9004
9.32519
198.049
68.5107
0.00275571
80.0151
0.00074618
0.000783719
161.263
416.672
0.000904737
56.4296
0.000743111
0.00192441
417.139
0.000832235
45.262
0.00783001
76.2622
0.000858145
0.000740273
67.1165
0.000750909
9.907
73.4363
48.92
8.48714
77.0148
0.0363386
0.000755934
0.00250942
400.959
116.317
40.8407
0.000777282
0.00689546
0.181704
0.0104142
1.9662
0.000963733
15.3954
402.655
0.00117021
101.529
0.000750547
99.5608
0.000752896
0.000739107
164.798
76.0469
172.175
0.00361695
0.000814441
0.000748647
0.00741694
42.5496
299.19
0.000865618
0.00765986
103.125
64.5351
28.721
0.831166
0.000738586
102.157
421.671
0.752066
0.876539
1.71971
0.000821294
189.542
278.483
8.53091
317.43
57.8815
0.00580099
0.000852925
54.8572
0.000742806
283.406
0.000897305
115.242
14.316
2.00604
108.722
81.5816
66.2692
90.5858
192.776
0.000715781
73.811
90.4789
0.00826302
0.000752575
1.66127
317.73
98.1404
79.8871
184.883
0.000757667
0.000748193
408.637
1.45349
58.1319
0.240176
3.5835
1.57385
0.000753069
0.00079094
0.746807
2.11688
94.0803
250.352
63.9772
125.105
32.1445
0.00619297
0.0044331
0.525128
1.29769
77.7871
0.00439244
2.53113
)
;

boundaryField
{
    frontAndBack
    {
        type            empty;
    }
    cylinder
    {
        type            epsilonWallFunction;
        value           nonuniform List<scalar> 
244
(
2407.53
2415.34
2410.78
2402.47
2389.17
2370.82
2347.62
2319.14
2285.38
2246.5
2202.85
2154.7
2103.02
2048.82
1992.97
1936.4
1880.18
1825.23
1772.18
1721.47
1673.55
1628.65
1586.86
1548.28
1512.92
1480.65
1451.38
1425.04
1401.56
1380.75
1362.52
1346.68
1333.1
1321.6
1312.1
1304.49
1298.62
1294.48
1292.03
1291.18
1291.83
1293.95
1297.51
1302.46
1308.84
1316.72
1326.1
1336.93
1349.33
1363.44
1379.25
1396.74
1416.15
1437.42
1460.47
1485.01
1510.71
1537.1
1563.41
1589.12
1613.88
1637.87
1660.98
1682.97
1703.82
1723.76
1743.25
1762.43
1781.65
1800.03
1817.45
1833.62
1849.08
1864.09
1879.1
1894.29
1910.37
1927.93
1947.49
1969.41
1994.07
2021.11
2049.95
2080.19
2111.45
2143.42
2176.08
2209.48
2243.39
2277.78
2312.65
2348.2
2384.28
2420.93
2458.29
2496.38
2535.1
2574.55
2614.88
2656.14
2698.19
2741.05
2784.99
2829.96
2875.81
2922.87
2971
3020.09
3070.18
3121.48
3174.03
3227.76
3282.54
3338.94
3396.54
3455.72
3516.26
3578.9
3643.66
3710.53
3779.42
3850.44
3924.68
4001.66
4080.7
4161.82
4245.42
4332.41
4422.19
4514.66
4609.48
4706.89
4807.63
4909.76
5015.45
5129.76
5276.17
5399.41
5526.82
5656.94
5789.6
5924.78
6062.77
6203.56
6346.76
6492.58
6640.75
6790.54
6941.67
7093.88
7246.97
7400.04
7553.01
7705.24
7855.85
8004.24
8149.86
8291.29
8427.42
8555.96
8667.65
8749.65
8804.89
8834.72
8838.87
8815.53
8763.07
8678.99
8559.22
8399.1
8194.3
7940.17
7630.46
7258.32
6818.54
6303.47
5685.64
4729.52
4310.13
4101.85
4021.38
3984.11
3903.88
3760.64
3603.77
3436.2
3260.99
3087.17
2919.81
2761.89
2617.3
2489.3
2379.58
2288.36
2214.52
2156.54
2112.41
2079.7
2056.13
2039.76
2029.16
2023.03
2020.27
2020.25
2022.45
2026.42
2032.06
2039.3
2047.92
2057.84
2069.01
2081.5
2095.15
2109.92
2125.73
2142.44
2159.79
2177.66
2195.72
2213.65
2231.14
2247.99
2263.85
2278.27
2291.07
2302.06
2311.1
2318.31
2323.99
2328.29
2331.47
2334.12
2337
2340.42
2344.57
2349.93
2356.63
2364.32
2372.67
2381.33
2390.2
2398.15
2404.17
2407.59
)
;
        Cmu             0.09;
        kappa           0.41;
        E               9.8;
    }
    domain_boundary
    {
        type            freestream;
        freestreamValue uniform 0.000765;
        value           nonuniform List<scalar> 
64
(
0.000742105
0.000726587
0.000733893
0.000765
0.000765
0.0332609
0.00146856
0.000716918
0.000765
2.15362
0.185381
0.000765
0.000765
0.000765
0.000827208
3.43618
0.000708523
0.000765
0.000765
0.000765
0.000765
0.000765
0.000765
0.000765
3.14207
0.000740369
0.000765
0.000771214
0.000840143
0.000765
0.000713225
0.000714398
0.000714902
0.000765
0.144472
0.000765
0.000723108
0.0007085
0.000765
0.000765
0.000765
0.000737683
0.000746551
0.000765
0.000765
0.000720827
0.000729178
0.000731858
0.959239
0.000765
0.000765
0.000765
0.000765
0.000765
0.000765
0.000765
0.0253271
0.000765
0.862302
0.00075545
0.000722519
0.000717804
0.000765
0.000765
)
;
    }
}


// ************************************************************************* //
