/*--------------------------------*- C++ -*----------------------------------*\
| =========                 |                                                 |
| \\      /  F ield         | OpenFOAM: The Open Source CFD Toolbox           |
|  \\    /   O peration     | Version:  2.3.1                                 |
|   \\  /    A nd           | Web:      www.OpenFOAM.org                      |
|    \\/     M anipulation  |                                                 |
\*---------------------------------------------------------------------------*/
FoamFile
{
    version     2.0;
    format      ascii;
    class       surfaceVectorField;
    location    "0.5";
    object      Uf;
}
// * * * * * * * * * * * * * * * * * * * * * * * * * * * * * * * * * * * * * //

dimensions      [0 1 -1 0 0 0 0];

internalField   nonuniform List<vector> 
1460
(
(-0.129081 0.0103559 1.67418e-20)
(-0.139256 -0.00228189 4.40935e-22)
(-0.111778 0.00499786 1.11498e-20)
(-0.126255 -0.0182902 4.86967e-20)
(-0.0914897 0.00390728 6.35985e-20)
(-0.108771 -0.0181486 -3.59138e-20)
(-0.0733602 0.00806675 4.27078e-20)
(-0.091087 -0.00935305 1.07604e-19)
(-0.0601701 0.0162652 -1.87668e-19)
(-0.0756423 0.00388286 1.94647e-20)
(-0.0529025 0.0273618 4.32656e-20)
(-0.0643367 0.0190276 -4.04315e-19)
(-0.0527971 0.0405201 3.30479e-19)
(-0.0573218 0.0370209 2.55656e-19)
(-0.058455 0.0539487 -1.70806e-19)
(-0.0567224 0.0540454 1.23583e-19)
(-0.0667294 0.0652853 -1.26309e-19)
(-0.0630923 0.0675375 -8.3066e-20)
(-0.0743236 0.0725342 -1.6887e-19)
(-0.0738878 0.0766905 1.5823e-19)
(-0.0785892 0.0759563 -8.72415e-20)
(-0.0851301 0.0831463 -5.41421e-19)
(-0.0911612 0.0941719 1.67899e-19)
(-0.0786475 0.0810836 8.00066e-20)
(-0.13816 -0.0277755 3.30994e-20)
(-0.156732 -0.021158 -1.12528e-21)
(-0.122481 -0.0412318 2.71912e-21)
(-0.141682 -0.0444031 3.86833e-20)
(-0.106762 -0.0353824 3.34057e-21)
(-0.130614 -0.0391887 -7.0635e-20)
(-0.0925176 -0.0187249 8.37127e-20)
(-0.120102 -0.020382 1.50803e-19)
(-0.0803079 0.00270942 -1.96111e-19)
(-0.108832 0.00371715 -1.04052e-19)
(-0.0705453 0.0258659 -1.98553e-19)
(-0.0982843 0.0293133 -2.42873e-19)
(-0.0643225 0.0488769 4.01037e-20)
(-0.087906 0.0568746 1.07556e-19)
(-0.0631907 0.0690272 2.112e-19)
(-0.0802507 0.0814574 0)
(-0.0692322 0.0834155 1.98778e-19)
(-0.0787874 0.100864 2.14731e-19)
(-0.0812714 0.0925223 -2.15802e-19)
(-0.0858838 0.114672 -1.27535e-19)
(-0.0931121 0.10597 -2.7989e-19)
(-0.0972446 0.12947 -4.84272e-20)
(-0.105078 0.150967 2.62369e-20)
(-0.100686 0.127281 -2.0104e-19)
(-0.154877 -0.0442641 3.97159e-21)
(-0.178345 -0.036508 -1.38203e-20)
(-0.148268 -0.0497628 -3.39973e-20)
(-0.168062 -0.0520584 1.40563e-20)
(-0.143231 -0.0317534 7.80772e-20)
(-0.169765 -0.0359616 -1.49643e-21)
(-0.136582 -0.00505524 -3.92575e-20)
(-0.168227 -0.00998885 1.15183e-19)
(-0.127845 0.0251609 -1.54256e-19)
(-0.162145 0.020415 -5.00964e-20)
(-0.119022 0.0564315 7.80395e-20)
(-0.152012 0.0538078 -7.33778e-20)
(-0.110149 0.0852134 7.80395e-20)
(-0.140242 0.0865432 7.92252e-20)
(-0.103772 0.109286 0)
(-0.128226 0.116249 -1.2128e-19)
(-0.10266 0.127852 -1.21581e-19)
(-0.11971 0.141026 -4.09516e-20)
(-0.106672 0.146447 5.62334e-20)
(-0.117985 0.162566 -1.13137e-19)
(-0.113071 0.17031 2.78604e-19)
(-0.119856 0.185789 2.71455e-19)
(-0.122471 0.208427 3.39833e-20)
(-0.119639 0.19353 9.58042e-20)
(-0.180514 -0.045102 -7.42385e-21)
(-0.200778 -0.0366422 -2.3897e-20)
(-0.186828 -0.0378719 4.69599e-20)
(-0.200422 -0.0391761 3.93693e-20)
(-0.191431 -0.0134709 3.51157e-20)
(-0.213441 -0.0171734 -1.49367e-20)
(-0.191003 0.0161776 1.13927e-19)
(-0.21871 0.0105343 8.82609e-20)
(-0.18564 0.0496348 3.37488e-20)
(-0.216638 0.0434151 -1.01336e-20)
(-0.175721 0.0849832 -7.45099e-20)
(-0.207364 0.0791741 3.45923e-20)
(-0.162796 0.118755 -1.23152e-19)
(-0.193666 0.113955 -1.07152e-19)
(-0.15002 0.14856 -1.56517e-19)
(-0.177376 0.146731 -3.4651e-20)
(-0.139979 0.174969 -2.64513e-20)
(-0.161813 0.175745 -1.52241e-19)
(-0.133984 0.200201 1.04448e-19)
(-0.149462 0.201457 1.05952e-20)
(-0.131239 0.223238 2.29494e-20)
(-0.13972 0.223948 9.33188e-20)
(-0.132459 0.241645 4.99332e-20)
(-0.131092 0.242282 -6.90881e-20)
(-0.208068 -0.0283887 1.96757e-20)
(-0.22008 -0.0215952 4.63328e-21)
(-0.224478 -0.0142568 -2.24309e-20)
(-0.230442 -0.0140507 7.05675e-21)
(-0.236212 0.0108449 3.50987e-20)
(-0.249949 0.00848391 -2.46544e-20)
(-0.240688 0.0412124 -2.8786e-20)
(-0.260276 0.0346405 1.22021e-19)
(-0.237475 0.075854 -3.87571e-21)
(-0.261323 0.06618 -1.17055e-19)
(-0.226525 0.111938 2.61184e-22)
(-0.253129 0.0999078 1.55969e-19)
(-0.209991 0.14695 -1.71758e-20)
(-0.237541 0.133381 -1.86282e-19)
(-0.190754 0.178915 -2.97708e-20)
(-0.216804 0.165579 3.86047e-20)
(-0.171676 0.206423 -1.16116e-19)
(-0.19397 0.193797 -1.31324e-19)
(-0.154669 0.228459 0)
(-0.171642 0.216395 5.20855e-20)
(-0.140282 0.244606 1.17664e-19)
(-0.1511 0.232432 6.33551e-21)
(-0.132942 0.243159 4.40414e-20)
(-0.128741 0.257374 1.29013e-20)
(-0.231742 -0.00415351 -8.7804e-21)
(-0.235989 0.00165836 -2.64825e-21)
(-0.253716 0.0131504 3.41637e-21)
(-0.252673 0.0152091 7.39099e-21)
(-0.27026 0.0365083 5.9744e-20)
(-0.274274 0.0357814 2.24382e-20)
(-0.278239 0.0634179 3.75702e-20)
(-0.28629 0.0571168 4.41935e-22)
(-0.276057 0.0943288 4.33972e-20)
(-0.28803 0.0826942 0)
(-0.263567 0.127057 -3.59865e-20)
(-0.279785 0.110075 8.09173e-20)
(-0.243658 0.159158 -1.31976e-19)
(-0.262478 0.139002 -1.22899e-19)
(-0.218817 0.187711 -8.60208e-20)
(-0.238454 0.166711 1.64228e-20)
(-0.192011 0.210199 2.48663e-20)
(-0.210555 0.189982 8.79361e-20)
(-0.165719 0.225421 5.91813e-20)
(-0.181722 0.206565 3.26996e-20)
(-0.141342 0.23453 -7.07976e-20)
(-0.154065 0.216109 6.46595e-20)
(-0.128297 0.221018 -9.79166e-20)
(-0.119326 0.240838 -1.01726e-19)
(-0.2491 0.0217906 1.12814e-20)
(-0.249363 0.0251728 -1.29658e-20)
(-0.271456 0.0395676 2.58384e-20)
(-0.267735 0.0422202 2.6126e-20)
(-0.287793 0.0581671 -3.5482e-20)
(-0.286782 0.0584208 0)
(-0.29517 0.0781062 -3.5482e-20)
(-0.295683 0.0722058 -5.79544e-20)
(-0.291601 0.101092 3.30967e-20)
(-0.294585 0.0885009 1.90458e-20)
(-0.278312 0.126539 -1.22081e-20)
(-0.284096 0.108036 3.3465e-20)
(-0.256697 0.151976 1.8241e-20)
(-0.265557 0.12999 -4.58089e-20)
(-0.229241 0.174271 1.72446e-19)
(-0.240474 0.151567 7.76107e-20)
(-0.19888 0.190755 8.82255e-20)
(-0.211327 0.169342 7.96949e-20)
(-0.16832 0.200553 2.95221e-20)
(-0.180835 0.181144 -4.70848e-21)
(-0.139207 0.205115 2.93157e-20)
(-0.151122 0.186993 4.60468e-20)
(-0.122859 0.188924 -3.01206e-20)
(-0.111745 0.206984 5.10505e-20)
(-0.263371 0.0443404 0)
(-0.261806 0.0457795 -1.14674e-20)
(-0.282308 0.0603394 0)
(-0.281596 0.0637674 1.64397e-20)
(-0.293915 0.0721012 -2.2326e-20)
(-0.295978 0.0733462 -1.08009e-20)
(-0.295965 0.0829703 -3.0659e-21)
(-0.298647 0.077617 -9.00247e-22)
(-0.288149 0.0964585 1.92601e-20)
(-0.291113 0.0840163 1.2183e-21)
(-0.272266 0.113089 0)
(-0.275134 0.0953638 0)
(-0.250085 0.131146 1.71987e-20)
(-0.253395 0.110748 1.20398e-20)
(-0.223173 0.147677 -1.26028e-20)
(-0.227753 0.126881 1.23262e-20)
(-0.193647 0.160101 -1.26798e-20)
(-0.19993 0.140591 -4.7105e-20)
(-0.163855 0.167469 1.14335e-20)
(-0.17151 0.150072 1.94265e-20)
(-0.135106 0.170628 -1.40249e-20)
(-0.143925 0.155081 -5.24461e-21)
(-0.117488 0.156779 -5.01845e-21)
(-0.107423 0.171019 -4.51671e-21)
(-0.278548 0.0654666 5.00409e-21)
(-0.274471 0.0647544 -7.05945e-21)
(-0.295396 0.0774642 5.41521e-21)
(-0.29617 0.0818229 7.70118e-21)
(-0.301554 0.079746 1.04605e-20)
(-0.302842 0.0806354 1.57393e-20)
(-0.295988 0.0794555 2.90581e-21)
(-0.297044 0.0722963 5.18053e-20)
(-0.280157 0.0831115 -1.84693e-20)
(-0.282886 0.0681881 -2.78851e-20)
(-0.257926 0.0924875 1.21667e-20)
(-0.262226 0.073393 -2.00489e-21)
(-0.232408 0.105312 3.56339e-21)
(-0.23729 0.0852674 3.40639e-21)
(-0.205531 0.118072 -2.92063e-20)
(-0.210517 0.0990308 -8.89775e-21)
(-0.178796 0.128511 -1.36819e-20)
(-0.183497 0.111452 -2.25522e-20)
(-0.152768 0.135637 7.46522e-21)
(-0.157497 0.120417 1.39392e-21)
(-0.12768 0.139553 3.9493e-21)
(-0.133248 0.125816 1.86392e-22)
(-0.110534 0.128508 -2.65153e-21)
(-0.103295 0.140763 9.82806e-21)
(-0.29352 0.0794118 -3.85485e-21)
(-0.281404 0.081602 1.26424e-21)
(-0.304012 0.084706 1.78836e-20)
(-0.296795 0.0912289 -5.08066e-21)
(-0.300803 0.0741331 5.75463e-20)
(-0.286179 0.0736168 9.40047e-21)
(-0.287236 0.0624014 2.11939e-20)
(-0.269408 0.0518348 6.30053e-21)
(-0.266751 0.0592024 -9.19943e-21)
(-0.25268 0.0405094 -9.41247e-21)
(-0.24225 0.0656488 -1.29516e-20)
(-0.234281 0.0436968 1.35107e-20)
(-0.215717 0.0776581 -1.11389e-20)
(-0.213257 0.0559344 -1.09878e-20)
(-0.188805 0.0906778 1.07847e-21)
(-0.190639 0.0708947 1.10548e-20)
(-0.162766 0.101511 -4.10962e-21)
(-0.167436 0.0844994 -1.74283e-21)
(-0.13859 0.109024 -6.50437e-21)
(-0.144578 0.0946435 3.57158e-21)
(-0.116787 0.113708 -2.70739e-21)
(-0.12273 0.101395 -5.65853e-21)
(-0.102541 0.105121 2.83126e-21)
(-0.0965258 0.116033 1.61029e-21)
(-0.28704 0.0968732 8.17928e-22)
(-0.280966 0.0795348 -4.16955e-21)
(-0.276734 0.0818812 -1.30696e-20)
(-0.264229 0.0785304 4.24507e-21)
(-0.258244 0.0513663 -4.53497e-20)
(-0.230195 0.0452555 -1.74295e-20)
(-0.23948 0.0295482 -2.80719e-20)
(-0.20645 0.0176356 -2.83184e-20)
(-0.22166 0.0247614 1.58752e-20)
(-0.19421 0.00693114 -4.04003e-21)
(-0.204595 0.0335703 1.59158e-20)
(-0.184458 0.0135463 1.80098e-20)
(-0.18717 0.0487118 1.14149e-20)
(-0.173043 0.0288578 -5.38136e-21)
(-0.1687 0.0642556 6.39496e-21)
(-0.159688 0.0457814 -1.70005e-21)
(-0.149039 0.0770525 4.80242e-21)
(-0.144764 0.0605448 1.19047e-21)
(-0.128892 0.0862032 2.79342e-21)
(-0.128629 0.0718173 1.61823e-21)
(-0.109021 0.0919093 -2.73392e-23)
(-0.111743 0.0796825 -2.77717e-20)
(-0.0947573 0.0846762 -8.45616e-21)
(-0.0902232 0.0951278 -4.57212e-21)
(-0.258975 0.0492581 0)
(-0.181122 0.0386216 1.71351e-21)
(-0.21386 0.0351243 0)
(-0.156457 0.0307212 -1.75783e-21)
(-0.182955 0.00820773 0)
(-0.131948 0.00112304 0)
(-0.165961 -0.00741286 -4.07582e-21)
(-0.124634 -0.0176886 0)
(-0.158266 -0.006265 -4.57325e-21)
(-0.127957 -0.0189781 -4.10981e-21)
(-0.152515 0.00668962 -3.95747e-21)
(-0.131153 -0.00730414 -5.83694e-21)
(-0.145141 0.0241148 -1.0523e-20)
(-0.129974 0.00961801 -2.53264e-21)
(-0.135502 0.0408949 -3.31118e-21)
(-0.124627 0.0263831 -1.59817e-21)
(-0.124007 0.0547493 -2.05391e-21)
(-0.116292 0.0404721 2.46652e-22)
(-0.111135 0.0651789 -2.94694e-20)
(-0.105923 0.0512273 8.79227e-21)
(-0.0971921 0.0724167 -3.6485e-20)
(-0.0941722 0.0589182 -6.43741e-21)
(-0.0825695 0.0770217 -2.7515e-20)
(-0.0815555 0.0641689 -1.43645e-20)
(-0.0732009 0.0915387 -7.57491e-20)
(-0.0925528 0.1091 -2.94814e-19)
(-0.0648909 0.102872 8.76118e-20)
(-0.0918185 0.122665 1.09356e-19)
(-0.0591698 0.108351 0)
(-0.0903794 0.131506 -1.35314e-21)
(-0.0570303 0.106721 1.74584e-19)
(-0.0878756 0.1348 1.23972e-19)
(-0.053508 0.0993489 -1.66358e-19)
(-0.0871807 0.133677 2.15916e-19)
(-0.0462785 0.0906992 -9.1296e-20)
(-0.0802564 0.130784 -4.2572e-19)
(-0.0359229 0.084502 2.42129e-19)
(-0.0656337 0.126464 3.71949e-19)
(-0.0233863 0.0829714 -1.07599e-19)
(-0.0463528 0.121406 -2.07838e-20)
(-0.0100866 0.0881927 -2.53986e-22)
(-0.0233967 0.117304 -9.04507e-20)
(0.0029557 0.101322 1.92905e-20)
(0.00084896 0.115803 7.23998e-20)
(0.0134766 0.119101 -6.74268e-20)
(0.018414 0.123027 -5.97952e-20)
(0.0220829 0.132055 0)
(-0.107178 0.146023 -1.20216e-19)
(-0.11188 0.171753 -1.35345e-19)
(-0.113854 0.156622 8.96024e-21)
(-0.119495 0.186898 -3.80248e-20)
(-0.117721 0.162202 1.2851e-19)
(-0.126063 0.198346 1.27785e-19)
(-0.116388 0.165115 1.60684e-19)
(-0.130726 0.207022 4.02265e-20)
(-0.110934 0.166809 -4.33676e-20)
(-0.132667 0.213558 3.49373e-20)
(-0.0991685 0.164935 2.5295e-20)
(-0.130716 0.2159 -3.36438e-20)
(-0.0786778 0.159312 1.1031e-19)
(-0.119585 0.213071 9.0606e-20)
(-0.0502173 0.15206 0)
(-0.096666 0.20474 0)
(-0.0187736 0.146147 -2.15273e-20)
(-0.061048 0.19044 2.8149e-20)
(0.0094023 0.143841 -1.13128e-20)
(-0.0188414 0.170262 -2.37368e-20)
(0.0245978 0.146373 1.02145e-20)
(0.0168289 0.155949 5.97204e-20)
(0.026161 0.149341 0)
(-0.12681 0.212047 -4.66259e-20)
(-0.127065 0.227094 -3.63496e-21)
(-0.134246 0.228716 8.82057e-20)
(-0.133391 0.244179 -4.38344e-20)
(-0.141482 0.244199 4.16786e-20)
(-0.141241 0.261539 9.4968e-20)
(-0.148148 0.256281 -8.97069e-20)
(-0.150714 0.277266 -1.21335e-19)
(-0.151833 0.263461 4.95389e-20)
(-0.15985 0.289445 0)
(-0.148382 0.264273 2.86997e-20)
(-0.167874 0.296075 5.02915e-20)
(-0.133439 0.257293 -2.47631e-20)
(-0.168717 0.296296 -7.34554e-20)
(-0.103314 0.241471 2.86278e-20)
(-0.15718 0.287528 3.73866e-20)
(-0.058673 0.217675 2.67468e-20)
(-0.127312 0.266717 -1.83389e-20)
(-0.0105533 0.191704 5.19792e-20)
(-0.0772739 0.233394 1.19423e-20)
(0.0177378 0.172546 5.01741e-20)
(-0.0183753 0.194178 2.30261e-20)
(0.0143655 0.16466 -1.62815e-24)
(-0.133648 0.260068 0)
(-0.127834 0.256871 -1.02539e-19)
(-0.139178 0.278691 -3.55478e-20)
(-0.126189 0.273118 7.33952e-21)
(-0.14817 0.296713 -6.62797e-20)
(-0.129087 0.289931 -3.60426e-20)
(-0.160271 0.312279 -3.0732e-20)
(-0.137656 0.30533 -5.45283e-20)
(-0.17326 0.323538 0)
(-0.151368 0.318211 -2.79286e-20)
(-0.184033 0.329454 -4.14659e-20)
(-0.168271 0.327834 6.75517e-20)
(-0.187171 0.327662 -3.50251e-21)
(-0.183883 0.333478 -1.06171e-19)
(-0.175242 0.314462 -4.6682e-21)
(-0.193444 0.332694 3.91446e-20)
(-0.140746 0.285749 -2.40029e-20)
(-0.188482 0.32024 -5.81074e-20)
(-0.0824217 0.241525 -9.56003e-21)
(-0.157708 0.290609 3.80627e-22)
(-0.0204702 0.195944 -2.73562e-20)
(-0.091531 0.243106 -3.73701e-20)
(-0.00877948 0.189512 -4.7832e-21)
(-0.120427 0.270247 -9.56695e-20)
(-0.117124 0.252617 -1.32046e-19)
(-0.116649 0.283773 7.44314e-21)
(-0.10471 0.262887 8.74332e-20)
(-0.119492 0.296891 -2.03758e-20)
(-0.0982356 0.272939 -3.2927e-20)
(-0.130241 0.309061 -4.86986e-20)
(-0.100053 0.281884 2.45936e-20)
(-0.148188 0.320081 4.01825e-20)
(-0.111085 0.289623 -3.70512e-21)
(-0.170333 0.329743 5.70192e-21)
(-0.130594 0.297059 1.33666e-19)
(-0.192386 0.337034 -6.71113e-20)
(-0.155169 0.306366 -9.50472e-20)
(-0.208134 0.338698 -1.78583e-20)
(-0.181169 0.315847 -3.26801e-20)
(-0.205687 0.32762 -3.24982e-20)
(-0.203535 0.321015 -1.53075e-20)
(-0.166691 0.294114 -2.68598e-20)
(-0.210328 0.313364 -5.47775e-21)
(-0.0799457 0.236958 -1.4324e-20)
(-0.175209 0.285871 -2.19809e-20)
(-0.0633496 0.23341 -6.46067e-22)
(-0.100072 0.246668 5.22097e-20)
(-0.104293 0.224635 4.79899e-20)
(-0.0854649 0.251841 4.44321e-20)
(-0.0832512 0.227747 7.45762e-20)
(-0.0785127 0.255753 1.72978e-20)
(-0.0681537 0.229584 2.78174e-21)
(-0.0814293 0.258872 7.97718e-20)
(-0.0622316 0.230268 2.39187e-20)
(-0.0946022 0.263002 9.42354e-20)
(-0.0669586 0.230904 6.47868e-20)
(-0.117107 0.270714 3.81945e-20)
(-0.0817005 0.234014 -3.02589e-20)
(-0.146474 0.282422 -5.91713e-20)
(-0.105164 0.24179 -4.40756e-21)
(-0.180001 0.296723 -3.09728e-20)
(-0.135307 0.255017 -3.55183e-21)
(-0.211572 0.309185 1.22883e-20)
(-0.170166 0.27174 2.24443e-20)
(-0.219301 0.308235 -3.20726e-21)
(-0.205739 0.285184 2.28874e-20)
(-0.156995 0.273771 -8.41977e-21)
(-0.220782 0.289829 -2.25889e-20)
(-0.138619 0.271851 4.17482e-21)
(-0.0859803 0.20737 6.45225e-20)
(-0.0958126 0.188989 7.41648e-20)
(-0.0638095 0.206085 2.77658e-20)
(-0.0706267 0.187472 -2.75817e-20)
(-0.0487089 0.203293 4.28615e-21)
(-0.0498115 0.184092 4.64995e-21)
(-0.0438643 0.200349 8.07874e-21)
(-0.03692 0.179624 3.96024e-20)
(-0.0504566 0.199493 -6.15653e-20)
(-0.0346659 0.175976 -2.35734e-20)
(-0.0672934 0.202762 -7.79495e-20)
(-0.0437494 0.175909 -2.62653e-20)
(-0.0924503 0.212363 5.22871e-20)
(-0.0620896 0.181136 -2.30153e-20)
(-0.125131 0.228298 5.08409e-20)
(-0.0893186 0.193697 4.73604e-20)
(-0.167118 0.249657 3.3294e-20)
(-0.123489 0.212271 -1.60918e-20)
(-0.212162 0.272533 -3.68139e-21)
(-0.16542 0.232824 2.32561e-20)
(-0.205393 0.27663 -1.00134e-20)
(-0.213337 0.256806 -1.01248e-20)
(-0.193207 0.281646 -1.17504e-21)
(-0.0805959 0.169236 -1.95371e-20)
(-0.0917924 0.156212 6.55857e-21)
(-0.0557839 0.165276 -5.06664e-20)
(-0.0668651 0.153519 -2.48104e-20)
(-0.0358229 0.159631 3.38319e-20)
(-0.0441765 0.148652 -1.86921e-20)
(-0.0241613 0.153951 1.37264e-20)
(-0.0265754 0.142407 6.46522e-20)
(-0.0232761 0.150874 1.04223e-20)
(-0.0171997 0.136767 -6.61174e-20)
(-0.0337554 0.153026 1.45776e-20)
(-0.0181604 0.134575 3.84708e-20)
(-0.0547921 0.16141 -3.24411e-20)
(-0.0298746 0.138351 -1.94233e-20)
(-0.0844137 0.176924 -1.79677e-20)
(-0.0517205 0.149382 1.93342e-20)
(-0.121016 0.197562 -2.44013e-20)
(-0.0841219 0.166875 -2.02987e-20)
(-0.169697 0.223693 1.2701e-20)
(-0.124541 0.188993 3.72389e-22)
(-0.204488 0.253614 -1.18826e-21)
(-0.176153 0.217997 -3.57319e-21)
(-0.203299 0.270066 -3.51356e-22)
(-0.0792078 0.139539 6.43759e-21)
(-0.0885705 0.129047 1.08674e-20)
(-0.0557779 0.135918 1.07351e-20)
(-0.0668255 0.127483 3.64334e-21)
(-0.0346406 0.130278 1.08092e-20)
(-0.0457062 0.123725 1.51122e-20)
(-0.0184951 0.123927 -1.18576e-20)
(-0.0268065 0.118198 -6.24431e-21)
(-0.010246 0.119199 -3.56175e-20)
(-0.0126481 0.11231 -4.66888e-21)
(-0.0119287 0.118853 3.34646e-21)
(-0.00592429 0.108398 -1.49393e-20)
(-0.0246336 0.125097 2.71063e-20)
(-0.00870994 0.109288 3.28951e-20)
(-0.048682 0.138913 1.37399e-20)
(-0.0223322 0.116927 -1.29995e-20)
(-0.0839959 0.16118 5.3604e-21)
(-0.0479816 0.132901 1.03163e-20)
(-0.128121 0.190031 -1.53941e-20)
(-0.0858329 0.156991 -1.03663e-20)
(-0.17346 0.229174 -2.64112e-21)
(-0.132886 0.19115 -5.31142e-21)
(-0.174083 0.252725 -1.41881e-21)
(-0.0768354 0.116301 6.23816e-21)
(-0.0836728 0.10675 -8.27576e-21)
(-0.0571975 0.114511 7.30011e-21)
(-0.0655062 0.106678 8.81415e-21)
(-0.0380098 0.110712 -8.91437e-22)
(-0.0476434 0.104884 1.19283e-21)
(-0.0207451 0.105515 1.24584e-21)
(-0.0303647 0.101389 -1.72686e-21)
(-0.00776466 0.100426 1.48657e-20)
(-0.0149185 0.0967788 2.57226e-21)
(-0.00171957 0.097761 1.4721e-20)
(-0.00345933 0.0924668 4.51769e-21)
(-0.0049812 0.100145 -6.34275e-21)
(0.00138948 0.0908139 1.03262e-20)
(-0.019464 0.110226 -1.6722e-20)
(-0.00285839 0.0944175 -6.28587e-21)
(-0.0466656 0.131153 -5.51715e-21)
(-0.0180747 0.106753 -7.83393e-22)
(-0.086191 0.16492 -6.24919e-21)
(-0.046129 0.129623 -8.74254e-21)
(-0.128017 0.212561 -5.70795e-21)
(-0.0854302 0.16966 -7.08253e-21)
(-0.118098 0.235237 2.374e-21)
(-0.0726872 0.0965757 -1.84632e-21)
(-0.0781797 0.0875823 -2.34295e-20)
(-0.0560994 0.0965208 3.10082e-21)
(-0.0622692 0.0888837 1.10857e-20)
(-0.040006 0.0949326 1.73406e-22)
(-0.0470148 0.0887759 -6.83821e-22)
(-0.0244273 0.0918957 1.56619e-22)
(-0.032209 0.0873294 2.56015e-21)
(-0.010357 0.0879904 -1.01204e-20)
(-0.0179642 0.0846895 -6.17187e-21)
(0.000177206 0.0846013 -1.79536e-21)
(-0.005225 0.0813688 -5.50469e-21)
(0.00450622 0.0840634 1.02451e-20)
(0.0041054 0.0787611 5.24581e-21)
(9.227e-05 0.0898159 5.94158e-21)
(0.007612 0.0791954 6.65114e-21)
(-0.015019 0.106352 -3.1993e-21)
(0.00315887 0.086783 3.24133e-21)
(-0.0407453 0.140435 -3.46496e-21)
(-0.0103825 0.105233 4.72591e-22)
(-0.0672039 0.199 2.84813e-21)
(-0.0322159 0.14544 1.73329e-22)
(-0.0409943 0.211013 6.11185e-21)
(-0.0677218 0.0796163 -9.91949e-21)
(-0.0685293 0.0677544 -1.06401e-21)
(-0.0531865 0.0807474 7.20155e-21)
(-0.055573 0.0703523 -6.4936e-21)
(-0.0391898 0.0806771 4.20205e-22)
(-0.0430419 0.0721224 4.11514e-21)
(-0.025672 0.0795276 -5.27645e-21)
(-0.0308182 0.0729789 3.8906e-21)
(-0.0127235 0.0773962 -1.48034e-21)
(-0.0187365 0.072774 -5.15076e-21)
(-0.00111444 0.0747283 -2.47274e-22)
(-0.00697983 0.0714274 2.54089e-21)
(0.00747864 0.072873 2.56169e-21)
(0.00360334 0.0693978 -4.76202e-22)
(0.011045 0.0746484 3.83701e-21)
(0.0115099 0.068092 1.23629e-21)
(0.00855751 0.0848066 7.60774e-21)
(0.0153647 0.0706771 2.63272e-21)
(0.00253031 0.113375 4.99679e-21)
(0.0169553 0.080914 5.03847e-21)
(0.00904944 0.176679 0)
(0.0214834 0.10536 0)
(0.0628516 0.140195 0)
(0.0103095 0.129042 -5.5857e-21)
(-0.0023532 0.139251 4.1773e-21)
(0.0049416 0.111712 0)
(-0.0183463 0.126218 0)
(0.00384106 0.0914052 0)
(-0.0181968 0.108721 -1.83738e-20)
(0.00798253 0.0732551 -4.26964e-20)
(-0.00941524 0.0910263 0)
(0.0161578 0.0600386 -2.51181e-19)
(0.00379572 0.0755637 -9.8287e-21)
(0.0272359 0.052741 -8.24454e-20)
(0.018918 0.0642302 -2.52371e-19)
(0.0403914 0.0525994 1.66687e-19)
(0.0368873 0.0571788 2.05655e-19)
(0.0538424 0.0582417 1.62561e-19)
(0.0539312 0.0565216 7.86417e-21)
(0.0652211 0.0665361 -2.5158e-19)
(0.0674664 0.0628449 2.59695e-19)
(0.0725216 0.0741789 -1.23439e-19)
(0.0766644 0.0736357 -4.52786e-19)
(0.0759713 0.0784919 1.67711e-19)
(0.0831074 0.0849244 -3.54893e-20)
(0.0940517 0.0910339 6.49831e-20)
(0.0810579 0.078583 -3.21401e-19)
(-0.0278573 0.13815 9.64463e-21)
(-0.0212449 0.156744 -1.42887e-20)
(-0.0412995 0.122465 -1.87219e-20)
(-0.0444649 0.141685 1.58487e-20)
(-0.0354446 0.106744 -1.87219e-20)
(-0.0392289 0.130636 2.84365e-20)
(-0.0188077 0.0924907 3.8348e-20)
(-0.0204453 0.120133 3.56931e-20)
(0.00259323 0.080259 -2.41978e-21)
(0.00361236 0.108866 7.88431e-20)
(0.0257237 0.0704637 3.88897e-20)
(0.0291765 0.0982876 7.38097e-20)
(0.0487272 0.0641831 4.25206e-20)
(0.0566951 0.0878734 -6.72926e-20)
(0.0689067 0.0629786 1.01867e-19)
(0.0813025 0.0801434 -3.7758e-20)
(0.0833559 0.0689477 5.80144e-20)
(0.100762 0.0785774 1.41329e-19)
(0.0924733 0.0809679 -3.56114e-19)
(0.114593 0.0855828 9.23686e-20)
(0.105799 0.0928727 -1.43726e-19)
(0.129308 0.0969577 -5.18422e-19)
(0.15072 0.104851 1.47771e-19)
(0.127037 0.100494 2.05599e-19)
(-0.0443183 0.154896 -1.14167e-20)
(-0.0365644 0.178366 -2.84084e-20)
(-0.0497776 0.148318 6.73674e-20)
(-0.0520683 0.168092 -1.36961e-20)
(-0.0317716 0.143304 8.75493e-20)
(-0.0359592 0.169838 1.96088e-20)
(-0.00511907 0.136668 7.68317e-20)
(-0.010036 0.168316 -6.72545e-20)
(0.0250363 0.127933 1.6296e-19)
(0.0203102 0.162253 1.48443e-19)
(0.0562485 0.119047 -4.28631e-20)
(0.0535943 0.15213 1.22317e-19)
(0.0850348 0.110125 -1.60883e-19)
(0.0863446 0.140315 -1.69473e-19)
(0.10915 0.103664 0)
(0.116065 0.128229 0)
(0.127741 0.102459 1.85853e-19)
(0.140874 0.119603 1.06912e-19)
(0.146259 0.106417 -3.95997e-20)
(0.16239 0.117774 8.48575e-20)
(0.17004 0.112804 -2.25624e-19)
(0.185554 0.119624 -6.71006e-20)
(0.208201 0.122228 -1.18286e-19)
(0.193283 0.119375 9.88439e-20)
(-0.0450974 0.180547 -3.35599e-20)
(-0.0366509 0.200791 -1.40762e-20)
(-0.0378402 0.186897 -6.41749e-20)
(-0.0391342 0.200453 -3.2871e-20)
(-0.0134806 0.191527 -1.36768e-19)
(-0.0171471 0.213504 2.18901e-20)
(0.0160916 0.191115 -9.64514e-22)
(0.0104823 0.218794 -1.06161e-19)
(0.0494688 0.185743 1.08019e-19)
(0.043271 0.216757 1.14622e-19)
(0.0847836 0.175843 -6.53766e-21)
(0.0789751 0.207494 -1.06342e-19)
(0.118552 0.162871 -6.53766e-21)
(0.113721 0.193797 3.29669e-20)
(0.148373 0.15002 1.08561e-19)
(0.146497 0.17745 -1.88877e-19)
(0.174771 0.139889 -1.59202e-21)
(0.175524 0.161801 2.76884e-19)
(0.199975 0.13382 6.3525e-20)
(0.201236 0.14937 -1.84024e-19)
(0.223027 0.131034 4.47412e-20)
(0.223752 0.139582 1.92007e-19)
(0.241495 0.132291 -1.29854e-19)
(0.242095 0.130869 -1.85303e-19)
(-0.028349 0.208093 -1.66599e-20)
(-0.021571 0.22008 -2.06158e-20)
(-0.0142091 0.224522 4.90001e-20)
(-0.0139871 0.230457 -4.22408e-21)
(0.0108415 0.236277 5.20168e-20)
(0.00851697 0.249969 5.2685e-20)
(0.0411233 0.240778 5.17154e-21)
(0.0345856 0.260316 0)
(0.075673 0.237584 -1.02156e-19)
(0.0660147 0.261405 5.16142e-20)
(0.111699 0.226648 -6.25969e-20)
(0.0996889 0.253229 -1.78281e-20)
(0.146694 0.210097 -1.51163e-19)
(0.133108 0.237651 1.15732e-19)
(0.178666 0.190811 -1.72304e-20)
(0.165298 0.216892 -3.16845e-19)
(0.2062 0.171666 8.70312e-20)
(0.193546 0.194011 1.18996e-19)
(0.228284 0.1546 -5.37764e-20)
(0.216202 0.17163 -3.35475e-20)
(0.244487 0.140176 1.75233e-20)
(0.232315 0.151044 1.08805e-19)
(0.243095 0.132861 -3.84322e-20)
(0.257279 0.128618 4.22555e-20)
(-0.0041085 0.231749 -1.29387e-20)
(0.00169155 0.235983 -9.16344e-21)
(0.0131944 0.253725 -9.37801e-22)
(0.0152723 0.252678 -1.71923e-20)
(0.036488 0.270273 0)
(0.0358012 0.274266 1.58486e-20)
(0.063293 0.278258 4.22594e-20)
(0.0570311 0.286284 3.05483e-20)
(0.094113 0.276128 1.29559e-19)
(0.0825316 0.288035 -2.34312e-20)
(0.126774 0.263649 1.57787e-19)
(0.109814 0.27982 8.80105e-20)
(0.158856 0.243741 -5.75548e-20)
(0.138694 0.262533 7.16585e-20)
(0.18744 0.218882 -1.77464e-19)
(0.166413 0.238514 -2.90984e-20)
(0.209998 0.192043 -3.37948e-21)
(0.189745 0.2106 -4.84835e-20)
(0.225307 0.165712 1.3343e-19)
(0.206419 0.181737 -6.23051e-21)
(0.234486 0.141305 5.08163e-20)
(0.216054 0.154048 6.00714e-20)
(0.221019 0.128258 -1.81318e-20)
(0.240835 0.119273 -7.86955e-20)
(0.0218338 0.249105 -1.6027e-20)
(0.0252118 0.249353 5.34725e-22)
(0.0395947 0.271455 -1.22935e-21)
(0.0422752 0.267761 -2.97281e-20)
(0.0581168 0.287775 4.69568e-20)
(0.0584133 0.286798 5.30507e-20)
(0.0779502 0.295155 -3.47326e-20)
(0.0720961 0.295675 3.1261e-20)
(0.100838 0.291586 -6.54683e-20)
(0.0882949 0.294558 -4.62548e-20)
(0.126229 0.278321 0)
(0.107756 0.284068 -5.31313e-20)
(0.151663 0.256726 8.52243e-20)
(0.129673 0.265551 7.10738e-21)
(0.174011 0.229278 9.04608e-20)
(0.151283 0.240487 9.86163e-20)
(0.190584 0.198908 -4.07412e-20)
(0.169136 0.211344 1.55693e-20)
(0.200477 0.168323 -7.12826e-20)
(0.181034 0.180837 -7.09151e-20)
(0.20511 0.139184 -1.79594e-20)
(0.186968 0.151099 -2.4734e-20)
(0.188955 0.122815 2.64326e-20)
(0.207032 0.111707 4.66486e-20)
(0.0443896 0.263396 -1.29561e-20)
(0.0458426 0.261785 3.37963e-21)
(0.0603585 0.282349 2.37858e-20)
(0.0638375 0.281654 -1.33915e-20)
(0.0720331 0.293938 3.72469e-20)
(0.073315 0.296049 1.44381e-20)
(0.0827966 0.295957 2.01664e-20)
(0.0774653 0.298692 0)
(0.096196 0.288112 -3.571e-20)
(0.0837687 0.291126 4.78044e-20)
(0.112791 0.272234 -4.28351e-20)
(0.0950777 0.275112 -7.41369e-20)
(0.130855 0.250055 2.49305e-20)
(0.110434 0.253378 2.75373e-20)
(0.147445 0.223167 2.21484e-20)
(0.126636 0.227733 2.10805e-20)
(0.159953 0.193642 -1.87121e-20)
(0.140417 0.199913 1.83365e-20)
(0.167408 0.163834 -2.48177e-20)
(0.149985 0.171482 -3.12787e-20)
(0.170636 0.135063 2.06761e-20)
(0.155067 0.143876 8.68932e-22)
(0.156818 0.117419 2.08815e-20)
(0.17108 0.107361 -5.53466e-21)
(0.0655577 0.278578 3.10449e-21)
(0.0648455 0.274431 2.95254e-21)
(0.0775004 0.295471 -2.26206e-20)
(0.0819252 0.296201 -4.20137e-21)
(0.0796412 0.301626 -2.26206e-20)
(0.0805725 0.302865 -1.35589e-20)
(0.0792327 0.296061 2.77167e-20)
(0.0721053 0.297024 -1.35551e-20)
(0.0828233 0.28019 7.66015e-21)
(0.0678737 0.282864 2.29921e-20)
(0.0921885 0.257915 3.24457e-21)
(0.0730632 0.262205 -2.92788e-20)
(0.105058 0.232393 2.6565e-20)
(0.0849725 0.237278 1.66625e-20)
(0.117882 0.205506 1.92254e-20)
(0.098812 0.210504 7.37059e-21)
(0.128393 0.178755 1.00076e-20)
(0.111305 0.183478 1.17002e-20)
(0.135592 0.152714 -5.0923e-21)
(0.120353 0.157451 5.62563e-21)
(0.139566 0.127607 1.72043e-21)
(0.125811 0.133178 2.32874e-21)
(0.128546 0.110443 1.1221e-20)
(0.140818 0.103205 9.09021e-22)
(0.079477 0.293492 -3.77646e-21)
(0.0816695 0.281393 -1.24564e-21)
(0.0846733 0.303968 5.13389e-21)
(0.0912991 0.296772 -8.41528e-21)
(0.0739164 0.300738 -4.31373e-21)
(0.0734892 0.286093 9.4626e-21)
(0.0620683 0.287132 -1.2803e-20)
(0.0515601 0.269282 -2.99001e-21)
(0.0588535 0.266675 -1.5005e-20)
(0.0401877 0.252573 -8.22295e-21)
(0.0653325 0.242214 -1.3182e-20)
(0.0433952 0.234215 -2.47915e-20)
(0.077406 0.215713 -6.73717e-21)
(0.0556837 0.213227 -1.11014e-22)
(0.0905048 0.188798 1.23022e-21)
(0.0707123 0.190631 6.38497e-21)
(0.101421 0.16274 1.14004e-20)
(0.0843875 0.167428 1.7051e-21)
(0.108997 0.13853 1.32265e-20)
(0.0946009 0.144548 -1.86357e-22)
(0.113728 0.116698 1.22098e-20)
(0.101404 0.122666 -1.04183e-20)
(0.105163 0.102446 -3.1748e-21)
(0.116084 0.0964159 7.03078e-21)
(0.0969134 0.287009 -5.27966e-21)
(0.0795794 0.281062 -3.7192e-21)
(0.0818097 0.276633 -4.17161e-21)
(0.0785292 0.264187 -9.29874e-22)
(0.0511234 0.258112 1.09276e-20)
(0.0450747 0.230086 0)
(0.0292346 0.239361 6.96606e-22)
(0.0173654 0.206355 -8.18329e-21)
(0.0244572 0.221578 -2.19114e-20)
(0.00666175 0.194167 -5.74927e-22)
(0.0333129 0.204547 -1.30402e-20)
(0.0133138 0.184461 -1.79357e-20)
(0.0485167 0.187148 1.17736e-20)
(0.0286786 0.173073 4.06664e-21)
(0.0641277 0.168692 7.74232e-21)
(0.0456649 0.159726 1.09861e-20)
(0.0769901 0.149031 -8.84658e-21)
(0.0604909 0.144795 -2.43033e-20)
(0.0861933 0.12886 -2.29436e-20)
(0.071817 0.128643 -9.61025e-21)
(0.0919379 0.108954 -2.279e-20)
(0.079725 0.111723 -9.38626e-21)
(0.084744 0.094701 -8.76929e-21)
(0.0951806 0.090121 -8.69296e-21)
(0.0492732 0.258981 -6.22663e-22)
(0.0386715 0.181257 -1.72334e-21)
(0.0349879 0.213799 3.3074e-21)
(0.0306477 0.156356 -3.14231e-21)
(0.00798427 0.182878 -1.9377e-20)
(0.000923182 0.131861 1.33949e-20)
(-0.00763641 0.165946 -1.53824e-20)
(-0.0178949 0.124604 2.26479e-21)
(-0.00645871 0.158316 4.41786e-21)
(-0.0191669 0.127987 4.0279e-21)
(0.00653737 0.152601 1.24608e-21)
(-0.0074654 0.131236 1.25647e-21)
(0.0240133 0.145235 7.2622e-21)
(0.0095027 0.130091 2.90936e-21)
(0.040848 0.135583 -1.80283e-20)
(0.0263264 0.124751 -8.01664e-21)
(0.0547543 0.124065 -2.47213e-20)
(0.0404755 0.116406 -3.23043e-21)
(0.0652284 0.111163 4.80719e-21)
(0.0512839 0.106013 2.23963e-21)
(0.0724957 0.0971856 5.739e-21)
(0.0590149 0.0942291 -1.43269e-21)
(0.0771158 0.0825251 0)
(0.0642878 0.0815737 0)
(0.091462 0.0731829 -2.41738e-19)
(0.108962 0.0924378 -1.67621e-19)
(0.102785 0.0648832 1.26722e-19)
(0.122534 0.0917204 1.81895e-19)
(0.108292 0.0591307 1.25678e-19)
(0.131389 0.0902896 -1.1905e-19)
(0.106685 0.0569712 0)
(0.134692 0.0877871 1.24181e-19)
(0.0993157 0.0534587 0)
(0.133562 0.0871018 1.32958e-19)
(0.0906527 0.0462442 8.82266e-20)
(0.130662 0.0802097 -5.63723e-20)
(0.084437 0.0358958 -1.06415e-19)
(0.12634 0.0656126 -5.38401e-20)
(0.0828954 0.0233579 -1.55696e-19)
(0.121286 0.0463351 -2.01993e-19)
(0.0881146 0.0100486 8.84061e-20)
(0.117198 0.0233776 8.38032e-20)
(0.101261 -0.00299994 -2.52021e-20)
(0.115723 -0.000891733 4.50059e-20)
(0.119071 -0.0135131 -6.20583e-20)
(0.122974 -0.0184779 -4.048e-20)
(0.13204 -0.0221384 -2.33627e-20)
(0.145828 0.106975 2.54545e-19)
(0.171538 0.111631 1.66121e-19)
(0.156462 0.113668 -6.83774e-20)
(0.186698 0.119259 1.85636e-19)
(0.162037 0.117579 -1.21634e-19)
(0.198134 0.125861 -2.55956e-19)
(0.164933 0.116282 2.62011e-19)
(0.206793 0.130556 3.6901e-20)
(0.166614 0.110854 8.20177e-20)
(0.213315 0.132521 3.66477e-19)
(0.164736 0.0991214 -1.96565e-19)
(0.215657 0.130601 -9.72673e-20)
(0.159121 0.0786585 -1.4643e-19)
(0.21284 0.119496 -1.48879e-19)
(0.151891 0.0502061 4.36964e-20)
(0.204537 0.0965862 0)
(0.146022 0.0187478 4.36964e-20)
(0.190283 0.0609573 1.61775e-20)
(0.143763 -0.00945915 3.00356e-20)
(0.170164 0.0187309 -6.22223e-20)
(0.146341 -0.0246741 -2.87202e-21)
(0.155904 -0.0169582 6.44349e-20)
(0.149332 -0.0262675 -2.57903e-20)
(0.211812 0.126545 9.04762e-20)
(0.226887 0.12681 3.72705e-20)
(0.228456 0.134 -7.01758e-21)
(0.243952 0.133147 2.06099e-20)
(0.24392 0.141257 -9.33089e-20)
(0.26129 0.141017 -1.28249e-19)
(0.255994 0.147948 1.39105e-19)
(0.277009 0.150514 -3.07176e-20)
(0.263168 0.151662 1.91013e-19)
(0.289183 0.15968 2.67587e-19)
(0.263985 0.148236 -4.28848e-20)
(0.295818 0.167728 -1.13445e-19)
(0.257027 0.133302 0)
(0.296052 0.168584 0)
(0.241249 0.103168 -2.873e-20)
(0.287307 0.157034 -3.75151e-20)
(0.217521 0.0585107 -9.20104e-20)
(0.266531 0.127118 1.84022e-20)
(0.191641 0.0103923 -2.51121e-20)
(0.233255 0.0770269 -3.53858e-20)
(0.172542 -0.0178721 3.87369e-20)
(0.194099 0.0181552 4.65159e-20)
(0.164654 -0.0144806 -1.95866e-21)
(0.259865 0.133424 -3.32365e-20)
(0.256727 0.127659 -1.43519e-20)
(0.27847 0.138965 -1.00903e-19)
(0.272965 0.12602 2.98296e-20)
(0.296487 0.147974 -6.62303e-20)
(0.289785 0.128928 -8.03698e-20)
(0.312054 0.160098 9.97517e-20)
(0.3052 0.137516 -3.46216e-20)
(0.32332 0.173107 -3.42559e-20)
(0.318098 0.151253 -2.73658e-20)
(0.329243 0.183889 -7.09868e-20)
(0.327739 0.168182 2.13767e-20)
(0.327458 0.187011 -3.80939e-20)
(0.333393 0.183807 2.05088e-21)
(0.314265 0.17503 4.69895e-21)
(0.332608 0.193346 -6.15678e-21)
(0.285567 0.140456 6.75281e-20)
(0.320141 0.188309 -5.92368e-21)
(0.241387 0.0820948 3.64316e-20)
(0.29049 0.157411 5.53749e-20)
(0.195901 0.020242 5.31249e-21)
(0.242976 0.0911672 -2.37555e-20)
(0.189448 0.00859907 9.4016e-21)
(0.27016 0.120302 4.86112e-20)
(0.252574 0.117036 -7.97452e-22)
(0.283704 0.116531 5.24003e-20)
(0.26287 0.104622 -6.38975e-20)
(0.29685 0.119388 -4.77502e-20)
(0.272961 0.0981515 2.00485e-20)
(0.309051 0.130158 -1.65431e-19)
(0.281946 0.0999805 -8.5294e-21)
(0.320099 0.148131 2.81625e-20)
(0.289725 0.111034 -6.58275e-20)
(0.32978 0.170301 9.67494e-20)
(0.297194 0.130574 -5.43135e-20)
(0.337072 0.192354 3.83912e-20)
(0.306518 0.15518 1.23748e-19)
(0.338714 0.20805 -1.49999e-20)
(0.315996 0.181188 3.60933e-20)
(0.327581 0.205484 -1.92452e-20)
(0.321132 0.20351 -5.06101e-20)
(0.294004 0.166352 -5.30092e-21)
(0.313416 0.210171 1.84271e-20)
(0.236844 0.0796338 -2.13949e-20)
(0.285819 0.174856 -2.53365e-20)
(0.233288 0.0630239 1.62126e-20)
(0.246702 0.100017 -1.10259e-19)
(0.224676 0.104244 -8.71759e-21)
(0.251921 0.0854109 -9.81837e-20)
(0.227834 0.0831955 -4.91052e-20)
(0.255883 0.0784651 6.73428e-20)
(0.229724 0.0680931 1.11285e-20)
(0.25905 0.0813971 1.0486e-19)
(0.230457 0.0621728 1.36755e-19)
(0.263221 0.0945978 -1.57169e-19)
(0.231136 0.0669145 -9.12825e-20)
(0.27096 0.11714 -3.0851e-20)
(0.234274 0.0816884 -9.78626e-20)
(0.282682 0.146545 1.27416e-19)
(0.242062 0.10519 9.65927e-20)
(0.29698 0.180085 0)
(0.2553 0.135367 0)
(0.309394 0.211587 -1.3845e-20)
(0.272012 0.17025 0)
(0.308325 0.219119 -2.75509e-21)
(0.285416 0.205781 -1.40101e-20)
(0.273727 0.156633 1.10909e-20)
(0.289964 0.220617 8.13692e-21)
(0.271781 0.138245 -2.90933e-21)
(0.207469 0.0859327 4.76817e-20)
(0.189067 0.0957544 1.43755e-20)
(0.206236 0.063752 5.19266e-20)
(0.187596 0.0705542 1.50725e-20)
(0.203491 0.048646 7.93426e-20)
(0.18426 0.0497248 4.65326e-20)
(0.200586 0.043808 -4.37805e-20)
(0.179828 0.0368264 3.94327e-20)
(0.199754 0.0504244 -2.86946e-20)
(0.176206 0.0345823 -8.61928e-20)
(0.203037 0.0672966 2.45469e-20)
(0.176153 0.0436983 5.71789e-20)
(0.212651 0.0924868 -3.20027e-20)
(0.181386 0.0620819 -6.31869e-20)
(0.228596 0.125213 0)
(0.193964 0.0893492 0)
(0.249959 0.167244 0)
(0.21254 0.123558 0)
(0.27279 0.212214 -5.6022e-21)
(0.233076 0.165527 -7.84859e-21)
(0.276734 0.205204 -5.98646e-21)
(0.257057 0.213369 1.68271e-21)
(0.28167 0.192954 -3.48346e-21)
(0.169341 0.0805163 -1.98143e-20)
(0.15629 0.0917064 -2.37889e-20)
(0.16542 0.0556848 5.4537e-21)
(0.153631 0.0667602 2.68906e-21)
(0.159805 0.0357064 9.3433e-21)
(0.14879 0.0440503 1.69019e-20)
(0.154145 0.02404 8.26084e-21)
(0.142559 0.0264331 6.78113e-21)
(0.151079 0.0231721 0)
(0.136926 0.0170575 -1.29206e-20)
(0.153241 0.0336932 -3.1175e-20)
(0.134735 0.0180428 -4.95239e-21)
(0.161634 0.0547868 -3.1175e-20)
(0.138518 0.0298048 2.01097e-20)
(0.177152 0.0844538 0)
(0.149561 0.0517075 -1.09182e-20)
(0.197787 0.1211 -7.93691e-21)
(0.167059 0.084165 1.09414e-20)
(0.223917 0.169815 3.15114e-21)
(0.189163 0.12463 -8.01969e-21)
(0.25378 0.204479 6.49084e-21)
(0.218208 0.17625 8.3171e-21)
(0.270123 0.20322 -3.12251e-21)
(0.139626 0.0790993 -1.09026e-21)
(0.129115 0.0884616 -6.16085e-21)
(0.136027 0.0556469 1.4882e-20)
(0.127571 0.0666987 -1.20825e-21)
(0.130396 0.034486 1.34678e-20)
(0.123824 0.0455585 1.67476e-20)
(0.124045 0.0183257 -1.22473e-20)
(0.118295 0.0266384 -5.07387e-21)
(0.119311 0.0100811 -1.80613e-20)
(0.112396 0.0124698 -1.89653e-20)
(0.118961 0.0117944 4.05005e-20)
(0.108468 0.00575558 -1.95539e-20)
(0.125212 0.0245545 3.71284e-20)
(0.109348 0.00857477 4.29819e-20)
(0.139041 0.0486721 -6.53283e-22)
(0.116989 0.0222525 -5.35476e-21)
(0.161317 0.0840493 1.10567e-20)
(0.132975 0.0479765 7.27321e-21)
(0.190171 0.128205 8.18216e-22)
(0.157074 0.0859006 0)
(0.229296 0.173512 -2.85643e-22)
(0.191268 0.132991 5.36238e-22)
(0.252744 0.174121 -1.41553e-21)
(0.116372 0.0767103 -3.00857e-21)
(0.106813 0.0835541 -1.83575e-21)
(0.114592 0.0570563 -6.60882e-22)
(0.106752 0.0653707 -1.23153e-21)
(0.110791 0.0378489 -2.17071e-21)
(0.104959 0.0474929 4.50885e-22)
(0.10558 0.0205658 -9.5196e-21)
(0.101453 0.0301988 -3.71607e-21)
(0.100467 0.00757747 -1.99746e-20)
(0.0968208 0.0147406 2.66823e-21)
(0.0977795 0.0015433 -1.98455e-20)
(0.0924781 0.00328004 -1.1368e-20)
(0.100149 0.00483939 -1.07778e-21)
(0.0907951 -0.00155308 -2.71641e-21)
(0.110229 0.0193829 1.91356e-21)
(0.0943777 0.00273147 5.89833e-21)
(0.131176 0.0466651 -3.9306e-21)
(0.106711 0.0180094 4.54159e-21)
(0.164972 0.0862623 -2.94618e-21)
(0.129606 0.0461439 0)
(0.212619 0.128099 -3.05739e-21)
(0.169691 0.0855188 -5.22521e-21)
(0.235219 0.118186 -3.35615e-21)
(0.0966421 0.0725595 0)
(0.0876633 0.0780867 0)
(0.0965902 0.0559557 -1.15195e-21)
(0.0889655 0.0621485 1.4354e-20)
(0.0949943 0.0398511 -1.15195e-21)
(0.0888491 0.046876 -4.97114e-21)
(0.0919378 0.0242624 8.90692e-21)
(0.087385 0.032059 0)
(0.0880011 0.0101848 1.1834e-20)
(0.084717 0.0178078 5.80259e-21)
(0.0845736 -0.000348849 6.00063e-21)
(0.0813579 0.00506725 9.41352e-22)
(0.0839982 -0.00466296 3.07354e-21)
(0.0787058 -0.00425669 4.21702e-23)
(0.0897256 -0.000213039 6.14144e-21)
(0.0790971 -0.00774521 -1.72803e-21)
(0.106264 0.0149569 6.14144e-21)
(0.0866569 -0.00325804 3.676e-21)
(0.140391 0.0407546 6.5436e-22)
(0.105114 0.010335 0)
(0.199017 0.0672692 7.80045e-22)
(0.145366 0.0322379 1.28577e-20)
(0.210926 0.0410929 3.6007e-22)
(0.079712 0.0676395 1.44811e-20)
(0.0678798 0.0685047 0)
(0.0808322 0.0530729 1.02695e-20)
(0.070469 0.0555097 -6.46378e-21)
(0.0807439 0.0390574 -3.84282e-21)
(0.0722202 0.0429454 -3.87487e-21)
(0.0795686 0.0255312 -3.75616e-21)
(0.073048 0.030701 0)
(0.0774016 0.012581 -7.03453e-21)
(0.0728069 0.0186116 -1.07597e-20)
(0.0746887 0.00097468 -5.43139e-21)
(0.0714168 0.00685662 3.54704e-21)
(0.0727822 -0.00761099 -4.93936e-21)
(0.0693364 -0.00371896 -2.45288e-21)
(0.0745094 -0.011163 -4.08026e-21)
(0.0679746 -0.0116149 6.63029e-22)
(0.0846391 -0.00864741 -2.33693e-21)
(0.0705082 -0.015457 -2.35642e-21)
(0.113214 -0.00256948 1.56884e-20)
(0.0807163 -0.0170273 2.95617e-21)
(0.17657 -0.00901195 1.93839e-20)
(0.105158 -0.0215208 6.33644e-22)
(0.139995 -0.062843 -8.7642e-21)
(-0.0777376 0.0282636 -1.13189e-21)
(-0.0503464 0.0403188 3.39557e-21)
(-0.0712657 0.00014624 -1.77261e-21)
(-0.0437968 0.0125028 -4.68192e-21)
(-0.0764638 -0.0202224 0)
(-0.0467136 -0.0116885 -3.32283e-21)
(-0.0887497 -0.0267298 0)
(-0.0610887 -0.0244816 -9.36093e-21)
(-0.100934 -0.0199902 -4.55288e-21)
(-0.078017 -0.0235089 -1.9719e-21)
(-0.108136 -0.00566008 -4.41594e-21)
(-0.0901884 -0.0133463 -7.03152e-24)
(-0.109295 0.0103871 8.63742e-21)
(-0.0957058 0.000335397 -6.91236e-21)
(-0.105526 0.024629 2.35808e-21)
(-0.0955477 0.0136513 1.03453e-20)
(-0.0984037 0.0358274 8.1723e-21)
(-0.0912953 0.0247487 -5.04211e-21)
(-0.0891765 0.0440944 2.69e-20)
(-0.0843413 0.0332372 1.95562e-20)
(-0.0786614 0.0500712 1.2888e-20)
(-0.0756919 0.0395089 7.54686e-21)
(-0.065926 0.0442384 2.7166e-20)
(-0.067463 0.0545324 1.12407e-20)
(-0.0160306 0.02295 -1.83395e-22)
(-0.0152632 0.0317231 1.81574e-21)
(-0.0203931 0.00122141 -7.27616e-21)
(-0.0092365 0.0107378 5.95271e-21)
(-0.0345141 -0.0149475 -1.27853e-20)
(-0.0168382 -0.00830666 -3.37483e-21)
(-0.052204 -0.0209388 -1.14236e-20)
(-0.0328946 -0.0192589 -6.50615e-21)
(-0.0674894 -0.0173031 4.83903e-21)
(-0.0494912 -0.0203344 -9.98783e-21)
(-0.0774669 -0.00800282 1.35334e-21)
(-0.0620346 -0.014251 6.80487e-21)
(-0.0817404 0.00298622 -2.66742e-21)
(-0.0693329 -0.00498798 -5.76108e-21)
(-0.0812243 0.0131816 2.5134e-21)
(-0.0718474 0.00449711 6.28788e-21)
(-0.0772255 0.0215632 6.32711e-21)
(-0.0705267 0.0126823 -3.76897e-21)
(-0.0709585 0.0280752 -1.48611e-22)
(-0.0663531 0.0191872 6.37508e-21)
(-0.0631624 0.0331347 2.02568e-20)
(-0.0602112 0.0241918 -3.23905e-22)
(-0.0526801 0.0281755 -3.97115e-21)
(-0.0540707 0.0373675 3.26259e-20)
(-0.00489048 0.0186704 7.62757e-21)
(-0.0079778 0.0244107 -6.43434e-22)
(-0.00681303 0.00254065 8.26637e-21)
(-0.00220435 0.0102758 5.03031e-21)
(-0.017447 -0.011229 2.44629e-21)
(-0.00702091 -0.00416933 -3.05244e-21)
(-0.0312462 -0.0181575 -5.59978e-21)
(-0.0185779 -0.014221 9.05356e-21)
(-0.0441892 -0.0173272 -7.82676e-21)
(-0.0308957 -0.016945 -3.83886e-21)
(-0.0537441 -0.0114286 -1.47183e-22)
(-0.0411698 -0.0140761 -5.95804e-23)
(-0.0592406 -0.00365872 3.56344e-21)
(-0.0482983 -0.00838884 -5.41933e-23)
(-0.0609465 0.00382447 -1.53778e-22)
(-0.0522647 -0.00209974 7.00613e-21)
(-0.0594469 0.0101324 -3.79776e-21)
(-0.0535123 0.00374249 1.07978e-20)
(-0.0554434 0.0151864 6.1083e-21)
(-0.0524385 0.00895641 -4.20092e-21)
(-0.049625 0.0191745 -2.48537e-20)
(-0.0490228 0.0132886 6.15259e-21)
(-0.0429303 0.0163839 -2.04734e-20)
(-0.0424784 0.0226035 -1.82879e-20)
(-0.00288408 0.0159208 -3.15224e-21)
(-0.00277303 0.00365988 -6.22697e-21)
(-0.00992202 -0.00693325 5.49802e-21)
(-0.018853 -0.0130877 1.2016e-20)
(-0.028226 -0.0140398 5.25254e-21)
(-0.0359291 -0.011539 2.33132e-22)
(-0.0414897 -0.00738362 3.21641e-21)
(-0.0449551 -0.00271767 1.79534e-20)
(-0.0465557 0.00210162 1.02819e-20)
(-0.0460393 0.00684047 -4.2316e-21)
(-0.0422822 0.0106224 1.17699e-20)
(-0.0348858 0.0130596 2.30914e-20)
(-0.0561606 0.0581975 2.1338e-21)
(-0.0554234 0.0481864 1.81574e-20)
(-0.0452422 0.0614467 -9.94431e-21)
(-0.0447874 0.0519299 -1.07842e-20)
(-0.034556 0.0640266 7.19512e-21)
(-0.0347744 0.0551937 -1.5465e-20)
(-0.0238422 0.0657119 2.1119e-21)
(-0.0252106 0.057878 3.59318e-21)
(-0.0130207 0.0662324 -1.22181e-21)
(-0.0158305 0.0598783 -8.13489e-22)
(-0.00233506 0.0654484 1.99467e-21)
(-0.00642059 0.0608235 2.48045e-21)
(0.0074535 0.0638462 -4.66231e-22)
(0.00300002 0.0604272 6.07895e-21)
(0.0152051 0.0630355 0)
(0.0118984 0.0589802 2.2522e-21)
(0.0209648 0.0658382 0)
(0.0194636 0.0579096 -7.33888e-21)
(0.0268504 0.0743877 0)
(0.0263759 0.058728 -1.96439e-21)
(0.0485485 0.0855234 0)
(0.0329694 0.061823 1.95612e-21)
(0.0528708 0.0597704 -7.4694e-22)
(0.055021 0.0692508 1.68568e-21)
(-0.0440965 0.0413662 4.75297e-21)
(-0.0440037 0.03194 1.88014e-20)
(-0.0344158 0.0452692 -1.64711e-20)
(-0.0347339 0.0361757 4.433e-21)
(-0.0254425 0.0486061 -1.92772e-20)
(-0.0260483 0.0399517 -1.12193e-20)
(-0.0171792 0.0515856 5.10019e-22)
(-0.0176634 0.0432625 9.6902e-21)
(-0.00927988 0.0540032 3.66615e-21)
(-0.00988991 0.0463195 -4.62299e-22)
(-0.00123963 0.0553317 6.60131e-21)
(-0.00267737 0.0488525 -7.46039e-21)
(0.00712739 0.0551441 8.87154e-21)
(0.00442243 0.0502506 -4.79601e-22)
(0.0154837 0.0535941 -4.93799e-21)
(0.0117165 0.0499327 -5.61023e-21)
(0.0235577 0.0515164 -9.37775e-21)
(0.0189808 0.0479567 2.48779e-21)
(0.0313937 0.0489373 -7.34798e-22)
(0.0260297 0.0444569 -1.99513e-21)
(0.0418561 0.0447535 1.21886e-21)
(0.0315852 0.0401304 1.98673e-21)
(0.0402098 0.0304702 -4.6006e-22)
(0.0415897 0.0259081 -7.5292e-22)
(-0.0342808 0.0264104 1.80672e-20)
(-0.034627 0.0191221 2.47817e-20)
(-0.0263014 0.030858 1.02041e-20)
(-0.0259549 0.0236859 1.00632e-20)
(-0.0181192 0.0343233 1.80015e-20)
(-0.0189593 0.0277498 -2.74091e-22)
(-0.0102619 0.037684 8.96586e-21)
(-0.0112033 0.0311723 -9.17881e-23)
(-0.00325712 0.0408328 -1.17054e-20)
(-0.00379833 0.0341311 7.62847e-23)
(0.00286045 0.0434368 -1.37772e-20)
(0.00265186 0.0367907 -7.95943e-21)
(0.00867177 0.0448042 -1.42178e-20)
(0.00813088 0.0388397 -6.30522e-21)
(0.014755 0.0442843 1.48078e-21)
(0.0132155 0.0395789 8.95619e-21)
(0.0211803 0.0416446 9.43878e-21)
(0.0183651 0.038407 -6.83632e-22)
(0.0271559 0.0367011 0)
(0.0235566 0.0348643 0)
(0.031745 0.0296624 7.21219e-22)
(0.0275587 0.0292637 0)
(0.0304092 0.0201075 1.40433e-21)
(0.0301644 0.0149645 7.21219e-22)
(-0.0259726 0.015453 1.6136e-20)
(-0.0193743 0.0205848 1.94316e-21)
(-0.0120143 0.0241475 -1.80194e-20)
(-0.0047972 0.0273431 -8.68755e-21)
(0.00209911 0.0298292 3.66207e-21)
(0.00794279 0.0320073 -6.63947e-22)
(0.0127079 0.0335509 1.71874e-20)
(0.0168324 0.0337652 6.99459e-21)
(0.0207071 0.0320811 -1.02997e-20)
(0.0241018 0.0279833 0)
(0.0263056 0.0214383 6.82836e-22)
(0.024505 0.011284 6.49294e-22)
(0.0282491 0.0777184 -5.93914e-21)
(0.0402224 0.0505032 1.69907e-21)
(7.24908e-05 0.0711217 7.66807e-21)
(0.0123449 0.0437902 -9.82815e-21)
(-0.020351 0.0763983 3.04492e-20)
(-0.0118204 0.0467033 8.40906e-21)
(-0.0268769 0.0887624 1.69417e-20)
(-0.0246234 0.0610915 7.97343e-21)
(-0.0201327 0.101004 0)
(-0.0236523 0.0780484 -5.16993e-21)
(-0.00577416 0.108252 2.93383e-21)
(-0.0134664 0.0902693 0)
(0.0103243 0.109439 -9.02754e-21)
(0.000263851 0.095833 2.95713e-21)
(0.024629 0.105679 6.75352e-21)
(0.0136429 0.0957045 -1.13405e-20)
(0.0358881 0.0985453 1.76289e-20)
(0.0248043 0.0914605 1.81476e-20)
(0.044204 0.0892927 -7.13651e-21)
(0.0333467 0.0844947 -4.74902e-23)
(0.0502101 0.07874 -7.28028e-21)
(0.0396529 0.0758188 7.45729e-21)
(0.0444001 0.0660142 0)
(0.0546823 0.0675006 0)
(0.0227808 0.0162026 -3.27048e-21)
(0.0315901 0.0155072 0)
(0.00104285 0.0205005 -7.11782e-21)
(0.0105541 0.00944538 -6.39863e-21)
(-0.0151 0.0345528 -1.40252e-20)
(-0.00846183 0.0169703 -4.88629e-21)
(-0.0210707 0.0522281 -1.4387e-20)
(-0.019394 0.0329563 -1.35671e-23)
(-0.0174149 0.0675417 -5.21132e-21)
(-0.0204474 0.0495417 -4.79669e-22)
(-0.00807755 0.0775642 0)
(-0.0143289 0.0621153 2.3965e-21)
(0.00296783 0.0818812 0)
(-0.00501155 0.0694573 -2.18054e-21)
(0.0132268 0.0813943 0)
(0.00453716 0.0720108 8.18615e-21)
(0.0216658 0.0774038 0)
(0.012782 0.0707129 0)
(0.0282192 0.0711233 1.33094e-20)
(0.0193326 0.0665409 5.71422e-21)
(0.0333023 0.0632982 1.33094e-20)
(0.0243636 0.0603805 7.68875e-21)
(0.0283567 0.052815 1.24603e-20)
(0.0375403 0.0541677 -1.31446e-20)
(0.0184396 0.00515843 -3.12706e-21)
(0.0242794 0.00833046 -3.33371e-23)
(0.00231679 0.00706417 -3.12706e-21)
(0.0100904 0.00252535 1.4903e-23)
(-0.0114063 0.0175867 8.74096e-21)
(-0.00438204 0.00723661 -5.62844e-21)
(-0.0182757 0.0313383 1.3694e-20)
(-0.0143706 0.018679 8.80434e-21)
(-0.0173969 0.0442744 7.36783e-21)
(-0.0170477 0.0309619 4.98894e-21)
(-0.0114473 0.0538526 3.67905e-22)
(-0.0141238 0.0412528 3.48192e-21)
(-0.00361901 0.0593864 6.07905e-21)
(-0.00837071 0.0484182 -4.60125e-22)
(0.00392096 0.0611249 8.24869e-21)
(-0.00202045 0.0524209 4.3211e-21)
(0.010275 0.0596426 5.75787e-21)
(0.00386915 0.0536915 -7.61261e-21)
(0.0153585 0.0556365 -6.58934e-23)
(0.00911344 0.0526249 5.79962e-21)
(0.019358 0.0497966 6.79022e-21)
(0.0134588 0.0492004 -5.80702e-21)
(0.0165533 0.0430825 1.70746e-21)
(0.0227824 0.0426133 1.78455e-20)
(0.0158594 0.00325254 2.95578e-21)
(0.00355807 0.00310191 -2.68019e-21)
(-0.00707701 0.0100421 -5.66955e-21)
(-0.0132126 0.018932 0)
(-0.0141162 0.0282957 -5.29291e-22)
(-0.0115441 0.0360226 1.23651e-21)
(-0.00731674 0.0416168 -4.4495e-22)
(-0.00259809 0.0451055 -1.00534e-20)
(0.00225324 0.0467176 -7.66821e-21)
(0.00700713 0.0462016 0)
(0.0107902 0.0424313 -1.18898e-20)
(0.0132192 0.0350072 3.01902e-22)
(0.0583456 0.056158 -2.14666e-20)
(0.0483516 0.0554656 -1.30402e-20)
(0.0615764 0.0451964 -2.14666e-20)
(0.0520775 0.0447895 -4.64941e-21)
(0.0641265 0.0344759 0)
(0.0553162 0.0347364 -9.61727e-21)
(0.0657727 0.0237424 -7.0308e-21)
(0.0579657 0.0251434 4.37942e-21)
(0.0662484 0.012916 -4.47087e-22)
(0.0599242 0.0157479 1.49393e-21)
(0.0654146 0.002236 6.13722e-21)
(0.0608223 0.006337 9.56492e-22)
(0.063756 -0.00754286 1.93074e-21)
(0.0603736 -0.00307335 -3.98683e-21)
(0.062884 -0.0152869 1.64337e-21)
(0.0588676 -0.011958 6.94005e-21)
(0.0656274 -0.0210413 2.98103e-21)
(0.0577333 -0.0195146 -4.89214e-21)
(0.0741347 -0.0269213 9.88409e-22)
(0.0584948 -0.0264235 3.00471e-21)
(0.085272 -0.0486077 -5.92755e-21)
(0.0615398 -0.0330179 -1.4461e-20)
(0.059483 -0.0529298 -3.12856e-21)
(0.0415267 0.0441481 2.94392e-21)
(0.0321155 0.044095 -7.91868e-21)
(0.0454104 0.0344254 6.28112e-21)
(0.0363317 0.0347815 1.04012e-20)
(0.0487181 0.025416 -4.88293e-21)
(0.0400835 0.0260563 -9.76776e-21)
(0.0516595 0.0171276 1.24307e-20)
(0.0433623 0.0176423 -5.65713e-22)
(0.0540322 0.00921686 3.324e-21)
(0.0463788 0.00985097 3.98959e-21)
(0.0553104 0.00118024 -8.93001e-21)
(0.048865 0.00263469 -7.56865e-21)
(0.0550668 -0.00717328 1.09758e-21)
(0.050211 -0.00445426 -9.85126e-22)
(0.0534542 -0.0155165 3.94621e-22)
(0.0498358 -0.0117298 -8.48651e-21)
(0.0513087 -0.0235879 -4.93131e-21)
(0.0477967 -0.0189805 -2.01546e-21)
(0.048667 -0.0314279 -9.88624e-21)
(0.0442293 -0.0260316 0)
(0.0444449 -0.0419093 -9.56901e-21)
(0.0398347 -0.0316067 -8.08045e-21)
(0.030129 -0.0402818 9.18324e-22)
(0.0265741 0.0343724 -1.56649e-21)
(0.0192821 0.034742 1.6766e-20)
(0.0310024 0.0263523 -5.8537e-21)
(0.0238308 0.0260294 -1.12466e-21)
(0.0344415 0.0181367 -5.05196e-21)
(0.0278762 0.0189979 -1.48204e-20)
(0.0377668 0.0102567 -9.52803e-21)
(0.0312737 0.0112173 -1.14958e-22)
(0.0408735 0.00324142 -7.514e-21)
(0.0341993 0.003797 -3.76181e-21)
(0.0434291 -0.00287253 2.53949e-22)
(0.0368176 -0.00265577 -7.14363e-21)
(0.0447423 -0.00866789 -9.89589e-21)
(0.0388166 -0.00812347 -3.81631e-21)
(0.0441636 -0.0147322 -1.10673e-20)
(0.0394979 -0.0131876 9.79603e-22)
(0.0414586 -0.0211507 2.39245e-21)
(0.0382626 -0.0183177 2.71435e-21)
(0.0364434 -0.0271476 3.3843e-21)
(0.034644 -0.0235066 0)
(0.0293439 -0.0317988 2.21116e-21)
(0.0289501 -0.0275376 1.6117e-21)
(0.0197013 -0.0304567 -1.3552e-21)
(0.0156009 0.0260601 1.6998e-20)
(0.020719 0.0194276 -8.16042e-21)
(0.0242664 0.0120392 -1.04896e-20)
(0.0274362 0.00480177 5.00408e-21)
(0.029889 -0.00210157 -3.12392e-21)
(0.0320238 -0.00794039 -1.10284e-20)
(0.0335125 -0.0126909 7.31767e-21)
(0.0336625 -0.0167948 1.49573e-20)
(0.0319034 -0.0206521 3.62131e-22)
(0.0277043 -0.0240433 -1.81026e-21)
(0.0210421 -0.0262638 -1.96998e-21)
)
;

boundaryField
{
    rotor
    {
        type            calculated;
        value           nonuniform List<vector> 
96
(
(-0.12552 0.00410819 -2.60209e-16)
(-0.124983 0.0123088 6.64999e-22)
(-0.12391 0.0204567 -2.60209e-16)
(-0.122307 0.028517 2.6021e-16)
(-0.12018 0.0364553 2.60207e-16)
(-0.117538 0.0442374 0)
(-0.114394 0.05183 0)
(-0.110759 0.0592007 -2.66e-21)
(-0.10665 0.066318 -2.60211e-16)
(-0.102084 0.0731512 0)
(-0.0970811 0.0796712 0)
(-0.0916625 0.08585 0)
(-0.0858513 0.0916612 -2.60209e-16)
(-0.0796726 0.0970799 -2.60209e-16)
(-0.0731527 0.102083 -2.60209e-16)
(-0.0663195 0.106649 2.60209e-16)
(-0.0592024 0.110758 -5.20414e-16)
(-0.0518317 0.114393 0)
(-0.0442391 0.117538 -2.60209e-16)
(-0.036457 0.12018 -1.33e-21)
(-0.0285188 0.122307 0)
(-0.0204586 0.12391 2.6021e-16)
(-0.0123106 0.124983 -2.60209e-16)
(-0.00411003 0.12552 -2.60209e-16)
(0.00410819 0.12552 0)
(0.0123088 0.124983 0)
(0.0204567 0.12391 -2.60209e-16)
(0.0285171 0.122307 0)
(0.0364553 0.12018 0)
(0.0442374 0.117538 -5.2042e-16)
(0.05183 0.114394 -2.60211e-16)
(0.0592007 0.110759 0)
(0.066318 0.10665 -2.60211e-16)
(0.0731512 0.102084 -2.60211e-16)
(0.0796712 0.0970811 0)
(0.08585 0.0916625 2.60209e-16)
(0.0916612 0.0858513 -2.60209e-16)
(0.0970799 0.0796726 0)
(0.102083 0.0731527 5.20414e-16)
(0.106649 0.0663195 -2.60209e-16)
(0.110758 0.0592024 -2.60209e-16)
(0.114393 0.0518317 0)
(0.117538 0.0442391 0)
(0.12018 0.036457 -2.6021e-16)
(0.122307 0.0285188 2.60209e-16)
(0.12391 0.0204586 -2.60209e-16)
(0.124983 0.0123106 -2.60209e-16)
(0.12552 0.00411003 0)
(-0.133508 0.00139717 0)
(-0.149215 0.00156154 0)
(-0.164922 0.00172591 -5.20417e-16)
(-0.180629 0.00189029 0)
(-0.196336 0.00205466 -5.20417e-16)
(-0.212043 0.00221903 -2.60209e-16)
(-0.227749 0.0023834 1.43493e-38)
(-0.243456 0.00254778 0)
(-0.259163 0.00271215 0)
(-0.27487 0.00287652 -7.17465e-39)
(-0.290577 0.0030409 -2.60209e-16)
(-0.306284 0.00320527 2.60209e-16)
(0.00139717 0.133508 -2.60209e-16)
(0.00156154 0.149215 0)
(0.00172591 0.164922 0)
(0.00189029 0.180629 -2.60209e-16)
(0.00205466 0.196336 2.60209e-16)
(0.00221903 0.212043 0)
(0.00238341 0.227749 0)
(0.00254778 0.243456 2.60209e-16)
(0.00271215 0.259163 0)
(0.00287652 0.27487 -5.20417e-16)
(0.0030409 0.290577 2.60209e-16)
(0.00320527 0.306284 0)
(0.00139717 0.133508 0)
(0.00156154 0.149215 0)
(0.00172591 0.164922 -2.60209e-16)
(0.00189029 0.180629 -2.60209e-16)
(0.00205466 0.196336 2.60209e-16)
(0.00221903 0.212043 0)
(0.00238341 0.227749 -2.60209e-16)
(0.00254778 0.243456 2.60209e-16)
(0.00271215 0.259163 -2.60209e-16)
(0.00287652 0.27487 0)
(0.0030409 0.290577 2.60209e-16)
(0.00320527 0.306284 -2.60209e-16)
(0.133508 -0.00139717 0)
(0.149215 -0.00156154 2.60209e-16)
(0.164922 -0.00172591 0)
(0.180629 -0.00189029 -3.58732e-39)
(0.196336 -0.00205466 2.60209e-16)
(0.212043 -0.00221903 7.17465e-39)
(0.227749 -0.00238341 -2.60209e-16)
(0.243456 -0.00254778 1.25556e-38)
(0.259163 -0.00271215 2.60209e-16)
(0.27487 -0.00287652 0)
(0.290577 -0.0030409 2.60209e-16)
(0.306284 -0.00320527 2.60209e-16)
)
;
    }
    stator
    {
        type            calculated;
        value           nonuniform 0();
    }
    AMI1
    {
        type            cyclicAMI;
        value           nonuniform List<vector> 
48
(
(-0.00457703 0.0188494 -3.27286e-22)
(0.000663574 0.00913143 -3.17418e-21)
(-0.00162728 -0.00151302 -8.47043e-21)
(-0.0100007 -0.0112344 1.84487e-20)
(-0.0186926 -0.0146317 5.57418e-21)
(-0.0260877 -0.0140551 6.77906e-22)
(-0.0317559 -0.0110107 -1.5291e-21)
(-0.0357731 -0.00704364 9.96983e-21)
(-0.0385883 -0.00257971 1.2986e-20)
(-0.0415238 0.00296399 -1.90511e-20)
(-0.0445228 0.00915619 -5.48107e-21)
(-0.041843 0.0120916 -1.40058e-20)
(-0.02954 0.00962878 -4.46541e-20)
(-0.0177075 0.0133474 1.08738e-20)
(-0.0156741 0.0216109 -1.09194e-20)
(-0.0080453 0.0247326 -1.32775e-20)
(-0.000732421 0.0269262 4.35607e-21)
(0.0062171 0.0282357 3.22313e-20)
(0.0117583 0.0287699 -2.82956e-21)
(0.0158608 0.0286501 2.61549e-20)
(0.0191926 0.0276397 -1.3305e-20)
(0.0221243 0.0250922 -4.94331e-21)
(0.0240005 0.0205131 -2.32598e-21)
(0.0239895 0.0134349 3.03037e-21)
(0.0187065 0.00489689 1.72652e-21)
(0.00891813 -0.000386842 1.51969e-21)
(-0.00186572 0.00180409 -1.05349e-20)
(-0.0114168 0.0100581 -7.95192e-25)
(-0.0147508 0.0186933 7.69575e-21)
(-0.0140889 0.026121 -7.13792e-21)
(-0.0109674 0.0318369 4.26909e-21)
(-0.00695299 0.0358873 -6.72633e-21)
(-0.00246304 0.0387178 7.99132e-21)
(0.00309388 0.0416612 -5.6399e-21)
(0.00929058 0.0446655 5.60991e-21)
(0.0122173 0.0419721 1.41946e-20)
(0.00973759 0.0296345 4.01955e-20)
(0.0134516 0.0177752 -1.17778e-21)
(0.0217101 0.0157159 1.72976e-20)
(0.0248063 0.0080664 -1.20647e-20)
(0.0269768 0.000745117 6.37975e-22)
(0.0282589 -0.00619661 -5.08268e-21)
(0.0287569 -0.0117157 -1.73786e-20)
(0.0285886 -0.0157903 7.90995e-21)
(0.0275152 -0.0190955 1.95472e-21)
(0.0248773 -0.0220089 5.14961e-25)
(0.0201714 -0.0239053 -4.15087e-21)
(0.0129989 -0.023984 -3.47729e-21)
)
;
    }
    AMI2
    {
        type            cyclicAMI;
        value           nonuniform 0();
    }
    front
    {
        type            empty;
        value           nonuniform 0();
    }
    back
    {
        type            empty;
        value           nonuniform 0();
    }
    procBoundary2to3
    {
        type            processor;
        value           nonuniform List<vector> 8((-0.069072 0.0550274 1.31003e-21) (-0.0256841 0.0416782 -4.36481e-22) (-0.0147002 0.0303091 -6.38824e-22) (-0.0108946 0.024502 0) (0.0690839 -0.0550547 -4.52364e-21) (0.0256161 -0.0416599 2.31255e-21) (0.0146072 -0.0303018 -7.37506e-22) (0.010809 -0.0245002 -1.76018e-22));
    }
}


// ************************************************************************* //
