/*--------------------------------*- C++ -*----------------------------------*\
| =========                 |                                                 |
| \\      /  F ield         | OpenFOAM: The Open Source CFD Toolbox           |
|  \\    /   O peration     | Version:  2.3.1                                 |
|   \\  /    A nd           | Web:      www.OpenFOAM.org                      |
|    \\/     M anipulation  |                                                 |
\*---------------------------------------------------------------------------*/
FoamFile
{
    version     2.0;
    format      ascii;
    class       volScalarField;
    location    "0.94";
    object      epsilon;
}
// * * * * * * * * * * * * * * * * * * * * * * * * * * * * * * * * * * * * * //

dimensions      [0 2 -3 0 0 0 0];

internalField   nonuniform List<scalar> 
9648
(
2419.73
2408.39
2406.41
2399.37
2387.43
2370.24
2348.39
2321.39
2289.13
2251.69
2209.27
2162.01
2110.73
2056.4
1999.81
1941.93
1883.85
1826.61
1770.91
1717.31
1666.36
1618.4
1573.59
1532.1
1493.99
1459.14
1427.45
1398.83
1373.18
1350.29
1330.06
1312.32
1296.95
1283.78
1272.72
1263.64
1256.4
1250.93
1247.19
1245.09
1244.53
1245.5
1247.95
1251.83
1257.17
1264.02
1272.35
1282.13
1293.47
1306.48
1321.19
1337.56
1355.82
1375.94
1397.85
1421.32
1446.09
1471.7
1497.4
1522.65
1547.05
605.698
596.919
587.337
576.927
567.944
562.615
559.96
559.26
560.443
563.555
568.377
574.261
580.795
587.602
594.345
600.653
606.346
611.391
615.78
619.453
622.517
625.039
627.078
628.756
630.206
631.49
632.668
633.816
635.018
636.324
637.759
639.379
641.225
643.294
645.621
648.231
651.117
654.278
657.729
661.498
665.574
669.945
674.621
679.61
684.894
690.503
696.429
702.642
709.121
715.854
722.803
729.93
737.18
744.578
751.982
759.366
766.576
773.716
780.654
787.319
793.675
241.384
244.591
249.108
255.604
264
274.094
285.961
299.286
314.02
329.788
346.391
363.389
380.443
397.221
413.432
428.842
443.282
456.665
468.936
480.085
490.14
499.144
507.177
514.327
520.694
526.367
531.43
535.977
540.08
543.814
547.243
550.426
553.411
556.242
558.959
561.587
564.159
566.69
569.199
571.702
574.214
576.749
579.307
581.895
584.514
587.157
589.818
592.477
595.127
597.747
600.333
602.876
605.339
607.77
610.058
612.298
614.398
616.489
618.418
620.227
621.908
135.182
145.601
157.21
170.232
184.705
200.598
217.858
236.298
255.695
275.705
296.018
316.262
336.121
355.297
373.547
390.673
406.547
421.098
434.295
446.151
456.7
465.997
474.129
481.189
487.286
492.526
497.007
500.827
504.069
506.818
509.148
511.127
512.819
514.271
515.529
516.632
517.615
518.5
519.311
520.069
520.792
521.496
522.194
522.892
523.596
524.304
525.017
525.73
526.442
527.144
527.819
528.49
529.13
529.752
530.307
530.852
531.384
531.893
532.36
532.791
533.224
98.4765
111.944
126.891
143.31
161.158
180.357
200.742
222.078
244.065
266.327
288.51
310.242
331.222
351.18
369.913
387.239
403.072
417.37
430.129
441.397
451.223
459.672
466.85
472.854
477.817
481.858
485.087
487.612
489.515
490.889
491.817
492.371
492.624
492.628
492.425
492.062
491.579
490.995
490.341
489.634
488.891
488.137
487.386
486.652
485.934
485.239
484.571
483.925
483.296
482.689
482.085
481.486
480.899
480.316
479.73
479.143
478.578
478.011
477.427
476.835
476.243
84.0652
99.4511
116.639
135.493
155.826
177.467
200.151
223.56
247.328
271.029
294.293
316.73
338.078
358.08
376.606
393.463
408.596
422.021
433.744
443.868
452.462
459.581
465.372
469.919
473.392
475.931
477.648
478.671
479.067
478.938
478.383
477.458
476.261
474.846
473.239
471.499
469.679
467.781
465.844
463.883
461.909
459.952
458.032
456.164
454.34
452.569
450.852
449.201
447.601
446.04
444.515
443.014
441.541
440.091
438.653
437.259
435.897
434.541
433.178
431.816
430.441
78.9992
95.9559
114.99
135.854
158.204
181.796
206.254
231.192
256.214
280.788
304.596
327.179
348.365
367.897
385.791
401.747
415.772
427.962
438.289
446.96
454.063
459.596
463.808
466.702
468.533
469.457
469.57
469.057
467.918
466.284
464.279
461.917
459.344
456.602
453.68
450.67
447.652
444.577
441.516
438.474
435.438
432.465
429.569
426.77
424.035
421.385
418.824
416.348
413.958
411.632
409.359
407.126
404.947
402.775
400.633
398.543
396.502
394.505
392.497
390.46
388.438
78.421
96.787
117.447
140.04
164.049
189.165
214.975
241.031
266.901
291.919
315.875
338.133
358.741
377.36
394.354
409.124
421.764
432.525
441.19
448.191
453.66
457.413
459.989
461.089
461.182
460.433
458.891
456.865
454.182
451.056
447.67
443.912
440.041
436.051
431.884
427.689
423.55
419.331
415.223
411.181
407.152
403.221
399.45
395.808
392.238
388.816
385.478
382.277
379.17
376.16
373.217
370.332
367.501
364.656
361.859
359.156
356.477
353.902
351.28
348.611
346.028
79.997
99.4513
121.512
145.379
170.811
197.016
223.703
250.69
276.93
302.217
325.952
347.765
367.402
384.813
400.683
414.162
425.336
434.516
441.736
447.089
450.682
452.6
453.283
452.775
451.2
448.628
445.541
442.05
437.717
433.148
428.311
423.324
418.426
413.187
407.662
402.465
397.097
391.692
386.617
381.434
376.295
371.151
366.667
362.195
357.72
353.701
349.439
345.601
341.588
337.866
334.031
330.535
327.109
323.515
320.026
316.848
313.408
310.52
307.209
303.78
300.728
1570.75
1593.63
1615.41
1636.07
1655.81
1675.05
1693.91
1712.67
1731.1
1748.57
1764.75
1780.17
1795.09
1809.86
1824.7
1840.25
1857.08
1875.7
1896.49
1919.99
1945.99
1973.99
2003.53
2034.18
2065.59
2097.7
2130.65
2164.1
2198.04
2232.46
2267.57
2303.22
2339.44
2376.38
2414.04
2452.33
2491.37
2531.27
2572.11
2613.73
2656.17
2699.67
2744.21
2789.63
2836.24
2883.93
2932.57
2982.22
3033.07
3085.17
3138.44
3192.78
3248.72
3305.88
3364.61
3424.71
3486.92
3551.22
3617.62
3686.01
3756.51
799.703
805.807
811.733
817.409
822.859
828.198
833.57
838.833
844.166
849.257
854.307
859.253
864.21
869.195
874.202
879.278
884.443
889.744
895.174
900.712
906.32
911.937
917.538
923.098
928.607
934.041
939.333
944.453
949.397
954.188
958.843
963.336
967.687
971.918
976.023
980.004
983.884
987.655
991.319
994.876
998.342
1001.74
1005.04
1008.25
1011.38
1014.43
1017.37
1020.21
1022.97
1025.65
1028.22
1030.7
1033.08
1035.53
1037.79
1040.15
1042.47
1045
1047.43
1049.92
1052.54
623.56
625.14
626.762
628.354
629.92
631.39
632.927
634.364
635.776
637.046
638.267
639.436
640.621
641.777
642.905
643.995
645.042
646.046
646.994
647.877
648.679
649.4
650.029
650.562
650.995
651.324
651.544
651.654
651.644
651.522
651.276
650.912
650.433
649.836
649.135
648.327
647.415
646.395
645.271
644.039
642.705
641.274
639.752
638.125
636.405
634.579
632.637
630.57
628.387
626.088
623.648
621.114
618.446
615.675
612.72
609.687
606.572
603.386
600.12
596.804
593.501
533.63
534.034
534.403
534.757
535.078
535.366
535.609
535.843
536
536.052
536.04
535.983
535.859
535.649
535.384
535.05
534.65
534.175
533.619
532.975
532.244
531.424
530.521
529.529
528.445
527.26
525.979
524.601
523.125
521.552
519.882
518.106
516.229
514.256
512.196
510.049
507.813
505.49
503.073
500.568
497.979
495.319
492.592
489.804
486.955
484.044
481.05
477.974
474.808
471.571
468.235
464.808
461.304
457.707
453.989
450.157
446.259
442.28
438.249
434.202
430.163
475.649
475.026
474.375
473.689
472.97
472.183
471.34
470.491
469.635
468.722
467.77
466.77
465.706
464.582
463.394
462.138
460.844
459.476
458.034
456.515
454.923
453.264
451.545
449.769
447.927
446.017
444.034
441.98
439.861
437.676
435.421
433.085
430.67
428.18
425.628
423.015
420.337
417.588
414.762
411.864
408.905
405.892
402.843
399.77
396.679
393.572
390.413
387.229
383.983
380.698
377.353
373.936
370.47
366.939
363.319
359.602
355.809
351.934
348.042
344.138
340.24
429.072
427.688
426.29
424.842
423.363
421.843
420.277
418.691
417.058
415.396
413.69
411.956
410.179
408.348
406.469
404.552
402.605
400.592
398.511
396.363
394.157
391.906
389.622
387.313
384.966
382.571
380.13
377.643
375.128
372.586
370.011
367.379
364.693
361.948
359.171
356.357
353.494
350.582
347.602
344.557
341.461
338.321
335.162
332.011
328.885
325.795
322.683
319.587
316.467
313.366
310.233
307.044
303.841
300.579
297.274
293.849
290.363
286.807
283.267
279.692
276.142
386.427
384.417
382.392
380.344
378.251
376.105
373.922
371.733
369.501
367.216
364.913
362.6
360.25
357.873
355.447
353.004
350.559
348.063
345.499
342.863
340.171
337.462
334.74
332.034
329.32
326.571
323.794
320.984
318.188
315.413
312.676
309.906
307.124
304.296
301.477
298.642
295.753
292.836
289.863
286.829
283.74
280.59
277.428
274.286
271.19
268.201
265.199
262.282
259.362
256.55
253.75
250.876
248.02
245.116
242.209
239.132
236.044
232.851
229.753
226.592
223.484
343.437
340.896
338.334
335.804
333.236
330.67
328.023
325.442
322.824
320.088
317.354
314.66
311.919
309.154
306.312
303.5
300.762
297.981
295.135
292.147
289.085
286.048
282.998
279.996
277.058
274.088
271.092
268.01
264.962
262.002
259.22
256.427
253.714
250.975
248.319
245.686
242.927
240.11
237.289
234.461
231.534
228.489
225.426
222.367
219.335
216.525
213.639
210.936
208.227
205.795
203.434
200.932
198.488
195.991
193.555
190.838
188.186
185.369
182.788
180.094
177.503
297.425
294.366
291.129
288.241
285.18
282.539
279.541
276.969
274.352
271.494
268.631
266.025
263.164
260.32
257.198
254.066
251.295
248.612
245.93
242.985
239.63
236.5
233.29
230.061
227.028
224.051
221.176
217.973
214.57
211.368
208.574
205.788
203.229
200.731
198.578
196.501
194.11
191.442
188.867
186.492
184.052
181.242
178.362
175.538
172.625
170.094
167.239
164.757
162.157
160.227
158.414
156.287
154.348
152.336
150.484
148.083
145.902
143.394
141.38
139.191
137.225
3830.17
3906.53
3984.96
4065.5
4148.59
4235.12
4324.58
4416.89
4511.77
4609.36
4710.02
4812.33
4916.85
5028.11
5168.48
5296.33
5423.73
5553.66
5686.09
5821.02
5958.77
6099.41
6242.56
6388.43
6536.76
6686.84
6838.39
6991.13
7144.87
7298.7
7452.56
7605.79
7757.52
7907.14
8054.11
8196.98
8334.61
8465.09
8579.16
8662.99
8719.77
8750.94
8756.35
8734.23
8682.99
8600.15
8481.67
8322.92
8119.57
7867.03
7559.07
7188.91
6751.39
6239.85
5597.82
4688.46
4285.82
4086.22
4007.83
3967.65
3880.95
1055.4
1058.37
1061.55
1064.8
1068.15
1071.75
1075.9
1080.45
1085.49
1090.81
1096.61
1100.1
1101.7
1104.91
1108.79
1114.15
1119.62
1125.04
1130.58
1136.37
1142.44
1148.81
1155.46
1162.39
1169.58
1177.01
1184.72
1192.73
1201.08
1209.84
1219.04
1228.75
1239.1
1250.19
1262.16
1275.24
1289.6
1305.61
1325.34
1355.69
1392.37
1431.66
1474.21
1520.15
1570.15
1624.55
1683.42
1747.04
1815.66
1888.84
1965.67
2044.53
2123.99
2202.62
2272.8
2339.31
2401.51
2490.15
2596.4
2702.45
2646.74
590.179
586.866
583.524
580.168
576.761
573.387
570.129
567.031
564.003
560.95
557.388
551.906
546.228
541.354
536.992
533.253
529.598
525.84
522.02
518.191
514.394
510.626
506.881
503.159
499.456
495.768
492.106
488.473
484.889
481.35
477.879
474.496
471.213
468.075
465.11
462.367
459.891
457.756
456.133
455.475
455.993
460.951
469.638
481.656
497.474
517.756
543.226
574.91
613.803
660.978
717.442
783.995
861.886
951.424
1052.34
1161.17
1269.9
1389.39
1536.35
1726.31
1911.53
426.134
422.122
418.114
414.094
410.034
405.981
401.984
398.093
394.184
390.188
385.359
379.545
373.976
368.939
364.29
359.993
355.802
351.625
347.442
343.283
339.148
335.019
330.905
326.81
322.729
318.672
314.641
310.637
306.66
302.713
298.798
294.921
291.094
287.325
283.627
280.017
276.515
273.139
269.916
266.906
264.189
262.083
261.306
262.203
264.688
269.111
275.937
285.827
299.63
318.376
343.48
376.267
418.394
470.954
534.541
607.137
684.872
769.473
869.531
998.923
1159.44
336.367
332.561
328.78
324.981
321.119
317.264
313.433
309.69
305.922
302.051
297.388
292.261
287.446
283.033
278.872
274.948
271.121
267.384
263.699
260.077
256.494
252.9
249.326
245.78
242.249
238.748
235.276
231.832
228.409
225.009
221.631
218.282
214.966
211.694
208.474
205.316
202.23
199.228
196.319
193.519
190.855
188.389
186.256
184.813
184.146
184.292
185.476
188.001
192.302
198.922
208.66
222.526
241.72
267.496
300.84
341.852
389.189
442.479
504.132
579.869
675.823
272.597
269.177
265.79
262.405
258.885
255.374
251.861
248.469
245.056
241.583
237.411
233.069
229.016
225.311
221.747
218.349
215.01
211.818
208.712
205.705
202.745
199.747
196.785
193.868
190.962
188.098
185.253
182.441
179.634
176.843
174.061
171.307
168.579
165.894
163.252
160.667
158.144
155.693
153.315
151.021
148.824
146.746
144.824
143.148
141.955
141.145
140.838
141.155
142.304
144.559
148.291
154.026
162.436
174.291
190.46
211.501
237.549
268.697
305.611
350.006
405.016
220.297
217.307
214.364
211.471
208.325
205.212
202.041
199.073
196.091
193.142
189.52
185.92
182.55
179.546
176.563
173.722
170.868
168.233
165.687
163.259
160.884
158.412
156.021
153.72
151.411
149.156
146.894
144.675
142.429
140.198
137.955
135.752
133.573
131.446
129.356
127.328
125.352
123.446
121.603
119.841
118.159
116.581
115.114
113.792
112.679
111.912
111.407
111.227
111.473
112.279
113.83
116.378
120.24
125.847
133.671
144.203
157.861
174.977
196.028
221.816
253.64
174.664
172.106
169.634
167.312
164.562
161.884
159.051
156.565
154.063
151.714
148.618
145.679
142.891
140.553
138.086
135.801
133.383
131.291
129.261
127.336
125.475
123.424
121.537
119.847
118.084
116.367
114.592
112.903
111.121
109.361
107.554
105.839
104.137
102.525
100.927
99.4042
97.9068
96.4867
95.1227
93.8524
92.6533
91.5616
90.5779
89.6978
88.9519
88.4406
88.1214
87.9854
88.0965
88.5249
89.3669
90.7433
92.8219
95.7978
99.9188
105.469
112.747
122.09
133.868
148.59
166.923
134.696
132.501
130.522
128.853
126.494
124.277
121.737
119.816
117.826
116.109
113.483
111.11
108.763
107.065
104.996
103.276
101.198
99.6559
98.0755
96.5083
95.0759
93.2996
91.8607
90.87
89.5537
88.2166
86.7732
85.5679
84.087
82.6782
81.1393
79.8823
78.5686
77.4338
76.2209
75.128
73.95
72.9072
71.9306
71.0841
70.3143
69.6443
69.094
68.6312
68.2057
67.8854
67.7466
67.7148
67.8987
68.2206
68.9157
69.9027
71.3866
73.3271
75.9346
79.2453
83.5455
88.9299
95.7875
104.391
115.09
3735.2
3575.71
3404.72
3225.49
3046.95
2874.37
2711.17
2561.8
2429.91
2317.48
2224.84
2150.88
2093.94
2051.76
2021.63
2000.98
1987.66
1980.13
1976.97
1976.99
1979.55
1984.06
1990.12
1997.59
2006.5
2016.58
2027.81
2040.18
2053.75
2068.41
2084.12
2100.82
2118.4
2136.62
2155.38
2174.38
2193.3
2211.86
2229.84
2246.91
2262.61
2276.69
2289
2299.32
2307.72
2314.47
2319.67
2323.58
2326.78
2330.06
2333.8
2338.23
2343.92
2351.07
2359.38
2368.55
2378.28
2388.55
2398.33
2406.7
2413.18
2453.78
2250.21
2050.91
1861.07
1693.96
1539.55
1396.72
1266.51
1149.09
1045.37
955.438
878.768
814.351
760.742
717.728
684.486
658.979
639.346
624.106
612.196
602.873
595.567
589.963
585.634
582.61
580.604
579.601
579.571
580.487
582.347
585.165
588.928
593.634
599.256
605.744
613.027
620.989
629.527
638.485
647.667
656.808
665.57
673.526
680.215
685.203
688.062
688.422
686.109
681.226
674.161
665.529
656.168
647.051
639.027
632.493
627.799
624.61
622.452
620.103
616.568
611.491
1994.61
1978.34
1873.61
1698.94
1519.84
1346.21
1177.16
1024.34
887.669
766.724
662.479
574.354
501.191
441.706
394.995
359.2
331.503
309.611
292.287
278.688
267.993
259.543
252.807
247.441
243.087
239.6
236.813
234.662
233.086
232.051
231.532
231.526
232.014
232.965
234.355
236.148
238.307
240.789
243.538
246.479
249.519
252.552
255.453
258.054
260.188
261.649
262.232
261.749
260.086
257.189
253.154
248.302
243.108
238.189
234.072
231.353
230.287
230.853
232.646
235.234
238.305
1325.82
1472.65
1568.46
1582.85
1512.19
1386.05
1216.8
1047.29
890.585
746.138
620.718
515.722
429.211
359.972
305.699
263.512
230.715
204.815
184.486
168.675
156.455
147.054
139.819
134.209
129.798
126.281
123.46
121.199
119.405
118.01
116.975
116.275
115.884
115.764
115.879
116.193
116.671
117.276
117.966
118.694
119.408
120.056
120.578
120.915
121.009
120.802
120.247
119.306
117.969
116.234
114.136
111.789
109.385
107.2
105.571
104.997
105.918
108.525
112.771
118.626
126.08
793.162
929.33
1073.08
1200.23
1281.12
1298.47
1247.63
1141.6
1005.01
850.354
704.109
578.398
470.355
382.297
312.453
257.182
213.892
180.039
153.602
133.171
117.571
105.826
97.0527
90.4724
85.4698
81.6013
78.578
76.2004
74.3316
72.8653
71.7404
70.9213
70.3696
70.0414
69.8956
69.8944
70.0016
70.1809
70.396
70.607
70.7715
70.8491
70.8006
70.589
70.1811
69.5522
68.6928
67.6049
66.2949
64.7913
63.1432
61.4376
59.8231
58.5027
57.7859
57.9641
59.5964
63.1
68.7957
76.7163
86.6954
473.728
559.29
662.644
779.665
898.033
999.85
1064.89
1077.87
1036.83
949.715
833.577
707.45
580.161
469.434
378.803
303.951
244.721
197.852
160.546
131.748
110.022
94.0005
82.3404
73.8246
67.517
62.7618
59.1405
56.3672
54.2399
52.5969
51.3459
50.433
49.8068
49.4121
49.2008
49.1317
49.1657
49.2678
49.4028
49.5341
49.6234
49.6379
49.5435
49.3119
48.9141
48.3345
47.5682
46.6249
45.5115
44.2546
42.8966
41.5135
40.2254
39.208
38.7327
39.1797
41.0361
44.8218
50.9651
59.638
70.7683
293.251
342.921
405.012
481.016
569.985
667.17
762.525
841.838
890.727
898.703
863.651
792.913
698.48
594.388
492.323
395.802
316.352
251.396
197.243
154.899
122.798
99.4353
82.8108
70.9256
62.3015
55.9188
51.1551
47.5903
44.9233
42.8982
41.3726
40.2624
39.4972
39.0027
38.719
38.5965
38.5914
38.6671
38.7876
38.9174
39.0193
39.0668
39.0264
38.8747
38.5806
38.136
37.534
36.7882
35.8985
34.8938
33.8074
32.7084
31.7012
30.9348
30.6508
31.2344
33.1497
36.9996
43.3465
52.5043
64.4871
189.837
218.563
254.681
299.831
355.355
421.494
496.512
575.4
650.194
710.129
744.689
747.515
718.727
662.747
588.319
503.648
418.725
338.632
263.258
202.532
154.502
119.667
95.3326
78.1346
65.7389
56.6287
49.9071
44.9857
41.3994
38.714
36.7112
35.2511
34.238
33.5643
33.1518
32.9356
32.8634
32.8935
32.9876
33.1089
33.2194
33.2992
33.3137
33.2432
33.0505
32.7355
32.2853
31.7193
31.0293
30.2459
29.3961
28.5461
27.788
27.2539
27.1709
27.8922
29.8918
33.8369
40.3967
50.0222
62.7995
128.562
145.334
166.355
192.896
226.028
266.805
315.627
372
433.458
495.97
551.671
594.485
618.026
619.499
597.244
553.445
494.018
423.087
349.759
275.147
205.837
155.752
120.866
95.9939
77.6613
64.1609
54.222
47.0842
41.9941
38.221
35.4447
33.408
31.9881
31.0211
30.397
30.0234
29.8346
29.7781
29.8132
29.8946
29.9878
30.0771
30.1264
30.1163
30.0061
29.7975
29.4782
29.064
28.5461
27.95
27.3059
26.6754
26.15
25.8477
25.9786
26.8835
29.0371
33.1413
39.926
49.9791
63.4011
1.53693
215.673
192.786
2.29147
2.2138
0.203108
0.000719899
92.0464
0.000796356
0.0146688
94.1764
7.02108
0.000720803
247.444
0.166271
133.075
0.000757391
93.4774
118.735
0.000716204
2.29081
236.054
203.99
0.000766958
0.000781098
0.208692
0.000717312
7.94087
0.000753161
0.000819693
6.40897
0.00074309
0.00876914
63.8034
4.00817
112.556
72.0383
15.6747
0.000723241
44.5966
64.8147
28.9235
0.000743324
100.916
174.812
0.717668
0.0008691
0.00862587
1.31816
7.24682
373.507
358.022
0.000698529
0.00102937
0.0634352
0.0355845
0.000816801
9.14822
58.9802
285.64
140.661
0.000905825
1.53426
0.0249208
202.218
2.38094
38.7507
64.675
0.00113212
0.000747677
9.7756
39.7968
55.8732
0.0376768
0.0514905
79.3112
232.125
54.222
0.000700233
5.50916
0.00234012
47.2948
0.0128584
107.09
0.000749935
8.55274
0.000791061
36.8087
0.0110774
0.00136677
0.228938
0.000698555
0.000933635
309.611
143.75
0.000867161
1.58978
1.83927
0.00184744
206.713
1.01701
31.9258
5.70788
0.000696977
0.000725944
0.00069433
1.38095
0.209661
0.000747995
173.597
222.324
0.00477422
237.973
26.6985
115.828
53.6627
28.3011
0.000977493
0.110383
0.00110537
0.00162189
191.855
0.00308532
287.643
417.788
28.7966
0.000746033
7.05401
6.94571
0.000743941
0.0299194
0.0267873
92.263
0.00187101
62.8976
0.000748858
0.000723793
396.917
353.114
0.00074883
0.756494
149.313
0.228609
0.910169
26.6853
119.809
0.303449
27.6281
0.00525492
279.994
11.1418
0.038177
47.6452
104.737
189.028
0.000765967
0.000757181
0.511662
0.000696038
41.4236
0.115779
0.00144866
0.00074042
0.000747499
0.00075857
39.6348
71.4173
34.3355
0.000768664
288.752
308.746
405.447
166.061
0.00692252
159.515
43.2768
28.2621
0.000750056
0.0016959
194.296
67.9595
29.7179
71.9916
0.000745374
0.000841916
241.67
0.0294816
2.50019
0.000757825
0.00086719
0.172462
0.000797766
335.685
3.89534
0.000691676
0.678368
91.4832
144.106
0.00119768
52.7203
0.000746641
0.000750214
107.226
31.6859
305.869
0.00121465
0.000800602
0.00286107
40.6954
76.7924
9.60839
124.615
14.3333
231.485
0.814718
83.827
81.08
27.3658
10.7446
39.1755
0.00144198
0.0293392
0.000747683
0.000726556
28.4021
0.00999648
0.011718
0.00197837
0.00628313
45.827
197.644
0.0111267
173.169
7.45121
2.96257
0.000732456
0.534161
37.3547
7.16289
0.00106322
13.1363
36.2367
0.864346
2.48539
271.048
7.32143
5.04889
120.37
0.000955059
0.000724113
0.00102654
0.00428434
28.7381
0.0007845
0.00249465
0.000723639
1.71152
75.6387
76.1396
49.0756
12.1147
11.3993
325.88
0.0011399
48.1826
98.7277
0.000743917
81.9243
0.000749607
329.236
1.70933
50.9705
0.00154725
0.000748504
20.0694
7.74282
0.000759626
0.000750567
0.000755361
0.000751478
1.19102
35.6496
43.1907
0.0108671
0.000760435
0.000724408
0.000696069
101.585
1.15929
0.00119013
18.6042
0.116347
0.0957693
0.000692355
0.780757
0.000760156
0.109976
47.6879
276.52
3.18022
0.000978024
0.00184727
54.8659
0.352221
130.829
322.994
0.00083806
0.000739921
0.000733978
153.583
0.000773561
136.516
0.000749848
24.2871
12.3813
0.0242376
140.46
240.142
0.00127154
49.916
50.3598
89.6536
90.6924
9.73116
351.1
38.6241
71.3869
142.034
92.8425
56.0729
0.337
339.14
280.337
62.5657
33.5243
0.00100228
273.046
125.401
228.202
0.0187854
0.000867316
0.000745777
0.000811584
0.692827
1.56999
6.36053
0.124555
0.000726292
170.182
0.000746388
26.6788
22.7668
191.144
42.0709
18.2645
0.00193004
0.00110607
0.462193
85.238
0.0043638
7.99272
261.9
36.0016
81.4511
196.014
61.3553
0.000821263
283.041
142.831
96.8418
0.000750481
194.553
152.042
0.000781427
30.5092
0.000751614
400.508
172.048
28.0946
79.0757
113.575
148.335
0.000764658
147.29
0.000964689
68.369
78.7324
28.2869
279.273
3.65225
0.493566
2.5849
0.00109991
441.004
1.48909
0.0029028
0.00182756
258.984
0.000953134
89.7929
0.00073759
0.000750005
0.00183739
30.8309
0.191768
21.0267
0.00197781
81.1464
0.307976
221.536
280.425
37.0691
343.211
0.000793822
278.924
41.363
0.000742267
76.2425
24.7854
0.000696675
0.000727435
116.286
0.00206157
26.8378
0.459265
75.3775
0.0176773
3.34757
38.5346
120.318
31.7381
83.3813
68.1416
0.00100209
0.0338192
28.7825
21.8099
331.141
344.85
143.264
0.0842285
122.965
121.928
3.29077
92.4449
44.9854
25.093
0.000822662
81.7404
385.912
0.00107573
90.6258
19.0118
45.6416
0.0153001
0.0889574
270.406
0.00193265
327.296
0.00124626
1.83356
0.000738013
7.68027
168.841
0.556022
0.00132065
0.000902559
75.1459
26.8486
0.3666
5.55626
297.007
543.699
0.00139497
11.6263
27.2804
71.507
26.2122
449.91
28.8128
153.733
50.5495
3.48074
7.17479
302.197
53.9043
354.658
170.341
0.241148
175.103
59.6729
0.000791956
93.143
29.0559
13.143
0.00978497
96.5792
45.1302
4.02105
52.8723
0.00159212
0.000747178
0.154306
28.5771
108.02
73.1913
0.000750209
0.000731272
0.00074387
28.2731
0.0279355
0.000745737
0.244183
94.1958
276.001
0.00440095
0.004529
0.000721513
0.000738729
0.00194192
28.8192
100.983
21.423
1.89429
299.792
388.77
0.00151016
62.562
27.9071
28.4705
73.4789
440.144
0.000821755
0.00445879
0.000750898
397.676
0.763319
0.000726894
10.5088
0.350511
302.383
0.000759334
327.066
8.52046
0.0660392
201.07
0.000748085
0.000736441
0.00102737
406.55
51.6836
129.011
323.673
10.9499
28.6355
0.000708817
0.00184491
0.464165
0.0152404
0.0163321
178.002
41.0002
0.000747851
25.5858
45.1378
184.668
409.055
0.00294462
412.186
0.00182609
0.0217805
148.525
0.000739256
143.37
0.000759584
0.000791519
0.0212049
34.3415
2.94515
323.765
61.5748
0.000886173
28.4841
500.869
0.209466
2.2135
7.43557
0.000774721
0.000759612
0.00230702
132.219
5.54947
0.000783474
271.606
280.743
215.83
0.11046
59.8282
0.00109001
29.1801
0.544014
0.130558
122.444
29.7284
150.682
172.549
0.000761028
0.000711607
0.00494607
72.9852
103.316
5.91091
0.00657837
0.000772622
0.000749915
0.00343923
0.128106
0.00211306
72.5591
21.402
0.00498506
26.3775
172.353
0.000760512
38.1617
0.000742588
3.24634
0.000762491
0.0132239
38.0943
0.0116378
0.000744595
4.05532
366.416
266.063
0.000731037
0.000748405
1.52183
0.138057
0.000747742
99.9915
0.000905182
31.9418
379.113
29.3298
88.4482
296.271
132.446
336.059
0.000747593
0.00250261
0.0110973
292.249
60.935
201.473
5.46237
4.37072
99.5262
167.418
128.503
4.89765
47.0785
0.000750543
1.48668
39.5683
32.5967
309.832
26.9959
1.13399
39.7269
0.202683
0.00990156
39.9004
0.000750999
175.521
0.000887294
2.73196
292.683
186.55
2.94089
0.00250942
6.93573
0.000768712
0.000736234
0.19773
0.0134727
50.5062
0.00874156
28.6968
0.000750519
0.0190129
0.000725462
93.3527
0.00182052
85.8532
301.841
0.0142808
167.922
377.876
0.000756992
98.7951
224.789
0.000785594
287.048
0.27105
0.000825142
0.000791522
284.944
0.000731613
0.00111848
0.121697
0.213933
435.656
270.332
0.000751496
0.000754557
9.13398
26.9687
0.0070894
2.35055
21.942
0.000747674
0.000953756
0.000912641
167.064
270.579
3.33215
299.133
0.0171312
26.6465
0.000772106
0.00717498
0.0159892
0.0434514
0.000749673
300.273
0.00074193
0.0160577
0.000771708
1.32371
0.0147777
0.0393481
2.48601
4.93073
34.9803
2.1569
9.07534
27.9228
189.752
0.000816247
165.447
327.434
12.2766
73.2476
0.000761746
267.816
79.6763
0.000745641
414.843
66.1256
0.00619393
0.024208
158.696
156.847
0.220204
316.348
413.271
4.44544
434.992
265.953
124.22
50.5614
21.3327
28.6327
265.106
292.917
0.0142481
312.992
41.8322
404.507
0.000813345
1.54155
2.80063
223.505
165.218
0.011827
444.838
193.149
7.04865
0.0547761
2.76079
28.1267
0.00154649
28.2696
444.083
0.0293399
219.672
13.8379
91.5503
188.857
0.000746047
0.00167917
7.26831
5.13701
0.0133247
0.000748304
0.832279
1.8378
0.00120824
0.000758695
269.132
6.86818
52.0053
10.3015
0.00314399
0.00107511
0.412782
87.4265
0.000823854
20.9098
29.8319
1.85704
166.191
0.00100493
0.39959
0.000740602
1.79509
84.4213
0.00162211
0.185215
40.8973
169.082
0.503177
92.3229
5.05866
0.907608
0.000987512
32.0116
335.299
0.000744068
0.000755775
146.675
0.0157847
0.000758245
71.567
2.12787
163.946
29.6306
38.2034
0.310161
17.0608
203.191
165.12
246.203
0.000763215
276.989
0.000969332
38.0536
0.000796983
0.0014675
45.0579
0.0020963
255.002
0.012193
0.032278
45.2417
7.69534
0.569504
0.000897054
185.532
0.000886632
0.000719233
346.619
160.94
39.914
28.6873
0.000813678
0.000683569
18.9638
147.608
0.000732414
221.931
37.1554
0.000752883
166.309
0.000702656
3.40954
6.37152
10.7014
1.48504
76.4961
21.1827
0.000700891
269.974
331.824
0.000744506
0.0133567
28.9238
0.00070898
237.163
160.987
403.568
0.000745541
0.000727846
202.697
0.0967318
0.000836744
30.4536
80.5631
257.226
0.000720901
0.000793907
0.0157568
0.0116314
0.000746824
0.00203112
122.608
50.6875
0.000746651
12.8846
0.000747042
10.1722
0.00109081
0.000866877
26.3226
0.000748639
0.344934
0.000730515
49.0641
2.11373
19.668
183.135
360.82
148.026
5.05139
14.899
0.000758249
5.6504
277.765
529.485
0.156179
0.000826543
127.77
0.000746083
0.116245
0.000720593
444.992
15.2254
3.18315
197.639
51.5315
5.03708
77.8646
7.75323
221.757
109.97
0.000773744
0.000756177
0.00308732
0.000737212
0.0140324
100.393
0.00093203
252.808
0.00186664
0.299176
2.96226
153.123
0.00135968
40.4262
0.0135933
56.7991
29.4176
440.689
0.000796003
0.000954937
1.4284
82.3045
65.3723
63.7253
1.89164
7.97978
19.7782
0.0625785
10.4266
1.77721
30.1825
0.000756573
392.163
1.44034
54.2733
0.000787903
51.4769
16.3797
0.00184857
88.8713
17.14
0.0842311
0.00071517
0.000746019
204.2
46.5186
14.9843
0.000737815
0.00952719
50.5027
185.465
3.44255
0.00584804
0.000735702
148.391
129.355
35.8509
34.4558
0.000743623
101.324
438.307
0.000746914
0.000749291
18.2461
0.00126369
0.00386608
0.229056
47.0981
0.00105192
36.3328
345.184
0.000731881
0.000821501
0.000727449
0.000769886
64.3445
515.706
337.748
0.0205684
32.847
47.1848
0.132812
43.0851
0.000824334
31.3525
0.533061
30.5166
5.06693
82.1225
101.195
0.146621
0.00075914
157.751
84.8868
282.759
5.67238
29.8827
0.519051
20.5927
0.00353198
0.00133369
152.442
142.306
0.0338551
1.22932
0.000753978
0.0991659
19.2492
0.0280509
13.6022
4.34219
387.501
36.8201
1.74932
277.211
136.254
56.373
15.1694
201.269
188.264
3.10207
37.2859
0.0036031
45.8722
44.2788
0.000743456
0.000711073
0.3471
0.000748449
0.000775393
57.3731
298.761
0.000744597
83.8586
0.000744943
0.000736796
0.000740801
0.000752836
0.00181396
29.5949
45.3323
249.098
0.000718798
0.00106427
6.52455
0.000854959
0.0283304
0.000762783
0.000866105
167.042
0.000982899
0.00466155
183.69
0.00425476
0.000749449
187.623
0.000745373
0.000760514
1.49138
0.000870495
6.56103
0.00123893
0.0239728
0.000743843
0.0007535
304.101
423.685
43.8073
0.0237907
108.901
15.4177
0.00130187
27.663
308.93
232.993
476.291
0.000700969
27.4354
54.7198
0.261466
28.5585
101.069
0.35169
31.623
1.04979
28.4691
0.290429
7.37457
0.00075762
223.124
0.000757425
28.7163
30.9919
0.000747868
0.921238
0.002454
0.0291256
0.000726477
3.91447
0.000893565
0.000741863
40.2694
0.0362554
0.164881
228.379
152.099
0.000819048
0.000968144
29.2774
261.271
0.000690524
0.00075395
0.197541
23.9553
143.042
0.00209641
15.3756
0.000745431
0.000818126
0.000718498
0.0278214
24.0357
0.00409139
275.721
29.724
259.362
172.487
0.000842951
303.604
64.2141
0.000732721
0.000754064
0.000750338
0.00115929
0.00074021
123.805
0.000745392
0.000750367
354.905
1.18181
0.00267445
0.0347427
57.8937
7.29112
0.00783431
0.000823894
184.749
0.000762692
6.77932
0.000754947
0.000845455
162.778
166.951
0.00333947
0.000835304
3.92811
0.000744255
373.059
0.000753001
152.345
0.0271914
8.5346
0.117547
3.20401
1.98382
29.6707
0.000760953
0.000859838
0.00488792
60.5059
0.288283
303.631
0.000747055
0.0012426
0.00163971
257.216
59.978
273.983
0.00226086
0.00350906
0.812486
0.000751314
19.5994
36.7587
0.00874936
270.982
176.984
41.6365
0.00154583
1.42877
171.092
226.178
27.9371
0.0105724
120.519
0.537825
134.686
0.143518
2.2664
43.0031
0.000761953
28.4866
0.00122378
0.00508615
0.0062188
0.0477322
0.000906819
10.8323
0.000745928
46.3543
0.132259
0.000867422
1.60392
0.000756578
0.764689
0.22583
40.3238
3.79722
92.5058
0.790509
0.000748391
0.000732208
4.69216
0.158503
41.5021
262.463
0.000751623
154.944
35.7041
0.014137
51.646
10.5032
36.2946
38.7484
0.072284
0.00178279
446.914
71.1291
159.464
0.000746128
27.2967
0.000746417
11.0623
38.1716
361.099
16.6346
28.105
0.0128587
0.79517
0.00075115
12.109
1.25186
0.000850092
436.268
30.776
0.000768011
1.61692
0.00516902
0.00101683
383.59
0.000747598
0.0160332
0.0138957
33.6206
0.199477
222.045
1.1582
0.000732585
30.0708
4.98119
30.6627
167.203
0.000769104
1.83885
2.70634
114.665
1.0028
0.000751625
0.040808
98.1106
0.00144369
74.3446
307.266
69.9141
15.3424
2.14605
2.88622
553.037
280.865
220.522
3.40462
0.0143909
0.00096412
165.762
0.110023
114.864
262.413
0.00125918
313.945
0.000735327
170.013
0.000759399
0.000751414
2.38164
117.969
0.00618458
25.7884
19.2248
0.000746499
0.000723313
0.00693141
398.995
151.572
168.28
0.000752091
20.8478
183.999
0.0278302
2.60568
0.012961
0.000833744
0.000746002
0.00220244
0.000769079
0.000748957
0.000737392
0.000749903
54.7228
305.556
97.9417
0.821151
0.000781025
0.000737616
0.000757664
0.000913449
82.4119
153.641
0.169792
0.00215851
0.377622
2.17693
0.00074491
0.000745917
2.50821
0.000745761
0.000784158
0.0130402
39.2629
30.5455
0.0127219
0.229968
15.927
28.259
196.229
0.000718524
1.15021
0.000746474
205.474
0.000746119
0.0657465
0.000736892
160.416
275.015
0.000746135
443.728
260.061
0.000915258
0.376697
0.003056
0.611103
0.686121
0.000740973
0.0021641
363.044
14.072
7.31693
44.4494
118.935
0.0605916
0.000724876
0.00113341
0.000915379
0.000741304
27.1903
0.000735979
0.000745779
0.0918991
39.6969
83.3509
43.6108
40.9533
4.64601
51.1473
369.617
0.000723987
0.00197217
0.00132901
372.299
80.8214
42.6319
0.671926
97.8146
103.102
394.564
0.000699167
0.602446
18.6394
14.394
337.159
35.047
179.555
379.259
0.0007103
0.000779542
135.785
235.027
0.158096
0.000809102
273.085
0.0228026
153.766
0.00074121
0.00920778
0.00413339
0.362369
0.000719303
225.089
0.961469
67.758
139.062
0.000923793
0.000753814
0.000719233
4.32273
0.000744787
96.5441
10.6034
0.000733071
0.00237525
0.00285542
0.00745598
0.00075726
0.00075444
392.429
0.000782775
302.69
181.89
87.5971
145.685
0.000753888
20.2452
27.4931
122.978
0.000809181
0.0886377
0.387271
0.000735587
33.3785
0.00090076
58.8391
36.8752
0.000749906
68.1812
0.0274104
23.5274
0.136441
0.00817717
22.5887
0.000737509
160.925
112.142
0.000752706
2.46474
117.628
0.000734186
0.000767183
0.00075284
168.23
389.658
0.0787256
253.941
0.00358674
205.74
0.00122059
0.000744476
0.188044
0.000711151
0.0623916
29.4187
0.000688995
0.000791792
0.0150391
0.895578
0.00126777
12.3699
0.000756122
0.00382631
225.607
404.955
0.0236752
0.000708813
439.715
0.00074265
0.000723737
62.1261
165.602
12.2619
171.787
22.3134
0.00138581
0.000757101
0.000754509
6.04606
0.00182501
178.294
23.5426
394.511
0.0763609
0.00201296
1.20878
115.385
2.02773
0.0233224
14.8795
0.000697389
0.728459
0.000752666
0.0970412
3.12678
0.00074347
0.000750496
3.28545
0.000709766
0.00236642
33.4895
74.4444
209.835
0.00805358
432.722
0.00776007
389.679
240.208
3.17611
71.22
1.60806
2.06591
0.000744928
0.000807755
38.8777
29.4337
0.0323607
0.000686135
89.5685
0.000765389
208.689
394.819
0.000748868
0.000744826
0.000755559
382.141
0.077068
0.000694719
0.000945677
41.3437
0.0036092
0.00146385
80.249
0.00399348
0.11092
109.515
0.00396558
30.3998
0.00753943
59.3486
0.000755812
68.2361
130.133
28.9732
0.000745079
146.203
150.053
0.000754247
64.1739
82.1468
34.3984
0.000776138
50.2914
14.8002
34.8316
164.642
0.000826867
0.153544
59.5555
0.00589553
0.060024
0.00614056
15.6832
294.245
0.85532
54.0323
252.952
52.7888
39.3013
0.000748916
268.778
136.223
84.5961
46.785
8.19376
63.8831
321.139
1.48745
0.0212997
0.00125192
36.1383
0.000748051
299.471
6.60531
362.78
0.000870478
0.000815558
0.0879251
100.837
0.0723901
0.00243192
311.416
0.00136442
37.264
29.3849
0.020297
0.00288859
15.0235
0.00589077
0.53225
0.000747385
6.34789
0.000765041
6.47942
0.000731508
0.00180315
0.00100659
0.00424091
0.00134288
60.2473
1.62017
72.2472
0.000859315
0.000994609
0.00213743
0.000784348
13.1944
64.9914
0.000730369
40.3505
0.000755253
129.775
94.5477
327.312
0.000981358
0.000746591
95.5439
118.543
247.817
7.0028
0.0516768
15.9595
0.000745213
182.957
0.000741673
4.14133
0.00393385
0.000735832
0.409136
381.496
93.5559
72.7809
4.79518
0.00222469
0.000742344
0.00082018
60.7387
0.0910624
0.000790304
0.000959153
23.0598
81.5684
105.838
8.3897
10.7586
74.4157
3.9793
400.811
0.00854715
0.00193406
161.344
0.000737219
0.000746632
47.8492
0.00090967
28.5741
0.00115211
153.38
163.926
0.000757775
0.00073482
156.808
0.000913797
0.000744935
366.469
5.03378
69.8964
103.333
32.4995
51.8549
0.00604077
273.466
0.282346
0.157245
13.6215
234.058
0.000759548
93.2015
73.8701
0.000763068
279.704
0.112092
58.1945
0.000732399
104.651
0.0398347
12.7162
36.1835
0.00514024
56.9754
0.00162563
0.00449237
0.246396
15.272
37.2983
71.9161
0.000756154
113.441
275.547
0.000739058
0.000747442
0.000728813
0.000756859
244.411
0.000737396
4.72653
191.415
0.00075264
0.00779389
19.7429
0.0132518
0.000760049
0.000755282
290.919
14.3256
0.000762852
140.089
46.1864
31.291
13.7729
32.5357
0.00738638
0.0186428
0.00074092
0.000923405
21.2881
298.137
0.000754122
2.27609
120.31
3.70151
77.1245
34.8648
92.7851
16.9715
59.1638
1.37049
113.501
0.462606
0.00100009
13.6209
0.000753592
9.29834
105.661
0.00173968
0.000826603
182.149
11.268
218.075
197.39
0.000736029
0.00384647
0.03029
1.29952
151.542
0.000737204
0.000747446
0.000771876
0.352975
0.000751232
28.4045
0.000758582
0.000731613
0.397393
0.000868749
16.5293
0.000823914
48.1895
258.788
7.25966
2.1874
2.19166
0.025076
0.00094882
0.00651107
0.00239362
137.561
247.952
110.001
290.108
39.4349
0.000709973
34.0295
177.021
0.0197563
0.000746192
0.000758212
62.5606
0.000872793
272.84
7.30173
24.2593
200.661
0.000967704
388.42
0.000833604
2.42513
0.000868585
0.0909081
93.0509
30.643
0.000753633
1.27539
34.4619
29.0283
79.8016
16.6835
4.80482
358.258
167.281
1.0928
107.477
132.771
0.000755843
0.0846106
0.000709383
0.00162287
0.00213424
160.519
0.115141
0.000917958
0.001185
1.81325
388.953
76.6131
0.000747634
218.352
10.5026
0.822399
0.000730535
401.339
351.148
228.191
134.52
0.000726257
61.2464
24.9837
23.5325
44.0966
1.12458
308.785
0.000849468
0.610668
89.042
63.2361
0.229755
127.686
0.000817212
297.928
0.00140947
37.8182
268.04
12.7655
58.0782
202.949
99.6012
0.000730437
178.536
0.00231473
81.1116
0.00163607
0.943504
0.000744541
211.565
0.000737946
44.1322
259.184
288.857
4.27669
0.000818083
0.00373286
0.000741713
29.4362
0.000757825
15.0617
0.186452
0.217635
0.000761375
0.000949083
158.452
69.9722
0.0571194
7.59215
0.000726029
0.000760979
0.0291798
0.00685043
0.000731055
0.000729769
114.078
0.00365116
40.1034
0.000898272
90.0495
2.77569
0.000687841
0.0645337
0.000859418
157.079
0.00398209
28.7806
0.000747338
0.00173004
8.69247
0.00275375
0.000767244
0.000750655
97.0233
0.000745213
0.000751063
13.6511
0.554401
0.000729786
140.14
232.643
0.0140623
0.267544
0.000923707
64.8271
207.826
7.74557
0.00224093
75.9557
0.00977633
0.00517245
322.746
0.000803496
198.906
77.6171
107.795
74.6551
155.308
0.000723372
7.09776
5.56483
27.7196
0.04832
19.5744
0.000959024
0.000961243
104.691
0.626927
0.000859526
113.825
110.123
0.0007429
80.6775
152.781
0.00118886
0.214653
0.000751079
33.8513
137.946
27.2398
285.035
4.69673
0.000922542
28.5006
0.000746118
377.317
126.049
167.424
103.894
329.357
249.373
141.36
0.0142751
0.000745443
30.6921
26.043
0.000725013
0.000738257
94.0693
37.9023
18.7555
64.3384
0.000766399
27.314
0.000730787
368.617
0.00453262
224.741
36.9287
0.0010551
0.000762554
170.159
0.000820115
109.246
0.000834092
5.54313
306.057
0.000740897
0.784633
0.00167716
0.00166931
188.595
28.866
0.00160032
178.462
90.5566
0.127672
0.00136018
37.1024
0.426746
17.8927
40.2759
79.5476
0.00077725
23.5882
145.609
374.824
201.958
0.0135379
8.53659
0.000746213
52.8292
112.161
0.255789
129.314
63.2031
17.0042
184.052
0.756625
0.0349162
0.00274873
175.374
0.000751203
0.0329722
0.00087688
0.000746572
0.000743418
8.86906
13.9104
250.2
299.45
213.305
268.311
0.000744065
0.00197172
233.502
29.8454
479.199
0.000734079
384.672
85.5658
309.691
41.7945
97.6044
59.8293
427.458
0.390359
2.51179
0.19857
397.809
11.52
0.00164314
0.000765301
269.253
325.484
248.714
140.615
0.000721582
64.9158
0.000739992
397.485
0.000868004
5.44042
166.214
0.00072471
1.09598
72.4206
26.1601
0.000760417
146.875
0.000740853
0.000771618
0.000729653
37.1459
0.000733893
0.00817962
23.7549
4.60637
521.489
0.000711391
27.953
11.028
0.000745394
3.06478
28.1672
396.672
4.51851
0.0708023
35.5322
11.195
170.216
30.9677
0.3821
0.000714794
48.239
0.0774087
294.045
0.240265
0.000761871
52.4239
34.2014
121.688
74.6663
20.1196
53.4863
382.79
0.000745025
0.000797996
371.535
12.5151
0.000739893
0.000747135
222.127
290.758
141.133
0.00227298
69.5288
436.01
0.00119072
0.0125171
0.00138738
5.40879
8.13744
0.00572401
0.000734611
6.83648
0.000902201
29.8421
0.00378215
0.000762658
0.395406
4.59756
1.93197
0.00499347
0.00108448
0.260155
0.000925434
0.000728615
30.2827
0.80001
0.0209545
12.7965
72.6954
1.56246
159.868
0.00082561
5.80732
308.743
0.00103506
0.403549
508.318
0.00479419
4.1073
62.5197
0.111789
44.9056
90.3323
2.32801
242.095
425.561
0.000750302
13.9608
26.2773
144.621
0.000812289
0.000749227
3.39073
24.3315
0.000756143
0.00374494
17.1916
0.00115422
0.000758666
118.33
9.96948
19.8834
0.0748177
0.000760227
20.2711
75.8921
0.000756868
142.02
0.380179
4.14147
114.025
96.5947
1.96331
97.0536
0.000748135
2.48776
221.232
80.1164
263.772
102.687
0.000747563
27.5104
16.0452
0.000741854
0.000731443
2.20863
0.0038149
0.140885
7.21158
87.0777
0.00143395
139.41
240.041
0.0014842
92.342
149.401
64.7445
296.293
145.187
7.33607
0.000800262
0.000747293
0.236067
154.121
0.00374813
392.156
0.785465
4.02436
0.000861696
47.9732
2.95768
0.00408029
0.000775965
0.00308747
0.00159446
257.969
0.00104648
185.518
4.25612
0.000726781
0.000828575
0.249333
0.259803
55.5763
0.00504273
0.0270198
256.968
0.000770508
55.6484
41.1078
2.20216
0.000755707
150.535
26.0675
0.00162148
18.2556
0.000765596
46.4457
0.00138976
0.00149637
0.000732499
69.9164
102.443
7.13135
51.0267
87.326
0.00520572
0.00221117
70.0393
19.1477
314.258
0.00102144
116.833
173.738
135.603
204.203
0.201781
98.2505
132.876
0.0229981
16.2358
243.398
121.778
66.0841
132.554
336.52
0.000744931
0.0066707
1.4477
0.000938914
79.6173
2.23258
101.48
0.000754618
54.5776
4.64468
69.1042
0.000735875
120.272
265.121
37.9855
85.5849
0.000706338
26.881
0.00163755
0.6151
0.000757455
0.000760673
426.659
0.975
0.000803218
106.185
0.00494015
371.015
400.947
0.00664217
407.628
247.387
0.000774017
0.00117301
35.1938
37.0167
0.00612804
327.153
3.50403
298.757
0.000756515
74.5709
73.6506
0.118969
1.49893
51.3592
0.000707921
57.6861
35.0354
271.509
44.1298
0.000758359
66.5265
4.5524
0.000763626
0.917629
0.00642785
0.00515065
0.000789452
1.2086
343.221
0.000780225
0.648696
17.4072
0.00073631
0.00397291
28.1005
0.000955341
71.3889
0.000739097
257.609
27.8349
40.683
26.9111
1.97767
0.0463198
371.096
3.70505
251.155
0.000743207
64.8843
20.9115
0.0406534
77.9392
27.1376
94.5857
317.794
16.0334
11.1634
0.000756009
0.00157709
61.4957
9.94715
267.911
8.18027
0.00771567
0.034517
0.0742
0.165056
29.059
32.7191
4.18197
0.000839135
294.764
80.4557
0.000816958
28.5339
0.00239292
63.7084
0.000759797
144.191
0.000748374
3.01287
4.07595
253.772
0.000836056
0.0808467
0.0720108
74.2347
21.8295
0.00173731
0.00151918
0.000747107
0.00364543
0.000843482
172.545
230.507
0.000730092
0.000748184
98.83
0.000806981
91.827
110.447
4.29316
0.00075701
67.8954
77.8193
170.055
40.6907
16.8589
35.8255
0.00104838
0.000731744
152.798
0.00571625
0.000741131
0.000743569
69.8825
0.000789954
356.829
0.000746101
13.2915
163.972
12.3447
27.4476
353.617
0.000733352
4.59374
145.34
38.0162
213.325
0.000765435
0.00102383
0.0691852
387.81
187.636
0.000768167
0.00154887
0.0425541
27.5417
364.831
28.7374
0.000785086
10.1392
214.892
0.0721163
0.000746783
0.0239307
235.431
5.30123
28.0179
5.40547
0.000726112
11.6665
0.00493251
33.2022
0.00074533
0.000866436
348.212
89.9441
395.245
80.7269
82.65
76.2134
77.7245
296.334
219.465
73.5728
0.000868863
24.3155
95.6183
0.0108942
0.000755734
0.00119765
0.780324
0.00084193
154.364
75.3874
246.65
0.0759729
43.5427
0.00800892
192.074
102.381
0.00430615
1.34141
57.2707
0.000853234
292.18
4.52671
0.000748207
46.2986
0.000758585
0.000806237
0.00151644
12.646
4.91407
12.1413
0.00072785
8.49808
29.1523
56.1439
0.00360223
22.8208
0.000760036
89.7762
1.17156
0.000704112
0.00174705
58.9421
0.00250821
122.591
0.0032409
8.557
0.000893327
0.00159027
1.12525
134.413
58.7064
0.00073836
0.000795531
0.000887862
0.000828701
0.000739035
82.623
0.222873
27.8184
165.165
0.000718665
53.4902
0.000751785
29.9195
35.0871
190.648
330.568
0.0723831
24.3036
0.10157
0.000754829
0.584841
154.77
3.05367
0.00445081
0.181339
2.60314
0.00075924
272.903
0.0539246
0.000704955
0.02588
147.994
24.4638
34.5745
60.9131
234.483
0.628078
35.9585
0.0210945
128.241
3.04203
0.00130475
0.000789036
22.7748
0.000932468
25.0368
42.9257
55.4076
79.467
315.154
0.000740467
41.439
0.00648976
0.000953688
170.903
350.26
0.0185709
129.797
250.823
135.187
0.000922748
0.00100885
0.00360243
0.000743374
26.3019
115.256
0.000740956
0.000759418
0.913338
0.000812955
35.2289
0.0138555
43.1496
0.00075787
40.6027
0.0398738
27.8721
0.00074926
0.00235104
247.121
10.9378
273.755
35.1182
27.9566
0.0346659
191.844
185.04
0.000745147
0.00158135
0.000750783
266.525
0.0834239
2.55004
0.0041202
362.86
3.41746
0.00189701
0.00497309
4.37891
0.00074975
5.66399
0.00104169
361.052
385.314
0.000982766
34.7751
0.000714349
67.6948
0.035837
233.214
33.7664
0.0170526
428.851
229.289
0.00074654
331.203
165.51
0.00230307
0.010004
114.193
32.9565
147.232
0.379126
124.853
18.0832
120.989
180.747
8.99964
0.000745745
5.7754
0.00116154
0.884481
60.6543
112.656
91.3136
222.981
214.115
65.7581
0.00101707
3.19789
0.0233659
0.00222572
10.7881
0.0818221
69.8825
0.000763886
318.607
0.0496737
170.21
254.077
21.8381
152.58
28.4908
0.000848389
68.6258
42.9158
127.23
148.301
0.00247605
4.43223
0.00122265
128.008
0.494973
28.275
0.000743147
83.2108
416.928
197.053
0.000927304
0.00109623
0.000817175
0.078935
0.102363
80.7033
98.2211
0.403802
119.759
0.108227
64.1931
0.000739802
0.0414723
0.701307
320.983
391.751
264.734
1.94132
0.530148
0.000748926
59.7117
3.49299
27.8811
345.217
30.8053
333.528
293.843
0.000722686
3.41857
0.000938919
0.00771692
0.0771254
0.00229114
0.000830412
0.831387
0.00285423
104.981
46.3938
10.4443
0.0034592
28.2955
138.087
0.00106078
0.00169658
218.922
0.105506
0.000732204
28.5609
207.601
28.2507
2.85759
0.00221274
0.527208
239.696
0.0121069
50.4339
43.691
83.444
81.8894
50.1132
0.000734285
0.246904
158.432
0.453933
0.880006
0.00160076
7.96191
0.0348248
14.7608
0.000759644
0.000792094
6.52819
0.080066
333.028
0.00370491
338.791
53.5322
0.468734
217.75
0.00337983
157.803
237.022
192.894
0.000723064
49.5129
0.000814426
0.000743057
0.00211887
0.000718923
31.7178
0.00078845
84.5721
0.00151239
39.8949
3.69828
0.000741452
4.94872
0.000725637
43.4734
0.00072502
0.473902
186.394
27.9123
0.000744731
406.809
13.7299
59.6221
150.267
10.7467
63.2854
0.00199664
79.5001
0.185796
28.7467
160.652
28.3389
0.000894139
0.000882877
0.001223
65.585
7.90109
0.286443
0.00082652
0.00100346
0.000760298
95.1691
0.276795
0.000723925
388.721
0.000742553
84.9203
94.3052
4.68357
0.000740875
51.5933
117.193
138.07
27.598
56.0658
0.00073122
82.0511
23.5829
152.711
0.00139231
1.4296
65.7313
14.604
0.0458223
183.514
8.48813
331.549
113.977
42.0665
8.235
0.000813794
0.000706415
1.42143
0.48052
131.329
1.11255
136.382
51.915
0.000958473
0.0728468
0.000854316
73.8781
346.581
0.738256
0.000742051
0.000745353
153.583
32.1942
42.0876
366.269
0.000736917
254.738
0.00163179
0.000995623
430.46
393.374
0.000746236
21.9474
93.9058
65.9555
0.0022906
0.00152348
7.87538
0.000703774
272.567
34.8952
42.3772
0.000752584
0.000751534
49.4882
15.9103
247.079
0.000753386
33.4646
199.916
0.0312489
0.00236547
34.7834
67.3834
342.553
171.474
23.2119
1.10007
104.149
0.00111326
164.902
106.077
25.7629
0.040762
87.0351
0.00375516
0.000737755
396.696
6.03328
0.000730969
100.333
41.1551
0.000735046
0.293793
329.443
0.00453698
30.6572
0.000762223
0.000906204
41.4575
0.00820486
2.85427
0.321162
0.00071765
138.371
15.576
10.2486
47.7328
31.403
4.08319
35.1694
12.8556
0.000735592
0.000765498
16.6632
16.1965
0.609238
59.9568
86.0221
17.2896
0.00354999
0.000914407
0.000788897
0.000763059
44.3237
6.54091
327.389
40.9711
285.578
4.55404
163.912
5.38157
0.000791134
0.00102197
49.0887
7.88932
49.8488
99.3228
195.579
0.0129779
0.000757983
111.92
17.6414
9.11632
0.00340275
230.095
99.3797
48.2941
0.00799495
0.000772847
0.00200452
33.3752
336.557
0.00258657
339.926
0.0456113
313.724
0.530653
0.00599672
0.000762589
0.0561168
91.5423
0.0821218
5.67748
0.0487254
209.753
0.00072866
53.7279
2.91957
0.000743328
0.000745203
69.9892
163.166
20.8667
335.359
30.1471
107.414
29.8127
0.00100075
9.38483
0.000756734
0.000727143
0.00194505
111.572
35.8018
208.812
0.0458629
108.142
14.7777
92.5128
32.685
76.3831
0.00123788
31.0344
411.229
54.2797
0.00211866
193.425
0.00139847
0.0383537
23.886
313.07
104.792
101.225
0.00436399
278.427
0.00102048
155.706
46.3941
113.033
0.000721034
47.0564
98.2077
0.0122408
27.6816
37.3547
299.06
11.5794
0.000865169
242.134
9.95256
0.000793499
0.00074296
372.027
1.06967
53.918
0.00069713
0.113081
252.186
377.664
28.5327
0.000898075
106.465
110.454
49.9225
0.000737007
0.197148
3.22067
267.472
256.342
35.9149
117.925
0.000849236
11.732
8.46703
33.1073
0.000764912
0.0663654
55.9116
0.000736172
55.2656
331.185
74.5241
0.000715783
0.000717657
13.8555
28.0957
277.087
27.8472
12.9379
0.000741146
0.00129612
0.00154226
191.454
80.9334
15.7855
24.5003
393.382
36.5426
126.034
318.234
0.000740928
0.958962
44.8046
35.8081
177.646
10.9399
71.6923
257.303
142.716
75.7585
0.000752154
423.482
114.609
45.4695
243.683
384.289
28.4213
0.000961536
24.1627
404.272
55.1571
439.22
73.5483
111.757
236.026
62.3674
256.767
118.692
179.559
201.139
70.5721
0.000748375
87.8018
0.100726
0.589149
0.000798459
322.136
299.264
0.000887488
5.30967
49.8139
73.8655
0.00552283
0.000736376
440.079
112.382
0.000764779
94.749
0.000729408
8.33208
1.37529
292.799
54.9894
92.2459
0.000747656
303.374
101.415
0.00127943
0.000725051
64.1946
16.7582
16.7853
6.91174
39.5078
30.6125
99.3977
1.54308
0.227119
0.000751445
0.000769256
198.166
25.7056
35.5689
39.6344
2.57831
0.000749433
0.000736117
259.825
23.782
2.42297
0.0012896
0.000817437
325.125
34.8249
91.2247
0.00070428
35.485
2.20033
112.285
51.1574
44.8308
0.00184158
0.000996098
0.000947411
0.000771258
143.152
0.000750054
41.3923
112.283
9.80608
0.0469362
15.6081
0.00221996
39.4234
6.56333
0.0088062
0.000999817
26.9922
21.1138
0.000760461
94.2359
0.00189172
48.1374
0.376034
0.000909176
437.04
0.00160461
47.2628
0.000708091
0.000979764
236.944
36.0184
2.57669
0.0347511
0.000754104
7.26534
0.000729743
50.0504
0.0010033
0.00211979
0.000735495
0.0286753
90.2714
119.038
27.304
115.515
359.409
11.761
3.44497
214.007
0.00168831
178.018
9.40273
0.00177635
0.0450428
0.00100151
27.3749
27.92
40.7951
1.57937
0.152094
3.30871
0.000970221
310.71
66.7016
109.938
45.5443
0.000739158
23.3964
1.0946
64.2632
51.911
14.9934
30.4071
0.000746189
299.829
2.63253
197.573
91.8371
177.824
129.063
0.284817
2.45937
5.12325
0.528656
0.00123001
412.787
0.259186
0.00316393
381.091
6.39434
71.5351
227.114
106.95
225.889
64.1285
5.03367
0.000683134
0.0152602
0.00071398
49.3911
181.605
27.9739
0.0199342
0.0132268
0.000747908
71.8939
28.4586
0.3485
0.000749882
26.4839
0.000832467
0.00260902
52.424
237.27
30.5267
0.37827
243.849
0.000969675
313.015
23.3593
20.0537
0.000754047
18.6608
10.4283
177.743
52.0511
263.761
88.8667
403.139
0.00721221
0.0508784
34.3161
17.6814
0.000743838
57.3263
0.000736697
0.000719085
308.885
0.000772011
48.5691
62.5934
0.000817874
0.00104579
40.9078
64.0295
227.372
307.587
0.00114665
0.000713869
0.000731446
49.634
430.051
1.73478
0.000734555
0.00281052
50.5458
9.61028
19.4612
0.000758907
35.2117
33.8426
62.5514
242.582
365.031
45.0127
0.000708739
4.40006
0.000933825
45.7968
342.437
0.000818937
0.00460604
2.68213
0.000936594
0.00265291
0.0548462
44.179
115.644
0.000915419
116.013
188.912
0.0038413
8.36677
0.316679
57.2369
0.666447
51.4492
0.000760602
179.7
0.00100937
4.27863
82.9105
0.00101945
0.00082352
0.0176062
0.0672402
56.807
32.4941
317.254
62.1257
0.253303
0.000754571
156.496
76.9582
213.372
81.7942
0.00128418
0.000783505
37.531
17.9483
1.96514
26.7915
187.78
19.6965
23.8363
123.859
0.0559697
2.1988
34.7792
0.00378309
0.0184115
8.27919
0.000769991
113.137
0.00107509
14.9818
23.9824
0.0869076
0.000897486
0.000914812
119.849
3.60692
55.607
0.000747554
0.00125087
52.5379
27.1875
0.002174
0.060967
116.185
27.904
408.152
72.3768
0.0140076
173.535
0.000752256
0.00085408
0.000830774
97.9485
0.000750687
0.000756173
0.000739605
29.8957
0.62894
0.000752811
63.7678
0.000740295
68.5974
0.00102323
63.7419
0.00072832
0.0256415
492.713
5.13089
224.691
26.3302
16.557
0.00073982
120.208
60.8242
14.0491
326.284
0.000779866
162.174
0.00074389
0.0207542
0.0207366
0.0194698
2.84919
374.278
0.000745307
1.49152
0.183512
183.605
0.000751624
1.11026
0.000737911
0.020326
80.4353
71.314
0.0731894
111.686
0.111188
0.000757438
246.681
0.136897
35.4166
126.6
0.0213457
382.601
31.4714
18.3284
54.0917
17.9416
0.00072099
0.000755592
35.6161
0.000746973
167.155
38.8173
0.000908287
119.779
0.00074944
28.573
0.00915597
0.000711813
0.000779301
94.9449
1.91785
0.000793236
0.00276765
197.225
317.889
0.0007467
5.03585
183.993
0.000749448
0.00144982
0.000839058
69.2209
50.4508
0.000784072
82.9518
0.000722136
56.511
10.8027
3.05485
0.000747007
123.806
15.1502
57.8894
0.0024717
0.000747872
27.7345
0.0655475
1.35988
0.000740911
0.0973342
0.000747419
0.227412
31.3257
0.0527139
55.7184
0.000746917
51.5931
24.5647
100.804
179.422
0.000690594
20.4873
144.851
59.008
0.0365509
0.00823834
0.410736
14.7134
0.000735598
0.0801123
224.903
200.867
0.0208721
112.918
0.0207046
0.00094975
109.104
367.798
18.8515
130.223
0.000762041
50.6197
0.0932755
0.544775
114.715
0.000836706
164.443
0.392012
198.763
0.000743674
211.702
0.000763533
99.6717
0.00373636
10.186
178.311
0.00145409
8.3703
0.00074734
0.000796627
16.9335
8.51803
48.9751
0.000877892
0.000735321
0.000742591
358.01
123.471
0.000742184
0.000733179
0.000758603
234.686
54.8476
49.1286
328.34
138.339
217.648
209.91
15.6105
126.117
0.000721982
46.765
42.2197
58.9522
0.000822758
122.439
32.3387
325.779
172.382
159.549
0.94533
29.3804
0.945004
73.306
0.000867814
0.00135623
382.839
0.000715437
0.000738528
362.059
0.00207356
193.82
0.000744499
0.00179614
127.54
28.9677
0.00127175
52.2367
0.000740756
15.4416
109.247
21.1027
309.355
28.0087
60.6686
0.558062
6.87413
0.902584
0.000721399
361.999
0.000840661
0.00082838
0.000734627
44.7981
368.502
0.000766308
73.1847
104.9
0.00123858
0.0205581
0.00089394
204.958
305.665
0.00289535
0.232785
0.430514
0.00126203
26.1334
40.7126
6.51015
0.000762012
0.00087504
6.11623
0.00289471
0.000746843
1.26334
238.936
47.1479
0.00918376
129.323
0.0823018
0.00169704
0.00074567
0.0867104
1.38748
72.9928
367.955
63.7208
53.9578
126.029
0.000819132
0.00124136
0.000735144
0.187508
0.0116575
33.439
241.378
0.000757979
30.6841
111.948
54.0965
0.360296
227.241
0.0013999
0.000735749
98.1905
0.000842651
0.00103781
432.896
1.13047
0.0013668
0.00486406
0.00119182
34.8794
0.00389987
0.383128
19.7936
502.615
0.162948
53.3979
11.4145
0.106532
0.000725753
0.000724637
0.00087972
28.3664
0.000967579
210.623
0.019893
36.8034
20.0998
0.000688426
26.5985
170.184
22.2606
31.7903
2.83726
28.4951
6.54036
225.534
0.00100695
14.2387
5.28616
118.987
16.8349
1.17486
0.146354
33.04
228.762
392.671
422.878
0.000734223
62.8172
445.385
177.637
0.000702695
206.347
381.651
210.541
100.371
29.4882
43.3232
0.00125941
7.48942
0.000761222
30.2987
0.000757946
74.5229
246.243
0.00244316
125.147
188.614
392.307
0.000745521
2.1425
30.2467
52.8238
34.4653
202.659
197.357
6.32803
0.000796756
7.36965
0.00127462
0.000718591
1.57411
0.00363865
0.00114484
0.403154
227.789
28.2644
0.000762849
0.0951441
71.4827
156.569
0.000771471
0.000760839
38.7106
0.618349
0.00074382
0.00121189
8.118
334.94
1.26079
0.0273899
0.204728
0.000758375
392.12
1.37346
257.892
0.000766946
0.000770374
0.000884211
24.0524
187.619
146.69
22.5582
0.0194862
421.191
132.164
0.0180384
0.00075685
2.74656
371.867
24.4339
318.91
140.017
0.000851436
39.8351
9.54316
29.3798
37.9339
20.6117
0.00117826
154.487
0.000752599
31.0004
0.000715921
0.145992
229.12
0.000736696
0.387943
250.108
0.000794464
45.1778
70.2321
37.8201
0.804033
99.6399
233.217
0.000984797
53.703
0.000748557
59.4747
0.000754853
304.941
6.59449
4.41971
19.8347
0.000744426
139.787
0.236408
244.774
0.0018175
3.38731
6.2628
185.499
279.013
0.000760284
0.0789992
101.357
0.645686
0.00117052
59.2308
1.05262
84.1393
0.000926293
365.831
12.572
0.0451592
14.7311
82.5849
56.3388
7.25679
0.307397
29.7911
2.18934
0.017064
0.000725447
0.091512
16.0441
0.109293
0.000746148
70.0156
398.367
6.63083
0.0126927
0.000743885
32.2197
32.7072
28.0824
0.141316
1.31999
236.076
0.0114063
0.78804
27.8811
506.199
97.3685
244.722
0.000742558
152.248
0.000878555
164.486
40.2943
432.384
327.904
17.8441
0.00214332
0.000769809
75.9903
28.4016
50.1958
0.00169108
0.000751014
0.133234
290.278
0.00075005
11.8801
5.92218
0.0905016
0.000774662
366.981
27.7197
226.879
0.565562
332.985
27.967
46.2718
0.000738754
0.753898
124.652
35.1618
0.446275
0.0487696
31.3299
0.000749426
478.472
37.8878
0.00256457
0.0011493
243.732
102.711
37.215
265.515
62.7539
325.933
0.0332451
167.597
269.868
1.52848
0.071994
80.9478
0.00200587
127.871
70.0241
1.8508
0.0038711
0.0007942
383.245
99.2808
328.768
0.000746756
32.9724
168.546
16.968
69.6218
0.000770692
0.000841476
171.715
42.0877
0.000962948
0.00310593
21.7369
97.7992
194.716
132.217
46.9967
0.000746498
36.1033
0.432634
426.788
53.5676
32.3981
3.06262
380.973
0.000970626
0.000848984
220.019
2.49225
0.000802613
1.28689
128.202
4.29955
87.5562
0.0035764
0.00093757
54.6314
22.0162
72.5844
0.00313318
201.422
0.000736209
44.3098
0.000835477
0.0119319
282.892
0.000772
0.0030721
63.8048
0.0007755
0.000792613
0.000690356
0.000738854
68.3021
342.41
0.00112337
5.02875
9.79369
1.67479
43.0301
0.00105743
0.000784906
0.00177889
144.322
146.023
173.927
0.00893578
0.00670706
0.00147022
202.336
2.23982
48.5313
4.58578
0.000803327
289.54
20.0222
0.00116822
78.2887
93.6806
0.000741915
6.22076
0.0184793
0.000758183
382.671
0.212677
0.258198
5.48362
0.000766999
0.00173607
89.7308
44.289
0.000788194
0.00075569
445.029
0.000857177
0.000747064
0.000722348
0.000770178
175.408
0.598458
39.1692
2.43576
163.675
33.2185
57.4469
327.104
0.10924
48.3166
0.386978
68.8653
27.876
69.3834
27.986
4.28383
39.1425
0.000736863
0.0009384
0.168294
0.000768862
0.493311
0.473156
0.000753644
93.5156
0.03179
5.26432
272.072
105.799
0.000706253
0.0300788
72.1908
0.21328
0.00985166
0.000756844
189.347
1.6252
55.94
37.8976
0.105839
41.8056
0.024186
28.6546
86.4575
0.000742055
0.452716
42.9474
0.040435
31.6344
37.8832
436.906
83.6361
177.247
0.000742813
0.00076228
0.000743869
188.384
10.1084
10.6731
0.000743412
0.00113824
70.2181
0.953609
0.000887343
127.881
76.4341
0.00123401
0.133581
131.02
0.000782913
0.0780028
0.000744257
70.151
0.00170978
0.000743381
238.533
23.3619
0.00071904
5.8831
0.227216
0.000733882
0.262277
2.87
0.000886683
0.202624
81.6763
0.0662925
0.000746555
0.00075705
10.7317
0.00102245
224.045
0.00116608
178.865
0.000719891
196.966
53.2036
0.0845818
61.2816
265.866
245.644
170.349
111.646
2.19939
0.000739206
0.000752988
0.000737251
3.36225
86.6927
352.508
0.000705009
0.00243585
0.5954
0.000756357
115.592
1.36109
0.000820555
393.501
14.4083
15.7524
26.3046
6.11626
7.88312
0.727818
104.502
62.3485
6.13376
0.000777901
0.000751644
0.5587
0.000748311
29.6128
166.888
127.288
238.996
0.000729431
89.0963
0.00101092
395.991
262.202
24.5297
83.3633
0.0244934
6.16973
0.474241
17.8731
4.70881
3.18132
207.898
97.7576
161.316
0.00165783
393.551
0.0729947
0.00096727
0.00837427
0.00305109
0.400044
2.29795
139.779
227.364
14.0376
0.0011697
88.9851
405.231
432.981
0.00101072
0.0022381
0.000769964
154.39
30.5561
1.63145
69.1909
0.394632
31.0554
172.49
6.331
244.713
0.00122869
0.00108618
281.261
0.000713085
216.997
95.632
23.8445
72.2819
114.985
93.5476
345.746
71.1113
422.488
0.00122346
0.000745917
0.000716773
0.00416891
223.498
6.10405
14.9528
148.164
0.040739
0.000702799
0.000770406
0.000832187
0.00112494
166.116
0.000799597
0.0474519
114.888
0.000721298
0.501308
132.775
25.229
425.997
173.536
94.2002
482.938
3.55434
298.979
34.0572
416.672
391.848
49.7656
104.603
2.46614
77.2946
161.662
0.000753772
0.000751648
160.938
27.826
44.628
0.0843395
0.000743115
0.000754214
29.5084
32.9081
0.0283747
0.283417
0.181126
0.000849318
0.0203916
0.000747441
0.00074799
129.165
191.832
149.282
0.000802035
0.00105974
0.000804688
155.296
152.394
0.000759288
0.04129
230.011
0.000745884
0.000743304
0.216301
8.20597
1.9237
46.3788
0.000732707
0.221683
0.00072808
0.00282977
0.2616
2.29413
0.000761289
0.0467719
0.000976057
0.412162
0.000749713
0.000712954
0.0470207
57.7268
165.512
15.9605
57.6614
74.6743
46.878
26.2753
23.5905
213.77
6.48885
0.00117385
0.00117209
165.212
31.1427
1.81809
0.00392211
0.0977524
251.462
3.18641
81.4112
0.000753438
12.1479
0.0164143
0.000846693
155.637
0.00136641
4.48527
220.379
181.548
59.5337
37.6726
432.027
55.8118
69.9144
48.3265
111.738
22.1981
4.07176
0.000978186
0.00305069
109.741
2.78734
0.089633
26.0599
0.000702319
221.634
0.000753773
205.155
3.62829
426.282
141.605
0.000739143
133.683
6.81639
28.9193
0.00095703
61.1998
0.105678
84.4153
0.000725068
0.000734988
206.574
0.102348
54.8401
80.0462
33.0095
6.37873
0.00159358
0.000703367
28.4034
1.28745
20.1236
0.000753484
152.348
0.00156584
0.00400678
0.000949962
63.1783
219.076
0.00529759
50.6668
0.0596777
1.89992
443.278
0.51587
0.00172112
9.33373
221.566
25.8193
0.000758474
407.984
126.699
36.5098
0.000764683
2.20231
0.000905059
9.98807
26.936
0.0524245
0.000949595
0.870569
374.077
1.28636
1.64182
0.0262994
132.119
0.000854127
257.316
91.6568
41.9752
229.261
2.66223
25.5004
80.3155
32.9071
0.00107114
0.000796844
0.00113698
79.7528
0.000969558
0.000736035
133.149
0.000763305
0.000779803
72.8449
161.142
63.4339
385.744
64.5241
0.00124783
73.9579
180.349
0.000732743
66.2441
6.86509
0.0014342
1.0081
315.193
101.615
140.369
27.997
0.000700881
48.9582
119.105
47.0249
160.654
187.535
7.68743
28.0401
150.934
0.000781348
122.86
27.4837
32.2852
59.4982
0.00270732
244.273
38.7425
0.28637
0.00107662
383.519
78.5007
88.4509
0.213651
0.000851413
335.892
242.287
6.10962
104.365
116.823
297.114
22.2683
0.00181031
446.263
58.9309
4.05726
0.000965699
0.000740253
437.877
6.69889
16.8592
260.414
0.00141288
531.777
403.785
213.974
0.00072439
0.000753822
8.18971
141.879
2.08389
30.0012
25.0184
0.00157292
0.000785762
4.70625
260.597
56.6168
142.813
60.2265
19.0525
0.000725251
4.92028
199.33
1.34263
64.0713
0.000744184
0.000729807
0.000817873
121.478
277.474
295.625
53.3323
359.522
0.00571756
146.553
47.9518
126.738
102.675
0.0871104
428.98
0.00073425
162.241
166.129
59.6782
0.00642879
0.0011431
244.389
0.0415126
1.24385
0.00073751
369.972
0.000749874
157.606
18.7846
3.56494
2.23073
0.0725655
1.88775
0.000752351
0.00102214
0.0637469
0.000781253
68.4584
0.000763445
29.6252
143.391
121.372
126.286
0.000772409
226.779
0.0982705
1.25978
0.00290522
97.3531
0.200666
134.952
32.2016
0.0007163
40.094
0.000762624
23.9733
0.0350507
344.363
63.0762
11.8956
61.8422
237.824
1.01543
261.306
6.56717
0.00120809
0.000738667
326.464
53.1135
25.9378
61.6859
123.523
277.798
93.714
0.000725036
32.0946
246.33
0.18394
0.00223689
100.622
271.619
77.9649
158.896
408.172
83.0684
1.44231
0.00102782
0.000733835
27.9672
0.166109
185.509
0.033699
54.2611
36.9971
0.000744998
0.000877883
25.667
58.2693
246.983
0.000905156
0.0927404
377.755
0.000751974
23.9086
48.8702
0.0796453
387.711
137.569
0.000745992
52.2814
412.758
0.00074261
0.0110939
0.333079
0.00102388
0.395222
0.000820133
0.000723577
0.144479
89.2891
131.989
435.991
9.95772
57.2331
0.180621
0.000960049
23.8839
416.836
244.585
0.00410819
0.0666733
96.7767
181.543
0.000748149
82.6916
71.7172
0.00100668
348.064
0.263287
367.756
11.5607
0.00082593
0.683158
64.5317
0.00101027
0.000753516
0.000739955
318.275
0.248199
0.000707932
19.06
11.9111
38.3156
85.3453
100.76
54.1305
6.45801
0.290662
355.641
157.974
0.000755062
130.414
0.0661401
20.204
130.925
17.7501
6.34155
364.754
0.00109209
0.663469
6.13034
1.19928
193.901
0.000796917
34.6281
114.094
0.00071266
0.000739255
27.8959
2.88958
0.0575246
0.000755089
313.228
0.000727509
0.000810785
133.268
0.00513959
54.3346
95.1056
93.6734
232.677
7.21872
0.0052467
0.000738387
0.00211123
0.000730407
51.7409
26.0521
62.0263
35.9084
0.000821029
150.495
410.965
0.00120433
434.392
117.739
15.1159
0.000783734
274.426
87.6521
0.00118436
86.8667
180.663
1.97717
88.2468
1.6443
0.000752148
294.741
0.000751035
2.64979
0.000746485
119.42
380.291
1.14907
0.000818612
42.7329
0.00091423
0.00214325
0.000760069
1.17098
168.143
35.016
193.886
0.950543
45.5043
0.00076445
0.000693297
0.00269443
0.00458511
0.000869801
91.0666
0.000714426
54.9975
543.613
0.000753989
27.9182
0.196068
49.0645
105.886
0.000771593
0.000747212
117.287
0.000748566
0.0256543
20.9845
132.073
80.9701
0.00260549
142.271
0.238944
0.000775347
27.9105
8.01738
20.5958
46.2368
9.11119
0.0291902
5.20076
11.8426
303.368
39.7521
0.000758538
0.00777645
9.29165
32.4533
159.56
160.002
0.482951
373.076
56.6946
0.0300194
134.697
84.5646
129.553
231.487
0.000697029
27.9003
0.00096559
0.0117072
48.7939
0.000733951
0.443033
0.00362028
43.3816
192.086
0.0171783
22.5676
0.000753972
128.006
0.000731514
0.00115586
8.87709
14.9433
0.000713851
34.7312
0.00119616
0.000756282
0.0375716
0.000731703
0.000746155
24.0523
299.084
5.73825
67.9377
263.297
272.351
0.000698371
62.1867
0.000749053
0.0151982
53.821
72.6027
112.643
0.35539
3.99976
10.8325
136.812
0.131334
127.402
373.599
127.348
0.000769893
0.000821151
9.72519
415.724
355.003
0.00194211
59.3759
0.00508389
0.0194136
0.000715068
205.128
1.66173
0.000754239
27.338
0.000680562
0.144668
0.000825062
0.00109754
0.00107189
206.141
55.9978
96.9844
19.4853
274.45
189.217
267.202
1.27018
209.06
29.1442
5.50401
0.0839865
0.000775181
27.795
65.7845
44.5791
40.7886
0.00074977
423.659
5.04966
2.71392
72.2068
9.13267
21.3464
0.00074212
0.899871
244.232
292.611
0.000766676
49.149
192.427
0.0114663
0.000786131
431.005
209.28
242.328
0.000735837
1.79223
0.00978468
0.000725037
81.0136
290.376
221.972
1.63029
33.8704
9.21212
34.0068
33.3125
145.016
0.0416685
51.1672
110.7
41.0539
0.00210484
0.00734613
0.236558
58.9807
241.94
68.6007
35.6348
39.4375
78.2021
0.00127624
0.00338979
0.000698357
0.0007701
319.184
0.000790908
55.0735
0.000779409
0.000942077
28.6445
2.0194
83.8546
433.962
51.4759
0.26363
0.00075775
16.3615
8.93459
0.000727429
11.47
468.717
7.11761
36.7618
15.968
66.1489
31.4491
0.000744528
306.387
0.00107204
17.5131
0.826535
185.257
0.000755094
83.6267
219.789
0.642867
12.5273
380.405
103.967
0.000948241
0.0173571
219.144
0.000813183
58.7615
0.00118066
0.000941199
24.9055
11.9234
0.125962
119.74
0.695129
6.22045
234.049
74.8491
0.000720575
136.467
87.7123
0.000726673
5.58032
99.2616
169.247
197.578
0.00311637
36.5523
53.6356
130.204
0.0185151
0.000733438
0.00287463
0.545748
0.582362
0.000759609
0.00075602
0.00182067
1.23785
0.148022
0.00616101
132.488
98.7683
0.000754741
114.638
125.567
5.12415
92.4308
51.6799
254.069
0.000726924
63.7854
0.00287782
208.103
28.1367
97.7968
19.4079
0.00228314
60.8005
36.8481
91.6076
346.142
389.701
0.399122
58.987
0.00115042
0.000738532
0.00116888
24.62
0.000829376
43.812
0.0459188
1.58917
0.000754219
46.5846
159.59
355.425
151.755
239.533
0.0010037
29.762
149.91
8.96505
125.375
0.000846647
245.255
0.00118591
0.00100572
282.481
0.00300516
73.5577
0.00169384
57.3319
0.000753528
0.000699228
30.809
0.00112172
0.000735888
377.082
95.492
0.0119864
54.2372
28.8174
0.00151969
0.000908392
228.996
2.46058
0.000747458
12.8425
0.00332282
52.6465
0.00172878
1.00587
126.758
198.544
0.000894988
195.832
0.00222842
0.000745777
0.00224004
227.314
207.443
29.2268
0.000858138
446.922
34.6929
0.000747591
0.000810627
51.098
300.603
196.647
119.085
0.000771571
0.000775346
121.838
0.00112241
0.000813349
0.000747609
138.712
0.000991496
1.26358
110.297
51.4237
54.1986
110.308
94.5726
0.000817237
1.27786
170.54
0.000761314
6.70015
10.9296
67.8777
210.969
0.000745363
151.396
2.74317
0.000744491
0.000811072
52.1756
345.033
52.2589
0.000750495
183.777
0.0247585
131.902
35.8013
0.012091
58.2628
0.000754356
98.3722
180.509
0.000746621
62.9384
199.907
219.886
0.228756
23.5079
354.998
0.00635152
0.00100078
208.746
0.00076241
32.4689
0.0014254
0.00970403
0.00289199
5.57784
32.0784
28.6009
0.00130488
261.384
11.2767
29.7342
0.000741096
21.7739
5.08561
46.7532
0.796932
0.000760475
148.258
63.3877
26.279
13.9314
221.688
59.0735
0.00120538
344.262
25.3621
245.836
150.938
39.4889
137.066
6.40429
142.059
207.684
10.0345
61.5967
0.00748733
0.000757973
34.4859
0.767632
0.000773661
45.6145
30.0221
0.000741421
225.197
11.3532
0.000777196
111.248
0.000706578
0.0347775
33.7388
0.000890429
0.000767298
170.83
80.6049
35.8295
10.5552
141.336
550.519
53.4701
32.0285
116.97
20.1576
214.44
0.152026
217.923
431.231
406.965
110.413
0.000993329
47.7547
88.5658
0.0011234
43.2721
3.04654
0.000748382
0.00107639
437.297
151.039
197.366
74.689
0.422
0.0113719
55.7514
0.00177558
195.359
357.475
0.000774212
0.0011655
171.177
0.00146169
0.000724426
152.207
4.14048
0.00212465
0.000751343
0.018878
0.00116611
143.263
0.0013706
1.3548
362.809
0.00652437
35.0327
0.000753154
146.407
63.7842
1.97952
53.8886
0.00646434
0.132182
0.000752966
54.6908
46.3438
0.0117867
421.706
207.733
410.575
0.000711988
14.6231
0.000747309
162.942
0.00076324
0.000748389
388.209
50.1941
31.7144
0.0671581
432.235
0.00167071
523.439
0.00180729
109.889
5.25179
27.7151
30.3696
41.5782
0.000738766
0.00175358
0.000756508
0.00223423
0.00456017
0.0124614
0.000730796
158.706
105.397
200.629
0.00304315
0.0184123
7.19292
291.293
2.62366
18.6261
0.00103531
54.2484
0.000744907
347.768
0.000740095
0.000933367
17.9817
0.000754398
0.0301076
0.000779907
397.362
0.136229
29.3373
176.176
232.8
29.1546
0.000731053
0.0592913
2.70394
201.188
16.0231
137.063
42.6391
0.000739654
54.4285
3.47574
207.116
0.000756132
57.7695
28.5005
23.8368
0.00223982
0.000715584
12.1182
0.000707532
0.00483716
312.45
160.964
0.182907
34.2
396.357
62.4911
4.27236
6.04612
0.000755395
95.6997
30.465
0.000745873
306.106
272.347
11.9587
3.32959
0.00207619
91.6059
276.386
0.0615139
0.00612936
201.001
59.1882
415.53
1.2681
2.66796
40.8893
31.4773
12.6312
109.668
117.07
66.3358
0.0218275
63.1488
124.501
32.7934
0.00760744
21.5581
0.00077426
39.7807
48.6363
0.251939
124.693
32.6354
0.000745764
0.000745782
0.000896343
0.000738163
223.405
11.0791
19.5375
64.3168
160.652
137.029
167.72
0.268979
0.00128284
0.0177071
184.719
120.693
142.423
0.0481202
0.0135816
3.49626
193.168
0.043597
266.884
0.000835539
76.5575
359.33
19.8569
32.4049
0.000745201
0.000730618
0.0268281
1.04751
1.70485
74.0255
148.6
19.2411
0.000728897
0.000742934
452.357
0.000763636
1.30609
260.939
0.000723524
223.552
88.3252
236.411
89.0879
3.10908
212.874
7.74209
0.00797214
341.644
4.13763
46.8595
34.6193
157.857
0.00116269
179.737
0.000752081
12.6233
0.000756865
201.108
74.3412
0.00112503
0.622967
281.274
0.00143779
0.000930459
98.6726
113.105
0.000951959
48.0293
56.1214
81.0001
0.0885931
3.80834
199.71
152.978
69.4257
0.00106644
8.8238
0.187254
1.17544
2.64209
50.5268
193.568
0.24329
0.000721395
0.000761632
112.124
58.3419
177.036
148.617
226.252
315.18
0.00788472
96.8211
91.0573
177.605
76.1043
16.0828
55.5647
63.6797
57.8878
19.6246
0.000751237
0.00217064
0.00119603
260.793
0.000749132
231.818
39.567
91.6258
108.333
248.776
0.000971716
89.8167
359.258
0.000746137
22.2145
31.835
0.00107781
29.5155
148.651
0.00108883
0.0024101
25.8608
0.00275545
89.8482
30.0139
0.00074755
0.00388767
0.000755983
0.00182523
105.116
138.386
107.477
0.00300142
214.595
29.9193
37.8299
0.000752712
38.3794
65.7787
30.6439
32.0391
240.062
0.000752371
18.1072
0.8612
336.185
6.06169
0.33275
0.000719739
0.00130854
0.00275041
0.000767974
0.117584
0.000718692
0.000743383
541.819
8.65511
10.6973
50.3284
85.9898
352.823
16.0755
26.9956
53.3177
0.000766636
0.00075526
13.5298
56.2189
56.0317
217.057
0.000694272
0.00989316
0.0007486
0.000723258
0.0121983
0.00125521
383.261
133.293
76.2028
71.9032
0.610791
0.000759029
4.20131
27.0896
79.6012
5.77358
176.639
0.000754904
31.5248
35.2659
30.3454
0.0308995
42.3181
0.0152811
0.000714029
69.8829
0.000763172
0.00215807
161.61
0.000783128
42.679
187.181
0.000754694
1.15615
10.7205
90.3748
2.6659
113.444
36.7579
6.62265
0.928203
0.00337057
50.4454
15.7117
419.634
63.9971
291.821
344.409
194.08
119.577
0.000751773
0.0157128
392.428
0.00107471
58.5993
214.071
12.1374
0.00074534
0.00562307
408.835
251.404
31.4348
0.00104141
79.0225
1.05255
0.643205
0.000745733
0.0288424
227.212
28.0621
0.000706104
1.39537
60.6647
0.449406
31.8328
0.000881356
47.0545
0.0722954
0.00134722
0.000744241
123.815
0.00124424
146.107
146.124
0.00149098
0.000734287
34.7776
116.86
0.0024283
252.483
1.12474
50.4334
0.000783269
3.56372
39.142
0.000738976
0.0478463
4.10396
69.1586
0.149088
114.73
21.824
40.723
48.8492
0.271977
38.1688
0.00127607
0.415142
150.611
53.8075
0.000806283
4.96397
12.3649
83.4538
28.9064
212.343
3.12652
0.00072251
4.79457
0.0437567
27.6713
14.3649
364.79
0.000761539
20.8498
0.00291414
261.893
41.1155
55.8834
0.00291234
0.000750574
365.454
80.1668
0.000741898
110.122
0.0600405
0.00230938
0.000756091
0.000753272
280.712
14.0484
0.0934079
1.23918
0.962748
369.349
0.00157827
0.00381485
0.000906624
0.000689132
2.4801
27.9755
0.323896
0.049798
0.000744607
52.8536
39.3486
0.000801292
0.000723048
374.729
371.672
14.5868
252.061
60.0791
0.000752653
0.000732218
0.000730929
0.242092
153.369
0.000717072
53.5342
28.8186
0.264525
150.453
0.000722385
0.891455
0.0021312
153.33
2.7679
120.938
0.222423
31.5929
0.00645671
0.000728703
194.807
0.00104799
95.3815
67.4518
0.00313498
80.0742
317.151
29.3084
8.80798
0.00150669
161.127
0.000834875
0.000741389
0.00105146
0.00072132
193.709
370.831
82.2228
41.6228
0.00167114
0.00071214
28.1724
85.8429
0.00113737
0.00675198
0.062572
1.88894
2.2899
347.337
58.1036
0.000782303
292.594
388.005
139.628
114.017
266.254
0.000710456
0.00372076
5.18435
35.9649
259.193
111.784
313.259
0.00080417
45.4471
285.997
6.72205
4.12227
71.1998
0.000763661
240.361
99.2377
200.452
74.9765
20.0211
29.3859
145.387
0.235128
0.000760141
79.6777
61.0716
40.5396
81.6947
0.0384915
8.73283
30.8759
215.308
0.115355
1.704
171.045
0.00147959
0.000729907
0.000743863
206.892
0.00435198
92.2143
37.6528
42.7451
15.1291
191.311
0.000742567
0.225338
0.354143
0.0518744
3.30534
0.000971073
227.968
93.2974
1.41251
0.000933767
138.325
37.3683
203.752
0.000728715
133.415
79.6159
138.763
0.000760627
0.000736346
225.098
0.000746377
109.908
3.18365
0.000733939
167.758
29.744
76.8374
242.087
7.61644
104.555
0.000747205
0.000981788
128.256
33.4695
35.1693
279.815
0.000789615
186.136
0.000899269
0.000790949
56.3615
0.273318
0.442454
489.868
368.59
113.921
80.3227
519.813
33.5703
6.13616
0.00215552
0.186007
0.358286
4.95809
0.0400858
82.896
210.907
396.592
70.6233
41.8614
0.000760652
66.1844
0.000784688
52.5744
64.8822
191.792
91.159
9.95225
0.00240717
0.152701
0.0460215
30.1601
340.145
232.89
55.9742
0.000897706
43.7083
77.1917
0.000746977
77.4294
0.000758846
356.961
0.341048
0.0460682
52.1563
0.00084728
174.271
46.2273
0.000744989
0.000773976
2.67521
0.00140037
48.9964
0.000756461
0.00924512
142.767
27.253
36.3244
211.087
0.000766122
112.246
182.815
59.2093
8.29095
0.000915796
38.1927
0.000738696
1.27536
41.5152
0.000938783
419.335
191.416
0.00276349
10.8292
16.0838
0.00949259
134.106
31.6375
0.000764383
348.198
0.0811955
0.013367
0.0622735
0.00314036
142.609
332.105
459.643
0.000741131
0.361945
0.0602323
42.3141
27.186
436.496
331.264
5.34065
81.771
30.6719
236.315
4.33536
0.000734631
23.5499
0.000750363
134.148
0.000825879
312.909
32.8888
0.000690883
162.593
16.6933
0.000749977
299.554
11.821
143.163
20.8401
3.72017
40.0818
0.00105337
3.14488
319.803
0.000845676
61.7224
203.617
0.000695468
0.000780365
52.6861
0.000981513
0.00208146
33.156
206.397
0.000730756
10.1587
115.115
202.791
187.433
112.151
93.3509
100.047
0.00110404
137.006
83.4567
0.191609
136.753
0.0011432
102.843
0.00073683
10.8915
159.582
1.32307
0.00222975
51.5254
0.0703892
78.9504
0.000752483
6.25518
66.7447
0.079701
200.235
445.953
0.00072116
271.245
0.000745506
39.6455
0.256143
397.132
57.6826
28.3653
125.295
51.3347
12.8536
300.927
235.997
0.00071745
68.9642
51.8596
0.000753929
37.217
402.691
100.665
447.508
0.000880196
0.019896
109.881
74.7974
122.58
7.79225
0.041208
0.0427364
61.388
0.187631
0.00100599
12.7635
0.000782238
12.111
0.000738385
93.5342
0.112301
0.000854682
0.000940564
13.3265
0.00168636
54.0226
30.3847
309.617
33.5613
98.8449
9.29789
0.00219868
39.1021
11.0625
44.585
137.568
0.00831567
0.237851
370.68
109.879
137.873
0.00965459
106.5
0.000746393
350.61
30.2863
102.267
2.14388
0.042479
11.2258
187.398
140.967
123.315
0.00159035
0.000868559
1.31678
46.4493
67.8964
0.001014
89.3371
0.00910214
137.176
21.6178
0.0406199
416.006
45.9726
51.7214
55.4114
16.9642
286.61
10.6054
0.360105
0.000735904
6.56509
92.1183
22.513
0.000761167
0.155073
65.6162
358.513
0.000745791
70.3956
284.206
427.262
52.5061
32.9924
1.16087
105.384
1.91276
51.97
21.0589
11.133
0.00102957
287.681
324.785
249.911
303.745
326.532
0.0408642
0.595947
13.0783
28.8992
411.066
1.07218
0.000748487
400.821
0.113459
0.137089
143.014
1.30195
0.0093243
0.00560904
79.5558
27.5582
0.00153096
12.8312
0.0202494
0.000934123
137.874
0.000789188
114.566
0.00187172
76.4641
5.80996
27.3494
0.00095839
417.247
0.00518818
36.854
98.3981
0.000757329
0.00572491
0.00144588
106.746
0.000760133
424.946
0.000754473
98.2811
0.000687195
41.1108
5.38033
3.22045
0.00806675
137.561
0.000743915
0.000713376
0.0114389
23.2124
291.138
75.4129
0.00788927
0.000836012
28.329
236.02
0.000873495
0.00429194
0.000759486
0.000744896
0.0128925
28.8233
0.000745235
0.000830549
0.0031743
0.161051
492.283
24.7008
5.91968
39.6484
0.533909
430.35
4.62197
421.929
32.24
1.76354
0.000743225
71.2013
218.224
67.1949
0.0022348
0.155893
0.00073495
0.000750365
45.6517
0.000804044
68.6842
0.76967
69.1982
0.0160732
55.5865
0.000746168
39.6862
0.583845
50.381
0.000737152
74.0282
411.369
0.00104981
45.74
27.5135
0.0342113
0.000850537
363.815
45.099
0.00208958
33.788
16.0711
28.7205
37.6419
8.42763
0.000790994
0.0278206
116.173
66.3761
25.8323
0.000740782
35.765
191.435
0.000882929
0.00985012
39.062
0.000783246
254.109
0.759166
0.000757327
65.5064
37.7105
0.000735099
31.879
426.302
176.853
7.90778
176.202
18.613
0.000741357
58.7761
1.29823
137.815
0.000742273
176.039
25.9015
0.000817105
105.711
109.26
67.8097
0.000753176
2.92931
0.00249456
0.000717703
10.6124
109.522
102.531
199.203
0.836044
0.000951165
0.0121589
0.0164467
421.274
58.6172
0.000894412
0.217554
1.34925
400.85
68.0585
270.046
0.000720736
0.000765554
0.00070869
12.7564
0.000746405
144.694
11.2204
4.37657
0.958284
0.00308402
78.219
0.322787
119.004
0.00123735
0.000749424
0.00413667
0.00208234
4.71685
0.000904224
0.000805716
57.9951
0.000763747
0.000742418
56.8735
29.5914
296.128
0.0014906
0.000735579
0.0904329
30.544
0.0539135
30.6605
9.50652
138.742
95.4247
7.31506
285.027
0.268407
0.000748358
0.649853
0.000872827
33.4458
5.72423
0.00570171
0.253392
13.0361
4.29183
0.209576
0.000765226
10.5705
23.0159
0.000747062
4.552
4.17085
37.9409
0.112485
1.94581
0.000745659
0.000745796
0.000746135
5.1727
0.0285965
33.7165
2.83811
0.0629394
389.064
50.7299
3.84646
0.000747194
0.000742767
0.00904101
42.7844
0.929569
94.2477
91.5686
0.000726117
3.86371
0.000834573
14.9173
0.000749533
29.1786
0.00703484
0.000730851
0.000948078
337.255
25.54
0.00129308
22.4785
1.62174
84.165
120.67
130.663
0.00228714
117.488
8.87403
0.00137057
82.0282
0.0378393
263.853
0.000711958
77.9767
231.089
0.00363981
32.6343
20.1445
1.64655
190.197
36.8443
15.4814
76.2881
33.3854
75.6773
0.86379
194.679
136.821
224.306
4.30204
0.000743415
57.8358
3.12506
34.9322
0.00494632
0.790796
0.00485665
0.000751716
0.646437
0.000746563
15.7984
35.4713
344.242
32.3199
11.0972
32.1135
49.0755
110.72
47.3439
0.000711873
2.34537
19.7746
29.0185
24.3188
41.2607
25.5201
0.000751298
41.0739
37.4473
120.67
420.725
0.00105225
416.15
0.000757285
311.911
127.331
67.3643
0.000746389
118.643
0.000743345
43.6178
71.4932
20.8571
102.664
12.5347
67.0869
216.363
0.000735058
0.00100251
16.2789
288.636
0.00638232
0.0160541
0.00114686
0.000744679
0.000855481
303.97
56.3508
10.9512
0.000748982
0.111981
77.1632
5.69351
0.213453
138.195
5.34449
104.175
0.179566
0.106881
0.363414
211.912
0.000728364
405.784
0.000745586
40.4282
0.00191314
0.618567
0.000737492
127.577
0.00101358
0.000758457
0.00204387
0.00109825
0.00129793
0.0348522
0.000775915
8.35499
0.00313085
384.485
0.362355
0.00090385
0.000754432
74.4494
0.000767771
53.3452
6.16475
0.000777273
279.286
207.768
0.000861206
2.8123
122.542
0.0324853
9.95872
2.44626
0.556508
336.336
44.0566
261.962
39.8943
119.844
48.0315
0.0076394
23.9131
318.55
3.29856
2.70031
0.00133701
4.65477
3.69331
0.00160756
305.97
74.9895
6.12763
0.000739358
0.000752843
13.1207
0.00141102
77.1602
0.0083926
0.00756311
27.2379
4.51044
79.5414
50.3542
137.455
35.902
34.3656
0.00137058
4.39094
55.7812
0.000749654
106.929
0.83895
0.000748204
43.6788
145.937
22.1177
29.377
0.000750929
3.71945
20.3823
0.000784717
25.0127
0.000852457
43.135
0.000836099
14.2446
74.4651
50.6837
0.966445
0.000737531
24.506
0.147741
165.314
0.0315927
69.0671
19.0508
4.37835
4.69179
1.9954
32.7196
138.939
362.076
0.00393892
123.874
27.0827
0.0232435
0.724605
291.152
102.332
0.000745252
17.1166
0.00074739
0.00887284
87.1917
349.042
0.00087493
0.00480506
0.000755653
0.00141797
0.000849748
0.000735074
0.000914561
7.86
90.9524
53.3548
33.7043
96.8568
108.902
0.000749361
39.1321
3.41941
73.4044
25.9403
192.311
0.000737112
1.10784
0.000737742
329.301
2.64495
0.0459616
0.000755983
0.000916562
1.08057
4.02378
4.44422
7.85412
5.91967
0.000836935
36.4007
0.000740029
208.434
46.3589
0.000830079
0.141518
44.6897
0.000731988
0.00188473
272.063
0.0188308
193.199
0.000904295
331.76
0.000730804
0.00154877
1.56091
34.9794
11.3726
47.9644
44.0309
0.000777038
1.52584
75.4439
67.8138
0.263951
0.000744071
0.771811
0.000748556
52.5635
135.684
0.126947
57.4627
34.93
34.2344
416.59
0.00600852
0.0782255
0.000728908
175.592
0.000750462
0.00155167
0.0568629
61.9039
429.816
0.992148
0.000770781
0.000773739
60.2555
0.0014143
0.00074095
0.0020455
206.32
34.6309
233.461
12.7023
0.00986433
27.8863
84.1436
0.00148034
155.702
0.00780489
0.000728517
2.09026
13.8191
206.694
90.4688
47.9299
0.101419
0.000753435
0.00306296
32.0281
43.9818
45.3774
0.00103607
70.6596
12.4595
3.08582
0.00138885
0.00520447
0.00535787
0.000870182
0.000822825
2.44555
267.62
52.8732
0.00073868
107.719
0.00667457
0.00103232
67.3577
8.3583
0.000743027
0.132178
340.66
0.00142889
1.64167
0.000800308
0.00213066
5.03152
218.372
5.09847
0.00641834
0.0010956
0.279278
0.000720349
0.000740406
0.000772843
19.6654
2.59444
0.00074027
0.000727145
0.435861
134.133
0.00124949
25.4735
33.9867
43.1698
11.3711
0.0111226
122.468
0.000912024
0.000803283
0.767126
0.607839
0.0011091
419.04
0.258467
0.0271405
71.0813
0.000844927
0.000794386
10.0673
63.2037
0.000735032
252.868
109.729
10.4095
0.000750146
161.818
13.4443
44.864
0.85417
31.1542
94.4941
151.922
27.3484
150.676
0.0209723
0.000754888
266.698
128.26
168.988
0.898978
102.182
52.9581
0.000847932
191.126
49.1862
110.965
78.4671
48.6331
0.00148172
0.00219621
415.954
0.000737509
0.00668942
40.4734
168.769
0.00361623
106.992
209.562
13.5741
18.7467
71.0739
50.9445
0.0228137
0.000785977
104.089
0.00087038
26.6878
9.17543
35.8296
283.207
0.000930512
0.000813055
0.00175209
427.077
0.000728399
29.5054
0.0111001
0.000735258
112.03
0.00073398
0.000762689
5.57722
44.6181
9.8885
41.0006
0.00075075
2.56255
0.94826
0.00336983
0.00187501
0.000746726
45.2161
1.436
194.986
0.000707133
0.141236
106.557
94.8277
0.00272356
0.000745905
0.000746222
92.2018
20.3813
0.0291272
1.15639
0.00171656
0.000723937
18.7217
127.717
8.5234
2.12236
13.7303
0.599441
0.00278052
15.3099
19.9891
125.595
197.951
75.7484
0.00205417
13.6089
31.2107
66.468
0.00469139
89.647
0.00074793
0.000756996
320.125
5.65739
343.193
0.000887334
338.761
37.3983
0.163434
0.00216808
30.9606
187.648
84.0713
0.000726461
0.000733126
0.000821269
0.000846947
167.475
0.120555
0.000745339
0.143227
145.449
12.59
26.2169
411.412
53.8255
312.002
421.614
0.00117801
0.0103861
0.00101553
197.451
0.441286
21.6406
0.00100578
137.929
0.125719
0.000720409
0.0015513
0.0010566
38.2486
0.000821398
0.00074463
411.678
26.4927
43.4512
24.4339
0.0012186
60.7524
55.7738
0.000784828
54.5491
0.000787555
1.10931
297.783
0.00763965
144.591
0.000727894
0.00075209
54.7038
112.874
1.42031
30.4171
0.00390356
116.736
30.8261
9.61382
0.000782573
0.000795715
40.2295
0.000871239
187.139
0.319496
15.9182
0.636436
0.411006
25.642
0.000859259
0.000836721
242.706
0.000816218
7.09659
42.1071
0.000760523
0.000734266
0.000748718
34.4465
92.5079
0.000735864
0.00622552
0.175654
70.7557
24.2087
0.000760954
0.000886823
407.453
94.2113
136.028
7.88344
0.000927688
0.00092784
121.827
0.40086
113.931
69.4555
0.000889277
0.00114541
27.7212
1.58748
0.00113803
183.713
0.0426566
17.0088
394.408
279.076
307.466
40.5449
0.000747626
0.000746318
92.9158
73.1714
207.063
1.74304
0.00073656
0.00105395
5.06075
0.00077557
46.2018
149.575
0.000705526
98.9413
0.000746867
0.000752722
0.000759037
230.311
93.8377
222.345
0.00887081
0.000822304
19.539
0.00989349
2.05402
38.5885
94.9049
125.728
0.0846509
0.000791598
0.000766577
0.000740753
12.4924
308.077
0.00510053
83.9076
10.1615
0.000740606
0.310577
0.000747967
7.52242
43.3941
349.382
0.297645
28.0935
0.000746247
183.777
0.00190883
6.51521
104.06
0.000888587
169.671
1.32633
21.3427
37.1069
3.8046
54.2449
66.2224
94.9421
0.00107451
1.82394
72.6632
0.00100924
32.4459
2.53177
107.769
98.6224
0.00106748
42.9579
0.00101458
1.32345
0.0180292
0.000727464
141.347
0.00074833
46.1938
229.69
0.000746972
0.00132874
78.4158
0.000721952
0.00154789
0.000745139
0.0772822
47.6277
180.013
0.232163
0.000719894
0.00774271
40.8814
2.97076
0.426589
281.113
90.688
1.13194
132.43
0.00470787
191.71
2.63912
0.000750189
394.898
0.00918651
34.1353
1.46328
10.0815
113.251
0.561156
0.00339925
0.0704321
8.0902
329.806
0.000778858
7.2078
40.9173
0.0463062
136.777
54.1476
2.80587
10.3839
0.000781451
0.0407199
1.08878
0.000861869
45.0046
0.000736102
0.117958
134.982
40.8052
32.416
119.919
0.0512674
0.000742508
8.62106
0.000708693
59.3811
20.0805
162.279
0.00074632
57.1174
115.54
38.5606
53.8147
0.000780238
0.780361
1.85369
123.481
3.3471
0.258619
99.4373
7.33455
0.000749754
60.3735
29.6504
0.000924058
70.8836
0.218953
173.562
9.94549
0.0485568
0.426699
0.0247096
72.5435
129.89
0.86663
1.27749
99.7202
17.4985
1.28495
206.084
0.00077648
168.208
54.7964
0.246285
0.000808583
79.6419
99.9618
0.973279
233.861
0.000783087
411.601
71.6278
0.000754332
0.000747836
0.00187889
29.6791
27.0382
0.000726614
188.414
132.516
97.751
115.417
0.203953
0.000723862
0.000750858
0.000747121
0.405267
27.6302
0.00160087
0.000749899
0.000872612
96.8672
97.5533
0.000985867
0.0103278
0.143884
21.1302
95.549
60.88
21.3787
9.61444
205.782
67.4065
0.00286263
78.6462
0.000743345
0.000789145
159.572
419.45
0.000908919
54.6431
0.000745448
0.00192187
417.045
0.00084049
38.9799
0.00811608
76.6605
0.000854211
0.00074223
62.626
0.000754148
9.74339
72.7059
41.3861
8.15537
80.8915
0.0362728
0.000759162
0.00253952
405.614
121.162
40.1346
0.000744434
0.00714885
0.187107
0.0107922
2.02987
0.000928708
15.7257
408.33
0.0011871
100.138
0.000753759
92.4647
0.000730115
0.000738634
170.146
79.2509
172.22
0.00374853
0.000814804
0.000750316
0.00755025
42.1745
303.459
0.000875349
0.00796307
101.75
68.6233
28.4035
0.808839
0.000701424
100.24
424.307
0.730014
0.853192
1.77746
0.000825364
189.462
282.447
8.09581
320.832
57.2244
0.00601653
0.000862089
49.0419
0.000745059
291.071
0.000869372
117.026
14.3364
2.07256
97.3204
77.1658
67.2027
89.2875
189.19
0.00070708
72.6151
88.9339
0.00851919
0.000742815
1.71166
322.179
88.3663
78.493
192.706
0.000753543
0.000751212
414.177
1.47552
57.4556
0.247081
3.70243
0.246041
0.000742502
0.00075554
0.776495
2.06936
92.1526
257.67
62.9382
122.545
31.9125
0.00644655
0.0045233
0.547427
1.33606
76.5525
0.0045586
2.61687
)
;

boundaryField
{
    frontAndBack
    {
        type            empty;
    }
    cylinder
    {
        type            epsilonWallFunction;
        value           nonuniform List<scalar> 
244
(
2419.73
2408.39
2406.41
2399.37
2387.43
2370.24
2348.39
2321.39
2289.13
2251.69
2209.27
2162.01
2110.73
2056.4
1999.81
1941.93
1883.85
1826.61
1770.91
1717.31
1666.36
1618.4
1573.59
1532.1
1493.99
1459.14
1427.45
1398.83
1373.18
1350.29
1330.06
1312.32
1296.95
1283.78
1272.72
1263.64
1256.4
1250.93
1247.19
1245.09
1244.53
1245.5
1247.95
1251.83
1257.17
1264.02
1272.35
1282.13
1293.47
1306.48
1321.19
1337.56
1355.82
1375.94
1397.85
1421.32
1446.09
1471.7
1497.4
1522.65
1547.05
1570.75
1593.63
1615.41
1636.07
1655.81
1675.05
1693.91
1712.67
1731.1
1748.57
1764.75
1780.17
1795.09
1809.86
1824.7
1840.25
1857.08
1875.7
1896.49
1919.99
1945.99
1973.99
2003.53
2034.18
2065.59
2097.7
2130.65
2164.1
2198.04
2232.46
2267.57
2303.22
2339.44
2376.38
2414.04
2452.33
2491.37
2531.27
2572.11
2613.73
2656.17
2699.67
2744.21
2789.63
2836.24
2883.93
2932.57
2982.22
3033.07
3085.17
3138.44
3192.78
3248.72
3305.88
3364.61
3424.71
3486.92
3551.22
3617.62
3686.01
3756.51
3830.17
3906.53
3984.96
4065.5
4148.59
4235.12
4324.58
4416.89
4511.77
4609.36
4710.02
4812.33
4916.85
5028.11
5168.48
5296.33
5423.73
5553.66
5686.09
5821.02
5958.77
6099.41
6242.56
6388.43
6536.76
6686.84
6838.39
6991.13
7144.87
7298.7
7452.56
7605.79
7757.52
7907.14
8054.11
8196.98
8334.61
8465.09
8579.16
8662.99
8719.77
8750.94
8756.35
8734.23
8682.99
8600.15
8481.67
8322.92
8119.57
7867.03
7559.07
7188.91
6751.39
6239.85
5597.82
4688.46
4285.82
4086.22
4007.83
3967.65
3880.95
3735.2
3575.71
3404.72
3225.49
3046.95
2874.37
2711.17
2561.8
2429.91
2317.48
2224.84
2150.88
2093.94
2051.76
2021.63
2000.98
1987.66
1980.13
1976.97
1976.99
1979.55
1984.06
1990.12
1997.59
2006.5
2016.58
2027.81
2040.18
2053.75
2068.41
2084.12
2100.82
2118.4
2136.62
2155.38
2174.38
2193.3
2211.86
2229.84
2246.91
2262.61
2276.69
2289
2299.32
2307.72
2314.47
2319.67
2323.58
2326.78
2330.06
2333.8
2338.23
2343.92
2351.07
2359.38
2368.55
2378.28
2388.55
2398.33
2406.7
2413.18
)
;
        Cmu             0.09;
        kappa           0.41;
        E               9.8;
    }
    domain_boundary
    {
        type            freestream;
        freestreamValue uniform 0.000765;
        value           nonuniform List<scalar> 
64
(
0.00073759
0.000721513
0.000736441
0.000765
0.000765
0.024208
0.00162211
0.000683569
0.000765
1.04979
0.0362554
0.000765
0.000765
0.000765
0.000688995
2.02773
0.000694719
0.000765
0.000765
0.000765
0.000765
0.000765
0.000765
0.000765
1.96331
0.000743207
0.000765
0.000765435
0.000866436
0.000765
0.000704112
0.000718665
0.000718923
0.000765
0.0821218
0.000765
0.000725753
0.000688426
0.000765
0.000765
0.000765
0.000732743
0.000749874
0.000765
0.000765
0.000714426
0.000731703
0.000680562
0.545748
0.000765
0.000765
0.000765
0.000765
0.000765
0.000765
0.000765
0.00388767
0.000765
0.271977
0.000750574
0.000723048
0.00072132
0.000765
0.000765
)
;
    }
}


// ************************************************************************* //
