/*--------------------------------*- C++ -*----------------------------------*\
| =========                 |                                                 |
| \\      /  F ield         | OpenFOAM: The Open Source CFD Toolbox           |
|  \\    /   O peration     | Version:  2.3.1                                 |
|   \\  /    A nd           | Web:      www.OpenFOAM.org                      |
|    \\/     M anipulation  |                                                 |
\*---------------------------------------------------------------------------*/
FoamFile
{
    version     2.0;
    format      ascii;
    class       volScalarField;
    location    "0.22";
    object      p;
}
// * * * * * * * * * * * * * * * * * * * * * * * * * * * * * * * * * * * * * //

dimensions      [0 2 -2 0 0 0 0];

internalField   nonuniform List<scalar> 
9648
(
0.241282
-0.0343346
-0.371616
-0.807469
-1.33723
-1.96886
-2.71025
-3.5694
-4.56194
-5.70326
-7.00345
-8.47482
-10.1294
-11.9771
-14.0263
-16.2859
-18.7628
-21.4637
-24.3897
-27.5426
-30.9259
-34.5336
-38.3627
-42.4049
-46.6528
-51.0963
-55.7271
-60.5424
-65.5261
-70.6645
-75.9259
-81.2863
-86.7239
-92.2233
-97.7903
-103.407
-109.062
-114.713
-120.328
-125.87
-131.3
-136.605
-141.75
-146.764
-151.678
-156.483
-161.15
-165.635
-169.904
-173.917
-177.663
-181.148
-184.383
-187.341
-190.026
-192.424
-194.52
-196.323
-197.808
-198.986
-199.843
0.82998
0.543143
0.195672
-0.238004
-0.752053
-1.35774
-2.06875
-2.89866
-3.8554
-4.95104
-6.19667
-7.60373
-9.18273
-10.9433
-12.8943
-15.0436
-17.3979
-19.9622
-22.739
-25.7304
-28.9376
-32.3579
-35.987
-39.8167
-43.8388
-48.0451
-52.4298
-56.9892
-61.7127
-66.5826
-71.5704
-76.6492
-81.7946
-86.9956
-92.2505
-97.553
-102.886
-108.221
-113.533
-118.786
-123.942
-128.966
-133.835
-138.572
-143.205
-147.735
-152.128
-156.337
-160.332
-164.107
-167.642
-170.933
-173.977
-176.766
-179.287
-181.537
-183.497
-185.181
-186.563
-187.645
-188.406
0.677067
0.407431
0.0823397
-0.30759
-0.782694
-1.3514
-2.02129
-2.8052
-3.71392
-4.76053
-5.95523
-7.30939
-8.83306
-10.5354
-12.4251
-14.5097
-16.7956
-19.2874
-21.9874
-24.898
-28.0198
-31.351
-34.887
-38.6196
-42.5402
-46.6409
-50.9168
-55.363
-59.9701
-64.7198
-69.5906
-74.5585
-79.6029
-84.7064
-89.8494
-95.0035
-100.143
-105.259
-110.364
-115.461
-120.517
-125.486
-130.324
-135.03
-139.62
-144.08
-148.378
-152.479
-156.365
-160.039
-163.494
-166.718
-169.707
-172.435
-174.91
-177.112
-179.052
-180.697
-182.057
-183.13
-183.927
0.91601
0.643289
0.317758
-0.0710404
-0.533609
-1.08105
-1.72428
-2.47502
-3.34511
-4.34688
-5.49183
-6.79079
-8.25356
-9.88908
-11.7065
-13.7126
-15.9135
-18.3135
-20.9146
-23.719
-26.7279
-29.9389
-33.3482
-36.9476
-40.7292
-44.6853
-48.8078
-53.0887
-57.5127
-62.0679
-66.7434
-71.5312
-76.4266
-81.3997
-86.4018
-91.364
-96.2241
-101.012
-105.776
-110.564
-115.392
-120.179
-124.892
-129.518
-134.033
-138.41
-142.566
-146.475
-150.155
-153.631
-156.918
-160.002
-162.863
-165.478
-167.838
-169.936
-171.769
-173.326
-174.605
-175.603
-176.325
1.00921
0.76857
0.47376
0.11467
-0.316568
-0.830293
-1.43699
-2.14758
-2.97454
-3.92876
-5.02266
-6.26561
-7.66763
-9.23659
-10.9826
-12.9111
-15.0282
-17.3379
-19.841
-22.5404
-25.4376
-28.5298
-31.815
-35.2843
-38.9304
-42.7432
-46.712
-50.8255
-55.0734
-59.4444
-63.9328
-68.5363
-73.2399
-78.0279
-82.8506
-87.6258
-92.3367
-96.9638
-101.541
-106.089
-110.551
-114.956
-119.346
-123.794
-128.309
-132.723
-136.868
-140.658
-144.143
-147.417
-150.524
-153.462
-156.201
-158.713
-160.98
-162.992
-164.742
-166.228
-167.452
-168.406
-169.09
1.1213
0.899708
0.627785
0.294571
-0.107275
-0.58892
-1.16007
-1.83156
-2.61648
-3.52433
-4.5688
-5.75727
-7.10057
-8.60357
-10.2798
-12.132
-14.1659
-16.386
-18.7902
-21.383
-24.1676
-27.139
-30.2996
-33.6359
-37.1391
-40.7978
-44.5967
-48.541
-52.6211
-56.8385
-61.1698
-65.5677
-70.0083
-74.4657
-78.9487
-83.5112
-88.1514
-92.8975
-97.6077
-102.053
-106.179
-109.95
-113.688
-117.745
-122.119
-126.63
-130.857
-134.612
-137.963
-141.035
-143.948
-146.713
-149.305
-151.695
-153.855
-155.769
-157.428
-158.834
-159.99
-160.889
-161.528
1.23757
1.03441
0.78378
0.47411
0.0997574
-0.351896
-0.88961
-1.52304
-2.26765
-3.13006
-4.12726
-5.26321
-6.55013
-7.98708
-9.59505
-11.3713
-13.3213
-15.453
-17.7571
-20.2408
-22.9123
-25.7587
-28.7928
-31.9916
-35.3456
-38.8401
-42.4601
-46.2166
-50.1287
-54.1927
-58.3867
-62.627
-66.7903
-70.8689
-74.9224
-79.0629
-83.5858
-88.4636
-93.468
-98.2367
-102.186
-105.421
-108.394
-111.733
-115.82
-120.219
-124.489
-128.296
-131.57
-134.501
-137.232
-139.815
-142.248
-144.504
-146.55
-148.359
-149.92
-151.236
-152.32
-153.166
-153.757
1.35281
1.1685
0.940862
0.652675
0.305843
-0.117763
-0.625027
-1.21824
-1.92594
-2.74086
-3.69572
-4.77905
-6.01934
-7.38157
-8.92441
-10.6268
-12.4884
-14.5387
-16.7429
-19.1064
-21.6747
-24.3815
-27.2925
-30.352
-33.5453
-36.894
-40.3135
-43.881
-47.5794
-51.4203
-55.4769
-59.5783
-63.6026
-67.4877
-71.1567
-74.7946
-78.7526
-83.3774
-88.601
-93.7163
-98.1186
-101.321
-103.768
-106.549
-109.916
-113.827
-117.9
-121.616
-124.912
-127.749
-130.362
-132.767
-135.029
-137.159
-139.099
-140.784
-142.246
-143.445
-144.457
-145.262
-145.799
1.47397
1.29694
1.11051
0.824608
0.517613
0.108916
-0.375717
-0.897768
-1.60419
-2.3339
-3.28661
-4.28396
-5.53715
-6.75299
-8.27366
-9.92256
-11.6498
-13.6664
-15.7484
-17.957
-20.5086
-22.9873
-25.8391
-28.7276
-31.7392
-35.021
-38.1841
-41.608
-45.1177
-48.5844
-52.4529
-56.3531
-60.2739
-64.2799
-68.0306
-71.1031
-74.4231
-78.2152
-82.8097
-88.3197
-93.2995
-97.1842
-99.9037
-102.394
-105.007
-107.6
-111.11
-114.686
-118.187
-120.875
-123.411
-125.526
-127.672
-129.777
-131.593
-133.093
-134.546
-135.531
-136.545
-137.309
-137.725
-200.359
-200.567
-200.456
-200.017
-199.275
-198.215
-196.841
-195.151
-193.141
-190.841
-188.226
-185.315
-182.146
-178.715
-175.014
-171.059
-166.856
-162.434
-157.785
-152.923
-147.882
-142.647
-137.245
-131.689
-126.003
-120.181
-114.228
-108.177
-102.031
-95.8228
-89.553
-83.2418
-76.9106
-70.5597
-64.2171
-57.8848
-51.5858
-45.3322
-39.1319
-33.0016
-26.9528
-21.0084
-15.1657
-9.44477
-3.85931
1.58831
6.88264
12.0156
16.9725
21.7468
26.3338
30.7229
34.9035
38.8746
42.626
46.1528
49.4503
52.5135
55.3421
57.9322
60.2839
-188.856
-189.01
-188.875
-188.437
-187.704
-186.681
-185.358
-183.73
-181.802
-179.586
-177.077
-174.296
-171.281
-168.013
-164.491
-160.721
-156.718
-152.496
-148.059
-143.423
-138.603
-133.606
-128.445
-123.132
-117.68
-112.112
-106.442
-100.677
-94.8257
-88.9068
-82.9322
-76.9172
-70.8769
-64.8229
-58.7715
-52.7318
-46.7199
-40.7494
-34.8316
-28.9789
-23.2046
-17.5242
-11.9448
-6.47975
-1.14102
4.06451
9.12579
14.0325
18.7731
23.3407
27.7286
31.9283
35.9306
39.7326
43.3256
46.7051
49.8644
52.8017
55.514
57.9988
60.2554
-184.429
-184.623
-184.502
-184.083
-183.382
-182.386
-181.078
-179.45
-177.531
-175.337
-172.878
-170.147
-167.136
-163.876
-160.376
-156.644
-152.69
-148.524
-144.155
-139.597
-134.863
-129.96
-124.9
-119.695
-114.354
-108.894
-103.329
-97.6722
-91.9365
-86.1353
-80.2822
-74.392
-68.4783
-62.5547
-56.6341
-50.728
-44.8496
-39.0115
-33.2265
-27.5069
-21.8656
-16.3156
-10.8665
-5.53005
-0.316459
4.76594
9.70665
14.4956
19.1228
23.5812
27.8627
31.9604
35.8667
39.5772
43.0844
46.3834
49.469
52.3379
54.9875
57.415
59.6209
-176.762
-176.913
-176.768
-176.33
-175.585
-174.54
-173.262
-171.738
-169.934
-167.86
-165.516
-162.915
-160.051
-156.941
-153.593
-150.015
-146.218
-142.212
-138.008
-133.62
-129.06
-124.338
-119.464
-114.447
-109.302
-104.038
-98.6721
-93.2166
-87.6843
-82.0875
-76.4391
-70.7542
-65.0463
-59.3294
-53.6141
-47.9124
-42.2362
-36.5973
-31.0091
-25.4834
-20.0327
-14.6694
-9.40374
-4.24646
0.792953
5.70689
10.4842
15.1158
19.5909
23.9045
28.0472
32.0123
35.7943
39.3874
42.7864
45.9838
48.9771
51.7603
54.3323
56.6897
58.8338
-169.5
-169.636
-169.493
-169.073
-168.373
-167.404
-166.14
-164.613
-162.83
-160.796
-158.511
-155.978
-153.201
-150.192
-146.955
-143.497
-139.828
-135.956
-131.894
-127.655
-123.253
-118.696
-113.993
-109.152
-104.188
-99.1093
-93.9318
-88.6696
-83.3334
-77.9356
-72.4863
-67.003
-61.4978
-55.9864
-50.4762
-44.9794
-39.5059
-34.0672
-28.6777
-23.3481
-18.0902
-12.9174
-7.83866
-2.86475
1.99519
6.73675
11.3447
15.8142
20.1313
24.2941
28.2923
32.1188
35.7701
39.2388
42.5234
45.6135
48.5092
51.2002
53.6897
55.9712
58.0484
-161.902
-162.011
-161.851
-161.425
-160.734
-159.785
-158.568
-157.09
-155.363
-153.393
-151.184
-148.735
-146.053
-143.15
-140.031
-136.7
-133.163
-129.429
-125.512
-121.429
-117.19
-112.806
-108.283
-103.625
-98.8473
-93.9594
-88.9754
-83.9135
-78.7806
-73.5887
-68.3436
-63.0682
-57.771
-52.4738
-47.1762
-41.8916
-36.6282
-31.3963
-26.2125
-21.0854
-16.0268
-11.0511
-6.1653
-1.38159
3.29164
7.85658
12.2905
16.5942
20.7465
24.754
28.6021
32.2841
35.8003
39.1383
42.3057
45.2835
48.0786
50.6731
53.0781
55.2787
57.2868
-154.095
-154.174
-153.998
-153.564
-152.88
-151.952
-150.768
-149.331
-147.657
-145.755
-143.625
-141.265
-138.678
-135.886
-132.891
-129.69
-126.29
-122.692
-118.922
-114.998
-110.929
-106.726
-102.39
-97.9192
-93.3338
-88.6387
-83.8534
-78.9979
-74.0746
-69.0933
-64.0551
-58.9905
-53.9056
-48.8307
-43.7523
-38.689
-33.644
-28.6245
-23.6522
-18.7356
-13.8818
-9.10815
-4.42063
0.166733
4.64716
9.03184
13.2878
17.424
21.4064
25.2528
28.9455
32.4784
35.8539
39.0559
42.1039
44.9662
47.6611
50.1554
52.4721
54.5869
56.5239
-146.1
-146.139
-145.949
-145.498
-144.828
-143.922
-142.775
-141.356
-139.723
-137.907
-135.864
-133.587
-131.095
-128.418
-125.561
-122.492
-119.23
-115.765
-112.149
-108.392
-104.49
-100.476
-96.3448
-92.0589
-87.6699
-83.172
-78.5927
-73.9486
-69.2298
-64.4643
-59.627
-54.7792
-49.9037
-45.0654
-40.2103
-35.3883
-30.5821
-25.7662
-21.0066
-16.3198
-11.6656
-7.09402
-2.61808
1.77538
6.0485
10.2583
14.3284
18.3028
22.101
25.784
29.3123
32.6835
35.9236
38.9803
41.918
44.659
47.2605
49.64
51.8688
53.8864
55.7562
-137.989
-137.964
-137.768
-137.298
-136.643
-135.734
-134.637
-133.164
-131.62
-129.999
-127.965
-125.78
-123.346
-120.767
-118.15
-115.14
-112.014
-108.749
-105.261
-101.687
-97.872
-94.0272
-90.2003
-86.0021
-81.8235
-77.6019
-73.1631
-68.7674
-64.146
-59.7153
-54.9537
-50.4478
-45.6684
-41.169
-36.4977
-31.9457
-27.4392
-22.7094
-18.1707
-13.7611
-9.22414
-4.90559
-0.678716
3.60081
7.5205
11.6969
15.4441
19.3741
22.8502
26.4449
29.8258
32.9391
36.1607
38.9569
41.9203
44.4132
47.0282
49.1449
51.4116
53.2334
55.1434
62.3988
64.2758
65.9159
67.3197
68.4873
69.4234
70.1318
70.6175
70.8845
70.9444
70.8357
70.5868
70.1635
69.5455
68.7664
67.8121
66.6517
65.3096
63.8058
62.1533
60.3633
58.4465
56.415
54.2804
52.0554
49.7532
47.3872
44.9719
42.5196
40.0462
37.5651
35.0913
32.6402
30.2254
27.8638
25.5681
23.3533
21.2366
19.2373
17.3737
15.6662
14.1219
12.7548
11.5839
10.6233
9.88191
9.36851
9.08405
9.02182
9.16241
9.47059
9.89118
10.3444
10.7271
10.913
10.2271
8.72406
7.21558
5.99182
5.08648
4.29804
62.2845
64.0871
65.6636
67.0145
68.1401
69.0424
69.7256
70.1937
70.4501
70.4971
70.3766
70.1339
69.7313
69.1359
68.3727
67.4349
66.3059
65.0018
63.5402
61.9336
60.193
58.3289
56.354
54.2805
52.1201
49.8853
47.5885
45.243
42.8614
40.4578
38.0455
35.6386
33.2515
30.8981
28.5933
26.3514
24.1867
22.1082
20.1282
18.2697
16.5445
14.9845
13.5989
12.4008
11.4018
10.6117
10.0385
9.68358
9.54073
9.59277
9.80746
10.134
10.4958
10.7923
10.846
10.2005
8.87971
7.54337
6.50059
5.7167
4.9158
61.6045
63.3678
64.9108
66.2352
67.3407
68.2301
68.907
69.3755
69.636
69.6832
69.5834
69.3696
68.9848
68.414
67.6779
66.7747
65.6931
64.4447
63.0431
61.5004
59.8272
58.0338
56.1324
54.1345
52.0509
49.8943
47.6763
45.4097
43.1069
40.7811
38.4456
36.1139
33.7995
31.5162
29.2777
27.0979
24.9897
22.965
21.0382
19.2294
17.557
16.0315
14.667
13.4736
12.4625
11.6429
11.0209
10.597
10.3648
10.3083
10.3966
10.5828
10.7911
10.919
10.7905
10.1386
8.98521
7.77041
6.76229
5.94021
5.12882
60.7625
62.479
63.9821
65.275
66.356
67.2292
67.8957
68.3607
68.6198
68.6702
68.5945
68.413
68.0508
67.51
66.8044
65.9372
64.903
63.7115
62.3722
60.8966
59.2946
57.5758
55.7528
53.8361
51.836
49.7656
47.6355
45.4583
43.2454
41.0103
38.765
36.523
34.2969
32.1002
29.9455
27.8466
25.8157
23.8656
22.0097
20.2639
18.6428
17.1582
15.8196
14.6364
13.6186
12.7735
12.1043
11.6097
11.2818
11.1047
11.0488
11.0699
11.0991
11.0431
10.7654
10.1158
9.11537
8.02125
7.03914
6.19007
5.38906
59.9164
61.5822
63.0415
64.3001
65.3526
66.2068
66.8587
67.3162
67.57
67.6299
67.5779
67.4238
67.0858
66.5766
65.903
65.0735
64.085
62.9498
61.6721
60.2639
58.7342
57.0902
55.3473
53.5142
51.5994
49.6179
47.5781
45.4932
43.3727
41.2308
39.078
36.9281
34.792
32.6835
30.614
28.5971
26.6442
24.7678
22.9793
21.2927
19.7201
18.2734
16.9617
15.7921
14.7705
13.9023
13.1891
12.6272
12.2073
11.9128
11.7162
11.5766
11.4363
11.2207
10.8375
10.2023
9.32696
8.35172
7.41477
6.55906
5.7546
59.0895
60.7033
62.1154
63.3395
64.3609
65.1955
65.8312
66.2815
66.5303
66.6057
66.5737
66.4429
66.129
65.6522
65.0111
64.2215
63.2776
62.1988
60.9817
59.6411
58.1847
56.615
54.9531
53.2049
51.3755
49.4848
47.536
45.5452
43.5174
41.4702
39.4105
37.3537
35.3076
33.2878
31.3028
29.368
27.4922
25.6883
23.9646
22.3349
20.8086
19.3978
18.1095
16.9497
15.9215
15.0277
14.2691
13.6404
13.1313
12.7264
12.3999
12.1169
11.8306
11.4861
11.0229
10.394
9.60398
8.72651
7.84601
7.00525
6.20126
58.2577
59.8183
61.1806
62.3699
63.3589
64.1755
64.7955
65.2396
65.4856
65.5789
65.5643
65.4549
65.1652
64.721
64.113
63.3646
62.4654
61.4437
60.2859
59.0139
57.6328
56.1379
54.5582
52.8954
51.1513
49.3536
47.4973
45.6021
43.6677
41.7169
39.7515
37.7888
35.8326
33.9016
32.0005
30.1475
28.3487
26.6164
24.9552
23.3803
21.8976
20.5205
19.2537
18.1012
17.0648
16.1446
15.3421
14.6492
14.0557
13.5499
13.1076
12.7007
12.2924
11.8437
11.3155
10.6808
9.93992
9.13132
8.30432
7.4904
6.69845
57.4097
58.9223
60.227
61.387
62.3363
63.14
63.7413
64.1843
64.4269
64.544
64.5392
64.4532
64.1848
63.7759
63.1992
62.4951
61.6362
60.6804
59.5733
58.3731
57.0725
55.6463
54.1589
52.5812
50.9145
49.2173
47.4515
45.6577
43.8122
41.9631
40.09
38.2257
36.3567
34.5166
32.6943
30.9246
29.2014
27.5429
25.9397
24.4193
22.9738
21.63
20.3819
19.2389
18.1929
17.2456
16.4049
15.654
14.9827
14.3892
13.8457
13.3356
12.8255
12.293
11.7085
11.0598
10.342
9.57776
8.78938
8.00299
7.22942
56.5852
58.1594
59.3077
60.5447
61.3449
62.2187
62.6908
63.2279
63.3882
63.6227
63.527
63.5437
63.2174
62.9342
62.3123
61.726
60.8044
60.0187
58.9119
57.7921
56.6064
55.1427
53.8193
52.358
50.6813
49.1591
47.4137
45.7891
43.9606
42.273
40.4299
38.7163
36.8868
35.1866
33.388
31.7404
30.0497
28.502
26.9182
25.4868
24.0375
22.7531
21.5024
20.3797
19.3263
18.3366
17.4735
16.6685
15.9194
15.2676
14.6261
14.0427
13.4376
12.8453
12.2022
11.5436
10.825
10.0981
9.32702
8.55531
7.80261
3.53477
2.85562
2.23244
1.61309
1.0021
0.436179
-0.0760027
-0.529312
-0.906231
-1.20123
-1.41185
-1.54257
-1.59249
-1.56161
-1.47786
-1.36264
-1.23015
-1.10007
-0.98539
-0.892436
-0.822511
-0.769026
-0.727207
-0.690578
-0.654859
-0.615384
-0.567671
-0.508775
-0.434148
-0.343008
-0.232135
-0.101162
0.0484594
0.216071
0.398566
0.593523
0.794293
0.995896
1.19359
1.38068
1.55119
1.70105
1.82788
1.92688
1.99522
2.03357
2.04187
2.02242
1.97725
1.91059
1.8274
1.73176
1.62713
1.51939
1.40969
1.29918
1.18412
1.05963
0.923212
0.773443
0.575751
4.11247
3.46692
2.89898
2.32162
1.7362
1.19773
0.711761
0.277087
-0.0840853
-0.362663
-0.555051
-0.658884
-0.675249
-0.615717
-0.517986
-0.395757
-0.26185
-0.133403
-0.0222347
0.0656731
0.130663
0.177477
0.212006
0.240403
0.267094
0.294778
0.328417
0.372609
0.430802
0.505513
0.599058
0.712409
0.845285
0.996105
1.16123
1.33742
1.5209
1.70661
1.88939
2.06437
2.22629
2.36875
2.48803
2.58107
2.64534
2.68019
2.68596
2.66378
2.61579
2.54534
2.4564
2.35314
2.23907
2.12046
1.99837
1.87581
1.74906
1.61698
1.47286
1.30765
1.09917
4.35931
3.71661
3.13462
2.50794
1.87156
1.31581
0.810682
0.342545
-0.0530587
-0.367253
-0.600276
-0.751409
-0.823742
-0.832723
-0.775095
-0.677786
-0.545238
-0.407169
-0.288456
-0.19553
-0.126986
-0.0772467
-0.0400018
-0.00916853
0.0205801
0.055298
0.0977008
0.150935
0.217622
0.299797
0.399484
0.517599
0.653713
0.806245
0.972503
1.14886
1.33097
1.51409
1.69316
1.86288
2.0181
2.15415
2.26694
2.35311
2.41032
2.43796
2.4365
2.408
2.35533
2.28255
2.19407
2.09484
1.98918
1.88096
1.77317
1.66572
1.55443
1.43359
1.29385
1.12271
0.917813
4.64229
3.98753
3.37414
2.72811
2.09208
1.53615
1.01357
0.520673
0.119471
-0.189826
-0.423649
-0.572075
-0.631097
-0.614963
-0.529335
-0.392506
-0.245507
-0.125301
-0.0131815
0.0824523
0.156392
0.210496
0.248863
0.276991
0.299502
0.321671
0.348061
0.383551
0.43138
0.494198
0.574275
0.67297
0.790163
0.924208
1.07271
1.23227
1.39887
1.56808
1.73517
1.89522
2.04319
2.17473
2.2859
2.37379
2.43612
2.47236
2.4827
2.46892
2.43327
2.37933
2.31008
2.22938
2.1397
2.04353
1.94123
1.83493
1.72429
1.60735
1.4766
1.32951
1.14618
5.00379
4.3195
3.6722
3.01507
2.37487
1.7913
1.23979
0.738464
0.334406
0.00962983
-0.251176
-0.415735
-0.484064
-0.483586
-0.420857
-0.314948
-0.196348
-0.0669309
0.0447261
0.132254
0.198492
0.247218
0.283245
0.312744
0.33791
0.363419
0.392088
0.428683
0.475518
0.534643
0.60887
0.699866
0.807685
0.930959
1.06769
1.21479
1.36865
1.52533
1.68049
1.82973
1.96816
2.09203
2.19726
2.28151
2.34206
2.37854
2.39032
2.37919
2.34626
2.29496
2.22797
2.14923
2.06168
1.96826
1.87879
1.79124
1.70119
1.60392
1.49575
1.36594
1.2061
5.43749
4.71986
4.03846
3.36804
2.7184
2.11027
1.53938
1.02231
0.588413
0.231312
-0.0449918
-0.215349
-0.302509
-0.324596
-0.27004
-0.162366
-0.0384074
0.0820065
0.187094
0.268755
0.322704
0.361386
0.387925
0.409424
0.425953
0.443569
0.46352
0.491832
0.529593
0.578118
0.641013
0.719944
0.815012
0.924662
1.04735
1.18006
1.31949
1.46213
1.60401
1.74134
1.86914
1.98465
2.08337
2.16411
2.22343
2.26192
2.27809
2.27474
2.25199
2.21383
2.1624
2.10229
2.03769
1.97278
1.90049
1.82608
1.74869
1.66408
1.56587
1.44747
1.30104
5.93224
5.19627
4.48858
3.80229
3.1405
2.51727
1.93456
1.406
0.945276
0.559813
0.259367
0.058316
-0.0610529
-0.0947288
-0.0423858
0.0537683
0.167495
0.276462
0.369158
0.434301
0.468162
0.490492
0.502484
0.514342
0.520639
0.529941
0.539588
0.558501
0.586125
0.621832
0.672478
0.738479
0.820612
0.916489
1.02518
1.14361
1.26879
1.39759
1.52651
1.65244
1.76994
1.87744
1.96978
2.04727
2.1051
2.14556
2.16583
2.16995
2.15669
2.13101
2.09353
2.04913
1.99984
1.9472
1.89298
1.83705
1.77746
1.71073
1.62971
1.5287
1.39932
6.47145
5.73357
5.01569
4.32483
3.65482
3.02905
2.4441
1.91895
1.44937
1.05009
0.730886
0.503114
0.341574
0.280839
0.299875
0.362441
0.464243
0.540784
0.600306
0.644645
0.645304
0.643233
0.631618
0.633449
0.623445
0.623075
0.616968
0.627634
0.647558
0.666389
0.70367
0.757541
0.829637
0.912665
1.00904
1.1146
1.22684
1.34316
1.46077
1.57759
1.68578
1.78706
1.87296
1.94859
2.00383
2.04631
2.06886
2.07967
2.07294
2.05731
2.02918
1.99669
1.9608
1.92086
1.88015
1.83982
1.79713
1.74948
1.68684
1.6059
1.49455
7.04477
6.32566
5.60072
4.91284
4.24027
3.63149
3.05706
2.57322
2.1088
1.7267
1.42166
1.21153
0.973402
0.882716
0.869566
0.862649
0.927736
0.853289
0.850311
0.915011
0.85043
0.824
0.763593
0.786139
0.73228
0.739132
0.689706
0.700488
0.725068
0.715717
0.72379
0.778182
0.848331
0.915013
1.00142
1.09704
1.19455
1.30363
1.41156
1.53062
1.62191
1.73045
1.79737
1.88493
1.92433
1.97907
1.9876
2.01939
2.00422
2.00486
1.97367
1.94504
1.92145
1.89441
1.86719
1.84104
1.81103
1.78686
1.73748
1.68604
1.58419
4.94241
-5.1642
-6.46762
15.619
5.7943
20.1936
17.619
13.003
12.1265
28.9145
1.91634
24.8457
17.7408
3.0046
22.4612
-102.652
20.6739
14.3138
1.68509
17.0309
15.875
3.44893
0.551708
20.0648
12.0481
16.9644
17.0845
10.6483
20.4217
7.93351
10.4812
15.803
28.2704
2.22571
24.1154
0.94684
0.72348
57.3681
18.3503
17.7366
7.26159
-3.28603
18.2404
-89.3399
0.66182
32.4279
13.4013
3.53649
16.5602
26.4795
-4.08954
-48.7496
16.0813
10.7189
14.6295
14.2908
8.04358
7.89016
0.977033
-33.5593
4.29388
15.9322
17.596
-7.88979
-27.7042
14.8554
0.875491
10.4688
18.9161
18.1745
15.1194
59.4541
6.31636
15.1873
13.8471
7.49255
-13.8784
45.5358
15.9883
29.1914
-0.184268
16.6549
17.0317
-34.9466
18.0866
49.8698
12.5774
2.25591
15.8724
2.28026
-13.8793
15.9084
5.9724
-34.1332
-39.0707
6.49961
44.7959
10.1118
25.4111
-103.925
15.2852
16.332
24.3918
15.4967
17.5203
15.7556
14.8781
40.1194
19.6488
-79.3311
-111.509
16.3499
0.758656
1.88306
7.52058
2.72676
1.31181
19.5425
-6.9981
12.6851
15.2488
0.377587
12.2026
-120.75
-29.2416
12.3088
15.746
-46.7761
-34.0989
18.0532
21.1235
-7.75829
4.60487
12.0788
3.29878
11.7539
17.3759
-56.6166
-33.3617
12.3887
9.78934
-54.9558
14.8272
48.941
1.94447
13.9308
17.1156
1.93558
32.0363
-1.04628
15.6378
14.598
59.0179
-31.8695
-61.1855
10.3151
9.40739
-27.5478
14.7738
0.751691
16.9781
26.3678
16.2869
13.1984
15.3879
14.5855
8.67061
9.29413
16.9641
0.123961
-1.97856
1.6136
7.39419
17.4875
1.83216
1.97565
1.51363
9.88612
22.7654
2.03466
2.427
-1.69689
-32.549
10.9926
7.44297
1.06695
-10.2358
52.3341
11.1689
13.7717
25.0932
20.1965
-18.6832
-39.6312
14.5368
-31.4287
4.72058
-0.212465
21.3101
0.817625
11.0694
15.447
13.6244
-59.8261
-2.19088
20.8461
9.24028
16.4513
-46.8991
0.92701
40.6257
-6.57113
15.4566
-119.45
11.3258
-76.8591
-67.206
1.4245
34.3988
2.35842
12.6051
40.0998
12.6909
15.8364
1.32286
-7.3264
-8.97385
12.9171
17.1176
59.6896
1.77099
21.3107
-6.01733
-36.8977
13.6926
19.1599
3.25082
-56.4164
-46.3882
19.3332
13.4793
10.3294
11.4292
16.4856
-126.005
16.1637
8.77516
-99.0477
23.9303
16.0604
9.39949
23.661
1.71529
9.77738
12.4108
18.3407
24.8216
15.4886
7.9167
2.5932
15.6856
10.7844
-69.3208
18.6151
0.710039
13.8618
17.7731
1.58332
17.7306
1.15683
23.5271
1.75103
23.1291
12.2622
53.481
11.1672
14.8274
11.5664
16.3796
20.7124
50.3154
9.30505
-71.6954
15.8136
15.358
18.2835
15.6963
-60.4553
8.11114
8.46181
-27.0535
40.908
15.1353
15.6153
34.6538
17.5772
9.93455
4.99099
-0.74647
16.3822
12.3791
6.2396
49.5127
-3.74933
4.14719
-80.8346
22.0048
18.6874
19.294
-100.132
10.5086
13.6252
12.3482
-13.1893
16.0219
14.5284
1.16727
1.3042
7.58893
2.48631
16.8738
3.62947
15.679
14.7899
-29.1805
2.44859
15.7732
1.0125
-91.2392
6.21943
-27.0205
-47.3162
-104.096
2.723
2.08216
16.9995
0.456891
1.27676
-124.477
35.3821
15.4713
15.2646
12.5553
11.8091
49.7452
11.2926
-8.71596
18.5014
-73.0075
15.4274
1.90768
-46.556
-114.982
10.6364
-61.6321
9.55405
3.47257
15.3343
2.33671
2.98224
10.1528
0.663058
1.20259
-4.9632
0.580715
16.6097
7.80327
-116.753
-35.8059
3.7808
16.9485
-28.1479
-51.8042
13.2136
2.14392
16.1407
-6.53202
7.5251
2.00069
-72.9793
1.3083
-82.0037
20.1931
-91.3237
11.7698
6.00268
22.4832
1.58956
-120.19
-26.7848
47.3187
49.9346
4.03703
0.87493
17.7208
30.2708
16.9407
-0.227931
12.5615
-8.47193
16.1042
19.0132
21.9392
20.6076
-7.59678
-47.7483
13.2077
-82.6883
1.14927
-12.434
2.02839
-63.1227
-2.20374
18.7176
-126.719
11.1841
10.7205
24.7852
-53.9666
15.916
17.6613
1.57394
17.869
9.86706
15.1797
1.76594
35.8526
-26.6498
-53.0463
9.44278
-62.0421
8.98934
-55.9029
16.9918
16.1812
1.16393
3.79979
-99.9422
-1.93441
1.09592
-10.6834
-63.8617
-61.5887
17.8769
4.97419
-42.925
-51.1662
16.9732
4.24506
-34.523
23.0842
13.9535
37.5553
-41.3539
0.283882
-9.5518
0.617081
10.0206
-96.955
3.00939
11.14
19.7939
46.584
2.67772
44.4923
2.79016
17.4939
2.37519
1.97081
14.3356
13.7598
0.326557
1.42611
16.9653
3.68863
1.9386
3.39335
1.94909
2.16569
1.78896
8.50582
6.3883
13.7084
15.0904
-114.576
9.47896
-72.4164
-108.455
15.9035
0.851187
2.98743
19.0649
4.28499
1.92874
15.8447
17.1015
15.328
5.35354
-37.9716
9.92481
26.5178
14.2281
15.0524
15.5475
5.13774
0.767189
14.1041
19.0389
10.7823
1.88282
14.3548
14.1608
-12.7383
12.8659
-0.189687
-2.90774
-3.74187
15.9038
19.9415
10.2973
21.6538
3.39048
2.56655
48.5271
-23.9659
-6.1007
21.9268
8.11799
1.56613
1.87889
-79.712
-30.0023
20.923
3.7506
11.1994
0.876434
-21.3136
18.3488
13.3569
-27.1727
-85.2109
13.4261
-19.5311
-54.1888
4.9509
-107.708
10.3817
11.5347
10.2897
-34.827
15.4416
-82.9428
-2.55588
13.1082
1.19503
16.1785
0.325628
15.6964
13.8452
32.1385
2.88561
1.09087
15.3241
7.09199
0.818937
-49.3312
-33.2416
8.61834
-36.9206
5.52189
29.1836
2.09676
11.4177
-95.1323
11.2403
9.328
14.9923
1.96975
52.441
1.68056
7.69248
9.79889
1.75805
1.32562
14.6398
16.3138
15.6154
10.3157
11.0319
29.2677
-75.0871
8.63959
17.7723
-34.1281
0.805854
-88.4691
14.9692
0.826352
17.8194
-54.4689
4.42486
-20.817
1.02734
1.00117
2.90512
-107.626
20.4889
16.2657
7.20198
16.4882
-28.4971
-21.3537
-5.92737
11.7213
10.1155
5.6726
13.9166
0.334174
0.795613
16.5539
23.142
1.92421
-60.2774
21.0298
2.12064
20.5127
-8.5967
17.446
36.3185
6.54153
29.9123
18.505
-29.3077
-23.4687
-5.39388
18.8627
12.5137
-32.7052
13.8837
13.2409
4.22097
6.3617
0.886752
-33.3909
41.6331
4.18051
2.08121
1.1678
-95.7641
10.593
23.3129
16.1672
1.03729
5.54985
-24.7369
14.4166
13.6449
7.59775
1.74914
-7.90003
14.7069
1.81818
11.9329
-21.4163
1.94867
40.2245
1.07456
-0.187934
8.51432
57.0308
16.9377
17.0281
1.85705
11.1035
7.24253
10.1322
10.3158
-118.912
2.33123
-35.2789
30.7495
17.0353
9.44352
19.3249
-6.16573
-10.4799
1.92811
4.47352
1.84376
13.5791
-2.00886
18.2137
-89.3966
16.9743
8.07667
2.13091
-3.10071
2.89103
-7.96717
11.3932
3.36666
1.10929
19.194
-123.695
16.0148
17.0723
12.5264
-5.00798
18.6799
4.66566
-21.1106
15.562
-15.587
-99.637
17.666
10.3931
14.7892
-62.8026
-6.02821
16.1845
43.8169
13.2837
9.66148
13.2524
-112.188
-128.35
16.1833
-1.70678
-11.5708
1.95665
17.6989
7.50334
-11.0533
14.1219
15.7908
-0.0912344
18.5789
20.1566
9.93461
15.321
-2.68606
14.9247
-5.78012
22.5432
2.29839
-4.58587
42.0929
1.45113
8.443
22.083
4.78455
-48.403
23.7726
-83.6257
20.8698
1.30071
-20.8975
11.2405
-11.0277
0.790493
14.0745
15.1933
-92.799
-38.2399
14.3106
-70.1482
-10.2107
53.9736
-17.9497
-22.0062
23.085
0.817761
5.80323
13.6731
-57.7867
-24.9626
-4.36069
-4.92525
-7.23771
1.12859
22.6807
18.6826
13.4362
-122.098
-46.8896
27.9298
2.42307
-111.919
12.6959
15.1076
10.4866
1.434
5.35014
1.5247
-16.7778
21.2356
-121.553
-17.9611
-86.9286
-100.77
19.0287
25.3146
-43.0462
25.5632
15.0507
13.0143
11.3671
10.9512
26.2312
18.0121
2.40403
-51.7311
-31.6449
23.8926
2.76906
4.31868
14.4981
1.95957
13.427
-54.4232
1.82916
49.6005
3.91898
22.5425
12.0743
18.7369
14.4928
-76.1183
15.6909
44.6916
1.08386
0.496841
33.0178
61.5744
12.4422
13.4813
25.1713
-51.9439
-17.2489
17.5693
11.7767
-93.5449
27.9466
17.5867
-64.8544
15.658
3.41138
1.79307
6.12699
-16.3844
54.3605
0.81876
-9.6218
-0.213206
18.1248
0.519459
10.8053
14.9883
17.2624
13.7726
1.05583
17.4745
0.738177
30.0512
0.77797
10.7835
10.1914
17.1546
9.0832
-53.0078
10.3668
17.6566
-32.0513
-72.726
35.3396
2.04298
8.33661
14.7457
35.4855
-86.8886
11.3487
-3.67556
10.6132
16.709
-87.3256
16.3283
10.5338
49.6524
30.9881
-19.9248
4.42302
16.2472
16.258
-70.583
-5.12106
11.1837
15.42
1.60721
16.8423
-128.649
7.75371
0.989664
11.49
18.4664
0.219985
15.417
23.069
24.0349
4.47108
-0.599898
17.016
20.6493
18.049
20.2744
11.7666
18.2826
-69.2944
3.2204
18.3498
-26.4893
14.6557
7.56289
19.6775
12.1863
-61.8356
12.7015
5.29592
18.6342
-21.8991
17.184
-25.6889
-103.727
1.7784
1.72696
-47.7988
16.7306
18.3401
-20.4703
-107.941
1.33845
-13.6201
16.3189
-84.6408
14.0015
17.0101
17.8017
-20.5152
7.67566
10.1494
-30.8712
16.5745
9.0858
-84.5863
10.4221
-119.313
48.2962
12.2986
18.1367
7.07259
16.173
-8.86437
-7.06857
20.1165
-20.1243
6.51112
13.2871
-38.4292
5.31445
17.7134
-50.714
15.4508
1.50421
-67.1964
-15.691
17.1677
19.3537
15.2652
62.2198
10.573
-0.731771
-24.2868
15.4571
-12.3742
15.4861
5.24494
13.8204
0.950021
11.6096
0.837446
-13.06
59.3679
8.50412
59.6769
7.10128
14.8157
4.11476
21.372
-9.26636
17.3732
11.9752
1.88497
59.8466
17.0693
10.7665
-8.13825
0.672107
-108.625
14.7551
-5.18571
12.5632
-23.4858
-64.0804
1.24134
-73.5676
10.8277
3.57797
-28.2882
18.3874
16.1528
13.596
14.1938
21.8776
16.2013
12.1034
17.7638
1.57179
-73.0484
17.3696
20.2321
16.8497
9.03822
-72.3972
1.45372
-26.7627
16.3339
-44.7135
0.982555
24.7164
-68.42
17.007
0.882717
39.7981
1.89275
22.213
4.14664
2.32603
13.9689
11.6013
-108.277
14.5431
-1.25062
-38.5749
1.97563
15.6802
10.9908
31.1407
3.39757
1.7751
-81.4096
16.3636
16.9998
17.3491
-19.7287
-34.8369
14.496
12.3369
14.2679
1.33749
2.23048
49.1827
0.379666
-64.299
2.83467
-58.6965
0.900416
0.707677
31.7241
51.8151
14.6431
60.1758
46.5217
18.4143
17.0004
6.48939
15.012
18.5047
3.04255
2.01154
19.8045
2.12829
11.3206
19.1939
10.5466
18.409
28.8483
2.01806
-6.16716
-123.05
17.4359
13.9
-50.7032
8.41576
22.2663
14.6134
12.5916
2.74845
17.76
-1.73698
1.93148
30.6362
13.5072
1.2245
17.106
17.7819
13.8164
6.67196
15.1058
17.2089
-3.29402
18.5095
20.6014
-77.9259
-31.5394
-19.5828
15.0002
2.08856
-51.4451
17.2746
1.99579
1.23667
-126.609
0.859702
15.5826
8.58637
30.491
-0.299287
1.54966
10.7936
46.3616
2.14552
14.5058
1.35999
17.2312
53.7933
14.7617
-22.7663
16.375
1.18877
-69.5442
16.1026
42.9654
4.70038
13.8798
18.5176
30.5259
11.5217
19.6279
2.57692
13.4359
11.4518
-123.472
4.12672
18.6401
19.998
-64.854
-88.6065
15.3427
18.4345
13.2871
10.9572
-58.0276
24.5805
-58.5168
18.1101
11.8998
16.2687
-11.749
6.15882
17.5893
0.732381
1.99406
-90.4716
-64.7098
8.93532
-3.2408
-74.1429
17.8078
18.3523
18.1883
8.45772
19.0826
2.93178
18.3136
10.5106
-2.00205
-25.527
2.96501
13.3947
2.0169
35.7114
17.0291
19.9338
-106.09
15.9923
15.5782
20.0368
12.9968
-75.2399
-7.93166
2.22793
17.2193
17.8062
17.8979
-4.63416
20.1963
-19.2371
8.87565
8.528
14.779
10.0009
14.0119
10.5373
11.7263
10.3833
-1.14864
-11.3138
2.9225
-93.968
12.6509
17.0113
1.61302
-92.2355
40.4113
2.37967
23.6748
16.2749
13.1168
12.6806
17.2986
60.801
-7.84727
1.2443
-94.0071
17.1432
28.074
-37.1044
3.97606
-54.6467
1.63285
30.8225
2.01858
17.1078
-24.5007
-13.2538
-37.7813
-9.25401
17.929
1.84948
8.70461
22.9622
14.6945
20.1944
9.45537
56.7665
20.5563
17.1831
43.9216
12.3064
13.463
18.1941
21.2664
-10.6218
1.60425
9.93154
12.8888
-16.8337
14.4904
11.3382
14.3094
-3.26285
-69.1758
-90.2999
12.1822
8.77842
-71.386
8.71003
12.2032
16.9281
2.40944
2.21622
15.9601
0.184441
-21.6143
4.07411
-78.0386
17.6894
1.94862
14.3625
15.148
2.27227
-76.2672
-60.3097
1.96641
16.9851
23.329
16.431
54.0108
15.8932
21.1254
1.17952
1.8976
9.52445
-16.5028
15.6605
18.698
-4.75156
14.4727
14.6308
33.3592
-66.0911
14.8128
-10.041
7.01211
11.257
1.90126
13.0505
58.7201
2.42552
12.8201
50.2927
7.35532
-89.9088
-34.3317
14.025
-2.06393
7.51275
12.2289
6.44613
2.25559
-79.7178
22.8622
-36.7075
14.6286
1.39905
-95.7402
-55.6476
16.5398
-10.3674
5.41267
2.48213
10.6078
10.6235
-126.749
14.3989
-36.8079
17.8081
0.944656
18.1819
17.2893
-19.076
8.66691
-4.62144
16.9342
-52.2093
16.5798
18.1361
30.3357
-19.3572
8.69168
-88.1325
16.6022
-52.0143
-23.6593
-6.05353
17.2722
-6.73628
20.8558
11.7148
8.61307
8.93896
17.0635
18.3192
14.3293
10.8193
-13.1868
5.87556
12.5893
9.17554
20.0559
13.3499
8.47838
1.97116
-21.2319
19.2059
18.4363
9.07413
14.6125
16.9625
11.4744
46.082
17.7425
19.5158
4.44816
2.45487
1.23047
-9.72632
45.6298
37.8421
11.1572
-106.157
17.6911
17.0781
15.8702
-103.013
13.7642
5.72574
19.8056
-84.7384
2.5377
11.1917
-27.2772
-130.797
23.6039
45.0531
6.35112
11.0428
48.9258
11.5778
0.186566
-13.8612
20.3034
10.9248
1.85231
-19.0059
16.2099
17.6393
9.4031
5.71958
18.6405
50.2432
16.0312
12.0657
-18.9192
14.2697
-88.5805
1.63311
18.2562
14.0953
3.41403
-20.9536
17.5133
13.3645
25.4263
-28.5188
11.5298
48.9775
13.9346
-25.5965
-34.4901
-20.721
15.5
15.9164
24.9942
36.7618
-37.7458
16.32
-54.2779
-68.0521
16.5124
19.1126
-68.2126
-103.228
26.4726
19.7556
1.00161
38.8709
-64.7546
11.7274
31.6035
-2.16749
-2.66687
16.8599
-20.4052
11.9462
5.58323
1.16454
16.9364
14.516
17.7655
45.9138
11.2536
3.79014
4.0703
17.1133
-0.753062
2.41805
-5.9636
18.2102
10.2745
-13.5064
19.7644
-11.6352
-73.1445
15.4964
2.52592
18.6797
7.66862
1.87371
13.7763
13.2999
14.3781
42.5849
19.5921
30.9351
18.2925
5.33816
-26.9282
17.5046
3.93603
9.56662
-17.5551
37.6437
5.25722
22.8727
19.9061
2.86959
-80.6328
13.4209
14.7429
3.34073
19.5104
11.9371
14.2535
-4.97932
2.04141
-12.7207
-55.8962
14.8479
5.10752
16.6595
18.929
13.318
16.8612
15.8131
15.6419
14.2377
8.11907
13.9533
14.9094
4.44155
-30.5754
15.7992
16.9153
-15.382
-29.8482
34.5857
16.454
-14.8867
10.4566
17.0574
-53.0384
-94.7511
7.85627
6.91837
-60.5741
5.66066
9.32609
12.8707
53.4728
3.5278
3.18215
57.2765
-6.18916
13.5994
27.4697
-23.307
7.19498
15.1644
32.8607
8.42172
15.7029
46.2678
12.7074
31.0692
9.59457
17.5669
20.3844
13.2301
16.7515
11.2196
31.9781
-80.4351
-18.4583
-5.44379
-16.1475
11.6878
-58.052
3.46442
3.25813
16.1941
11.3488
10.5494
10.0723
16.6059
1.86595
8.50966
-11.3565
14.9798
6.23345
17.0462
-16.0201
-53.5447
18.1464
17.8087
16.3722
-29.6187
17.5583
15.3091
11.7934
11.9469
31.3224
13.9395
15.6993
-0.777859
16.5527
-94.3195
-2.84642
5.77756
1.30096
-5.5278
13.088
5.70882
11.7328
1.89074
16.3218
3.59014
-107.381
17.3661
61.1939
-58.5932
-27.8471
18.1693
6.98646
38.9136
1.93507
3.09495
8.24208
-4.4444
-29.1311
15.4383
-8.71753
14.2828
45.5892
1.85472
11.1517
0.761751
-68.48
4.02604
18.9394
16.157
-129.831
-55.1859
14.6358
53.0596
8.45464
4.11578
-102.113
50.9316
7.5129
16.8654
37.3089
19.4367
1.0332
-17.0479
-78.2832
22.6662
16.8372
14.8181
-93.2871
10.7145
22.4198
-108.053
27.0987
55.9343
1.31009
14.2514
-1.98034
7.38703
32.8409
-30.6316
17.2887
7.12031
16.942
37.9648
19.1642
24.5391
16.8731
-3.96185
26.2141
-63.9885
-20.616
-79.2125
20.0327
5.53669
29.3768
9.02591
9.19454
11.1867
16.8587
1.83505
9.90268
-35.1655
11.4018
0.855511
5.3227
14.5701
11.9594
13.9976
2.49122
-28.8402
-6.65835
14.427
16.6263
-115.579
19.7111
16.0213
19.0152
19.6653
-20.2257
-4.62714
7.60717
15.8907
45.2945
16.5167
19.0874
17.6915
15.9584
-7.75357
12.7678
16.3983
11.2321
-88.4508
-85.4045
-52.5602
17.2275
-48.8397
16.6554
-6.72417
24.4613
23.5704
3.01651
18.2036
12.729
1.10688
21.3739
1.82995
9.55597
-105.1
-109.584
16.1878
18.3899
7.31889
12.8784
16.3478
-7.81598
10.0123
-22.5328
-86.5949
56.5605
0.713927
16.3517
-45.1225
-22.333
36.5695
20.7686
1.68007
16.2023
1.4875
1.63082
16.7899
-95.1308
16.3898
1.68236
19.3666
14.8459
-3.3043
8.61874
0.846591
8.47732
-19.8732
1.23293
32.8525
-21.4797
7.8501
16.8949
7.67093
16.3381
-23.0153
-0.284258
10.6779
11.3626
18.4537
11.1017
-50.1511
10.8741
48.8243
4.14859
18.1905
-5.72744
-22.7694
14.814
17.2465
9.98972
-79.2849
-26.0577
13.2442
5.4132
1.78473
1.06293
-57.7011
1.96056
-2.56803
10.2935
19.2986
24.4127
6.74856
-28.2943
17.5187
16.4143
6.2245
-42.8922
15.641
1.88588
13.0531
8.32441
-9.60302
14.8172
-14.39
-24.9683
17.1463
-45.6168
11.8106
9.46971
6.83282
16.7987
7.58719
0.813251
-16.1324
-114.178
4.81322
18.0309
18.507
-10.4153
-36.0268
4.58746
10.7533
12.9013
13.2636
34.3338
14.1139
-19.8013
11.1431
17.9595
14.5075
21.6149
42.7669
15.6625
17.5114
2.37513
-0.736415
11.3453
6.67064
-9.84171
24.2878
25.9725
30.0931
3.92408
-48.2682
-77.3404
1.41687
-19.6158
16.8171
-69.2339
2.90854
16.9937
16.9952
16.9883
4.19402
16.5071
-98.6243
4.21185
-15.6426
3.18124
6.22556
-12.508
7.26455
-7.49145
7.16471
17.1088
-84.854
1.16838
9.68751
-29.519
0.836342
1.97437
61.4132
-20.5337
53.9108
-15.4191
1.8231
26.9728
2.36281
11.0378
18.0055
13.8093
16.0533
28.2535
-0.78455
-64.2383
44.5596
14.1126
18.0925
-12.2404
-44.557
59.8487
10.6675
3.87692
14.8408
15.1864
11.477
-26.7106
-2.51871
2.97985
4.13134
17.2779
61.7613
6.55196
58.7944
17.0943
41.1049
2.23436
7.70391
11.8524
14.4178
7.90519
43.3718
-79.9925
11.8737
-89.4959
2.17132
17.2586
1.70925
-20.9791
14.712
-88.7702
3.78238
17.653
2.0564
14.17
4.25005
17.7413
12.2987
10.1639
2.70202
18.1128
2.66558
-65.2403
1.5991
13.8462
7.86177
19.1776
10.4058
-67.733
9.2062
-53.1409
-13.8397
39.5955
18.313
14.501
6.23283
19.012
18.0074
18.5654
12.7185
12.9399
13.5559
-5.48495
19.2474
18.2891
-8.33619
27.8246
1.88255
11.7355
0.770775
14.2423
15.3213
14.6985
9.69598
3.45627
-0.807827
1.51645
12.787
29.0838
-23.751
16.6881
14.4161
13.8262
-92.3197
15.9074
14.7088
29.1181
-23.8953
17.2872
3.62612
0.355963
14.6351
43.7983
10.5929
-48.8303
-40.2168
19.0539
19.3171
0.792677
-4.23136
-3.33035
-100.493
22.3677
0.917559
56.4425
-17.8626
56.8963
-108.705
17.9606
35.4675
39.9842
-21.9622
-13.1716
-4.9858
8.95915
18.9843
3.9322
19.0853
9.00321
-75.4415
-1.73774
18.4058
-18.9635
2.5454
7.52634
13.1052
11.1598
1.82302
9.20708
1.849
1.62393
-15.1256
13.1168
1.18731
11.0518
-26.0583
7.90667
4.76954
-0.0775167
1.47552
-0.0695927
6.8602
33.5287
16.6383
1.97552
6.02845
16.7411
20.0017
13.8604
2.08895
15.9614
16.4984
10.9556
1.82641
19.2716
1.30911
27.83
-51.0752
6.34441
17.4773
18.5353
-80.3469
17.5772
9.64095
16.8373
-22.5511
-4.87541
18.645
39.1084
1.19106
6.95604
1.6414
1.1172
17.0342
9.11542
4.15437
32.0203
2.47434
6.90312
40.2885
-62.5992
2.44202
3.25365
20.6169
14.8224
8.1532
2.32132
1.27155
7.52248
-52.456
14.0281
6.91941
6.38209
-22.7383
-29.1781
-66.4644
11.0835
4.46589
-32.21
31.9281
31.4311
1.93381
17.0983
29.5956
18.142
12.625
10.2245
-21.4754
39.3667
-89.5321
-111.111
-38.4865
0.669891
18.6776
6.70407
3.12995
1.64662
0.76
19.6303
-5.76374
14.7886
1.84113
20.3118
-95.2722
27.6127
-17.5896
-21.5849
-27.7951
13.7595
-6.74686
54.7062
28.397
11.1295
3.18313
-16.7424
1.83505
-103.783
12.8904
11.8278
18.5929
0.70399
7.73866
14.6052
6.54031
17.923
17.3512
1.53093
9.73949
18.3305
-49.0311
18.6306
17.5532
19.1033
-37.4142
18.5725
6.23382
15.8407
11.7155
1.72842
17.0359
1.90896
13.2526
15.919
14.5121
1.89805
-25.1347
23.509
28.8299
2.00829
13.6756
5.51997
48.8947
11.1006
17.3616
5.29315
14.2201
-114.098
12.7571
18.0937
-13.1735
2.18405
-31.9434
15.999
-50.8612
6.71056
-5.51947
10.9794
8.24321
-4.8393
57.3438
19.2035
13.6962
-66.403
1.71073
-84.7871
18.9732
4.0807
-31.3053
6.49028
19.3111
3.37949
-24.5881
10.9267
21.3495
11.0342
8.95023
17.6867
10.9905
31.6276
15.0982
47.4424
-44.2859
41.8432
8.52279
18.1445
12.1792
7.43301
11.7441
2.09665
-14.9973
14.8852
-54.3692
12.8153
16.6464
-110.31
17.4222
52.1601
-46.4823
24.5126
14.2345
1.04394
33.0384
9.27526
4.55094
16.6295
2.25203
62.3472
14.6942
-85.189
1.27886
9.70257
50.7904
59.6676
4.0176
13.8632
11.7785
-43.6079
14.6244
11.596
15.986
14.6581
9.96273
19.6111
1.72529
47.9794
11.918
-13.3745
14.5261
28.8511
7.2301
9.71164
2.53548
8.31279
17.4968
5.89299
-38.0785
15.5609
4.88127
9.98508
25.7767
1.1533
16.5011
-82.9352
-84.7902
18.4152
1.94595
7.93402
10.5777
18.2302
-3.24844
0.507656
27.7295
36.9679
62.5052
26.8363
9.07268
2.86935
16.848
26.0623
-78.1856
36.2098
-61.5509
-94.7884
43.354
8.85575
12.4698
-9.64469
-106.862
10.9008
-43.0275
-19.9624
11.1012
12.0184
5.21282
-4.39637
16.648
8.96959
8.71965
16.7338
-25.7537
9.91627
6.46167
12.9683
11.8868
19.9084
12.54
7.50677
7.13042
11.2701
-10.2865
1.20424
18.754
-79.2531
21.973
51.8977
16.8869
0.912932
48.0974
18.0438
17.1301
13.6236
57.9216
6.58385
18.8264
18.7785
54.4093
-91.1773
8.42323
1.94648
-71.3096
1.47063
-0.26004
12.0731
21.5363
-0.417114
18.3663
0.93423
3.57223
4.16381
-48.2902
13.6259
-23.3732
5.89012
16.379
6.63515
-39.1582
-17.7806
7.05979
7.27369
-53.8713
18.4003
15.678
14.1405
6.70816
1.58723
31.1323
3.97177
13.5118
14.8098
47.6146
4.22746
12.1378
-99.8516
-23.6743
-35.6676
-89.4307
16.5653
13.7494
14.3348
10.357
17.2522
12.1168
-11.0938
28.1459
18.5268
6.37919
1.35359
-10.4445
2.15388
5.4876
-7.37015
-36.6479
9.0684
18.3842
17.2045
57.7804
25.9261
-65.2732
14.199
-1.6908
13.7426
-20.5291
5.8985
-17.4574
13.8751
-1.49579
15.8578
-0.00244139
2.2563
1.70466
-69.0295
15.7191
-57.6808
-45.9995
14.2666
12.7016
20.4437
28.376
19.566
31.1966
-41.289
13.8579
14.0507
51.3195
10.9243
17.7098
1.88284
17.1747
4.3993
10.9502
-118.301
1.98897
23.6238
1.96698
15.4598
13.7509
-4.07514
40.3978
-121.711
11.39
61.1077
4.37504
0.438842
6.54825
2.04227
-37.6019
-62.3768
7.93968
-41.2718
16.5142
2.90725
5.22818
14.0631
-125.016
-40.1571
11.8692
20.0245
-16.2849
3.28801
1.11124
1.31309
38.637
22.7272
-1.01007
-44.2479
10.8266
1.96131
5.29412
2.71124
18.24
8.62202
11.1592
14.4354
11.1147
1.52047
17.2668
2.14722
17.2852
-84.1709
13.5635
17.3484
21.3517
18.023
16.1016
16.7404
-87.7347
1.2542
19.0947
18.4034
3.37876
11.5518
-74.0726
4.74128
-26.6735
19.1685
18.4055
16.2951
-56.5712
29.4724
-46.2593
2.24417
22.6261
18.906
-108.086
33.7545
20.2024
10.8487
16.0724
19.1002
-9.35744
11.5674
-20.9591
-47.5535
25.6029
1.86727
-3.85621
18.08
3.99493
3.88187
59.5826
4.80452
14.8034
6.11791
-5.12473
-14.4098
0.809453
18.0383
18.3583
-8.46124
1.94253
-2.83543
1.99701
8.53603
15.3028
-99.627
39.4208
14.3934
28.3451
2.93881
14.7049
25.0728
16.8702
18.0861
-12.4532
-1.81571
1.08784
10.2655
14.4027
-5.86742
6.99528
-47.1331
8.96208
10.1844
2.24013
-46.4424
-99.1036
0.0352477
-65.8134
18.1694
14.4213
5.95479
0.973394
14.0681
6.91757
-11.0191
19.2073
7.9251
3.5821
-0.275263
34.4788
1.85011
-4.15654
4.59975
-45.0114
16.4262
-34.6881
33.6603
6.87923
-0.778844
14.4921
12.9804
17.3876
18.1213
22.2202
27.9861
9.2888
10.1746
-50.7509
18.1191
9.07168
39.0726
13.8676
-4.1952
-58.6251
16.6283
-91.7169
37.455
15.526
16.7468
37.0174
21.6403
-55.655
20.1571
14.7993
19.2451
2.43473
3.03454
10.7818
43.5287
19.7743
15.3421
10.4111
17.463
18.4376
4.61241
7.33575
1.98144
9.35001
12.7949
15.1496
13.1486
1.87947
2.01597
8.28622
-2.88562
-3.95664
8.8968
-1.46106
18.3509
46.8564
1.00397
-11.9691
-2.66217
9.74653
14.8878
17.1019
-109.168
41.812
16.5004
20.9546
9.99418
52.5675
1.81706
4.14227
-125.917
-17.4911
11.9525
17.2685
9.40798
13.3296
5.70531
8.60035
6.152
7.43453
17.3572
13.6486
-72.1909
34.5688
1.38387
11.9923
16.4483
24.9157
23.2369
-3.26398
-2.61503
25.0786
-90.5147
-43.8442
2.01725
20.4967
5.23762
0.691968
10.5765
6.18819
0.811951
18.5046
10.3578
-8.0432
10.9095
16.0006
1.70293
17.0901
16.6701
59.3016
-13.7753
1.9176
18.2671
-0.826813
-1.80909
15.4683
-1.05651
59.8593
1.68691
8.20076
-58.8566
-107.362
19.3239
8.01465
18.2804
-107
-2.84715
17.2061
5.27486
-19.4341
10.6395
17.4497
7.95456
22.4849
11.9283
38.2434
4.54969
-3.70177
2.04055
19.8032
34.8386
17.1931
-75.9876
17.5017
-120.791
2.16331
12.4943
-39.787
-126.973
17.942
0.963745
-102.136
14.3677
-3.38279
24.6682
1.15361
-35.5846
11.6462
-68.3222
14.9312
8.20146
-21.2317
9.50676
18.3525
-3.26845
10.3149
17.1701
-80.7836
15.0112
5.1388
0.678239
-116.984
-79.8778
14.8168
-10.5094
-6.74395
16.937
-25.7169
15.3595
0.708739
9.27638
-29.4297
-11.9236
3.73231
-119.524
-14.0261
-38.2788
-6.95022
18.0782
1.98486
42.6644
-104.165
-57.6272
29.3134
-1.48733
25.2613
4.17523
45.7091
1.29406
10.4124
1.61794
1.47055
0.993003
7.24407
3.78182
10.5078
35.048
11.948
0.80259
-18.3087
12.2884
22.4094
23.2333
21.8351
10.7206
4.14766
-23.5686
-10.0835
1.30133
-61.8037
10.3281
41.0675
18.3061
2.63471
-42.1421
24.5085
-7.91724
0.921991
-80.5427
2.71646
17.3991
-34.8797
22.4098
11.2264
16.3187
-1.02469
19.6326
12.8075
16.3512
-19.1653
1.7367
13.4782
4.75594
1.51227
-18.8195
6.13835
19.5514
-117.469
8.3446
13.265
2.00737
-65.3478
1.40061
36.422
16.5886
-25.2109
-92.0778
-9.23665
-63.5445
13.1069
3.94546
32.3838
57.6895
11.4861
-26.9085
4.8038
-26.6723
-0.325211
5.31867
14.9326
-4.94087
9.6848
15.0196
9.62668
20.0698
42.209
-1.49055
16.0388
-1.92191
1.28363
-17.0304
-123.034
4.91657
2.32705
-97.2283
4.08342
16.6385
1.61315
16.7565
10.4687
18.9043
13.182
0.907322
8.29389
15.2995
18.3577
2.68771
10.4535
17.2207
14.8024
18.5693
43.0082
16.6124
-29.7066
6.2546
1.77168
17.5373
-16.2926
11.8621
61.5861
-85.4331
55.0856
43.7714
16.7862
-49.9587
43.2408
13.0039
-7.44743
1.58631
22.7615
19.8308
6.65819
47.0755
9.84493
45.8968
22.7473
16.7763
15.3729
12.9044
35.4553
16.6335
2.68389
18.5642
61.3097
-75.0629
3.16015
10.4451
-6.39702
-48.205
-59.4302
14.6597
-81.7356
18.1887
61.6021
9.46277
7.6658
16.9364
35.4439
3.94132
-59.1349
11.4301
-114.511
2.50833
-1.75046
-98.7262
0.860738
9.04418
21.2684
16.0369
14.249
-29.2959
15.8683
-15.9981
8.17835
9.63503
5.87691
31.6535
16.8419
-36.6581
-76.0444
2.61808
18.6265
15.8053
-36.3888
57.3317
-37.5458
-4.2785
18.0424
-131.479
9.19368
7.13375
-12.1823
3.08463
16.5348
57.645
-77.7099
-6.72638
17.3123
27.1813
9.75356
15.9423
1.08084
-13.4492
57.9588
11.6795
15.965
2.38727
10.7831
-130.915
18.328
5.48059
-111.832
-13.6817
11.653
1.88309
0.777537
-4.4013
-69.9019
15.5027
32.8771
47.6262
25.5758
-42.6168
6.04516
6.56931
-14.2058
2.31879
19.809
17.1951
-6.40881
10.7857
19.2424
49.2315
58.6403
18.4686
-17.672
-1.97001
10.6276
54.3067
16.0734
22.5307
2.04969
7.05729
14.8307
20.3242
17.5705
-89.8832
57.5988
39.8646
5.014
47.5543
35.543
14.3702
-35.2837
17.453
17.3761
-3.51309
52.7253
-26.5437
2.77581
-15.8381
57.017
16.0822
14.4553
13.1643
20.116
-17.4652
15.2576
-52.1801
53.3292
-57.24
12.2515
0.870579
-47.0274
8.05472
17.505
17.1496
-45.4606
16.5752
1.52147
2.61023
18.6633
18.3356
1.70369
20.2854
-6.24485
7.17292
3.23476
20.2969
56.5721
-0.823383
10.6617
16.6477
-14.8047
-23.8262
4.80088
-10.8145
11.8984
1.41072
-27.784
16.3609
13.7059
38.6012
1.08051
15.5784
-43.5747
36.5506
2.71965
11.6712
24.6243
16.6398
10.2078
20.2993
-5.69017
7.4986
9.85964
-43.1384
20.2995
0.926173
1.87172
17.1591
8.71155
10.6709
18.7026
1.99904
1.80553
41.2667
-120.468
34.6608
52.4694
-48.7977
2.00119
1.38656
4.30455
20.5685
2.11682
-8.7004
27.423
19.0222
-118.559
24.6625
16.0982
6.38362
-1.25179
55.6679
58.3596
16.1084
1.14937
22.922
5.8206
15.6132
4.06175
16.4886
3.56723
60.3853
-7.74409
1.96151
2.45734
-19.3794
10.8294
22.6589
-46.0641
21.1339
20.3452
18.3381
-69.7335
-25.5582
60.7187
15.3051
13.2459
-129.533
-65.3386
59.8854
11.3554
-16.5097
-70.3676
-34.1305
19.2282
43.9891
-39.891
-78.5684
-116.019
40.1268
2.09073
10.9475
10.9317
16.8666
0.922546
17.2826
36.2673
-39.3444
19.5438
-14.8093
0.570147
62.1573
17.042
16.7151
16.1833
1.92135
-11.5601
1.97548
14.6367
18.3675
11.8519
1.49804
-115.321
2.1403
52.303
10.294
-61.1916
1.81875
-18.7226
-100.171
10.7968
12.0595
60.1984
0.979422
-87.9265
-37.7485
60.4277
-127.823
8.19514
0.844819
18.392
-10.0165
-68.2008
52.3382
-82.0603
1.41166
20.6475
8.11791
6.57458
-53.3403
14.543
-18.888
61.9501
-77.647
1.99655
7.21852
1.36604
2.1595
4.54286
-101.801
5.99296
15.8199
45.9397
21.1767
20.1562
21.8749
-87.707
-1.56313
19.452
9.41095
1.40598
2.92781
-2.80885
17.5833
-20.5731
1.2876
9.38798
6.39934
18.7342
3.46519
14.0922
-21.2122
2.13028
0.969851
17.641
-108.448
1.31764
19.0526
13.2046
1.58946
-5.1545
57.6343
8.92297
-13.5964
-9.49343
-64.5259
11.8824
14.6237
11.1067
19.7645
0.348125
-8.90095
-32.6231
0.875991
13.9589
9.88266
18.4946
-1.05351
16.9954
31.273
27.2198
8.70374
-14.1882
17.5099
-34.2891
16.4817
2.0293
1.7035
12.7164
-60.0172
60.1305
19.2368
10.9419
6.69047
17.4764
-105.691
16.8169
9.9362
1.68555
14.3357
-16.1579
31.2763
16.9642
5.26467
-27.2021
0.657637
17.3209
1.93646
15.4954
15.7802
36.0308
7.26283
-77.4592
14.1849
8.28812
-13.5067
1.25126
13.6694
16.7817
23.1313
2.10854
60.2596
28.0829
25.0907
12.2992
16.2356
17.9701
2.92274
9.31151
16.9588
10.9821
30.6489
-0.917414
38.5782
2.00661
43.7846
-13.1463
25.0055
16.7134
-44.5491
1.3842
3.96137
34.2862
0.670772
14.2869
7.50567
48.0953
1.87985
2.7199
11.4137
16.9691
44.5935
23.5165
-0.100111
55.736
-46.1427
11.111
18.3273
9.20439
15.2238
56.9535
-66.9966
48.2553
1.69786
17.3264
-98.1514
24.9571
-100.413
0.868422
6.66796
-39.2859
14.4766
11.7103
19.6387
38.2163
9.19226
-15.9913
13.4489
-2.75576
-5.99571
-19.6172
-65.9504
-117.467
-43.5154
1.12764
2.83415
52.8373
14.8758
14.2932
16.5255
-32.9124
-95.5992
1.84997
37.4899
5.51484
18.7668
-25.0845
1.69547
18.8399
18.3788
-36.4311
19.3218
16.6928
3.89928
-34.0482
7.49926
40.9575
-111.128
5.25947
-101.891
17.1454
-61.8033
16.9576
12.8759
6.91423
-72.6128
30.187
-2.40706
-9.74324
-7.87479
30.5702
13.6771
16.4943
-59.6018
11.1763
-21.7467
19.1992
14.6796
-103.649
8.74281
18.0506
16.6722
10.9462
19.0686
12.692
1.49531
1.14371
-0.180512
4.11361
17.1933
11.5452
16.5857
-25.9129
15.2362
16.0274
1.75284
-16.0383
-46.6675
9.09936
13.7256
16.0311
0.908054
4.92013
-64.5291
1.45733
-26.3952
16.098
18.768
21.4731
5.58809
-58.1427
20.3232
10.3159
14.8859
17.9521
26.1072
-1.16155
20.961
-65.5817
17.228
0.877395
-15.3126
12.7537
11.275
-3.67209
1.10787
13.6394
31.3815
13.9252
-84.3343
5.59529
8.52882
-45.8127
4.71378
8.32636
3.69215
6.19956
1.94337
1.8189
0.843557
4.51624
12.5238
11.8503
8.37306
1.59336
3.41599
51.2151
19.7672
8.89099
1.79105
-10.4023
13.6649
1.8789
4.12049
46.6985
8.97285
-103.151
-14.9811
26.9282
18.1558
0.0589563
35.0582
55.981
19.3477
-51.2639
3.7648
16.3989
-46.3435
7.59987
17.5089
5.9788
-61.4168
51.0641
43.411
17.2077
16.8851
61.3018
59.1857
19.7806
17.1909
6.95276
1.71549
-17.6713
3.21805
2.8249
-70.4593
13.8276
11.1618
11.5582
-93.5643
9.9996
12.499
18.3645
1.86742
18.8239
19.4362
11.0147
20.3129
50.2058
5.49438
6.65433
11.8361
36.9063
0.914836
14.4687
-86.6169
30.8222
35.429
11.0804
-5.12383
4.26475
17.3705
-2.29769
9.76743
-104.062
18.5247
16.9662
-7.17057
-3.67517
-31.5177
1.17774
17.3343
13.9543
43.3709
0.796509
18.3268
17.206
19.0133
14.6711
2.37475
5.22153
10.1078
4.18064
41.3158
13.3926
-31.4383
-14.1965
13.0661
10.3913
2.67232
-5.74426
-31.878
10.5469
49.9908
-64.4158
16.3171
14.4969
2.28141
11.0017
5.60946
16.2852
23.4246
1.18313
12.6563
1.28191
-6.93953
16.4362
14.6717
7.3944
14.4698
18.5514
21.4264
-117.533
-8.19385
16.2774
-48.0117
-92.759
19.5276
23.0224
23.2348
-26.9494
8.69625
10.1388
16.6406
16.5251
39.9371
-51.1461
-41.043
13.2216
4.4278
8.82449
-43.5883
13.0932
17.9242
2.03073
32.2677
-2.92965
19.7608
21.3879
10.7912
-20.3342
17.001
-2.27422
41.2364
18.0429
3.16941
16.2895
12.1387
-114.431
15.3059
6.21759
9.24864
4.15868
35.7867
18.8051
-27.7809
9.35078
19.5484
37.3448
0.795217
3.84599
0.289328
4.95465
16.8676
6.68237
-47.5994
2.26356
18.3872
9.64511
12.4003
2.21534
-19.0023
-10.1295
13.2405
15.2107
4.73973
-14.0996
-2.64181
16.2682
-94.5076
19.3731
0.878533
10.366
7.45228
-112.626
22.4828
7.78336
15.7065
18.2462
-58.0374
17.6877
3.1817
6.33279
16.1839
10.834
-53.154
-7.27118
18.4622
11.6578
18.2971
-116.072
3.66246
5.21311
-102.434
5.3248
-123.1
-121.72
9.41773
26.8432
17.8015
-76.0405
2.42224
58.4363
17.8483
6.02666
2.1326
-0.751484
6.11124
-33.88
35.5096
17.6889
47.7622
-50.2927
21.0776
14.655
-8.5489
16.6577
18.7489
-58.2894
-0.469333
3.006
20.222
13.1447
-59.07
14.4931
10.2998
35.4821
18.7557
6.81498
-54.7444
14.4256
-112.711
2.00169
11.6834
14.2573
8.44297
23.5516
17.3228
-50.7597
21.0602
8.05366
12.4158
20.4102
-61.3017
9.18173
0.76706
6.74952
24.2927
17.8468
18.4585
-0.295929
-43.5195
10.3087
16.1214
-30.5033
19.4767
1.86818
1.75033
5.20749
18.7743
20.6733
-31.574
-0.736817
10.9712
45.5569
-105.851
4.54264
33.9807
2.93658
13.8918
1.03509
18.4691
15.4055
19.8228
4.44988
-17.8683
37.1538
1.86028
-78.6573
10.3561
25.4555
19.399
14.5952
10.5397
2.04438
-66.0932
20.6861
7.87679
-82.9391
3.94338
15.858
3.61609
27.2119
19.5996
0.947168
21.4967
8.71811
0.779049
2.01666
17.4225
0.359179
17.1268
15.4395
0.880416
34.95
31.697
1.2883
12.8937
1.38857
-10.5028
34.9732
12.097
18.4035
7.15219
1.86359
14.9132
-106.283
16.9826
-31.1075
58.9049
15.1325
1.94069
-15.9407
23.8297
1.84138
-41.6559
1.81978
-9.86392
-117.616
23.111
56.9357
14.7269
9.17965
21.5073
46.7701
0.902315
0.853564
-0.281773
-49.4287
-16.2146
17.6739
2.2924
1.93715
-37.2403
16.1331
2.36445
-49.7848
-102.66
-58.5723
1.06573
-68.9074
17.697
11.3797
16.3109
1.98421
12.5968
2.36086
-3.56648
27.1585
-97.5016
0.662471
1.67011
16.6874
11.6606
1.79739
17.3483
15.8772
-44.4071
-114.716
6.04353
20.0723
13.7196
17.5451
17.454
-22.3666
13.6548
17.4833
-6.67015
-75.9158
19.0568
10.5335
-6.98929
7.82784
1.11296
19.0953
16.969
1.36133
-0.863334
11.1224
26.0104
52.177
-91.1678
34.7294
27.14
29.3631
13.9052
-7.53705
13.3717
-110.792
17.126
19.925
23.2827
56.0235
-77.2748
1.64509
-0.71897
-10.2298
-24.942
10.7964
38.2
21.1054
-2.94003
-5.32375
12.3752
-0.804839
10.2937
20.7672
1.24103
14.2105
1.02993
15.5165
15.6092
22.6275
-2.1724
20.8431
0.928008
16.9367
44.2133
-126.112
19.3599
47.5423
-5.0807
21.8654
27.0012
10.4486
2.55011
12.9519
7.4238
3.54396
5.2728
11.2396
17.4342
-82.333
14.9839
-75.2415
-44.4024
43.2588
-9.82518
18.3134
-80.5682
-24.2255
-9.76094
22.5776
11.2561
-11.8759
6.10495
-123.057
17.2905
14.7758
-82.5499
14.3469
11.341
2.30168
14.6582
3.56598
21.6896
-4.5804
15.4167
14.4675
-16.7332
16.6234
-76.82
0.455799
13.1427
57.7629
-38.7177
26.3222
16.4259
22.501
29.567
41.653
11.2782
3.25451
-7.33186
14.7246
36.9963
10.9533
1.81638
0.983808
1.86868
15.6462
12.9536
-115.216
15.0589
1.13066
1.72933
1.12243
-12.4352
-130.359
18.4782
0.851347
13.4773
-110.692
16.9115
-36.1442
2.66747
47.6374
15.366
8.94517
44.7361
1.74413
18.29
1.47854
13.1268
-18.5043
-115.398
18.3319
14.7596
26.5579
17.1317
17.789
-56.7369
-5.69736
-72.1492
-13.7195
-55.8197
1.94422
16.6024
16.4749
11.739
1.24865
1.72107
-7.03764
4.36103
1.83852
16.3973
1.92482
17.2714
11.3882
11.4321
1.2019
2.60605
29.27
3.16298
-57.6623
-8.35197
-6.51309
2.10014
-111.656
17.3411
15.7489
-85.8545
16.7006
7.73386
-44.5516
21.2421
29.1427
10.5106
-36.2111
-35.9173
-1.27698
10.8189
2.19158
7.26856
7.6227
1.72001
21.5295
20.464
-99.7089
-62.0542
25.0967
9.33357
56.3573
-31.1891
-117.89
1.01127
-74.2524
12.333
0.95387
25.8433
-37.5179
-1.60668
22.4601
13.7457
-52.4101
18.0026
23.5991
1.67634
14.1324
8.72895
13.1519
-90.3027
7.56697
4.40912
16.2808
9.28856
4.05006
-43.3234
61.535
-2.0454
-116
18.7653
41.9989
16.9051
-7.04902
-30.2895
15.0388
22.6766
0.864753
18.2813
20.8302
15.3917
18.8761
-75.6963
-12.9334
13.5384
-18.0418
-42.2917
12.5529
23.8018
25.5835
9.98069
0.524255
12.1065
11.9636
1.80819
16.7662
19.639
7.61952
-92.9507
16.9758
7.82457
20.9578
10.3701
-71.2243
50.717
24.4717
10.457
1.6954
18.1388
-36.5914
37.6844
17.6984
-9.7077
13.2679
35.4265
53.2738
13.3407
23.3955
19.2171
15.9625
12.0235
11.071
-17.8676
17.5584
19.1468
18.1434
21.0086
3.06299
13.9281
16.5099
10.0211
-42.4254
14.6066
8.20265
-1.33614
27.1958
2.03776
-16.3556
-80.3187
54.7916
15.9483
1.74494
33.7848
30.4091
11.2678
17.7062
-23.507
11.0481
-30.1123
6.30333
18.1309
62.6676
27.273
9.672
-37.162
-79.6147
15.7887
38.4597
61.0123
16.7855
17.5882
15.1876
1.00157
12.7762
0.954596
-4.17066
7.51693
17.019
7.40037
1.52531
8.47096
10.7651
-20.5591
-41.4063
40.1999
1.86845
0.899189
-24.6885
62.494
-60.4383
20.0317
12.097
17.7069
-104.92
-34.5733
14.1384
10.8515
16.9563
60.1861
14.5646
22.2796
11.7309
-35.023
7.40223
14.3915
20.2604
21.9174
13.7318
10.9194
59.4171
12.3943
18.2891
1.55526
23.8225
16.7816
55.0329
37.1399
18.7503
-24.6989
-30.3788
23.9108
14.7879
62.0476
-14.7898
20.1689
19.876
-44.8608
25.8086
-64.2814
21.5773
-114.202
17.1895
4.12202
15.8794
30.4224
59.6065
1.48928
-29.0366
1.12492
51.2016
29.324
17.683
11.089
18.8307
53.4285
63.0047
-88.1552
16.2466
-0.0346549
26.5154
20.9342
46.8929
-28.7434
19.083
-16.0102
19.2686
7.86827
14.8456
-40.9442
16.7303
20.4618
57.7396
-65.1715
14.8905
21.5311
11.5739
14.6377
11.5783
59.0405
-56.6556
-87.5515
-128.953
18.9317
-89.1341
4.57356
-9.484
-13.0934
11.8253
10.9676
-12.1161
28.7467
24.4876
44.0703
10.6355
-42.7821
3.66783
61.7298
-66.6179
2.15022
-6.39024
43.1227
18.3159
7.37454
-1.73958
14.0441
18.7736
10.538
0.0573523
16.4347
26.0877
10.0898
-8.56228
-20.2
5.15693
0.755843
14.4208
-44.3554
16.6839
13.6866
-83.3776
13.7019
6.10429
-88.5711
27.8124
-0.410491
6.36823
22.3643
0.548247
17.0516
-121.79
8.27369
18.4787
-40.9221
1.35701
1.59552
-3.32656
51.3427
-41.0406
22.3334
17.8317
15.9599
32.7494
4.08235
15.0889
-60.4023
-46.9126
39.5034
16.2599
9.90274
17.9142
11.2865
-92.6006
22.2922
35.1353
10.8181
17.9689
16.4765
3.53733
8.14773
0.721563
-84.6168
-66.0434
0.990634
17.7391
-75.1631
2.13905
0.87618
-8.36535
-12.02
-85.9974
40.0242
62.3208
0.767782
20.5667
14.864
-31.2923
34.0939
0.679224
13.6666
11.3111
12.0112
23.5055
17.2768
33.06
14.7083
-24.2283
17.8554
14.7642
18.9903
18.4341
2.07736
0.721968
-70.9985
22.1866
6.47517
10.1028
7.80801
-99.5452
19.3613
1.46543
-124.898
13.2439
18.3256
28.2089
16.9491
10.6004
2.20932
12.8391
34.2782
17.8139
-2.83671
6.47573
13.595
12.6181
21.2704
24.7692
-23.9989
9.93134
17.1601
32.3768
32.2802
-78.4026
34.3752
4.31736
9.67008
51.4476
1.99101
10.54
-123.137
-34.6051
26.6614
13.8201
-108.217
2.0946
29.4565
2.74478
16.7788
-128.804
9.59272
62.3294
18.1882
11.4811
5.17603
19.5409
-20.4906
26.9825
17.9941
-121.29
0.823406
2.32412
11.14
-21.5348
29.1297
53.3665
49.3193
14.2623
-31.1218
14.9775
12.0636
16.7162
-48.722
-36.5376
1.34975
1.91441
16.3352
-2.2869
9.68234
-96.5657
13.3864
-10.9477
0.555879
19.7422
-97.3483
51.9579
1.92071
16.3051
39.0134
40.1752
1.2354
18.0764
16.83
-98.5697
-15.0098
13.7829
62.4311
-67.1745
-46.6786
16.6821
16.3186
42.2828
50.6396
7.55804
17.9313
0.980402
16.8839
-4.21843
6.2445
-59.5902
0.249296
26.3003
15.6946
23.7469
51.9368
-25.3581
42.458
19.1216
45.276
-83.1451
1.8933
12.6205
-7.30068
-99.0827
52.818
15.4041
41.9276
18.9876
-57.146
1.95621
12.4519
21.9173
44.9359
-3.49453
41.2014
13.7896
-11.6912
7.79212
22.9244
-53.752
37.2775
1.39548
2.40349
-39.8856
26.6339
12.9798
2.01451
6.6362
21.5303
26.1005
8.79814
11.2168
16.9024
-98.1903
17.1365
20.2769
-14.7588
-53.6501
42.4617
-62.4585
5.0734
18.8457
9.50266
-65.0724
16.0694
1.05746
11.8877
4.23604
14.7702
2.19597
-54.5536
1.73998
1.53297
16.2291
2.3015
-39.5065
11.6963
-47.8642
-113.194
17.0278
1.48321
2.56905
21.3353
36.4915
1.9684
19.5197
-81.8761
16.9176
-8.26713
-16.0258
1.76086
24.6176
-5.64742
15.0634
2.3178
13.6624
7.0877
-1.61802
0.903587
-10.262
0.948594
-29.8239
0.580905
57.5268
28.2283
1.4872
13.2596
9.28983
5.7853
10.6321
-33.6679
47.9694
-1.00386
-131.8
23.3923
1.46165
-50.4976
1.68695
17.958
13.897
8.34569
7.81651
15.4259
35.5259
35.4974
16.8782
10.3799
0.626347
-128.815
39.2984
-55.7694
4.84639
25.5524
17.7966
14.7265
-114.939
15.6973
1.04096
10.9886
17.1239
11.5335
17.9023
-48.4859
-67.1959
6.51105
-83.6987
-4.18338
5.73323
5.05681
13.4283
4.54631
33.6573
1.27676
19.5274
-110.747
-104.254
12.5765
-4.10691
24.8905
-0.51273
2.19161
-10.7289
19.2063
-39.224
11.1795
-25.1039
15.0095
16.3486
-39.2632
28.003
9.52016
11.3551
7.28423
29.3343
20.9697
49.0983
15.596
36.4707
12.7058
32.9808
14.2836
8.86585
4.89224
16.8407
13.9328
26.2998
15.9709
17.9274
11.5365
-4.49448
17.4229
-31.001
16.4064
8.25239
25.3447
-23.7901
53.7514
56.401
-33.8804
-124.976
-24.331
-0.0896074
-31.2546
6.1452
10.9063
-1.48583
14.3397
1.92372
5.0135
-36.9725
-128.528
22.3781
12.0663
2.03458
1.3246
-18.5473
16.9876
-62.2315
-92.7881
3.54359
-95.8484
-12.3208
-47.6288
-29.0396
24.0355
13.0443
15.2621
4.46705
4.7199
-13.4546
56.0813
0.855892
10.9602
6.69633
7.67406
29.1486
-130.153
8.01272
-16.7752
-72.586
12.3788
7.96061
-46.2294
27.193
-65.516
9.84832
10.9998
15.0789
-50.3058
18.0977
-5.00359
24.1849
17.3145
-27.7332
18.4494
12.2664
-0.621214
11.3297
4.12673
2.21531
14.5922
-15.2443
9.05248
16.4203
33.5156
-46.1713
-128.538
28.0729
14.4595
-5.84537
-32.5997
10.0496
-61.2963
-29.1413
25.0512
-63.3684
11.7261
-2.79815
18.5594
7.49613
21.653
54.9505
20.6456
12.7328
17.3971
-73.2805
-25.0457
16.6866
17.5701
17.5478
43.557
-26.6538
51.7193
33.2526
14.5008
14.9748
-69.3671
-106.566
11.0797
-100.778
14.8035
14.8188
-75.8903
13.2582
50.9855
-64.2222
25.5928
12.3018
11.2574
13.1201
-110.811
18.0262
-42.9306
-89.8483
16.632
19.0163
1.91044
-31.5427
-16.0855
9.6783
-1.84573
12.4755
21.2671
-100.597
34.1954
-37.8635
56.1948
57.7428
3.73499
46.4698
-2.5792
18.6509
6.7828
11.9033
1.71284
1.85085
15.108
-8.01344
18.2798
-105.255
-8.58914
12.4903
-13.2289
11.4577
16.9119
8.41425
-88.3006
27.1176
3.84797
3.75784
6.78156
14.0759
60.5248
35.8036
18.3523
-95.5768
11.2438
11.4022
14.0143
-99.2726
-4.52003
-7.44136
7.75233
2.81183
7.88259
16.4856
11.9276
30.9092
3.97228
5.33923
5.06007
22.254
9.03481
13.7332
15.5669
27.264
9.79942
6.83331
-54.3647
15.8199
37.9573
1.4951
17.7823
1.82251
-3.73216
24.4897
44.9212
21.2196
12.988
12.1388
18.1412
39.3525
52.0866
7.33139
38.0013
14.1861
4.44684
-20.012
22.0254
1.93125
50.8512
-34.2277
1.18262
17.0387
16.7667
-8.18588
28.9825
-73.2924
-22.5613
11.8562
12.4243
14.5625
-4.50854
-109.527
8.43557
30.7185
-12.037
10.1816
-12.9626
1.62639
-14.0056
12.0239
-124.255
15.7194
1.95083
8.48547
11.0796
8.51875
11.2623
25.9178
13.8454
2.87514
-112.235
2.53452
14.5618
20.7474
-99.3417
18.3145
7.87311
17.6322
7.26386
17.175
51.8894
16.9822
17.8485
39.9935
11.6373
11.9114
9.05175
0.79251
52.6129
60.7554
0.324341
-69.8356
15.8408
2.00088
10.137
2.69105
34.5698
-0.328652
37.6732
27.6502
-45.394
1.97795
-12.1383
14.9726
14.9669
-5.80211
10.2834
17.3066
22.693
-44.9505
-9.52336
-3.52388
9.7884
13.7765
15.6514
13.8942
16.8653
4.79774
-34.5725
16.6548
33.201
14.6828
38.5393
11.2775
5.00715
16.6377
4.48386
36.5114
9.0048
15.146
2.97568
3.16401
-131.234
12.371
3.91147
1.13354
8.69741
-12.0796
21.1693
1.93908
0.961283
54.8735
2.09413
14.8412
-43.3776
-5.012
38.0083
1.03851
27.1668
16.2634
18.6098
43.6996
1.90887
-98.7751
9.16305
48.495
5.10983
-0.880422
12.2505
-34.0886
-99.9608
2.51231
18.956
3.85535
35.4906
17.7342
61.3081
-100.892
-121.74
12.7764
16.3088
26.0374
9.77147
5.14753
9.80521
38.3816
28.3621
2.92508
33.3178
17.0758
34.1515
-21.9825
61.0462
-104.441
-79.0407
7.68867
5.284
59.5948
5.03419
2.3985
16.0325
20.6047
-105.353
21.5987
20.007
16.956
17.1105
1.96554
22.6225
47.3066
-13.3318
54.5139
-9.71645
17.7787
-43.6196
21.0892
18.7172
19.3462
1.90454
12.628
0.729072
42.6807
15.385
58.7522
11.0607
-9.01107
13.8576
26.7738
37.1131
-68.9843
9.62001
50.4532
2.85301
-13.6963
9.85785
1.22272
2.84414
21.2394
32.5138
-112.719
14.2583
43.2144
5.40738
17.0795
14.6159
12.2504
-21.0772
0.773898
48.813
-39.6851
1.38275
-86.5233
17.4697
-67.1833
13.4476
17.9042
15.4509
53.1473
4.71145
6.69878
28.9984
0.789749
1.82154
-52.5313
9.75617
18.3418
-0.0697248
15.7265
17.3936
11.069
17.5856
20.7427
12.954
15.3919
16.8001
3.83881
55.1576
18.3237
-74.7677
6.07267
12.0402
58.765
24.4035
1.13321
12.2661
11.9104
20.5474
-121.839
2.01601
1.59755
9.51568
22.1928
47.8491
-24.1385
60.0335
-92.8598
-6.02207
16.0827
52.2184
11.9047
11.0327
10.932
7.9248
21.5634
38.9436
15.0576
-31.3386
15.329
14.0293
-29.4202
-79.5689
-33.1894
-128.631
8.09088
16.833
1.36492
9.27883
30.2732
11.9414
-110.257
13.2207
25.6572
-1.51265
-2.87096
-14.7982
20.0216
53.0801
18.8866
15.8336
1.42425
5.24774
18.6334
1.67721
-16.3855
-8.88602
57.1635
1.72437
2.23557
23.6122
-122.061
-40.6752
12.4797
55.8711
17.4307
57.7556
8.61025
28.9692
6.95793
3.96895
8.57958
-85.7559
-1.13083
18.0754
30.1308
-111.441
-69.0448
1.09365
6.85455
-19.7911
14.7093
18.4014
14.1919
25.4429
-117.875
-93.4558
3.15058
11.3889
21.1852
0.760443
19.5266
22.3097
16.5673
1.04991
5.34967
15.5009
39.8238
-51.1404
19.049
42.945
0.837881
17.8822
11.922
1.19406
11.5071
12.4862
51.4219
39.8653
-122.847
17.0748
-7.47223
-15.4804
17.3236
22.3395
-52.4273
-65.9338
27.0918
15.3919
-104.132
-2.1088
-69.5898
-55.313
35.185
-78.1464
17.7413
-83.0516
-42.2224
13.6284
1.74132
-115.243
-120.603
19.6909
19.3077
-7.64573
12.5545
20.9633
-116.701
11.3916
-39.336
10.7253
26.8607
15.8254
-6.90702
1.78463
38.4346
10.0787
2.62894
-30.3628
1.8388
10.6085
-30.4553
8.0169
16.4829
45.6571
17.8106
0.840462
1.90036
51.2868
49.7499
1.95527
44.5986
26.5376
-88.6313
37.8697
-100.603
-11.8701
12.039
-90.1152
54.9581
4.98889
2.87516
13.9802
46.5109
8.00826
17.3841
8.39825
-12.635
10.9973
2.90604
25.7229
15.3016
-58.9093
-13.1791
11.0696
12.5074
15.7109
31.1482
53.7272
18.7532
21.7393
-100.24
1.24537
50.8073
-53.1206
-73.482
1.25207
9.47867
26.8761
28.4352
12.3049
-60.8922
12.1138
-114.36
-11.8952
-9.66556
-83.6587
24.2092
2.11935
6.4493
25.7647
0.746759
14.0062
16.7668
8.29361
-23.1317
-31.0607
-119.372
-30.4838
15.8732
15.0674
-3.31641
10.712
-118.756
-3.66152
9.64865
4.82167
-61.9663
16.7419
15.4922
-16.3047
9.27592
17.3469
18.1731
36.8897
23.1135
0.680635
16.7554
-31.6503
1.14462
9.51748
6.84363
17.2508
-3.59676
4.66208
15.3194
18.1816
9.0333
-1.51775
18.0297
23.4709
40.0824
-0.190591
-10.1945
-105.885
-47.5271
16.7454
15.2157
17.6066
2.23036
17.6995
13.6467
-5.44854
3.27263
27.7209
41.1716
-13.7157
1.18839
1.34858
28.9549
11.7362
-48.2268
1.88383
1.03774
14.4864
19.4746
18.8372
18.2841
-1.44515
26.6954
-8.43165
18.8294
-28.4519
-90.1657
1.46094
16.6256
14.9467
12.5457
-63.4617
51.7492
57.2425
13.1093
22.2281
18.3273
1.13487
18.8137
19.442
22.7548
15.588
39.7583
20.4906
-18.0944
-19.3603
13.1815
9.14091
-28.7579
1.95081
17.2391
24.8041
10.8313
1.5004
16.217
-27.3764
2.42123
15.1327
21.0547
-13.3089
-75.3058
11.9629
5.80826
2.03621
-59.1931
20.4747
17.35
-33.7859
16.2943
1.129
-6.31814
-76.8422
12.7174
17.0104
-6.7743
1.07486
-46.3651
-34.2858
16.9195
12.0937
-24.5046
19.701
3.08232
-50.375
-40.1275
19.7794
25.6923
15.4543
-123.299
17.1274
16.7034
0.898954
16.3059
-44.2783
18.5389
-41.4583
18.0879
1.05893
-29.2804
7.68149
13.6952
12.5126
23.8483
49.6093
4.77357
1.71011
8.63536
55.7165
19.2149
19.9857
-73.6393
12.4212
12.8174
44.6367
16.1723
18.4636
14.2597
19.0042
-115.086
22.5237
-63.4355
-69.0352
3.23127
1.4752
-101.189
13.4221
5.28394
23.0185
-77.8109
5.29724
6.09238
-16.8674
-10.1752
14.2767
-112.451
14.0326
-106.243
22.7851
-79.7223
1.95556
57.5254
45.5098
17.4578
19.0638
5.83517
49.1804
42.9825
56.3134
-22.3371
41.6182
18.9258
18.5514
1.34935
14.1916
23.0712
-74.449
12.0827
0.254288
-92.6395
-26.0683
8.01128
9.78422
-34.2895
54.9128
35.0982
1.76415
-45.0844
7.98175
0.829753
2.93143
23.9653
-110.762
13.4802
-36.8064
9.44004
-96.0907
57.2656
15.7694
13.8923
-73.2692
2.28347
14.3269
6.2657
0.962474
14.2787
53.9652
13.0673
40.1588
42.3054
11.9228
-89.2337
-13.1865
10.1867
24.9492
29.4433
12.8559
-33.2673
16.9127
18.0125
-89.4515
-7.52382
12.5054
18.3123
34.2922
61.321
2.65885
5.51333
-107.608
2.64039
35.41
6.86524
6.22299
-108.856
58.3631
7.33057
-72.6818
15.6613
-79.1501
18.5292
17.0849
16.4521
17.0131
1.506
13.7378
3.13396
32.3947
63.1219
7.06469
2.04427
11.3522
8.8235
-2.58615
10.2717
53.7401
12.0636
4.34336
1.81432
-73.2042
7.36409
27.8696
7.08338
18.0087
-44.081
1.11752
11.9555
14.0805
14.4717
15.601
-95.815
3.21206
-96.126
29.0105
-84.1385
-29.6971
25.317
15.238
-65.4188
41.4172
6.35204
2.18509
2.69428
17.9936
11.0512
15.5217
2.58601
14.4272
42.1017
17.2309
10.5268
16.2411
20.7307
-19.7214
17.458
19.9391
1.33731
12.0915
31.7345
31.6325
1.62517
-1.85608
-5.69206
-64.2196
-46.904
16.8697
15.0937
-0.402567
2.13451
-17.8619
-109.899
15.6827
17.0562
17.482
18.1652
5.01459
20.164
-31.0718
-90.435
1.70405
8.44311
11.6728
11.4074
-21.4029
39.6646
8.15778
16.7687
-65.309
15.9843
15.5197
0.842864
2.05902
4.46224
49.5787
14.1752
16.7913
14.7059
18.2209
16.4762
-100.123
8.47179
5.85758
-116.767
21.1755
12.032
-55.9653
1.39694
24.5181
-98.4757
-59.7902
55.1263
-5.75253
17.0591
-73.969
55.8618
-27.3446
50.8848
-75.8896
-3.62202
-81.7198
-95.4013
15.7291
23.5311
-9.59402
20.0753
12.4377
2.03316
56.0047
17.5242
-0.874901
1.92004
-69.2394
2.1142
20.6624
3.59411
27.8193
16.9059
13.5396
15.0226
-120.307
1.77048
16.5789
13.9084
10.3436
15.6877
1.76409
7.50007
8.52282
11.2827
19.2047
10.3015
2.90128
15.7483
0.903697
-17.8068
16.8071
11.0946
45.3309
3.97633
8.40025
2.06878
26.101
56.0978
15.4444
44.1242
11.8289
18.8155
-11.6477
34.3342
1.91372
16.0623
32.273
15.06
9.57146
0.872086
13.8027
7.77458
2.91221
-5.38739
-26.1992
-76.5032
17.329
-5.40472
15.6792
-24.4659
1.91237
3.73903
41.205
18.0525
30.5587
14.8632
59.153
17.1878
-5.68106
9.48326
29.7627
15.7324
2.42683
-73.529
-1.93703
30.1397
16.0194
-42.703
4.73362
20.2923
5.00681
39.9356
0.817021
14.2788
17.5639
-9.23977
15.9658
-17.6372
14.6992
13.677
-73.4237
28.0052
16.8622
6.75066
15.2552
14.3707
29.5177
26.7804
26.7331
17.0331
2.27543
5.22818
14.6688
13.3906
1.43606
-41.2836
17.5737
-114.986
35.5981
17.4375
19.4031
17.035
29.3826
-15.1021
17.3238
10.8398
2.02472
-23.8117
-101.018
18.1546
-20.749
29.933
1.19705
33.4107
5.07702
-18.3259
-51.699
3.54396
18.9041
0.616092
15.0746
-92.5819
2.83938
17.2525
3.3419
-1.32052
-21.3268
-51.2299
24.3042
2.61831
14.5681
10.4981
20.2319
12.2479
-117.725
-43.9936
8.7098
32.4361
4.66778
16.8073
19.4673
-58.4468
23.3584
15.4179
-11.2099
-10.961
15.3436
-2.30413
-79.903
10.6147
2.7718
-42.1808
-103.418
4.83278
2.5895
16.5952
32.5724
-4.03014
27.8402
-113.317
1.5149
-41.9601
8.09132
2.94895
0.635963
13.2804
52.6117
52.846
12.8812
-123.807
9.55554
-117.323
-8.85305
55.4676
53.2558
0.972721
5.19896
17.9687
2.90374
0.571196
8.62907
-62.9872
23.864
-53.142
1.48148
-111.838
13.4755
20.5376
-51.6227
8.32425
18.8393
20.0322
0.737374
16.3597
0.958786
-27.3982
2.61345
6.83875
5.71513
18.2075
45.7786
-21.0736
25.3758
46.4499
24.88
-124.925
16.1149
-6.61885
8.91734
1.29147
8.27329
2.41557
18.3555
-32.3538
2.82489
-102.011
18.2748
19.7659
-125.976
10.4615
5.17911
48.6991
11.5348
-98.1356
1.16265
1.1212
-96.2108
55.6972
12.7357
14.84
16.5748
-48.6831
-42.3582
56.2414
2.33453
21.8033
-112.976
24.1085
13.8021
-67.4649
14.6889
-10.0646
1.07984
-46.4185
13.9481
4.12091
0.892386
-9.75083
43.2979
16.3455
30.5199
17.8071
27.9986
38.2873
-86.8809
-110.161
-11.3247
54.7086
24.5521
14.3467
58.1943
8.94815
-26.4837
59.2162
-68.9499
8.22
53.1256
7.68929
3.08006
24.927
5.71752
-1.8838
-106.656
14.5257
17.3687
-47.2254
9.70456
15.5274
-18.1427
14.2078
-39.1943
30.7381
-16.4518
19.635
9.56976
-12.2981
2.05646
13.9519
21.2465
-17.3217
21.1911
-37.5857
18.0465
-6.72348
-9.75314
2.00131
60.2768
1.9632
16.2038
-51.8894
-39.3484
13.0276
8.06378
24.0007
26.3402
18.8614
3.70543
14.9593
7.74409
-9.83351
-85.6696
16.2156
52.4051
-60.6297
32.8577
5.36177
2.04892
9.80153
-4.44097
18.4631
36.2853
-16.3545
26.1938
-5.04961
-21.723
1.0737
17.0358
-1.26376
41.5441
39.9857
29.0031
1.11766
-3.1659
-48.7366
-44.1672
47.4848
1.63614
12.6924
19.207
-35.1064
17.9012
2.82233
21.9773
-55.4745
53.5877
14.8906
4.34764
12.1302
11.0626
0.654061
44.523
-13.1306
-43.3424
53.7717
0.776897
14.8685
-34.5399
-32.0351
23.3054
0.7548
-90.5729
15.0313
16.5442
20.7489
10.0005
16.8162
0.986771
3.66257
18.9388
55.95
13.2861
5.0571
-82.9439
-49.9106
10.4077
0.904511
12.9403
-104.469
0.936738
12.3536
-0.600121
4.90511
-57.8483
17.527
-3.86842
0.643027
39.3884
-0.586824
-35.8712
23.0556
16.8686
15.4008
41.833
45.8515
-14.377
4.33832
-22.894
15.0228
0.258364
11.07
9.73022
13.8206
-28.2846
3.59103
16.5831
12.538
-48.173
16.238
-49.4279
-68.7918
17.1906
8.98615
18.9191
16.3123
5.92973
-31.7574
15.4725
-25.0038
8.72841
15.4694
-93.869
5.46497
-44.157
-52.5445
11.9754
12.7413
9.95446
-16.5137
9.62958
-33.2957
21.7338
9.01566
11.1248
3.13096
13.1698
8.26924
6.25209
11.8599
2.13765
0.758979
16.9708
-56.5201
-11.7098
-71.9457
32.6826
28.103
23.5486
7.46698
56.8609
-16.3371
33.4439
-22.9405
-75.3533
14.653
2.81961
15.6794
10.0558
15.3485
-83.7284
5.70866
-40.8734
39.3087
13.0823
-37.0272
3.74116
-48.6784
1.74853
17.1648
7.56117
12.6614
7.52256
-26.0957
17.0359
7.38498
-4.86103
-46.6484
-39.5828
-14.6212
-8.78382
2.66399
22.9765
5.87606
50.2412
-126.094
16.9641
22.7197
18.8354
1.01098
5.79007
15.9433
10.1059
33.4678
52.5439
-4.35062
17.6416
58.5521
-42.5676
-19.2282
2.63383
54.057
-30.1304
-38.7348
14.7618
21.9852
27.4583
-30.1318
8.37158
1.95092
-24.671
0.929043
-0.222338
-84.5294
-15.6736
12.7102
-1.97352
1.87617
0.90742
10.4561
11.0863
-22.7942
13.6915
30.334
8.50231
-32.4924
16.1547
15.704
43.0038
46.6998
4.18144
-0.762994
-0.785482
15.7277
-5.07832
16.4289
-71.8512
11.5774
4.44966
16.9137
26.885
7.39633
-22.8867
13.0698
34.049
-87.0593
12.2238
15.5193
4.18125
6.31731
12.2412
-14.4652
11.4223
10.9045
15.0422
47.9275
-36.9884
8.62347
15.4801
12.7966
18.2175
16.9963
16.08
50.9956
-0.0579185
5.28099
-5.82567
7.55347
14.1361
-72.6383
7.59366
16.4332
21.3342
18.1544
35.1383
46.3805
18.1774
16.6175
16.8671
-19.9585
1.16514
-25.0665
15.6251
-63.4414
28.9673
-27.9824
51.4451
-33.6563
1.50825
-14.0502
20.402
47.2006
-112.682
62.438
1.95744
40.5458
18.8314
15.6534
14.9576
8.8859
48.9629
16.3907
8.40621
16.4686
26.143
18.7655
15.7974
47.7153
-57.2723
11.2791
2.83033
-8.18088
20.8417
2.55364
1.93025
17.9944
8.12458
-2.81176
15.348
20.8257
0.818125
16.3187
43.2378
38.378
12.4422
21.0237
37.2528
4.20221
62.3787
44.567
10.9156
6.86756
-72.2364
8.99169
21.9867
-50.3983
17.974
-131.837
16.6186
11.2985
-67.5513
-73.249
18.5087
1.621
1.58745
1.82709
0.476221
1.04241
17.9302
10.488
60.642
-28.4118
-99.0901
18.4661
-10.5294
1.9014
9.525
15.1402
13.1907
56.5326
16.0324
15.3307
12.77
17.2966
0.775708
54.875
60.1327
-108.266
-3.01097
24.0531
24.8026
24.1794
-13.1137
60.2512
22.1659
28.7944
-19.9273
1.41886
57.6744
1.32085
17.9838
10.2974
16.4596
15.6849
17.3812
1.15615
7.36573
14.8546
-4.52159
11.7652
-70.1341
14.1645
-93.9041
20.6586
15.2805
24.7701
16.874
16.3814
21.7928
21.2739
-40.613
18.9435
10.326
59.1828
1.35454
-16.374
16.7424
19.307
2.57375
-69.6706
12.0832
0.922162
22.3092
12.9055
3.76571
16.4088
-39.2089
16.3036
17.409
16.6924
23.3273
2.03289
-13.1263
15.6435
13.8179
12.589
-19.741
14.7219
21.275
14.3961
-16.9303
15.0616
12.8952
9.19868
27.9508
-16.0011
10.5242
13.5835
11.0583
14.8495
17.3186
8.97112
16.9172
-41.5399
6.75377
-17.9402
-28.2718
14.3304
15.3013
10.4589
16.771
4.40767
15.3077
41.4365
42.8831
18.3453
48.1558
8.71201
7.65076
9.82215
1.99973
24.2962
18.5512
20.7571
-2.59668
-67.0172
23.8787
-43.9734
11.093
54.1039
42.0146
-40.4633
28.0747
2.87958
10.2754
2.9341
55.0073
-15.7616
-72.6531
16.8411
59.3048
1.52752
15.9721
2.20076
13.8466
-17.8799
-13.7205
6.61862
56.4013
59.841
1.96611
-75.7672
-2.00891
-81.4535
12.5609
0.697495
13.4293
18.3329
3.61345
-31.7235
1.38271
16.2695
13.3789
16.6173
10.7365
47.4905
14.5672
-4.17848
12.9307
-2.58946
12.325
-13.8036
2.03259
4.84648
12.9443
-76.2382
16.252
37.038
6.70043
1.8742
9.80855
0.793026
20.6519
15.0569
-74.0853
8.30875
-13.0401
-10.4105
21.4237
-26.7624
17.8625
-1.22947
-99.8401
-54.2667
14.971
-1.93246
10.6233
2.87045
52.1886
13.4305
-24.9213
27.6816
16.5683
-2.72644
19.0592
21.2518
-52.6072
-55.3552
12.942
16.6061
21.2872
18.8875
20.4283
1.57392
61.4444
16.8777
9.80643
5.52567
16.1784
16.5807
-25.2548
-74.7062
-34.8361
2.3526
-17.4883
-16.2425
47.092
2.59929
18.2451
-43.967
11.6491
-74.6856
3.46565
17.0546
18.9571
4.36063
17.0398
18.5595
15.5072
12.3052
22.3866
13.1621
16.5535
30.7129
13.8589
1.84073
17.7551
16.0967
16.7019
-37.5235
16.8683
3.56704
31.336
16.6586
-73.8439
0.481625
9.62724
35.0455
13.0224
18.9999
14.889
10.039
38.1081
-77.895
2.18536
-29.196
0.720905
-91.8719
3.27913
34.1375
6.16516
-1.71011
-29.3032
51.0654
3.18157
12.8191
14.9503
25.7183
-38.4512
5.06653
15.1288
10.6971
9.62929
15.6419
15.2384
30.2925
18.1327
23.5631
14.871
13.1886
5.83333
2.73663
4.01528
8.46886
1.5018
8.91112
-2.93558
61.5118
9.69657
13.9431
-30.0936
19.4151
26.5557
3.11731
58.8132
2.03319
12.9777
-9.69409
6.39003
19.5756
57.7178
14.1751
27.3715
15.7028
-8.69182
1.01262
1.00221
18.0897
18.5938
6.12234
18.8503
1.29359
-9.99681
-4.0819
33.0118
12.909
-13.1901
-2.20991
2.07938
-94.2038
-6.33388
18.378
-101.447
-67.338
16.0839
-29.0428
-17.7925
-25.6228
16.8435
8.50227
13.0188
8.66495
-56.6196
-34.6363
18.3852
16.4756
20.0229
3.56829
23.1699
18.6254
17.1995
20.9654
0.830528
55.6125
29.9865
-50.7724
7.5822
12.8217
1.97209
39.8749
16.9369
-38.7746
2.60917
16.6692
-14.4319
11.2416
-76.2792
0.911183
41.1627
17.8723
20.9354
-16.0482
54.0533
12.0477
15.8999
32.6041
8.88974
3.10014
16.5557
-36.1386
-23.7309
10.138
15.742
35.7292
17.4646
11.238
-10.1863
-12.5234
1.72424
15.9276
-76.155
18.6312
20.3448
-36.7144
16.8143
55.6972
58.5642
36.6804
21.5366
21.6634
29.5496
4.69497
15.9911
19.4065
12.8198
11.3209
-59.3725
-3.59704
-18.108
15.6804
12.7652
-70.4306
-9.62692
31.1415
14.6218
12.0881
-93.0467
11.4153
4.75763
40.9205
1.66822
1.2391
13.4244
9.77574
11.4106
6.3665
15.0421
17.9293
21.3422
-95.5228
-70.3905
2.34272
17.5242
-6.35402
49.9097
9.77311
16.9562
-103.33
15.8233
18.6913
10.2709
-6.97165
-77.6237
5.07572
59.0492
41.5002
14.9261
15.114
13.6795
50.8274
3.00582
21.6873
-84.3713
42.9424
-29.1419
3.65016
13.3762
22.0915
17.1144
16.4025
11.9677
-7.1034
-56.4727
10.733
6.87584
10.6527
18.0331
13.5869
54.1017
18.0177
-21.3353
-3.29253
24.7421
11.0421
22.245
3.33306
12.5434
-83.0355
-45.4948
16.5595
7.86431
21.1858
16.8824
16.6546
15.8203
15.3181
-1.0639
18.7293
18.0203
-0.432317
-86.6233
16.9319
30.7854
1.92239
1.96004
-9.77736
11.2274
5.37233
19.9424
21.577
12.3409
17.3504
3.89906
-21.441
22.4304
6.66215
6.062
18.8889
9.2268
16.9571
-51.9664
17.8113
-16.1267
9.90501
49.8186
11.0398
-110.007
13.0682
3.04255
-0.808255
-46.6219
0.919811
-63.1437
6.03229
-98.7485
-13.1037
14.1221
-15.0237
-101.862
3.70882
-0.0310121
9.72979
52.2516
10.1889
-108.187
45.589
-96.0303
5.55988
46.5863
16.919
1.61033
-19.6606
17.908
18.156
-52.9273
1.0497
15.9629
-12.4821
1.72932
48.1377
-63.3336
5.84491
12.6457
11.5661
15.5932
-1.38792
16.9762
15.7059
44.9028
1.9428
-4.2511
5.98044
9.80053
16.6917
-12.7372
18.8157
-42.8056
16.4538
11.0454
-92.4485
18.9749
9.54161
51.6648
-4.52497
7.98649
60.2455
19.8183
-22.4679
49.5038
25.1936
2.88953
14.9364
17.1099
-34.5064
-76.8908
16.5372
31.9172
-10.7286
32.586
18.5974
16.9031
15.0315
-90.4434
-31.7095
16.6291
15.2856
2.88183
16.3245
-39.7547
-23.9202
15.7899
-38.7621
54.9535
14.0883
31.2183
9.97574
40.3018
-9.54795
-79.6631
13.4919
15.3332
-58.6701
5.54408
-38.3011
13.9975
-40.6702
16.2845
15.7237
-0.568233
-11.413
-38.0211
14.6332
-60.2761
35.2418
13.1956
3.9968
2.0209
-101.87
-3.30143
18.6198
19.0325
9.28653
7.30049
-82.8074
-19.7141
10.0391
19.8298
-102.695
-47.344
1.86975
-8.85363
51.5182
1.30787
-12.6091
22.8337
22.8198
17.0113
0.898059
0.845794
15.0581
16.8373
-10.6021
34.5159
17.9035
20.8645
5.43858
37.0888
16.2751
17.9932
-40.706
-67.3673
55.0674
55.9968
16.6941
16.8609
-75.9955
15.3482
16.2705
14.4768
-8.7643
-0.293508
-2.06788
-101.84
18.8023
10.52
8.90316
-93.5873
-34.625
1.63468
25.2093
-57.9078
-58.8707
55.4988
18.018
9.40537
44.7748
17.0048
4.55808
28.0164
10.2275
15.0624
15.4362
-56.7728
9.37044
15.8324
2.17941
21.9734
-28.7635
46.6774
12.996
17.9336
15.0409
-1.77156
-10.0535
18.9769
13.5691
-21.635
32.291
16.2339
20.4379
19.604
-37.9602
2.84679
5.8362
-42.1321
17.0087
16.9634
-11.7614
31.276
0.466278
-80.1126
10.6221
4.34617
-59.6592
11.9511
16.9591
-35.3182
-14.4259
45.8229
-40.1171
-54.1563
-52.1729
13.2329
12.1317
17.7789
-67.09
-1.63759
-117.716
10.5879
19.0563
16.9685
16.196
9.31688
4.80363
2.65226
16.4142
0.931565
16.0792
19.0928
12.8571
-7.77237
14.1575
3.40506
16.6065
9.49158
54.2119
21.6955
-37.9742
1.93535
-21.7167
14.207
14.8612
10.9535
21.55
18.1066
-44.9293
-0.357807
13.4429
-1.95002
11.5806
17.1019
32.2312
14.907
-17.2664
19.3941
-2.2648
14.0091
-67.3805
11.0213
-19.1911
26.5465
-28.4929
4.31274
6.32648
-26.9515
29.6534
45.5174
-72.7851
12.4243
16.7004
1.80817
-13.8229
6.13446
34.1487
13.8929
6.26732
6.8473
-0.0394007
14.1249
13.2842
22.2516
22.5315
17.0021
43.6005
14.9455
18.5671
3.06157
12.7133
5.2144
-5.7495
16.9435
2.46713
4.76477
17.6268
20.5311
17.826
19.1521
3.31226
-114.99
12.5658
17.853
11.8782
5.96964
53.1634
38.8115
2.31615
-8.40364
-32.9547
5.06357
30.9557
2.62669
1.94594
14.9598
-38.524
-2.7985
13.8015
13.5649
-55.8283
-98.3399
-8.62968
3.10067
18.4375
54.8299
-3.53477
15.9781
-51.7212
6.05772
-14.7188
-99.3459
1.81146
47.905
-55.3868
15.8639
7.44518
-35.5857
18.9315
4.75158
19.2077
32.659
-94.7024
-0.250886
7.06292
-3.70152
3.07872
20.1719
41.544
16.633
1.71581
2.06059
-106.993
17.1475
16.7599
-97.6368
-72.3488
8.82926
16.135
-26.7876
45.8147
1.36311
20.668
14.4833
29.2908
-51.1003
14.6826
6.70106
1.97327
24.4907
-86.129
20.8507
-106.29
-3.50489
20.0893
11.5438
15.3641
4.9453
-28.4818
17.8881
11.6324
14.7837
47.4382
17.5057
-8.76487
9.43002
-24.6909
57.2177
12.9159
21.5975
-11.442
3.05412
7.07901
0.703965
11.3841
-12.987
-64.2378
15.74
15.4329
20.7957
1.9487
4.21927
18.553
5.38358
-43.6806
-4.24473
-80.713
38.9057
17.6697
12.0734
12.2518
17.0632
2.01411
9.679
12.236
7.22187
5.00159
6.83538
6.60984
36.2348
23.2541
-39.3018
-86.8688
4.64408
6.71858
47.0362
-10.2798
-85.1964
24.9737
6.08397
16.7841
17.3848
-105.883
-10.4995
23.8572
7.15107
10.0912
20.1999
-9.22497
18.6961
0.788297
18.2329
-53.1544
10.8219
10.3719
1.72149
10.0281
15.0619
-75.9292
2.04489
20.0481
-13.0242
19.2011
9.38563
4.03244
-41.4424
-15.0655
5.52956
16.7527
21.3604
37.1709
-1.74226
26.4298
17.0302
5.773
-13.9956
3.15297
-94.3745
10.234
13.7921
16.941
19.9574
-17.8444
-16.4907
-104.704
15.2369
9.97251
19.9675
32.9184
-58.1697
-54.1021
20.5207
15.0281
-95.3978
-8.46088
-69.015
12.6205
16.1186
-53.8056
-11.382
12.2501
14.448
33.7206
7.71031
-114.221
-53.1514
16.2364
-59.6626
32.9822
19.6619
19.8324
3.5024
10.1577
-15.0571
17.0669
-43.9093
54.2051
47.7788
8.98422
5.49378
-41.3284
-92.3341
5.89935
16.3761
5.34672
4.93833
-5.43881
18.0586
48.3733
-2.54289
9.65847
-18.8079
-7.9949
16.4941
10.2527
-20.4891
46.6752
-71.284
37.3463
50.4769
14.402
17.8802
16.768
-5.1094
21.7049
30.2888
-17.7618
6.71479
-25.5747
-54.2456
16.5598
31.7216
8.64357
26.0911
-88.4759
16.6735
49.8878
)
;

boundaryField
{
    frontAndBack
    {
        type            empty;
    }
    cylinder
    {
        type            zeroGradient;
    }
    domain_boundary
    {
        type            zeroGradient;
    }
}


// ************************************************************************* //
