/*--------------------------------*- C++ -*----------------------------------*\
| =========                 |                                                 |
| \\      /  F ield         | OpenFOAM: The Open Source CFD Toolbox           |
|  \\    /   O peration     | Version:  2.3.1                                 |
|   \\  /    A nd           | Web:      www.OpenFOAM.org                      |
|    \\/     M anipulation  |                                                 |
\*---------------------------------------------------------------------------*/
FoamFile
{
    version     2.0;
    format      ascii;
    class       volScalarField;
    location    "0.87";
    object      p;
}
// * * * * * * * * * * * * * * * * * * * * * * * * * * * * * * * * * * * * * //

dimensions      [0 2 -2 0 0 0 0];

internalField   nonuniform List<scalar> 
9648
(
0.0712284
-0.153302
-0.428613
-0.772356
-1.19395
-1.70334
-2.3117
-3.02777
-3.85864
-4.82252
-5.93069
-7.19619
-8.63176
-10.2483
-12.0554
-14.0632
-16.28
-18.7146
-21.3705
-24.2524
-27.3652
-30.7057
-34.2737
-38.0647
-42.0743
-46.2931
-50.7104
-55.3174
-60.0968
-65.0395
-70.125
-75.338
-80.6629
-86.075
-91.5628
-97.0983
-102.668
-108.252
-113.825
-119.367
-124.854
-130.278
-135.6
-140.812
-145.901
-150.834
-155.601
-160.182
-164.584
-168.774
-172.715
-176.411
-179.865
-183.046
-185.957
-188.582
-190.909
-192.943
-194.661
-196.077
-197.178
0.646382
0.415899
0.135852
-0.2038
-0.620029
-1.11301
-1.6951
-2.38112
-3.18328
-4.11031
-5.17347
-6.38476
-7.75544
-9.29613
-11.0168
-12.9267
-15.0336
-17.3447
-19.8649
-22.5985
-25.5484
-28.7142
-32.0947
-35.6857
-39.4821
-43.4761
-47.6582
-52.0182
-56.5429
-61.22
-66.033
-70.9662
-76.0037
-81.1259
-86.3162
-91.5544
-96.8235
-102.104
-107.374
-112.615
-117.806
-122.931
-127.963
-132.89
-137.691
-142.347
-146.841
-151.156
-155.277
-159.2
-162.915
-166.403
-169.652
-172.652
-175.388
-177.855
-180.036
-181.941
-183.547
-184.857
-185.856
0.471069
0.256056
0.00025963
-0.312448
-0.686353
-1.1422
-1.68677
-2.33157
-3.08702
-3.96628
-4.97995
-6.14011
-7.45763
-8.94263
-10.605
-12.4534
-14.4957
-16.7382
-19.1858
-21.8426
-24.7112
-27.7917
-31.0826
-34.58
-38.2783
-42.1699
-46.2461
-50.4964
-54.9087
-59.4701
-64.1652
-68.9783
-73.8935
-78.8931
-83.9594
-89.0738
-94.2188
-99.3753
-104.524
-109.644
-114.719
-119.727
-124.649
-129.468
-134.166
-138.725
-143.128
-147.359
-151.402
-155.245
-158.877
-162.287
-165.468
-168.397
-171.079
-173.492
-175.645
-177.506
-179.083
-180.375
-181.386
0.705661
0.489194
0.229913
-0.0805613
-0.451219
-0.89316
-1.41712
-2.03455
-2.75695
-3.59672
-4.56584
-5.67593
-6.93779
-8.36145
-9.95722
-11.7331
-13.6967
-15.8541
-18.2097
-20.7675
-23.53
-26.4969
-29.6673
-33.0364
-36.5988
-40.3469
-44.2719
-48.3644
-52.6123
-57.0026
-61.5213
-66.1524
-70.8804
-75.6896
-80.5618
-85.4793
-90.4256
-95.3816
-100.329
-105.25
-110.125
-114.936
-119.662
-124.287
-128.795
-133.166
-137.387
-141.441
-145.315
-148.997
-152.474
-155.736
-158.776
-161.577
-164.133
-166.433
-168.473
-170.239
-171.731
-172.942
-173.873
0.763183
0.579779
0.352771
0.0729945
-0.267399
-0.677698
-1.16761
-1.74772
-2.43017
-3.22595
-4.14786
-5.20608
-6.41171
-7.77374
-9.30335
-11.0073
-12.8931
-14.9667
-17.2309
-19.6906
-22.3483
-25.2029
-28.2545
-31.4969
-34.925
-38.5313
-42.3066
-46.2432
-50.3284
-54.5501
-58.8951
-63.3464
-67.8904
-72.5126
-77.1945
-81.9188
-86.6712
-91.4314
-96.1835
-100.911
-105.594
-110.214
-114.752
-119.194
-123.52
-127.715
-131.764
-135.652
-139.366
-142.894
-146.226
-149.352
-152.264
-154.951
-157.401
-159.604
-161.551
-163.238
-164.665
-165.824
-166.712
0.853224
0.685669
0.478538
0.221715
-0.0918189
-0.472473
-0.929459
-1.47321
-2.11658
-2.86924
-3.74526
-4.75292
-5.90418
-7.20516
-8.67023
-10.3035
-12.1121
-14.1026
-16.2748
-18.6354
-21.1878
-23.9281
-26.8605
-29.9743
-33.2657
-36.7273
-40.348
-44.1248
-48.0425
-52.0893
-56.2555
-60.5201
-64.872
-69.3003
-73.7839
-78.3057
-82.8554
-87.4101
-91.9566
-96.4811
-100.963
-105.383
-109.722
-113.968
-118.102
-122.109
-125.976
-129.685
-133.228
-136.592
-139.768
-142.746
-145.52
-148.081
-150.416
-152.511
-154.357
-155.954
-157.304
-158.398
-159.232
0.943412
0.792746
0.604684
0.36904
0.0805491
-0.272473
-0.69856
-1.20707
-1.81302
-2.5235
-3.35567
-4.31456
-5.41371
-6.65365
-8.05578
-9.61881
-11.3499
-13.2581
-15.3374
-17.5961
-20.0428
-22.6657
-25.4787
-28.4633
-31.615
-34.9296
-38.3896
-42.0032
-45.7492
-49.6149
-53.5999
-57.6734
-61.8238
-66.0525
-70.3344
-74.6447
-78.9853
-83.327
-87.6586
-91.9747
-96.2493
-100.466
-104.596
-108.639
-112.575
-116.387
-120.065
-123.588
-126.951
-130.142
-133.158
-135.979
-138.607
-141.04
-143.258
-145.242
-146.98
-148.476
-149.744
-150.775
-151.553
1.02788
0.895121
0.728307
0.512798
0.24985
-0.0770622
-0.474739
-0.946095
-1.51772
-2.18414
-2.9769
-3.88688
-4.94271
-6.11401
-7.45635
-8.95133
-10.6007
-12.4335
-14.4188
-16.5652
-18.9154
-21.4083
-24.1101
-26.9669
-29.9697
-33.145
-36.4269
-39.8764
-43.4537
-47.1226
-50.9381
-54.8187
-58.7433
-62.7723
-66.8669
-70.9368
-75.0681
-79.1944
-83.2916
-87.4056
-91.4633
-95.4852
-99.3844
-103.214
-106.964
-110.564
-114.062
-117.378
-120.565
-123.563
-126.426
-129.069
-131.533
-133.843
-135.956
-137.812
-139.445
-140.816
-142.002
-142.985
-143.697
1.11317
0.988882
0.858524
0.647882
0.421248
0.109395
-0.266175
-0.673313
-1.24252
-1.83027
-2.62041
-3.44984
-4.51755
-5.55279
-6.87836
-8.32284
-9.84779
-11.6506
-13.5195
-15.521
-17.8574
-20.1354
-22.7903
-25.4932
-28.3255
-31.4382
-34.4594
-37.779
-41.225
-44.6198
-48.3354
-51.9943
-55.6545
-59.5349
-63.4892
-67.146
-71.1744
-75.0826
-78.8902
-82.8611
-86.6274
-90.5277
-94.1154
-97.8027
-101.419
-104.695
-108.117
-111.12
-114.195
-116.889
-119.664
-122.028
-124.353
-126.618
-128.608
-130.274
-131.897
-133.045
-134.224
-135.16
-135.738
-197.94
-198.38
-198.501
-198.293
-197.778
-196.944
-195.796
-194.333
-192.545
-190.46
-188.054
-185.343
-182.361
-179.113
-175.59
-171.806
-167.768
-163.504
-159.005
-154.285
-149.377
-144.268
-138.982
-133.532
-127.944
-122.226
-116.362
-110.389
-104.312
-98.1661
-91.9502
-85.6852
-79.3926
-73.0726
-66.7535
-60.4374
-54.1475
-47.8959
-41.6908
-35.549
-29.4821
-23.5134
-17.6402
-11.8829
-6.25553
-0.760396
4.5867
9.77756
14.7971
19.6385
24.2971
28.7619
33.0219
37.0759
40.9132
44.529
47.918
51.0749
53.9994
56.6869
59.1373
-186.543
-186.9
-186.985
-186.766
-186.247
-185.437
-184.326
-182.919
-181.205
-179.194
-176.885
-174.289
-171.443
-168.351
-165.002
-161.398
-157.554
-153.484
-149.192
-144.692
-140.002
-135.126
-130.08
-124.873
-119.521
-114.035
-108.447
-102.757
-96.9746
-91.1162
-85.1945
-79.225
-73.2227
-67.1996
-61.1719
-55.149
-49.1469
-43.1796
-37.2583
-31.3958
-25.6054
-19.9028
-14.2954
-8.79663
-3.41883
1.83106
6.94178
11.9028
16.7024
21.3332
25.7887
30.0598
34.1372
38.0177
41.6921
45.1558
48.4019
51.4282
54.2315
56.8089
59.1593
-182.1
-182.54
-182.64
-182.432
-181.936
-181.164
-180.069
-178.679
-176.966
-174.959
-172.685
-170.145
-167.326
-164.238
-160.901
-157.327
-153.523
-149.502
-145.272
-140.845
-136.234
-131.448
-126.498
-121.396
-116.152
-110.778
-105.292
-99.7083
-94.0377
-88.2943
-82.4917
-76.6448
-70.7673
-64.8729
-58.9747
-53.0843
-47.2148
-41.3791
-35.5901
-29.8604
-24.2028
-18.6307
-13.1539
-7.78424
-2.53218
2.59379
7.58297
12.4251
17.1099
21.6302
25.9776
30.145
34.1245
37.9115
41.4981
44.8791
48.0491
51.0045
53.7425
56.26
58.5571
-174.517
-174.886
-174.956
-174.733
-174.211
-173.374
-172.255
-170.909
-169.306
-167.434
-165.279
-162.86
-160.176
-157.236
-154.051
-150.629
-146.981
-143.117
-139.049
-134.789
-130.35
-125.741
-120.974
-116.058
-111.005
-105.827
-100.539
-95.1549
-89.6865
-84.1465
-78.5479
-72.9057
-67.2337
-61.5459
-55.8531
-50.1674
-44.5007
-38.865
-33.2737
-27.739
-22.2735
-16.8897
-11.5981
-6.40952
-1.33372
3.62151
8.44488
13.1271
17.6571
22.0297
26.2353
30.267
34.1191
37.7854
41.2606
44.5366
47.6108
50.477
53.1338
55.5775
57.8091
-167.324
-167.664
-167.724
-167.508
-167.01
-166.232
-165.205
-163.845
-162.239
-160.387
-158.278
-155.918
-153.31
-150.462
-147.381
-144.074
-140.547
-136.812
-132.88
-128.765
-124.479
-120.032
-115.432
-110.688
-105.812
-100.816
-95.7142
-90.5205
-85.2461
-79.9031
-74.502
-69.06
-63.5896
-58.1065
-52.6183
-47.1371
-41.6731
-36.2379
-30.8457
-25.5078
-20.236
-15.0438
-9.94051
-4.93695
-0.0423791
4.7385
9.39032
13.9081
18.2775
22.4966
26.5549
30.4451
34.1633
37.7022
41.0596
44.225
47.1982
49.9686
52.5391
54.9033
57.0644
-159.802
-160.107
-160.143
-159.912
-159.412
-158.65
-157.622
-156.332
-154.783
-152.987
-150.948
-148.665
-146.144
-143.396
-140.427
-137.239
-133.839
-130.236
-126.444
-122.48
-118.353
-114.074
-109.65
-105.084
-100.393
-95.5839
-90.6727
-85.677
-80.6037
-75.4646
-70.2659
-65.0305
-59.767
-54.4972
-49.2211
-43.952
-38.6981
-33.4699
-28.2839
-23.1492
-18.0776
-13.0838
-8.17476
-3.36307
1.34299
5.9452
10.4208
14.7703
18.9724
23.0333
26.9387
30.6813
34.2613
37.6662
40.9032
43.9529
46.8218
49.4921
51.9745
54.2541
56.3422
-152.078
-152.345
-152.357
-152.109
-151.61
-150.863
-149.857
-148.595
-147.092
-145.358
-143.39
-141.187
-138.755
-136.111
-133.259
-130.195
-126.926
-123.454
-119.803
-115.993
-112.031
-107.928
-103.687
-99.305
-94.8017
-90.1827
-85.4675
-80.6756
-75.8097
-70.8791
-65.8855
-60.8593
-55.8071
-50.7588
-45.7013
-40.6531
-35.6177
-30.6023
-25.6281
-20.7045
-15.8389
-11.0482
-6.33896
-1.72542
2.78604
7.20586
11.5014
15.6808
19.7104
23.6074
27.3543
30.9447
34.3807
37.6464
40.7606
43.6915
46.4565
49.0228
51.4131
53.6031
55.6165
-144.176
-144.394
-144.383
-144.109
-143.615
-142.882
-141.905
-140.652
-139.181
-137.524
-135.635
-133.509
-131.164
-128.627
-125.906
-122.968
-119.831
-116.485
-112.984
-109.334
-105.536
-101.616
-97.5753
-93.3743
-89.0633
-84.6378
-80.1262
-75.5431
-70.8799
-66.1625
-61.3683
-56.557
-51.7132
-46.9003
-42.0655
-37.2583
-32.4618
-27.6505
-22.889
-18.1958
-13.5311
-8.94353
-4.44744
-0.0299229
4.27261
8.51528
12.6229
16.6382
20.481
24.2117
27.7911
31.2165
34.5135
37.6307
40.6314
43.4377
46.1055
48.5532
50.8519
52.9408
54.8834
-136.173
-136.314
-136.29
-135.986
-135.502
-134.752
-133.819
-132.504
-131.109
-129.637
-127.756
-125.708
-123.417
-120.971
-118.48
-115.599
-112.588
-109.434
-106.056
-102.583
-98.8688
-95.1135
-91.3705
-87.2557
-83.1491
-78.994
-74.6221
-70.2835
-65.7177
-61.3302
-56.6122
-52.1386
-47.3918
-42.9143
-38.2635
-33.7262
-29.2289
-24.5056
-19.9637
-15.5482
-11.0031
-6.66845
-2.42325
1.87776
5.82632
10.0325
13.816
17.7845
21.3033
24.9421
28.371
31.5352
34.81
37.6639
40.6874
43.2424
45.9197
48.1003
50.4335
52.3222
54.3021
61.3517
63.3288
65.0691
66.5734
67.8411
68.8762
69.6829
70.2661
70.6301
70.7815
70.7434
70.5589
70.2188
69.6813
68.9756
68.1067
67.0361
65.7759
64.3481
62.7683
61.0484
59.1988
57.2318
55.1583
52.9909
50.7424
48.4261
46.0562
43.6452
41.2087
38.7599
36.314
33.8863
31.4902
29.1428
26.8568
24.6474
22.5289
20.5241
18.648
16.9258
15.3622
13.9706
12.7706
11.7765
10.9979
10.4438
10.1159
10.0084
10.1031
10.3666
10.7455
11.1624
11.5164
11.6869
11.0037
9.50751
7.99483
6.75636
5.83098
5.0172
61.2831
63.1809
64.8527
66.299
67.5198
68.5173
69.295
69.8567
70.2068
70.3472
70.2938
70.1059
69.781
69.2672
68.5803
67.7252
66.6809
65.456
64.0685
62.5326
60.8599
59.061
57.1477
55.1326
53.0272
50.8438
48.5947
46.2929
43.9509
41.5828
39.2017
36.8218
34.4574
32.1222
29.8313
27.5988
25.4391
23.3636
21.3793
19.5129
17.7727
16.1945
14.7862
13.561
12.531
11.7062
11.0949
10.6994
10.5142
10.5232
10.6958
10.9831
11.3107
11.5806
11.6197
10.975
9.65869
8.31688
7.25987
6.46116
5.63986
60.6327
62.4887
64.1244
65.5415
66.7393
67.7207
68.4888
69.0478
69.3999
69.5418
69.4995
69.3359
69.0334
68.5419
67.8802
67.0556
66.0542
64.8821
63.5528
62.079
60.4718
58.7416
56.9002
54.9591
52.9291
50.8225
48.651
46.427
44.1629
41.8719
39.567
37.2618
34.9698
32.7047
30.4803
28.3103
26.208
24.1853
22.2547
20.4375
18.7521
17.2094
15.8237
14.6054
13.5654
12.7134
12.0561
11.5944
11.3227
11.2262
11.2754
11.425
11.6016
11.705
11.5626
10.9081
9.75555
8.53471
7.51363
6.67719
5.84544
59.8264
61.632
63.2244
64.6067
65.7768
66.7386
67.4932
68.0459
68.395
68.5356
68.5095
68.3755
68.0967
67.6339
67.0019
66.2099
65.2514
64.1331
62.8637
61.4549
59.9169
58.2591
56.4941
54.6323
52.6838
50.6616
48.5761
46.4399
44.2642
42.0625
39.8467
37.6302
35.4256
33.2464
31.1054
29.0159
26.9906
25.0418
23.1826
21.4291
19.7961
18.2953
16.9379
15.7321
14.6879
13.8131
13.1117
12.5827
12.219
12.0056
11.9142
11.9022
11.9026
11.824
11.5319
10.8763
9.87268
8.77146
7.7769
6.9123
6.09024
59.0172
60.7685
62.3137
63.6581
64.7963
65.7356
66.4726
67.0155
67.3578
67.4982
67.4899
67.3855
67.1288
66.6957
66.0944
65.3371
64.4205
63.3553
62.1447
60.8009
59.3329
57.7478
56.0608
54.2805
52.4152
50.48
48.483
46.4375
44.3526
42.2428
40.1183
37.993
35.8777
33.7862
31.7297
29.7222
27.7746
25.8997
24.1084
22.415
20.8316
19.3704
18.041
16.8505
15.8048
14.9095
14.1669
13.5738
13.1215
12.7943
12.5657
12.3962
12.2295
11.9924
11.5938
10.9489
10.0663
9.08184
8.13178
7.25926
6.43279
58.2261
59.9217
61.416
62.7223
63.8259
64.7422
65.4597
65.9928
66.3276
66.473
66.4815
66.4042
66.168
65.765
65.194
64.4737
63.5982
62.5861
61.4334
60.1546
58.7575
57.2445
55.6363
53.9388
52.157
50.3107
48.403
46.4499
44.4564
42.44
40.4075
38.3743
36.3483
34.345
32.3728
30.4471
28.5768
26.7745
25.0486
23.413
21.8771
20.4531
19.1486
17.9695
16.9197
16.0013
15.216
14.559
14.0206
13.5862
13.2308
12.9205
12.6097
12.2443
11.7644
11.1225
10.3214
9.43181
8.53638
7.67701
6.84964
57.4279
59.0665
60.5072
61.7751
62.8426
63.7373
64.4357
64.959
65.2873
65.4419
65.4664
65.4141
65.1985
64.8248
64.2843
63.6021
62.7681
61.8099
60.7136
59.5008
58.1766
56.7361
55.2081
53.5938
51.8955
50.1406
48.3236
46.4647
44.5632
42.642
40.7028
38.7629
36.8263
34.9113
33.0228
31.1788
29.3857
27.6554
25.9926
24.4127
22.9216
21.5328
20.2514
19.0816
18.0255
17.0834
16.2567
15.5383
14.9185
14.3859
13.9174
13.4854
13.0539
12.5846
12.0385
11.3882
10.6328
9.809
8.96448
8.12982
7.31259
56.6108
58.1976
59.5768
60.8116
61.8356
62.714
63.3898
63.9072
64.2276
64.3998
64.4339
64.4081
64.2099
63.868
63.3552
62.7139
61.9173
61.0219
59.9734
58.8298
57.5837
56.2097
54.7719
53.2409
51.6182
49.9622
48.2342
46.4752
44.6614
42.8409
40.993
39.1508
37.3009
35.4765
33.6668
31.9064
30.1889
28.5329
26.929
25.4045
23.9518
22.5978
21.3368
20.1782
19.1145
18.148
17.2858
16.512
15.8169
15.1993
14.6318
14.0984
13.5662
13.0132
12.4098
11.7436
11.0084
10.2261
9.41769
8.60812
7.80781
55.8141
57.4594
58.6771
59.9858
60.8559
61.7966
62.343
62.9494
63.1815
63.4707
63.4124
63.4921
63.232
63.011
62.4492
61.922
61.061
60.3316
59.2809
58.2144
57.0813
55.6681
54.3913
52.9755
51.3415
49.859
48.1501
46.559
44.7611
43.1011
41.282
39.5898
37.7794
36.0948
34.309
32.6709
30.9861
29.4417
27.8582
26.424
24.9682
23.6757
22.4137
21.277
20.2083
19.2011
18.3199
17.4944
16.7235
16.0505
15.3864
14.7819
14.1548
13.5428
12.8796
12.2027
11.4639
10.7168
9.92346
9.126
8.34583
4.21929
3.4956
2.81733
2.13185
1.44585
0.799899
0.206863
-0.324055
-0.77182
-1.12892
-1.39206
-1.56698
-1.65566
-1.65358
-1.59037
-1.48897
-1.36378
-1.2348
-1.11626
-1.01503
-0.934009
-0.866454
-0.806291
-0.765539
-0.716151
-0.674539
-0.62862
-0.576356
-0.512284
-0.43584
-0.344601
-0.238281
-0.117358
0.0182869
0.165421
0.324314
0.489552
0.657117
0.8235
0.983331
1.13167
1.26289
1.37688
1.46864
1.53486
1.57567
1.59013
1.57957
1.54486
1.48917
1.4165
1.33025
1.2334
1.13172
1.02669
0.921381
0.815127
0.705815
0.589365
0.45896
0.297183
4.80434
4.11817
3.49986
2.86085
2.20438
1.58943
1.02558
0.515645
0.0856555
-0.253301
-0.496891
-0.642479
-0.690818
-0.656661
-0.574699
-0.46505
-0.339541
-0.214608
-0.10246
-0.00946478
0.0639668
0.118283
0.172368
0.194378
0.236148
0.26229
0.294584
0.332638
0.380984
0.441572
0.515905
0.604902
0.708952
0.827548
0.95879
1.09948
1.24736
1.39864
1.54922
1.69513
1.83205
1.95533
2.06022
2.14401
2.20402
2.23911
2.24892
2.23376
2.19482
2.13454
2.05597
1.96251
1.85705
1.74554
1.62907
1.51208
1.39339
1.27427
1.14904
1.01062
0.846752
5.04573
4.36446
3.73377
3.04616
2.33816
1.70478
1.11973
0.573358
0.105727
-0.272172
-0.559744
-0.756227
-0.864575
-0.901216
-0.865876
-0.782373
-0.655092
-0.515304
-0.390635
-0.288118
-0.207738
-0.141808
-0.100291
-0.0454394
-0.0174033
0.0220489
0.0602091
0.105545
0.160717
0.227381
0.306996
0.400574
0.508296
0.629369
0.762115
0.904083
1.05209
1.20247
1.35116
1.49376
1.62591
1.7436
1.84317
1.92134
1.97554
2.00464
2.00831
1.98757
1.94412
1.88085
1.80112
1.70921
1.60911
1.50467
1.39904
1.29477
1.19071
1.08366
0.967703
0.832809
0.665561
5.31418
4.62162
3.96031
3.25436
2.54745
1.91476
1.31272
0.742047
0.270043
-0.101177
-0.387571
-0.578961
-0.671546
-0.680282
-0.611279
-0.481677
-0.337502
-0.22021
-0.105352
-0.00290138
0.0804386
0.145017
0.190702
0.233757
0.260516
0.288117
0.315345
0.347789
0.388299
0.439053
0.501849
0.578396
0.669229
0.773645
0.890098
1.01642
1.14963
1.28649
1.42306
1.55541
1.6793
1.79099
1.88684
1.96399
2.01998
2.05377
2.06492
2.05433
2.02331
1.97452
1.91028
1.83414
1.74875
1.65705
1.55971
1.45861
1.35573
1.25157
1.14134
1.01728
0.877777
5.65267
4.93075
4.23613
3.52061
2.81174
2.15321
1.52389
0.946666
0.473588
0.0881215
-0.224666
-0.432132
-0.534543
-0.560841
-0.517944
-0.424964
-0.313141
-0.182784
-0.0666111
0.032684
0.109918
0.170029
0.215773
0.255661
0.286579
0.315834
0.34539
0.379672
0.420716
0.469781
0.529391
0.601169
0.685838
0.782589
0.890435
1.00708
1.1302
1.25658
1.38281
1.50525
1.62
1.72379
1.81294
1.8851
1.93755
1.96952
1.97999
1.97002
1.94003
1.89262
1.82971
1.7548
1.67118
1.58162
1.48873
1.40112
1.31587
1.2282
1.13492
1.03297
0.911275
6.0559
5.30059
4.5726
3.8458
3.13066
2.45072
1.80512
1.21487
0.713462
0.29646
-0.0313204
-0.243899
-0.365475
-0.415351
-0.381757
-0.287282
-0.169214
-0.0476911
0.0628794
0.149466
0.213672
0.263261
0.301272
0.33425
0.359991
0.384096
0.407739
0.436437
0.470572
0.51142
0.561782
0.623868
0.698007
0.783652
0.87966
0.984389
1.09497
1.20905
1.32307
1.43428
1.53855
1.63361
1.71536
1.78254
1.83182
1.86338
1.87548
1.87016
1.84698
1.8091
1.7579
1.6972
1.63026
1.56108
1.49357
1.42056
1.34719
1.27263
1.19189
1.09977
0.988611
6.51555
5.74176
4.98838
4.24806
3.52426
2.83335
2.18021
1.58202
1.05603
0.611713
0.260453
0.0162622
-0.139138
-0.202367
-0.171599
-0.0896037
0.0168998
0.126413
0.224806
0.299211
0.343334
0.377577
0.401911
0.425266
0.441186
0.457857
0.472949
0.494425
0.520982
0.551447
0.592255
0.643573
0.707221
0.781321
0.865931
0.958085
1.05663
1.15813
1.26024
1.36031
1.45448
1.54097
1.61551
1.67795
1.72389
1.75503
1.76854
1.76767
1.75077
1.72204
1.6815
1.63357
1.58
1.52336
1.46603
1.40966
1.35324
1.29572
1.23186
1.15659
1.0619
7.01791
6.24231
5.4802
4.73741
4.00924
3.32026
2.66963
2.07907
1.547
1.09068
0.720948
0.449173
0.250132
0.158713
0.15407
0.199856
0.292064
0.369325
0.436775
0.490899
0.504983
0.514034
0.514938
0.528419
0.530143
0.539184
0.540634
0.55523
0.573904
0.590891
0.620412
0.662027
0.717373
0.780874
0.854417
0.936085
1.02281
1.11339
1.20489
1.29643
1.3812
1.46108
1.52845
1.58769
1.62948
1.6606
1.67411
1.67736
1.66448
1.64307
1.60929
1.5707
1.52856
1.48278
1.43714
1.39268
1.34999
1.30864
1.26141
1.20469
1.12728
7.5549
6.79839
6.03227
5.29367
4.56756
3.89925
3.26467
2.71878
2.19559
1.75715
1.40318
1.14851
0.874321
0.751187
0.714894
0.690473
0.743403
0.667652
0.670481
0.747166
0.693363
0.677139
0.629258
0.663131
0.62555
0.641077
0.602667
0.616307
0.640655
0.633674
0.639238
0.680305
0.734184
0.783144
0.84851
0.920709
0.995456
1.07919
1.162
1.25444
1.3239
1.40882
1.45867
1.52736
1.55367
1.59453
1.59289
1.61457
1.59169
1.58495
1.54549
1.50905
1.47914
1.44272
1.40928
1.37402
1.34167
1.31742
1.28268
1.25096
1.18424
4.9375
-4.29435
-5.62137
14.9021
5.8109
19.4966
18.0572
10.8431
11.601
29.0966
1.61514
23.8377
18.166
2.64779
21.79
-102.106
20.6027
12.1755
1.42171
17.5087
15.1381
3.00626
0.929522
20.1713
11.5062
17.0963
17.5721
9.50919
20.3531
6.9128
10.5044
16.7512
28.4332
1.54752
23.1246
0.819507
0.693027
57.3585
18.7041
17.609
7.65316
-2.83547
18.0815
-88.088
0.527439
31.7177
11.634
3.09395
16.2444
25.4718
-3.32093
-45.2462
17.1602
9.57905
13.9854
16.3064
7.02018
7.5837
0.87842
-30.8742
3.8816
15.5664
17.2002
-8.08894
-25.4219
14.9258
0.768174
8.76872
18.8912
18.1415
15.4504
59.5683
6.51424
13.4536
13.3744
6.24976
-12.3487
44.5276
17.2102
28.2136
-0.677204
16.6054
16.7864
-36.4915
18.0326
50.2461
12.0713
1.69541
15.39
1.66896
-13.7864
17.2005
5.20258
-31.3038
-36.8128
5.70239
44.2755
10.0304
25.4867
-101.296
14.5523
16.201
24.995
17.0905
18.1613
17.0593
15.1016
39.7403
19.8024
-77.7203
-108.913
15.9921
0.62255
1.41645
5.96033
2.03122
1.07676
19.5505
-7.58318
11.3599
12.9295
0.297245
11.352
-117.623
-26.0831
10.6363
15.3666
-47.0593
-34.8485
17.8871
21.2527
-7.92312
5.65048
11.0356
2.47304
10.8349
18.0672
-52.5824
-30.3337
11.7282
9.64065
-52.6516
14.8373
49.0457
1.50449
12.517
16.6969
1.51642
31.8253
-0.671954
16.3019
16.327
59.1378
-33.4194
-58.9221
8.92584
8.34055
-27.7986
16.6815
0.66925
16.7348
26.4143
17.4508
12.5766
14.9754
13.216
7.00002
9.63052
17.1837
0.263067
-1.52857
1.51153
5.85223
17.414
1.37909
1.41196
1.20816
8.92225
22.4757
2.05966
1.89462
-1.28678
-30.8976
9.78509
6.52504
0.861184
-10.4137
52.16
9.88928
11.93
25.4174
20.2694
-16.5085
-39.1209
16.6935
-31.6055
4.30335
0.360485
21.3323
0.722318
9.91354
15.0462
13.5252
-58.6869
-1.64127
20.8646
8.55291
16.1411
-45.4186
0.814393
41.2003
-5.70655
16.4346
-117.181
11.0849
-77.5378
-65.1606
1.73125
33.4138
1.7569
11.4318
40.152
12.0586
16.7887
1.07762
-7.63167
-9.18622
11.7851
17.0059
59.7622
1.32137
21.4183
-5.18502
-37.5944
13.6967
19.327
3.19856
-57.1617
-46.586
19.323
13.4092
8.76129
10.973
16.018
-123.386
16.6159
8.40463
-98.4878
23.9526
17.3247
8.90975
23.7476
1.38227
8.50038
11.4053
18.7049
25.2943
15.3573
6.57456
1.97221
15.7231
9.58863
-64.1689
18.5797
0.635253
12.8364
17.5808
1.18759
17.6054
0.97638
23.9868
1.28597
22.8597
11.4605
52.918
9.98611
14.351
10.8307
16.0354
20.7534
50.3235
9.66794
-71.8782
15.3546
14.9423
18.675
17.1191
-61.6374
8.02197
7.99439
-26.0219
40.5655
14.4793
17.0547
35.0792
17.4519
9.59002
4.87117
-0.56302
16.4077
11.0069
5.54208
48.6317
-3.71992
5.37505
-78.4275
21.8643
18.6853
19.436
-100.462
9.83576
11.9609
11.547
-12.4337
16.5152
14.2306
0.890316
1.29804
7.11504
1.93408
16.5615
3.52583
15.4306
15.0759
-26.2699
1.9034
15.6127
0.963608
-90.3955
6.38862
-27.1148
-43.9405
-101.001
2.15481
1.54904
16.9152
0.663666
0.959722
-123.984
35.1304
15.0947
14.8434
12.0648
11.5887
49.7751
11.3286
-9.26111
18.8228
-70.4813
15.0202
1.41357
-45.3202
-113.664
10.73
-61.7741
8.7332
2.8045
14.521
1.66377
2.48237
10.1885
0.535166
1.00477
-6.53601
0.90771
16.1667
6.84655
-113.682
-33.6885
3.81577
16.6459
-25.8217
-49.3779
12.7228
1.64611
15.7834
-5.39646
7.12114
1.56674
-73.73
0.980046
-79.5842
20.2977
-89.0594
11.3197
4.80957
21.0649
1.26906
-117.17
-27.5731
47.4293
50.1813
3.33202
0.740345
17.304
30.285
16.812
-0.124349
12.1227
-10.0696
17.3487
18.8575
21.9774
21.3752
-7.59089
-46.6164
12.1068
-82.9033
0.397201
-11.0413
1.99652
-61.8148
-1.73661
18.8126
-123.986
9.784
9.46137
23.3982
-52.7854
17.1379
18.2557
1.47974
17.7598
10.0306
14.4052
1.21409
35.9326
-26.0211
-51.4857
9.54566
-60.9712
9.16046
-54.2214
16.9001
15.743
0.968946
4.01822
-93.0099
-1.50981
1.56653
-10.7515
-61.8702
-59.4671
18.277
5.7971
-41.354
-49.9567
17.1295
2.69478
-31.4532
22.8906
13.0585
36.5355
-39.7788
-0.206877
-9.56913
0.503817
9.15618
-89.6548
2.39353
10.514
19.9106
47.0169
3.83349
44.1298
2.14549
17.4688
1.67377
1.53053
13.7962
12.421
0.317964
1.29533
16.8669
2.50355
1.5164
2.57315
1.49557
2.01819
1.423
8.11546
4.93965
15.8975
15.7419
-110.673
9.96869
-67.3707
-106.823
16.2757
0.666322
2.24446
19.1504
3.96363
1.3997
16.3814
17.0295
15.2651
5.25025
-37.4346
10.4325
26.5764
13.697
14.0045
15.6138
5.43927
0.72626
13.5568
19.2732
9.64763
1.48751
13.9209
13.6382
-12.6317
12.7899
-0.131276
-3.30416
-4.17476
17.2496
20.0417
9.48807
22.4187
3.38919
2.82395
48.7289
-21.5595
-4.97503
21.9557
8.27474
1.26228
1.49909
-80.1375
-26.7342
20.992
3.24617
10.4344
0.761491
-20.9983
18.7292
12.174
-27.241
-82.1173
12.772
-17.3098
-54.0469
4.68456
-105.216
9.39515
9.52356
9.17906
-31.6357
14.0332
-80.7166
-2.02768
13.1136
0.986691
17.3446
-0.227792
15.0044
12.8671
31.8208
2.86344
0.921926
14.9134
7.08778
0.729683
-46.3021
-30.016
8.16408
-33.5557
4.84021
28.7483
1.57813
9.48652
-95.5122
10.0014
8.61443
14.4593
1.4474
52.2035
1.6553
8.08871
8.61255
1.41461
1.15397
13.672
15.7219
16.0461
9.61626
10.3155
29.2872
-76.1395
8.30405
17.8818
-31.5567
0.693149
-86.8282
13.7072
0.727293
17.7321
-55.1776
4.34462
-20.9504
0.882917
0.848772
2.8227
-105.938
20.5932
17.401
6.64141
16.1515
-26.712
-22.3061
-6.32043
10.094
9.16324
5.07891
16.4052
-0.162896
0.694971
16.267
23.2487
1.47935
-58.0472
20.9749
1.64681
20.5676
-8.24904
17.2994
36.3842
6.75229
29.5957
18.5537
-30.0367
-20.9863
-4.46474
19.1178
10.6566
-32.3394
16.2044
12.5936
4.53855
5.6811
0.770158
-30.33
40.613
4.2529
2.04294
1.02688
-89.1806
9.64089
23.3779
15.7585
1.01623
5.54396
-22.6782
14.5403
12.4297
6.13633
1.35186
-6.92776
15.2951
2.13907
11.0367
-20.9536
1.39997
39.1591
0.89682
0.162044
8.39713
57.2929
17.043
16.789
1.31304
10.3053
6.95379
8.92966
10.0992
-115.665
2.49495
-34.795
30.603
17.498
8.57124
19.3868
-6.15757
-10.8083
1.36433
4.02154
1.47536
12.9626
-2.50154
18.626
-88.5065
16.835
6.71346
2.07174
-3.39896
2.86074
-6.77314
10.709
3.31449
0.89026
19.2842
-120.669
15.465
17.1577
10.8665
-4.12555
18.9559
3.9298
-21.2648
15.5892
-13.4896
-97.2445
17.5406
8.97757
14.643
-63.1599
-6.40797
15.8756
42.8971
12.661
9.16503
11.6493
-110.905
-125.971
16.5007
-1.29838
-11.8505
1.49449
17.8498
7.01517
-11.3535
13.8086
15.4134
0.107741
18.5866
19.6811
8.61375
14.9189
-2.95764
13.4077
-5.50107
23.1152
1.73048
-4.3736
42.6447
1.17437
6.77889
21.9632
4.09764
-44.7249
24.4472
-83.6942
20.9334
1.307
-19.5057
10.2212
-9.34037
0.745917
12.9652
13.1853
-93.4907
-39.9075
13.5683
-64.6341
-8.6186
53.7023
-15.7144
-19.8484
21.5944
0.727269
5.99045
11.9405
-55.1251
-22.4881
-4.63403
-4.09485
-6.55273
0.940024
22.6664
19.0608
13.4387
-121.555
-44.1342
27.5786
2.27536
-112.031
11.2352
14.4866
10.2944
1.16525
4.87306
1.23336
-14.4634
21.3989
-121.139
-17.1657
-85.7006
-98.2405
18.8912
25.381
-43.5787
26.1456
14.5912
12.3355
11.1004
10.4135
26.1137
17.9813
2.31457
-51.5089
-30.1172
24.5327
2.32015
3.60294
13.8716
1.44582
12.9835
-53.4177
1.33567
49.2779
5.42736
22.3372
11.6193
18.6473
15.8029
-76.7455
13.2038
44.7733
0.934438
0.832955
32.3565
61.2182
12.6178
13.3198
25.1103
-50.4883
-15.2568
17.3344
10.1171
-91.3616
27.5376
17.46
-62.9639
15.8179
3.59612
1.42093
6.17231
-16.2212
53.8366
0.659709
-8.48752
-0.163311
17.8672
0.430132
9.62397
14.948
17.3538
12.3032
0.931448
17.3338
0.571809
30.2365
0.21844
11.2888
10.2882
16.7348
8.52396
-49.5792
9.85679
18.1964
-29.074
-70.5613
34.173
1.5856
7.5945
16.8573
34.4469
-84.476
9.57214
-2.8881
11.0696
16.386
-88.1932
17.2939
9.81721
49.9843
29.9726
-19.4499
4.29483
15.9385
17.2355
-66.3103
-4.2975
10.2274
14.9366
1.284
17.5914
-127.698
7.31417
0.830895
10.6347
18.8155
0.192514
14.7806
23.0466
24.8306
4.52502
-0.426891
17.8317
20.7257
17.5539
20.3475
10.8758
18.1976
-70.3773
2.50119
18.1605
-25.5626
14.1719
7.3145
19.6734
11.7227
-62.1175
10.8588
5.14979
18.9355
-20.6467
16.8012
-24.6411
-104.069
1.67046
1.22892
-47.5997
16.2505
18.4722
-21.3445
-104.371
1.2025
-14.1539
15.9637
-82.5105
13.4604
16.6803
18.3114
-17.9062
7.09762
9.60764
-28.4377
17.3462
8.65602
-84.8561
10.4301
-119.225
47.2749
11.7447
18.2929
6.45769
16.8915
-9.09347
-6.23992
20.1507
-18.109
5.83319
12.9337
-38.0492
4.57704
17.5974
-49.1687
14.9339
1.88123
-67.3883
-13.5075
17.278
19.3633
14.816
62.2243
8.71813
-2.23758
-23.7662
15.707
-11.6798
15.4387
5.40102
15.6169
0.81002
9.95362
0.654286
-13.8834
58.9864
7.42936
59.3471
6.67121
12.8708
3.99543
20.1935
-9.35459
17.8912
11.2063
1.46041
59.8376
16.9244
9.2198
-8.43698
0.61348
-108.808
15.9651
-5.57904
10.6184
-21.6085
-61.6385
1.02213
-73.4011
9.62936
2.74569
-25.1633
18.4084
15.8214
14.0656
12.4017
21.4936
16.3
12.6888
17.6878
1.23268
-67.8446
17.6932
20.3022
17.7548
8.04406
-72.9836
1.27616
-24.0256
15.808
-43.2957
0.866152
25.0146
-67.2614
17.1054
0.76075
40.1493
1.45988
22.7568
4.0807
1.69181
16.0968
10.5577
-107.294
13.8143
-0.980341
-39.1298
1.44936
15.8374
11.0712
30.9816
2.86112
1.35768
-79.0007
15.9692
16.556
17.0697
-19.9867
-35.8685
14.0344
12.6899
15.2043
1.23727
1.63089
49.3286
0.496248
-65.594
2.17182
-58.9929
0.660027
0.706283
32.2865
51.0462
13.0816
60.1229
45.5571
18.4139
17.6805
6.34582
14.5813
18.6175
2.29871
1.94365
19.7468
1.7403
10.3558
19.2414
9.11018
18.5784
28.8316
1.56111
-5.48891
-120.653
17.9284
12.1681
-50.5648
7.77494
22.4428
14.1112
11.0345
2.17641
17.4339
-2.16005
1.85113
30.4475
12.8878
0.913322
16.8375
17.5102
15.7224
5.84219
15.6094
17.0578
-3.51359
18.583
20.6805
-76.1262
-28.2839
-18.4817
14.75
1.51603
-50.5915
17.1235
1.56744
1.10197
-125.966
0.688692
16.8374
8.72557
31.3832
-1.01291
1.25926
9.23115
46.4238
1.63631
16.249
1.11664
16.7061
53.9267
14.2782
-20.705
16.9
0.978264
-69.4707
15.763
42.4388
4.22045
13.1274
18.819
29.6041
11.0566
19.7882
1.9908
16.2899
10.7697
-123.122
4.33987
18.7012
20.0171
-65.0016
-82.0883
16.8815
18.2182
12.588
11.3274
-59.4322
24.6571
-58.7729
17.9017
11.3969
17.4151
-11.9982
5.86499
17.4941
0.673003
1.47067
-89.1455
-62.0209
8.31032
-2.59051
-74.6345
18.3465
18.4788
18.5302
7.55687
19.0029
2.21324
18.2888
9.63612
-1.51327
-25.0943
2.49421
12.8093
1.45346
36.3164
16.7984
19.6969
-103.987
15.6509
15.6306
20.1596
12.5507
-73.4459
-6.88431
1.7118
17.2879
17.1192
17.7689
-3.84152
20.3122
-17.6114
8.45163
8.25168
13.6052
9.53766
15.7122
10.932
10.7219
9.85155
-1.61901
-10.3887
2.825
-86.46
11.9606
16.8371
1.0157
-91.0568
41.2217
2.70972
23.7482
16.0253
13.0798
11.9294
16.79
60.8357
-8.2016
1.03775
-94.75
16.9716
27.961
-37.0764
3.65366
-51.358
1.31501
30.9878
1.49552
16.7686
-22.6846
-13.212
-38.0848
-8.48554
17.8794
1.48134
7.81879
22.5715
13.3284
19.6195
8.92745
56.7685
20.5497
16.7424
43.9627
10.8404
15.7551
18.5279
20.4948
-10.5645
1.27913
9.74312
11.7149
-16.5436
13.9853
9.49231
15.1928
-3.30796
-68.1284
-85.2463
11.3331
6.81923
-71.1891
8.17652
12.8095
16.6403
1.84023
1.6128
15.4368
-0.351177
-18.8876
3.96507
-79.1298
17.528
1.4658
13.859
15.1868
1.76567
-72.5753
-59.6336
1.55539
16.7192
22.5488
16.1354
53.5308
16.1452
21.1819
1.08029
1.4609
8.69
-17.3134
15.2292
18.6685
-3.84158
13.9933
16.4296
33.088
-65.1576
13.8233
-8.71915
6.92413
9.47412
1.46705
13.2608
58.8416
1.86499
12.2862
50.0214
6.3651
-90.2823
-34.2805
13.5239
-2.62025
6.32525
11.082
5.19779
2.19164
-79.8875
21.6837
-37.0628
14.8935
1.25016
-91.1887
-51.9421
16.1387
-10.7144
4.64623
2.38462
10.2788
10.7947
-124.502
12.4486
-33.9619
18.3411
0.720353
18.2065
17.1026
-19.9072
8.7153
-5.0199
17.0187
-52.9005
16.2575
18.5635
30.048
-16.991
8.41893
-89.0825
16.3255
-50.9656
-21.7118
-6.25186
16.7306
-6.99077
20.9197
10.9282
8.16411
7.98179
16.8377
18.6679
13.8429
10.9273
-11.5024
4.90041
12.4026
8.39748
20.134
12.687
7.90879
1.39827
-19.4588
18.5385
18.3611
8.87221
14.9872
16.6878
10.6546
45.5225
17.5981
19.619
4.0583
1.83877
1.00403
-10.0589
45.5763
38.5092
9.81928
-103.806
18.203
16.7317
15.504
-103.662
13.2238
5.42443
19.9529
-85.7274
2.47938
10.3688
-24.1877
-128.891
23.6231
44.7423
5.72192
10.8821
48.8388
9.84067
-0.281594
-11.9643
20.9427
11.0302
1.2787
-20.6498
16.1962
17.9862
8.93803
5.03868
18.5693
49.4707
16.8369
11.2829
-19.2039
14.2232
-87.9466
1.2911
19.0294
15.3011
2.65643
-18.6299
17.8851
12.1624
25.4703
-25.573
11.6217
48.0939
15.9168
-23.9933
-32.5457
-18.3293
16.7852
15.912
25.7171
37.4186
-34.7667
16.1016
-51.2545
-63.4383
17.2206
18.8765
-66.2678
-100.345
26.8104
19.5266
0.843774
38.9052
-66.1006
9.99323
31.3468
-2.59858
-2.62956
17.7329
-18.4584
11.3257
4.47384
1.00605
16.9395
14.007
18.2101
46.313
10.3464
3.7777
4.25072
17.9222
-1.25717
1.86896
-6.35642
18.2386
8.86676
-11.6463
19.8646
-10.1094
-74.4729
15.021
1.9271
18.4835
7.65848
1.39981
12.0387
12.8383
14.2174
42.2043
19.7607
31.749
17.9806
5.36528
-25.6479
17.3403
5.27059
9.16413
-16.679
37.8985
4.76542
23.6054
19.9767
2.78867
-78.7393
12.7773
14.2417
2.55314
19.6738
11.352
13.7152
-4.2246
1.94204
-12.7844
-53.1657
13.1223
4.87218
16.7257
18.8087
12.6748
17.5289
15.7361
14.5548
16.6404
7.13096
12.9504
14.3825
3.90377
-31.5666
15.4345
16.7084
-13.6536
-26.659
34.7429
17.1454
-12.7637
8.99576
17.8718
-51.442
-92.3163
7.95835
5.42123
-59.7113
5.13272
8.30784
12.136
53.5306
3.06548
2.56354
57.3659
-5.11655
13.071
27.5198
-22.9224
5.79758
16.1271
32.5133
7.66893
16.9031
46.4826
11.953
30.5801
9.32838
17.3438
20.394
15.0962
17.4469
10.2894
32.7881
-79.1323
-16.6417
-5.80768
-14.0369
11.0215
-54.079
3.80924
2.24445
15.9743
11.2344
10.171
8.77344
16.262
1.34465
7.17102
-11.5377
16.9005
5.24097
17.2832
-14.3067
-49.783
17.9142
17.583
16.074
-26.5522
17.6533
17.0436
10.4849
12.0153
31.3077
12.3457
15.0187
-1.23846
16.1908
-94.3753
-3.27593
5.33323
0.827763
-7.03127
12.3873
4.61987
11.5496
1.49649
15.988
2.84565
-106.53
17.1981
60.9099
-59.7319
-26.6404
18.3034
7.2148
37.9438
1.38811
2.4443
7.54195
-4.4945
-30.5295
15.0247
-9.21883
13.007
46.1306
1.77237
10.7708
0.695527
-65.1065
3.90232
19.7171
15.8028
-127.618
-52.8991
14.0193
53.5477
7.91007
3.23604
-99.0957
50.7766
6.94671
16.6835
36.1807
19.6009
0.967758
-16.4095
-75.119
22.5223
16.9986
14.6979
-92.0146
10.3103
22.4746
-105.135
26.9658
56.2702
1.06564
16.3988
-2.45334
6.98981
32.8727
-30.6794
17.5409
7.20298
16.6242
37.1002
19.3496
24.2942
16.8959
-4.39631
26.0402
-64.8388
-20.0785
-79.5553
20.0771
4.93021
29.2325
8.2264
9.25145
11.7985
17.7706
1.33169
8.5739
-33.1117
9.87873
0.79186
4.55063
14.0828
10.8574
12.4868
3.22718
-29.6775
-7.16911
14.804
16.326
-114.63
19.6663
15.5568
18.6051
19.7596
-19.9987
-3.76786
7.8407
15.4865
44.6089
16.2606
18.9863
17.7247
14.8568
-7.82049
11.0056
16.7554
9.77321
-87.7213
-83.7047
-52.6662
16.9119
-50.0805
16.3204
-5.53058
24.0736
23.2745
2.43034
18.4434
12.0563
0.94273
21.1736
1.32446
8.57945
-104.083
-108.763
15.8677
18.7192
6.6787
11.3715
16.0209
-6.64067
9.8685
-21.1315
-84.9627
56.8432
0.650264
16.5449
-41.5354
-22.6857
36.8551
19.6124
1.35036
15.885
1.11636
1.21166
16.547
-92.5382
15.9654
1.23716
19.5467
14.8068
-3.81854
8.56304
0.741496
8.01905
-21.338
0.649355
32.8637
-21.8696
7.18675
16.6715
6.17533
16.848
-21.3607
-0.237832
9.19326
10.3428
18.7993
9.66565
-46.9573
9.30076
48.2878
4.39667
18.3653
-6.09828
-21.8148
14.371
17.4447
8.6337
-77.953
-27.1493
12.5615
5.76684
1.30421
0.887549
-57.1284
1.40957
-2.9379
9.81268
19.2462
24.3536
6.38777
-25.6665
17.376
15.9518
5.30541
-43.0878
14.3177
1.33651
11.0659
8.36724
-8.75613
14.9991
-16.054
-24.7895
17.0649
-44.5813
11.1402
9.40865
7.27091
16.5884
6.70295
0.770874
-15.4391
-111.947
4.54224
18.4797
18.4623
-10.6853
-36.0724
3.43364
9.19914
12.2552
12.7613
34.7193
13.5628
-18.8151
9.7674
18.4453
13.8773
21.4285
41.8601
15.2879
17.1905
2.11029
-0.480667
11.2586
6.63886
-10.2474
24.1646
25.6133
30.0828
4.43373
-44.6465
-75.1854
1.2511
-20.9845
17.5992
-69.2785
2.83602
16.75
16.7111
16.7699
4.11922
16.158
-97.0561
3.08128
-14.7888
2.61147
5.61297
-10.7832
6.38501
-7.19796
6.46218
16.7672
-83.3995
0.964103
8.44078
-29.1918
0.727337
1.51869
61.5365
-21.6928
53.9529
-13.4141
1.3507
27.4523
1.83195
10.9139
17.9677
13.5021
16.917
28.2756
-1.28451
-61.5553
44.5335
16.4882
18.0139
-11.8706
-40.8679
60.0909
9.77826
3.44125
14.9886
15.3484
9.55962
-23.796
-1.98811
2.57493
4.21444
18.0109
61.6711
6.36896
58.7378
16.5882
41.4854
2.23669
7.0191
11.5681
13.1214
8.32688
43.0736
-80.8344
10.3699
-83.3835
1.54619
16.9282
1.5616
-22.0806
14.6021
-86.7604
2.89147
18.25
1.89214
12.6878
4.15699
17.6217
11.6074
8.81723
2.72718
18.5295
2.03897
-60.5305
2.01353
15.1475
7.09316
19.1553
8.98722
-67.5439
8.12612
-52.3293
-14.3243
39.8543
18.4228
12.3293
6.27252
17.5874
17.4057
19.0702
10.6161
12.3958
12.7883
-5.90065
19.4572
18.6762
-9.97962
27.5657
1.45612
10.3627
1.2422
15.5862
16.9247
14.0072
8.50242
3.62136
-1.28227
1.22605
12.0868
28.9652
-22.9525
16.4733
11.999
13.3095
-91.1544
16.7822
14.223
28.0201
-23.6198
18.0211
3.49539
0.283344
14.1232
43.9789
10.1002
-50.0243
-37.645
19.5849
19.2963
0.756252
-4.57366
-3.76022
-93.2988
22.3515
0.878185
55.7575
-16.3715
56.2381
-107.518
18.4419
34.5543
40.5233
-20.9505
-13.2859
-6.25714
8.44545
18.9714
2.338
19.3984
8.40724
-73.1761
-3.36688
18.5988
-17.6404
5.2873
7.02106
12.9458
9.91868
1.32733
9.17864
1.36272
1.5357
-14.5983
12.6842
0.982781
9.79771
-23.3493
7.9874
4.77215
0.358885
1.44604
-0.0410744
6.12013
33.6706
16.3262
1.51899
5.78161
17.2243
20.04
12.4346
1.51262
14.7247
16.1831
9.44293
1.33432
19.4589
1.37158
27.9623
-48.1585
6.37399
17.377
18.6799
-78.469
17.5965
7.68399
16.9975
-21.8893
-3.91049
18.62
38.4729
0.68081
6.46372
1.24152
0.933081
16.8436
7.27105
3.24821
31.4927
1.83815
5.50503
40.5943
-62.3494
1.87659
2.51764
20.7084
15.401
8.17995
2.3438
0.968904
7.00754
-52.5388
13.5054
7.18674
5.47421
-22.625
-27.2316
-67.246
11.1589
3.91353
-32.3352
32.1574
31.3897
1.86645
16.8853
29.8372
18.1433
11.92
8.91043
-20.6908
40.0024
-86.9477
-107.208
-35.816
0.529974
18.5445
6.17432
2.75187
1.3202
0.593535
19.7657
-4.81972
14.6208
1.95286
21.1063
-94.6295
26.2888
-15.2946
-21.3689
-28.4611
13.0325
-5.55123
54.281
28.3637
9.61158
3.31619
-14.8572
1.54362
-103.464
10.6558
9.86088
18.7641
0.578821
7.11129
13.2588
5.2967
18.4204
16.9739
1.11879
10.0681
18.4921
-46.6511
18.7758
17.7075
19.3319
-36.0372
18.8689
5.735
15.9316
10.6529
1.61815
17.6648
1.50598
13.6141
15.5543
15.4376
1.50339
-22.3947
24.0716
28.3362
1.45996
14.0807
4.83565
49.4286
10.8663
17.9068
5.01373
13.5679
-110.417
12.3192
18.0915
-12.2
1.66059
-33.5518
15.0114
-51.4833
6.95353
-4.49391
9.67326
7.45094
-3.94919
57.2621
19.1716
13.1619
-64.5124
1.63061
-85.6396
18.9405
3.93295
-27.983
5.66248
19.3679
2.83226
-23.9044
9.5198
21.4169
9.3597
8.64435
17.6712
11.419
31.6633
14.6524
47.3466
-43.9163
42.2319
7.8916
18.0791
11.9063
6.82702
9.79535
1.58373
-14.7411
14.3786
-54.6997
10.7963
16.9529
-109.798
17.5022
52.3162
-42.8528
24.3769
15.993
0.873716
32.8987
8.92891
3.55899
16.2873
1.61164
62.1245
14.3052
-79.3807
1.13065
8.59807
51.1682
59.4429
3.86526
11.8386
11.038
-43.5003
14.7289
10.5603
15.6123
15.045
8.99496
19.7308
1.28865
48.3929
12.2971
-13.4489
14.0814
29.6104
5.98067
8.82844
1.92268
8.1532
16.703
4.68565
-39.5603
15.4071
3.93528
8.66554
26.3171
0.975451
15.7794
-78.3744
-85.2331
18.4877
1.53344
7.86881
9.3036
18.624
-3.03589
0.0344673
28.0593
37.5716
62.3905
26.8539
8.41692
2.51024
16.6406
24.6543
-75.9972
35.0011
-58.9894
-95.2397
43.8621
8.11383
11.7938
-9.56513
-106.568
10.1735
-39.3131
-19.6398
11.0602
10.5512
5.07521
-5.33312
16.6709
8.06267
8.03159
16.5096
-23.3643
9.43967
4.88906
13.1293
9.8958
19.9765
12.1483
7.32156
6.02993
10.802
-10.6703
1.06527
18.5107
-78.5836
22.7928
51.8709
16.653
0.75979
47.2672
17.9409
16.8634
11.5486
57.4618
6.15809
18.7694
19.0149
54.9077
-91.2917
8.10783
1.34699
-72.1958
1.0517
-0.788689
12.2185
22.2372
-0.315364
18.3309
0.798346
2.55977
4.2156
-45.4561
13.5069
-21.7833
5.0054
16.3126
6.81788
-36.2722
-19.4521
7.41637
6.46837
-49.7843
18.6329
15.3979
13.7336
5.8139
1.16583
31.6638
3.03071
12.8737
14.5906
47.0488
3.24903
10.2483
-99.1751
-21.312
-34.2885
-89.2812
17.4212
12.3231
13.9303
10.1761
17.0708
11.5231
-9.4078
28.6107
18.2503
5.0364
0.903859
-8.946
2.0682
4.97075
-6.11131
-34.0217
8.18698
18.3182
16.8595
58.006
26.0688
-61.2201
14.4396
-1.335
13.1339
-22.0417
4.88094
-17.5315
16.092
-1.01207
16.8946
0.445663
1.7053
1.61817
-69.5045
15.3454
-56.0024
-45.655
13.8143
11.9257
20.5015
28.0806
19.6418
31.6777
-38.1486
13.3978
14.0465
51.6905
9.30477
17.2954
1.51504
16.8465
4.66787
9.3406
-115.515
1.51245
24.448
1.53728
15.1883
13.1561
-3.30154
39.6414
-119.216
9.41861
60.7943
4.57584
0.207111
5.44834
1.60237
-39.0513
-59.4311
8.11605
-40.3117
16.232
2.40028
5.28456
12.7081
-122.611
-39.2997
11.1508
20.1506
-16.637
3.13787
0.926455
1.07539
37.855
22.6239
-0.781412
-45.6149
9.43678
1.47963
4.83515
1.96788
18.5386
8.6074
10.018
15.8729
11.1033
1.2517
17.3214
1.51249
17.3429
-83.0107
14.0706
16.9791
21.3707
17.7918
15.7316
16.8917
-88.6438
0.986666
19.3148
18.4998
2.58584
11.0179
-74.9029
4.96612
-25.988
18.9895
16.9981
15.7598
-58.1156
30.3189
-46.9851
1.69681
22.6663
19.12
-107.434
33.6467
20.2232
9.53381
15.6945
18.8544
-7.95607
10.6544
-20.1088
-49.1721
24.4967
1.41883
-3.08147
18.5196
4.07897
3.10999
59.2737
4.65233
12.2163
5.27435
-5.24056
-12.4799
0.626275
17.7665
18
-8.94039
1.49164
-2.21068
1.50956
7.4828
15.6076
-96.8819
39.1052
13.9019
28.558
2.65037
15.2966
25.8509
16.665
18.5351
-11.8027
-2.22843
0.913996
9.15205
12.1452
-4.86228
5.62296
-43.435
9.50367
10.3527
1.59659
-44.5581
-92.991
0.0519311
-66.7218
17.8586
14.9726
4.70438
0.591276
13.5831
6.07962
-10.803
19.2454
7.87497
2.67203
-0.169383
34.0447
1.44627
-4.52192
3.5781
-46.42
16.5753
-34.3878
34.5401
6.07732
-0.606428
14.7334
12.3976
16.7591
18.4894
22.1379
27.9842
9.33157
10.0766
-51.1729
18.5587
8.30498
38.0189
14.559
-4.60892
-57.7052
16.3638
-91.4728
36.7724
17.117
16.5235
37.8706
21.6836
-57.0319
19.7823
14.5472
19.2853
1.91775
3.03914
8.95434
42.4834
19.8082
14.956
9.17184
17.5207
18.7147
4.7088
6.60764
1.51363
7.31155
10.4832
15.8822
12.4701
1.36795
1.44365
6.62715
-2.31082
-4.07291
9.14783
-2.0926
18.5474
46.552
1.02473
-11.5519
-3.09196
9.45027
15.4021
16.7972
-105.828
41.6572
17.3558
20.4486
8.1586
52.974
1.30056
3.19227
-124.928
-17.2471
11.9627
17.2411
7.6977
13.2805
4.94058
7.794
5.90024
6.47927
16.0724
14.2711
-70.8611
33.3014
1.39585
10.1903
17.1639
25.0492
23.0617
-2.63544
-2.05019
25.2674
-88.4985
-40.4328
2.34844
20.5332
4.46696
0.218455
9.454
5.87577
0.702277
18.7486
9.58645
-8.8145
10.3493
15.873
1.33544
16.6278
16.4095
59.0191
-13.9869
1.53302
18.5692
-1.33547
-1.38026
15.8356
-0.814022
59.6174
1.36508
7.82438
-56.0456
-105.35
19.496
7.53724
18.3131
-103.44
-3.43663
17.0131
4.80047
-17.2297
9.83235
17.3095
7.36264
22.9995
11.2432
38.7973
3.88795
-3.04064
1.95921
19.5163
33.6936
17.7235
-74.7291
17.5216
-118.712
1.68261
11.9594
-36.0931
-126.101
17.8301
0.774235
-100.105
12.7156
-3.73572
23.2085
0.955075
-37.242
11.4212
-69.4516
15.2112
7.37087
-19.3775
9.42219
18.6101
-4.35022
9.86042
17.4236
-80.5974
13.5986
4.17778
1.17625
-116.958
-79.939
14.4261
-10.1051
-7.21154
16.7661
-26.7293
16.3168
0.628951
8.1431
-26.6717
-12.3412
3.1176
-116.808
-15.3137
-39.914
-6.35803
18.1045
1.43344
41.6149
-103.375
-59.0673
29.3592
-1.24701
25.0838
3.39936
45.8834
1.06279
9.25742
1.15776
1.33056
0.826765
6.2977
3.13513
9.18269
35.3115
11.2782
0.701693
-19.9237
11.764
20.9229
22.6128
20.4448
9.29285
3.86304
-24.0901
-8.64685
1.27762
-58.1556
9.38965
40.5499
18.3222
1.13861
-42.3996
23.2667
-6.75968
0.784958
-77.6732
2.78645
17.7565
-35.3949
22.4463
10.5443
16.3497
-1.5032
19.7001
12.7389
16.0269
-17.662
1.24716
13.5914
4.28614
1.22879
-17.2925
5.30348
19.5152
-117.332
8.04014
11.1206
1.59152
-63.5606
1.14684
36.9344
16.3447
-24.954
-90.5211
-9.59689
-64.2637
13.7196
3.89911
31.078
57.9854
9.49913
-27.0751
3.60969
-26.971
-1.1729
4.61111
15.1279
-5.10982
9.83219
14.5992
8.96739
20.61
42.26
-1.21213
15.6369
-1.45396
1.08075
-17.6473
-121.97
4.33304
2.23881
-94.2748
3.82739
17.6175
1.27218
16.9386
9.00369
18.5368
10.8838
0.782493
7.32208
14.8376
18.2729
2.04692
10.2934
17.5077
14.771
18.8991
43.7429
17.6127
-29.8283
4.88994
1.40516
17.3369
-14.1603
12.1783
61.5274
-82.9536
55.2354
44.5347
16.4015
-48.0144
42.9779
13.5269
-6.47242
1.28465
22.7936
19.8685
5.88115
47.7772
8.79528
45.6959
22.6608
16.8718
14.9749
12.9391
34.8794
17.1551
2.54753
18.6864
60.9233
-73.129
3.2671
8.98106
-7.85883
-45.9286
-56.8982
13.3341
-81.1976
18.4653
61.2651
9.73799
7.0699
16.8775
34.7225
1.6951
-58.8775
10.9423
-113.413
2.6938
-1.36329
-97.8084
0.761661
8.83417
21.1083
17.287
14.1631
-29.0517
14.2951
-16.7304
6.54405
10.1048
5.07676
31.9518
16.5033
-38.0659
-71.3895
1.77489
18.6649
15.4298
-34.1848
56.8374
-38.7569
-3.46977
18.2914
-129.889
8.34924
6.22901
-10.3895
2.95386
16.2352
57.6834
-75.8781
-5.96392
16.925
27.0243
8.83516
17.2366
0.891947
-14.8223
57.4774
10.6861
15.6149
1.7241
11.0454
-129.643
18.576
5.06899
-109.759
-14.0098
10.7027
1.47006
0.724396
-3.54137
-66.8248
15.6992
33.3451
46.5939
25.4508
-40.1508
6.29296
6.45098
-14.3869
1.66862
19.8175
17.9733
-5.28446
9.73667
19.4556
48.2445
58.2157
18.7723
-17.5241
-1.56519
10.1739
54.6731
15.7103
22.3611
1.56864
6.52608
15.0734
19.5963
18.1017
-90.5752
57.4574
38.9845
4.67426
46.6651
36.109
14.9744
-36.1892
17.7439
17.5172
-3.08788
52.1123
-26.9546
2.03735
-17.3939
57.1346
15.8034
16.5278
11.3447
19.9735
-16.371
15.4327
-47.9295
53.7909
-55.3552
11.1171
0.684277
-46.56
7.13519
17.4229
17.9222
-45.9089
17.3256
1.14632
2.08831
18.6941
18.5252
1.22347
20.9546
-7.40551
6.70666
2.92937
18.8119
56.932
-1.21379
9.23205
16.3944
-16.1372
-21.2623
4.19671
-9.32159
11.4243
1.23382
-27.5603
16.5922
13.0884
38.7678
0.978625
13.8659
-43.9572
36.2333
2.77596
9.70254
25.5161
16.3481
8.93093
20.2803
-4.9525
7.30629
9.96816
-40.1054
21.0409
0.811698
1.33837
17.0579
8.52857
9.90054
18.9921
1.51317
1.28228
41.9899
-119.369
34.8789
51.5755
-49.375
1.44801
1.12398
3.37307
20.5708
1.60277
-7.33276
28.3232
18.9801
-118.016
24.7097
15.5288
5.87388
-1.00713
54.9087
57.7334
15.8614
1.73622
22.9693
5.03519
15.5002
3.02813
17.5338
3.83663
59.9022
-8.02188
1.54112
1.86246
-17.269
11.0076
22.6886
-42.6959
21.7499
20.4245
18.1972
-64.9841
-25.1772
60.4523
16.779
12.8247
-127.724
-60.6904
59.8955
10.0367
-15.1681
-68.2074
-35.447
19.4147
43.8334
-40.2873
-76.4807
-113.149
40.8671
1.53288
10.4258
11.1387
16.1552
0.800219
17.4123
35.8773
-40.6061
19.5986
-16.3122
0.55669
62.1377
17.8054
17.6558
15.848
1.55316
-10.0687
1.53521
15.0973
18.2462
11.4322
0.928295
-114.981
1.5615
52.6369
8.87111
-56.8147
1.4138
-20.3821
-95.5657
9.33937
11.2627
59.981
0.84603
-85.4746
-38.5478
60.0131
-125.891
7.53444
0.790307
18.5485
-8.43076
-66.1865
52.8384
-76.7695
1.45626
19.3704
7.12564
6.26287
-49.439
14.6416
-16.495
61.9672
-78.4767
1.64071
7.55283
1.37422
1.57275
4.03123
-102.401
6.23468
15.4525
44.88
21.3883
20.4764
21.9214
-83.8132
-1.19218
19.4849
8.80307
1.15174
2.17826
-3.26712
17.8655
-18.0194
1.19035
8.22762
6.67521
19.0133
3.62731
13.7695
-19.0109
1.51615
0.888689
17.4969
-105.145
0.994197
19.0081
11.043
1.17906
-6.37862
57.578
8.59452
-12.6883
-10.8448
-62.6085
11.7702
14.5864
9.70986
19.8845
0.273128
-8.23138
-31.3503
0.767103
14.0128
8.7822
18.7736
-0.611715
17.6293
30.4378
27.2076
8.0276
-12.4389
18.2238
-35.7782
17.2668
1.58021
0.731924
12.751
-60.8852
59.946
18.883
10.4878
6.09375
17.5793
-105.261
16.5616
10.3919
1.2295
14.7364
-16.2733
31.9962
16.8221
4.39116
-28.0832
0.193709
17.2409
1.49461
16.0697
15.4137
34.7535
6.53026
-77.0326
16.1442
7.25773
-11.522
0.677313
14.3139
17.4151
23.1647
2.07619
60.19
28.6443
25.3124
11.4607
16.6586
18.4587
2.20816
8.26084
16.7631
9.32145
30.8665
-2.5033
37.3216
1.56348
42.643
-11.4194
25.6947
17.0984
-41.6999
0.805682
2.8538
34.9379
0.13255
13.7466
6.58272
48.6264
1.50818
2.06716
11.2832
16.6538
43.9591
23.5506
0.00679592
55.0421
-47.5779
11.6366
18.6606
8.10487
14.3725
56.3235
-67.6364
48.7242
1.34103
17.1227
-89.9602
25.4752
-101.104
0.754198
4.95658
-40.8672
13.7064
10.8656
18.6184
37.609
8.27743
-13.9187
12.9882
-3.19633
-5.0644
-18.9406
-64.1563
-115.384
-44.9709
1.04578
2.08299
52.9068
16.8165
13.2986
17.5359
-31.4426
-93.0515
1.46495
37.3852
5.13799
18.5915
-23.5819
1.3667
19.0891
18.5582
-35.1999
19.3722
16.2875
3.00499
-31.5401
7.66876
40.4923
-108.302
4.56849
-99.7148
16.8503
-61.8207
16.7299
13.3225
5.73751
-73.9017
31.0633
-1.82398
-11.3194
-6.5487
30.6979
13.2583
16.3895
-59.5789
9.54579
-23.1871
19.4035
16.6206
-101.612
7.74199
16.6635
16.3269
9.55091
18.7624
13.2724
1.22798
0.86855
-0.0667565
3.54937
17.7559
9.69158
16.3612
-23.0324
14.3068
16.8638
1.21754
-17.4868
-45.9225
9.27255
13.2275
15.9233
0.789265
4.8801
-59.9808
1.26838
-27.7676
16.9837
19.2382
21.5194
5.42234
-54.5578
20.1228
9.6283
15.4575
17.9257
25.8406
-1.32823
21.7887
-66.7613
17.1717
0.836339
-13.7448
12.3036
10.1419
-4.38936
0.96095
13.6746
32.2591
13.3376
-82.3364
4.78859
8.54578
-47.135
4.05758
7.26024
3.35602
5.95426
1.37474
1.42022
1.2046
3.5219
12.1293
10.9108
8.18088
1.33487
3.00382
50.3115
19.7457
7.76392
1.30019
-11.6538
12.7185
1.39507
4.33827
47.2312
7.68322
-102.132
-15.3231
27.4538
18.881
-0.420325
35.1834
55.8894
19.4637
-49.1329
3.09694
16.2673
-47.1905
6.97206
17.5075
5.229
-62.7073
51.1756
42.3652
16.9916
16.7075
61.1964
59.0961
19.7701
16.798
5.97541
1.35736
-15.4221
5.57372
2.43313
-71.8022
13.238
9.83174
11.0407
-92.8816
8.99744
11.6958
18.6626
1.45681
19.1053
19.2858
11.6077
20.3623
50.8342
4.69313
6.88125
9.74772
36.625
0.784945
14.6499
-84.5169
31.6075
36.1323
9.35941
-6.78085
4.02828
17.286
-1.80482
9.04993
-104.265
18.7098
16.6894
-7.60607
-4.15162
-32.1452
1.01011
17.1142
13.631
43.5092
0.594258
18.5969
16.9064
19.0707
14.3245
0.826531
5.34364
9.47452
3.32149
41.0798
12.8683
-28.9866
-14.1763
12.9472
9.6554
2.13681
-4.74783
-33.0607
10.8302
49.1383
-63.9584
17.4504
14.0405
1.76677
10.1339
4.49606
15.9975
23.3015
1.17156
12.0418
1.0581
-7.33142
17.4709
14.2475
7.84691
13.5154
18.284
21.4702
-116.209
-6.89833
15.9521
-48.1373
-90.1845
19.662
23.0706
23.1964
-25.4347
7.24614
9.48533
15.5863
17.1206
40.7387
-50.442
-40.6655
12.6485
3.60969
7.57115
-41.8482
12.6698
17.8261
1.6009
32.5393
-3.80711
19.913
21.6246
9.25334
-20.2548
16.77
-2.44736
42.0242
17.967
2.40732
16.9053
12.1718
-113.939
17.0065
5.80432
8.75411
3.23571
35.9847
18.8218
-27.6034
9.46077
19.6334
37.5441
0.830802
3.0342
0.0154557
3.35131
16.5758
5.79137
-45.433
2.26447
19.027
8.89646
11.5692
1.56817
-19.1922
-9.96789
13.1953
14.8216
5.01686
-14.7455
-2.05515
17.4457
-91.7565
19.1859
0.854207
9.63614
7.08169
-112.236
22.5175
7.39053
15.326
18.3263
-57.3018
17.4987
2.41719
5.51319
17.3846
9.42915
-49.3985
-8.92622
18.391
9.83981
18.5513
-113.553
2.83387
5.16922
-96.9222
5.64769
-121.583
-120.935
8.3285
25.3855
18.3252
-76.1104
1.76691
58.7158
17.89
6.4021
1.65045
-0.525211
5.52022
-35.5799
35.9485
18.3786
47.4419
-48.4465
21.1224
14.269
-7.21846
17.6059
18.8783
-54.6025
-0.986041
2.85023
20.3345
12.7241
-56.654
14.6385
9.85393
34.2762
18.8095
6.48311
-52.5201
14.9459
-108.897
1.57498
12.2997
16.3073
8.08488
23.9711
18.0152
-47.1577
20.8769
7.26967
10.466
21.2222
-57.263
8.02807
0.694658
7.15781
24.3329
17.8543
18.4583
0.223429
-40.4548
9.86487
15.3892
-30.5305
19.4515
1.39921
1.28095
5.29473
18.9188
20.7184
-30.8097
-1.20931
9.39713
45.0908
-103.025
2.38191
33.8219
3.24345
13.6527
0.457181
18.5881
16.3602
20.2104
3.49865
-15.7259
35.9657
1.42657
-79.5423
9.79005
25.4795
19.5906
16.3564
9.95085
1.59076
-62.3938
20.7853
8.07903
-81.0983
3.09128
16.2109
3.78279
27.1838
19.7707
0.827765
21.5506
7.74436
0.649878
2.06444
17.2836
-0.0703914
16.9809
16.0892
0.390925
34.332
32.4389
1.12268
12.3981
1.11309
-9.94629
34.5008
9.90107
18.7645
6.21799
1.48749
14.5239
-106.834
16.7708
-29.7974
58.6679
16.978
1.47902
-14.3636
24.5755
1.34237
-41.3224
1.33078
-10.9395
-117.684
23.1556
56.7029
14.623
8.27452
22.1806
46.3975
0.781941
0.745511
-0.19791
-45.7757
-14.0919
17.9747
1.62932
1.91797
-34.9826
17.2829
3.31429
-46.206
-100.022
-59.7908
0.89562
-69.2809
17.3538
11.544
15.9593
1.52733
12.0238
2.77374
-2.85011
27.2281
-96.1586
0.518859
1.48294
16.3987
11.6043
1.40666
18.1461
16.5399
-41.7294
-114.582
6.11787
19.8801
14.0497
17.4184
17.8846
-23.0306
12.5505
17.1428
-6.58845
-71.8475
19.7604
9.8181
-7.04068
8.2799
0.97253
19.2166
16.7497
1.10427
-1.66621
9.37142
25.9057
51.6903
-85.4679
34.0157
27.363
29.7238
13.3159
-6.31525
12.3865
-107.82
17.3355
19.7605
23.2812
55.5327
-78.547
1.21841
-2.01995
-10.5168
-22.1532
10.2174
38.1422
21.1171
-3.92622
-4.35185
12.8389
-0.567954
9.81703
20.5518
1.02394
14.5889
0.865835
15.4778
15.6438
22.6635
-1.54974
20.8153
0.789478
17.7537
44.1032
-124.502
19.5536
47.3451
-4.21582
21.9049
25.6984
11.0431
1.96445
12.8074
7.9077
3.74167
4.5628
11.8162
17.2494
-81.5345
14.526
-70.4293
-43.7689
43.7216
-9.18159
18.1418
-81.5516
-24.2719
-8.4453
22.6342
10.3978
-12.9145
5.92924
-120.127
17.1173
16.3567
-80.8458
14.4131
10.271
1.64134
14.2363
3.47321
21.7369
-3.72125
15.8926
13.9019
-17.9235
16.2234
-76.6392
0.676071
12.3664
57.9406
-38.7629
26.514
17.0316
22.751
30.2948
41.4732
9.38916
2.44824
-6.11277
15.0958
36.9187
9.96259
1.29392
0.844084
1.47667
14.2487
11.9848
-112.604
14.64
1.1613
1.39414
0.966077
-14.0679
-129.268
18.7058
0.702375
13.0466
-109.197
17.642
-32.6091
2.72583
48.1502
14.9667
7.89888
43.6692
1.38245
17.6771
0.959222
12.5663
-18.65
-112.113
18.3893
14.9084
27.1656
16.7631
17.5023
-52.9919
-5.16635
-69.5899
-14.4265
-52.0801
1.54759
16.3869
16.9967
11.5412
0.959101
1.35714
-7.7671
3.75967
1.34036
16.0929
1.85559
17.231
10.9549
10.3236
1.23331
1.94703
30.0961
3.26846
-58.6861
-7.1739
-6.64802
2.3305
-108.469
16.4329
15.2069
-84.9981
16.4642
6.11222
-45.8234
20.3355
29.255
9.90819
-33.0928
-33.9874
-1.02581
9.8725
1.67862
6.69265
7.47107
1.23007
21.5616
20.5328
-100.278
-60.5502
25.0707
8.63084
56.5076
-29.3789
-116.632
1.45501
-74.2685
11.5777
0.813248
25.1387
-33.9753
-3.0857
23.2528
15.9694
-48.8395
17.9586
23.5759
1.6416
14.3857
7.61611
12.2809
-88.4214
7.59624
3.50714
16.002
8.20566
3.10366
-42.0009
61.6413
-2.49956
-114.467
18.9376
42.7392
17.0464
-7.33475
-27.6726
14.6299
22.3074
0.773361
18.3863
20.676
16.9876
18.9174
-74.3446
-11.2631
12.0023
-19.0216
-42.9787
12.4275
24.6448
25.5602
8.68407
0.010556
10.0339
10.0496
1.70126
16.7152
19.667
6.82891
-93.9144
16.616
8.16776
21.4742
9.03409
-65.506
50.0082
24.4997
10.6349
1.21774
18.008
-35.8568
37.6568
18.2696
-8.24726
13.0935
35.7673
52.9357
11.3471
23.4588
17.7465
15.7318
10.3996
10.3301
-15.485
17.2353
19.3277
18.5626
20.9661
3.0725
16.1029
17.2064
9.72197
-44.0875
15.1966
8.37388
-1.03246
26.6234
1.58521
-16.918
-79.383
54.2129
15.5606
1.39909
34.3628
31.2573
9.44185
17.6654
-23.6957
10.4036
-30.0133
5.52084
18.1225
62.3838
26.8002
8.96798
-34.6469
-80.332
16.832
38.2684
61.1472
16.5113
17.5578
14.7518
0.833709
12.8267
0.853702
-5.58173
7.24237
16.8008
6.99741
1.24683
7.03832
9.21699
-21.0785
-42.5814
40.0462
1.46012
0.790108
-21.8418
62.5562
-61.956
20.1597
11.1958
18.2767
-105.312
-35.4135
14.1909
9.81394
16.8191
60.3956
14.1259
22.3207
11.1469
-33.2578
6.58078
14.2968
18.7206
21.9351
13.1506
9.84687
59.671
11.9726
18.2005
1.57546
22.605
17.2878
54.8804
37.4592
18.9693
-24.9634
-30.9388
23.8392
14.0902
61.795
-15.1826
20.1201
19.7416
-45.4675
25.7619
-61.23
21.6047
-113.56
17.9252
4.08773
16.6363
30.7202
59.1655
1.47857
-26.618
0.950072
50.2457
29.858
18.2646
9.24958
18.9749
53.4395
62.9488
-82.8401
17.3522
-0.565852
25.764
20.9825
45.8112
-29.2772
18.821
-13.957
19.8921
7.68714
14.9377
-40.2725
16.0668
20.8212
57.0512
-63.5876
15.2767
21.5728
10.5676
13.7686
10.6023
58.7202
-58.1621
-88.2042
-127.776
19.177
-88.8736
3.87127
-8.01597
-11.5277
12.2607
11.1663
-12.4743
29.3709
24.8789
44.6638
9.54522
-42.7463
3.18533
61.2829
-63.9036
1.53804
-5.29483
43.0796
18.2895
6.91625
-2.21455
13.207
17.8358
10.2058
0.0845517
16.3442
26.1043
8.50959
-7.19672
-17.6722
4.51722
0.214255
13.9835
-45.9727
16.0425
13.8408
-83.3201
12.9009
6.02296
-86.0785
28.4354
-0.3032
5.84251
22.3998
0.4761
17.6066
-120.399
7.16244
19.1508
-42.2835
1.03343
1.18846
-2.6393
50.4725
-37.2885
22.3648
18.3478
17.2629
32.6921
3.30948
15.6785
-60.0452
-44.3087
39.5866
17.106
9.146
17.6056
10.839
-90.1288
22.2632
34.7904
9.94926
18.4272
16.6586
3.68494
8.29744
0.525078
-82.3413
-67.1067
0.809485
16.7443
-71.627
1.58598
0.689153
-7.03241
-13.4952
-86.4847
39.3294
62.2262
0.585027
20.6619
14.428
-29.0615
34.8679
0.616754
13.388
9.66245
11.3673
24.2806
16.6738
33.257
13.9175
-24.371
17.8706
14.3883
19.1762
18.5789
1.51475
0.575887
-72.2513
22.125
5.94883
9.50198
6.13471
-99.8132
19.4869
1.23056
-124.189
12.6504
18.6365
28.5685
16.4506
10.3351
1.7177
10.7686
33.7182
18.3558
-3.29477
6.29445
15.9069
11.831
21.4568
24.762
-24.4106
8.87774
17.8021
31.9446
33.1709
-79.5371
35.0693
3.39995
8.1747
50.6322
1.51916
10.8776
-122.155
-33.7834
26.5959
13.4216
-108.037
1.64147
28.5962
2.27705
16.4789
-127.18
9.57237
62.1289
18.2016
11.7477
4.65178
19.2905
-22.2269
26.8959
18.4321
-121.003
0.856532
1.63329
11.6249
-18.9338
30.0308
53.9101
49.9371
14.1755
-29.9583
15.6744
10.7598
16.4543
-46.6636
-36.9889
1.17779
1.4575
17.2228
-1.77632
8.69145
-97.4264
12.3552
-9.22697
0.459953
19.7501
-97.4404
52.1712
1.49488
16.7239
39.8486
40.3468
1.06139
18.4278
17.2077
-95.9862
-15.4623
14.4566
62.2929
-66.3171
-46.0624
16.4472
17.3273
42.9664
50.5341
7.50301
17.8694
0.954204
16.8123
-4.64439
5.39016
-60.562
0.223069
25.9797
16.4293
23.993
51.8619
-22.4056
42.7306
19.0734
45.7728
-78.361
1.42731
11.8373
-6.02822
-97.5744
52.0969
15.0101
41.2826
19.0036
-57.1438
1.49116
11.9609
21.7091
45.1904
-2.75353
40.6091
15.7571
-11.9487
6.99211
22.953
-50.9398
36.0193
1.13112
2.36508
-40.0584
25.4191
11.4901
1.49263
5.77527
21.4128
26.1008
9.31752
9.99318
17.2664
-98.437
16.9418
20.1065
-16.2943
-55.2017
43.2527
-58.0256
4.05475
18.515
10.0539
-66.5298
17.325
0.936772
10.5957
3.72614
14.4432
2.06855
-52.4545
1.44037
1.24961
17.1419
1.64537
-41.0427
12.2681
-49.4493
-111.67
15.9192
1.21228
4.15334
21.3942
35.1791
1.54282
20.2769
-81.2542
16.7286
-7.10495
-15.0658
1.67525
24.6331
-4.58976
13.5885
2.76007
13.1694
6.31084
-1.26373
0.724743
-9.75748
0.901786
-31.4279
0.60492
57.1857
28.0637
1.3194
13.9357
8.92078
4.97043
9.11974
-30.2247
47.3473
-2.26014
-130.064
23.441
1.36407
-46.74
1.54783
18.319
13.3121
7.88457
6.35929
16.4621
36.2932
36.243
16.7705
9.02697
-0.446916
-126.7
38.1438
-57.2441
3.83064
26.2937
18.3372
15.1721
-112.892
16.4439
0.883647
9.39667
17.5091
10.0481
16.3599
-44.144
-62.1795
6.67938
-79.5951
-4.62055
4.42029
4.80047
11.5279
4.65726
33.9467
1.10626
19.6541
-110.14
-102.618
13.228
-4.53103
24.9109
-0.218405
1.93542
-10.4433
19.2272
-36.0426
9.20689
-26.8299
15.0172
16.6984
-39.0235
28.2991
9.44044
10.2363
6.75674
29.6149
20.8368
49.7659
15.2081
37.2325
10.7004
31.6226
12.5668
7.79835
3.983
16.5589
12.9891
26.3876
14.6516
18.0961
11.2121
-5.86631
17.9883
-32.2972
16.1147
7.26811
24.8578
-21.316
54.2561
56.2086
-35.2593
-123.086
-24.8998
0.128307
-30.4295
5.62715
9.29163
-1.11568
15.0353
1.47405
3.93891
-38.5714
-125.986
20.9131
10.0063
1.60043
1.06641
-18.9777
16.8087
-60.4069
-84.995
3.84431
-96.4449
-10.5954
-45.5769
-28.5887
24.0637
10.9727
15.5247
4.29279
4.58701
-13.745
56.4776
0.745303
9.52375
5.81466
7.78063
27.8494
-128.654
6.99859
-17.1774
-68.5243
11.7572
7.08439
-47.412
26.6594
-60.8807
9.70534
9.4797
15.7927
-46.4642
17.9776
-5.44687
24.533
17.2119
-27.6054
18.4926
10.1908
-0.690143
10.1702
3.27809
2.17478
14.8272
-14.1553
8.77205
16.6397
32.3906
-42.3705
-127.22
28.1834
14.2457
-5.09861
-30.2091
8.6954
-62.3735
-30.5873
25.0555
-59.3535
11.4284
-2.17176
19.1308
6.64026
22.0198
55.4191
20.6767
12.1526
18.0942
-67.3532
-25.0186
17.4738
18.1914
17.4015
44.2593
-28.1714
50.8106
34.1168
14.8359
16.1233
-64.443
-105.076
9.37852
-100.625
14.6343
15.1117
-76.884
13.6834
51.2774
-59.8196
25.5276
12.1237
11.2637
13.0975
-110.871
18.0975
-44.0132
-90.1506
17.2834
18.9934
1.50916
-31.0122
-16.2587
8.75254
-1.44872
10.4467
21.3305
-99.2668
34.1592
-39.151
55.4722
57.0958
3.12662
45.7962
-3.0321
18.8384
6.32286
9.96968
1.22584
1.38064
13.4016
-9.40087
18.342
-105.048
-7.17762
12.074
-11.2932
11.4921
17.4797
7.4952
-82.2689
25.7337
3.26398
3.66976
6.35623
13.0766
60.0944
36.289
18.4486
-86.8563
10.0712
11.3201
13.4677
-99.015
-3.58125
-7.20393
6.91615
2.13406
7.29322
16.2007
10.9861
31.3642
3.68284
4.88474
4.57919
22.6614
9.44644
13.2487
16.9227
27.3487
9.11924
5.95287
-55.6181
17.2136
38.7893
1.34035
17.6839
1.45996
-4.40757
23.1639
43.817
21.2696
12.3665
11.413
18.5244
39.2407
51.4191
5.71054
36.7796
13.7652
3.91663
-19.8864
22.027
1.51201
50.311
-33.0942
0.985564
17.5375
16.4631
-7.78399
29.6809
-67.2939
-23.9022
11.2291
11.7383
14.9945
-4.00113
-108.134
6.59166
31.1538
-10.3761
10.3744
-13.3207
1.20937
-15.5606
11.6088
-122.59
16.9686
1.55634
7.47507
10.4936
8.90193
9.45493
26.3361
12.5935
2.19428
-110.315
2.23327
13.2758
20.7687
-99.2563
18.5846
6.99684
18.1537
6.91563
17.8426
52.3762
16.8165
17.7691
39.9043
9.5443
11.0882
9.27657
0.609433
52.217
60.3674
0.27114
-64.417
17.0137
1.54713
9.10579
2.17663
35.4343
0.167899
36.4082
26.986
-45.4129
2.23065
-10.8928
14.9236
13.4017
-4.90226
8.67427
17.0006
22.6524
-44.1704
-7.98866
-2.85377
9.34432
13.8541
15.2445
16.3896
17.4186
4.38584
-34.7698
16.3873
33.969
16.7825
38.1378
9.86939
4.42604
16.283
3.30684
37.3563
7.43947
15.3629
2.86718
2.52847
-129.18
12.347
3.24057
0.938197
8.32298
-12.5481
21.2261
1.54375
0.865283
54.23
1.50385
14.4035
-39.5725
-6.05819
38.5096
0.981622
27.8312
16.8518
18.7043
43.9834
1.9549
-97.0335
8.23722
49.1228
4.99015
-1.24265
10.5697
-30.6766
-100.734
2.34506
19.17
3.89733
35.5203
18.0941
61.489
-99.5072
-119.949
12.6525
16.3056
26.6997
10.1582
4.92129
9.5601
38.4935
29.25
2.23819
34.1598
16.9005
34.1543
-21.9384
61.1082
-101.215
-78.0314
7.92886
3.84847
59.89
4.51433
1.93073
17.1017
20.4757
-103.363
21.4982
20.8604
16.6316
17.0677
1.57575
23.1118
46.2759
-11.4215
53.8239
-10.3498
17.6887
-44.4107
19.9842
19.0106
19.9356
1.81978
12.906
0.644418
43.2723
15.0373
58.3689
9.98482
-7.79548
13.4487
27.5063
37.5241
-70.394
8.60346
49.5225
2.85441
-13.4895
9.96337
1.02878
3.16642
21.2818
32.6811
-113.039
13.839
43.9718
4.62898
17.0447
14.8433
12.5444
-21.1044
0.663626
48.7771
-38.9794
1.21553
-86.2504
18.0979
-68.4247
13.352
18.2272
15.8281
52.2848
5.02199
5.26205
28.7911
0.694672
1.30093
-53.9928
9.26706
18.6973
-0.553985
14.5217
17.6219
9.45649
18.2057
20.4056
12.9761
14.2476
16.5433
3.88224
54.3759
18.3969
-75.75
6.48142
12.0151
58.1692
25.2774
1.22177
10.2453
12.5484
20.5685
-121.13
1.60545
1.17347
9.72832
21.8535
48.5231
-22.9692
59.5184
-86.8824
-4.99209
16.2082
51.4197
10.7493
9.40461
9.85777
8.01116
21.6191
39.7301
16.3977
-31.8249
14.9099
14.69
-31.1382
-76.3732
-31.0053
-127.85
7.57609
17.4863
1.02499
9.32369
28.862
11.4564
-107.408
11.9069
25.5749
-1.18058
-3.32428
-13.6458
20.009
52.3153
19.0435
16.9375
1.15206
4.69822
18.8666
1.80361
-15.1314
-9.27827
56.6011
1.39901
1.68702
23.6162
-121.862
-40.5717
11.7217
55.5604
17.317
57.2303
7.8119
28.1932
7.1454
3.43422
7.99882
-86.885
-1.63355
18.4821
30.0677
-108.73
-66.7327
0.916066
6.10242
-17.2466
15.3309
18.5987
12.0439
26.3295
-114.312
-94.3512
3.05927
10.7843
21.0932
0.73791
19.2166
22.3432
16.2779
0.804098
4.68866
16.4181
38.5999
-52.2103
19.8849
41.7914
0.722094
17.5804
11.7781
1.21218
10.4077
11.1465
50.8292
38.7143
-121.609
16.8185
-9.19508
-15.0094
17.0897
22.3674
-53.4523
-61.408
27.9775
14.9805
-104.586
-2.33058
-67.6281
-56.1153
35.2578
-77.3574
17.4758
-83.6048
-39.7923
11.4403
1.24651
-115.036
-118.934
19.9322
19.9935
-6.40285
11.7556
21.0003
-114.869
10.7451
-40.4645
10.2855
27.0312
16.5247
-6.5204
1.28884
39.1695
9.16128
2.46294
-29.4398
1.34769
9.25284
-31.5899
6.95949
15.5407
45.2457
17.7316
0.648082
1.30836
51.7358
49.0564
2.0428
45.3384
26.4927
-83.8241
38.5916
-97.4211
-13.5965
12.5758
-90.69
54.8883
3.32277
2.41031
14.2076
47.2103
7.49343
18.0875
8.66178
-12.3889
9.5747
2.2193
26.521
16.6427
-54.8635
-14.3355
10.4438
10.9829
17.1763
30.7464
54.1319
18.7697
21.7407
-100.73
1.12974
51.3265
-52.4668
-71.5179
1.09065
9.75174
27.6876
27.0114
12.7139
-57.5151
11.7365
-114.5
-10.0956
-8.18218
-84.313
24.0571
1.50066
5.41242
25.7725
0.66614
14.0228
16.4994
7.79802
-20.4076
-32.751
-118.451
-28.8067
16.4823
14.6952
-2.72698
9.79964
-117.927
-3.0164
8.86705
4.07819
-63.433
16.3723
16.7272
-18.0363
8.92663
17.2037
18.1586
36.7051
23.1591
-1.00374
16.3935
-31.3703
1.22735
8.93699
6.93502
18.0089
-5.30075
4.65444
16.7982
18.9994
8.44212
-1.62081
18.4524
24.3588
38.9689
-0.552734
-8.58271
-106.375
-43.771
17.6159
15.7214
18.2163
2.20552
17.5995
13.0573
-4.4777
2.54091
28.5337
41.2697
-11.7841
0.649631
1.2011
28.8951
10.7945
-47.9535
1.39308
0.874498
15.1409
19.4765
18.785
18.3476
-1.94426
26.8163
-8.82963
19.0765
-26.3194
-90.3848
1.11891
16.3427
14.6463
12.7873
-59.7457
51.8081
56.9369
12.6872
23.1053
18.6214
1.07622
18.7758
19.1547
23.4577
15.198
39.7029
20.5809
-15.8438
-19.4139
13.2567
7.3367
-26.4193
1.47112
17.5606
25.079
10.773
1.67154
16.7605
-25.4087
1.81315
16.6198
21.9198
-14.2559
-70.9528
11.0432
5.93434
1.59612
-59.6191
20.4897
17.96
-32.8197
17.0938
0.672667
-5.23341
-78.024
12.4761
16.7292
-5.69147
1.00517
-46.3111
-33.5546
17.8171
10.5534
-25.7804
19.6265
2.97149
-45.9642
-39.1215
20.2409
25.4445
14.5601
-120.54
16.7936
16.4186
0.736849
15.7036
-40.4813
18.874
-41.271
18.8403
0.893287
-28.3134
6.65203
13.411
11.0442
23.371
50.2405
5.06444
1.34454
8.13026
55.2516
19.0113
18.6444
-73.949
12.0808
12.4023
45.2829
15.8329
18.6369
16.5546
19.0089
-115.289
23.1703
-63.3146
-67.4655
3.35984
1.09811
-98.9423
13.3191
4.53481
23.178
-79.0315
5.61848
5.34186
-17.0357
-10.5478
15.4351
-110.656
13.6612
-102.871
22.8091
-78.2557
1.90512
57.1766
46.1417
18.129
19.2997
5.49591
48.9288
43.3588
56.7649
-24.0454
42.2587
19.185
18.751
1.16146
13.6373
22.2322
-73.4788
9.94419
0.212856
-92.0724
-23.8078
8.50653
9.49433
-31.7676
54.7014
35.0453
1.70712
-44.823
8.30085
0.723264
2.33033
23.7669
-110.682
12.948
-35.7771
8.49969
-96.9038
57.6646
15.3974
13.6413
-70.0792
1.75209
13.9226
6.64682
0.941893
12.2203
53.2444
13.7228
38.978
42.1959
11.9706
-90.2849
-11.8469
10.7606
24.7885
30.1134
12.559
-33.0682
16.7037
18.807
-90.4493
-8.19763
10.2795
18.5314
32.967
61.339
2.60506
4.73181
-104.945
2.51622
35.324
7.2718
6.57611
-108.873
58.7104
7.00444
-71.6069
14.1039
-79.0579
18.1976
17.9123
16.1716
16.8632
1.47969
13.1507
2.66366
31.182
62.9612
5.46401
2.12827
10.1934
7.6534
-1.98194
9.2163
54.0717
12.5503
3.73615
1.33315
-74.395
6.48193
27.937
7.11914
17.9169
-42.0679
0.929795
11.1111
16.4868
13.9538
15.2105
-94.7661
3.1258
-94.9779
29.0929
-82.7211
-30.9105
26.1555
14.8091
-65.9366
40.2976
6.31935
1.67097
2.80749
17.9307
11.3696
14.6292
2.67018
14.9844
42.3225
17.6781
9.56958
15.9401
20.6224
-19.7965
18.071
19.9204
1.17104
12.1249
32.4258
30.3757
1.18623
-1.34865
-5.20759
-63.4994
-45.2172
17.0654
14.6723
-0.0792778
1.53761
-16.6712
-110.345
16.9894
16.7987
17.2181
18.5377
4.50535
20.1642
-27.9415
-90.9428
1.2394
8.9316
11.3326
10.2637
-20.8048
40.3773
6.95806
16.2178
-66.7252
15.6394
16.1494
0.737022
1.58468
3.88481
50.1627
13.3217
17.657
14.6769
18.2706
16.1883
-97.9933
7.58316
6.09416
-115.717
21.1683
11.9072
-55.9246
1.27048
23.5426
-97.6638
-58.4532
54.8803
-5.59895
16.9185
-74.1975
55.4562
-24.3009
51.4873
-75.0955
-2.9194
-82.9321
-95.6693
15.3541
23.0852
-8.04836
20.0806
13.0721
1.63541
56.1209
17.3314
-1.33554
1.80908
-67.5824
1.61317
20.6835
2.74637
27.0461
16.5605
12.9678
14.8132
-118.339
1.41247
17.346
15.8841
10.9039
16.3103
1.39686
6.84203
8.88533
10.8878
18.8665
8.88288
2.20693
15.3763
0.913448
-19.5157
16.5988
9.37921
44.3727
3.72694
7.67019
1.94587
26.5608
55.4806
15.0589
44.5325
12.3509
18.9168
-12.1035
33.4591
1.5191
16.4049
30.9112
15.2644
9.98992
0.783612
16.1324
7.977
2.33834
-5.2994
-27.9024
-75.5063
17.0109
-5.0784
15.0862
-26.0002
1.41485
3.66178
41.6566
18.4361
31.1656
16.4069
58.9753
17.7308
-4.76838
8.25739
28.6165
16.476
2.33757
-72.6124
-1.37672
30.2049
17.3133
-39.318
3.77657
20.3735
5.26414
39.6826
0.284008
13.738
17.7685
-7.99637
16.4809
-17.8915
14.2973
13.5316
-68.9957
27.9193
16.6372
6.10395
16.8211
15.9876
30.3144
27.1705
26.9921
17.8801
1.60486
4.32843
14.2588
11.2538
1.59599
-37.9009
18.1568
-112.225
36.4695
17.6633
19.5904
17.4137
28.7559
-13.6357
17.9661
11.3974
1.53586
-23.7643
-99.1981
18.5466
-21.3703
29.8384
0.913956
33.9569
4.3918
-18.7888
-52.5557
3.06989
19.1673
0.476465
16.5401
-92.4655
2.19252
17.1035
2.54706
-1.04583
-22.6239
-50.6744
24.3612
2.86019
14.1607
9.15137
20.2482
10.0146
-117.097
-40.493
7.47701
33.2745
3.99681
17.4004
20.1835
-56.7132
23.4036
15.0914
-11.3028
-11.8474
14.9765
-1.82351
-79.5987
9.98999
2.84686
-38.6222
-102.184
3.96016
2.44703
17.5292
32.481
-3.72607
26.5897
-110.392
1.1134
-39.1774
7.25264
2.25102
0.45384
13.569
52.2464
52.0184
12.1395
-121.852
8.08658
-115.852
-10.4071
55.6549
52.587
0.745219
4.47148
18.4132
2.13869
0.542571
7.35554
-61.1092
24.0823
-52.6274
1.19122
-112.106
13.2629
20.9558
-53.2243
7.49962
19.0923
20.1609
0.572391
16.51
0.926461
-28.713
1.9508
6.59605
4.40712
18.5828
45.6856
-21.5387
25.6313
46.799
24.7878
-123.556
14.5967
-7.48492
7.85143
1.24929
8.5574
2.12795
18.6568
-30.3066
2.06885
-100.392
18.3497
19.907
-124.672
9.43534
4.27201
48.2066
9.73869
-95.8827
0.958102
0.960736
-93.892
55.6783
11.4566
14.3905
16.2227
-50.1663
-40.9248
55.6854
2.23085
21.7724
-112.724
24.0666
13.3523
-66.0538
15.9824
-10.7754
0.923915
-42.9045
13.7377
4.00161
0.737057
-9.00268
42.5491
16.0286
29.9266
18.0279
28.5967
38.0497
-85.8775
-110.53
-9.65849
53.951
25.4077
13.8123
57.6169
7.80036
-25.0858
58.7162
-66.1628
8.73964
53.3551
6.97619
2.40459
24.392
5.23968
-1.52998
-103.922
15.2429
17.335
-48.3351
10.2789
15.1306
-16.9023
13.6572
-36.0701
31.1471
-16.6686
20.4705
8.9831
-10.9636
1.4531
11.5992
21.1759
-16.8346
20.8868
-36.0435
18.456
-7.13163
-11.4567
1.57538
60.1203
1.55955
15.8481
-53.2398
-37.0637
13.1996
7.68712
23.9125
27.1772
18.8758
2.79014
15.6239
7.1913
-8.31405
-86.7522
15.8943
52.6871
-60.4824
32.9741
4.55168
1.49917
8.99434
-3.67462
17.8356
36.1452
-16.6626
26.2946
-6.73756
-19.3928
0.89293
17.3183
-1.25946
41.4624
40.7633
29.7838
0.945185
-2.53539
-48.7692
-42.2264
48.0682
1.30762
11.6284
19.3352
-36.2053
18.3865
1.16777
22.025
-51.7365
53.9964
16.7344
4.50263
12.2443
9.77648
0.660704
43.6999
-14.8441
-42.1264
53.6366
0.686504
16.4995
-33.9906
-29.0974
23.239
0.66284
-88.1183
16.7135
16.2034
21.5965
8.88461
16.6076
0.843056
3.13038
19.1614
55.6765
12.7383
3.73948
-84.0936
-51.3007
9.30026
0.852679
11.5569
-103.296
0.875828
12.0755
-2.27535
4.14719
-55.8742
18.1726
-3.51462
0.551617
39.8144
-1.10461
-34.3064
22.4771
16.1492
14.998
41.0504
46.5879
-14.8204
3.82651
-20.114
16.6559
0.220374
9.37033
8.26378
13.7617
-25.1856
2.72578
15.6999
12.3566
-46.5402
15.6341
-45.0399
-67.5284
17.906
9.49192
19.7374
16.0049
5.90221
-28.557
15.0036
-22.0713
7.64399
15.3031
-93.8691
4.81084
-45.6877
-52.508
11.4476
12.1435
10.4984
-16.435
8.57873
-32.2575
21.6734
9.11059
9.36803
2.36505
12.7951
7.21419
5.40848
11.9349
1.53244
0.698888
17.649
-53.7077
-10.9196
-72.9204
33.3351
28.1525
22.2505
7.13671
56.2797
-14.8931
33.2508
-22.9526
-71.9767
14.4204
2.3107
15.4709
9.04658
14.9357
-79.8075
5.19081
-38.8349
39.778
12.5403
-36.0966
3.76584
-50.2137
1.28793
16.9888
6.58563
11.8035
7.80665
-27.5607
16.9205
6.36207
-5.30598
-48.21
-38.3871
-14.8683
-7.35032
1.99932
23.8485
5.97316
50.6763
-123.216
16.6115
23.062
19.0456
1.18532
6.11697
15.9082
9.30034
32.9576
53.0955
-3.58421
17.8713
58.8662
-39.5098
-16.8344
1.92292
53.4291
-30.5835
-36.684
13.7239
22.8445
28.2168
-31.0564
7.40402
1.89413
-22.2246
0.753498
-0.134473
-81.3664
-15.8815
12.5803
-1.64335
1.51449
0.762232
9.56958
9.74193
-20.2124
13.5216
30.6681
6.79923
-32.8794
15.992
15.4003
41.8771
47.2845
3.50438
-0.464775
-1.06707
15.3548
-4.28183
16.0807
-69.6525
10.5827
4.35098
16.3266
27.6748
6.82799
-20.256
12.1483
34.866
-87.3648
11.361
15.1922
3.48167
5.35532
11.3783
-12.4637
10.3217
10.98
16.7968
48.5472
-36.3394
8.60294
15.2159
11.1845
18.5774
17.7521
15.9411
51.4562
-0.0188155
4.74911
-6.23874
6.76743
14.2697
-71.4172
6.61492
16.2235
21.3535
18.065
34.9283
45.482
18.1078
16.848
16.6812
-20.3168
1.04229
-26.2826
14.6594
-64.0565
29.3997
-24.9391
51.6933
-30.3303
1.19458
-13.6517
20.4875
46.2097
-110.346
62.2527
1.39729
40.7649
19.0186
15.2692
15.6427
7.74317
48.0275
15.9183
8.87391
16.1105
27.0455
18.9545
16.489
47.5709
-58.2006
9.61104
2.0777
-6.8522
20.5704
1.91101
1.45726
18.0446
7.08217
-2.1943
16.0496
20.8475
0.715009
15.0994
43.9075
39.1491
12.4878
21.0999
37.35
3.46059
62.2224
45.2032
9.36577
7.03281
-68.5864
7.89089
22.0949
-51.3851
18.0868
-130.419
16.2458
9.7079
-65.9266
-72.8534
18.7387
1.28735
1.51006
1.59719
-0.654927
1.05285
17.8649
9.10655
60.7772
-28.016
-97.3951
18.42
-9.28783
1.43723
8.90053
13.5887
11.6262
56.9457
15.6911
14.5116
11.775
17.7751
1.04256
54.0479
59.5774
-106.011
-2.92297
24.0474
24.3785
24.3426
-11.2264
60.4173
22.208
28.2003
-20.6313
1.31514
58.0373
1.28956
18.4235
9.549
17.4656
16.3557
17.1188
1.06067
7.11755
13.7017
-4.37248
10.992
-68.3587
13.5775
-92.2633
20.3608
14.8574
24.8755
16.6866
16.4234
21.8403
21.3373
-38.9234
18.7257
9.09277
59.4305
1.09631
-14.4819
16.5165
19.4093
2.39153
-69.3629
11.5091
0.789921
22.9229
11.1159
2.91764
16.5665
-36.6615
15.8326
17.6617
16.3163
23.2217
1.45398
-12.5615
15.2831
13.3626
12.6889
-19.1346
14.078
21.3072
14.5679
-18.1892
14.6187
12.8079
8.88407
28.7948
-16.0021
10.2766
13.0048
10.1588
14.3931
17.1038
8.39444
16.9075
-41.6303
6.46168
-15.7809
-26.8651
14.6023
14.8814
9.23819
16.5611
4.66845
14.4871
40.2555
41.7321
18.6746
48.4704
7.60118
7.3041
8.59112
1.51294
24.4406
18.8143
20.5032
-2.09233
-66.38
23.6604
-44.8817
10.8858
53.2851
40.8125
-38.2052
27.8807
2.16843
10.3164
2.28118
54.2239
-16.0068
-72.0786
17.6467
58.747
1.65723
15.6302
1.6985
13.9304
-17.4347
-12.3052
6.73605
56.0439
59.3197
1.41964
-74.0619
-1.9182
-79.9545
10.7986
0.523182
13.3672
18.2854
2.81955
-31.1174
1.11427
16.0715
13.2985
16.4535
9.92321
47.2295
14.0863
-3.76325
13.4805
-2.10492
12.8333
-13.1451
1.46612
4.5917
12.1932
-75.9338
17.0173
36.2864
6.426
1.4683
8.46109
0.70508
21.3765
14.609
-73.3581
8.44537
-11.8053
-8.81896
21.4568
-23.8249
18.3601
-0.916031
-98.607
-55.4136
14.5291
-1.36262
9.57207
2.19129
52.7786
13.5378
-26.5255
28.3811
16.1979
-2.01645
19.2
20.9987
-53.0785
-53.1651
12.1544
16.2856
21.0102
19.0797
20.4798
1.45629
61.2317
16.6284
8.64012
4.84499
15.5475
16.9869
-25.4651
-72.6241
-35.4795
1.70574
-17.4271
-16.278
47.0799
2.14741
18.5525
-40.1752
10.7917
-74.0984
2.84146
16.685
19.043
3.56174
16.9486
18.3315
16.5194
11.8724
22.1244
12.4952
16.9002
31.3769
13.4248
1.73467
17.9484
16.6629
17.0135
-35.7284
17.1412
2.77526
31.9616
16.9543
-72.9668
0.373054
9.06378
34.2385
12.7596
19.07
15.3147
9.71639
38.4602
-74.7962
1.57113
-26.7173
0.638523
-90.1806
2.51702
34.1951
5.88984
-1.28174
-28.6443
50.6952
2.51623
11.6752
15.2533
25.5178
-35.8742
4.08521
14.1168
9.15897
8.42542
14.9711
16.5218
28.9649
18.1193
23.6954
13.4055
12.0608
6.09524
2.02041
4.26384
8.78134
1.19814
8.4522
-2.67579
61.3621
8.52145
13.4126
-30.3918
19.3
27.4142
2.20466
58.6754
1.55589
12.2835
-10.6803
6.14515
19.3713
57.3307
13.7591
28.2383
16.6052
-8.15958
0.920352
0.903759
17.2331
18.8109
5.65743
19.0243
0.981155
-10.146
-3.43236
33.7478
12.7893
-12.6998
-2.05775
1.53217
-92.2975
-5.31609
18.3203
-100.371
-66.6197
15.9827
-29.4058
-15.8329
-27.2116
17.1679
8.58738
11.0391
8.16686
-54.8072
-31.5892
18.4029
16.1464
19.9059
2.89715
23.1737
18.8585
17.1755
21.5423
0.777821
56.0288
28.7766
-52.0959
6.55889
12.0993
1.37947
40.3615
16.424
-37.5226
2.20647
17.1148
-14.0771
9.56473
-72.2039
1.03688
41.1384
18.0438
20.6964
-15.6853
53.995
12.1563
16.0486
33.2244
7.76276
1.69546
17.0397
-33.6009
-22.4628
9.5549
16.3733
36.5553
18.1335
10.8041
-8.8156
-12.8098
1.32841
16.6111
-70.9233
18.9035
20.0178
-36.9225
16.7386
55.3622
58.7742
37.5052
21.4936
22.0953
28.2177
3.73986
16.0626
19.3117
12.5975
10.2388
-57.7047
-2.89753
-18.1154
15.435
13.2953
-69.8432
-8.12031
31.2427
13.9823
10.1259
-93.8389
10.3491
4.05503
40.9389
1.22649
1.09096
13.2441
8.47747
9.87554
5.57106
16.4955
18.4063
21.3765
-92.7382
-69.7451
2.07906
17.2351
-6.78406
50.4217
8.39822
16.802
-103.454
15.6013
18.9912
9.93874
-6.50991
-73.3009
5.27635
59.2121
41.6363
14.4634
14.6881
14.2417
51.3855
2.2944
21.7251
-83.8454
42.0824
-28.5684
2.96714
12.468
22.1835
17.1344
16.787
11.0154
-6.01126
-54.8425
9.23996
5.7955
10.1731
17.7098
13.816
53.7119
18.454
-21.6062
-2.67909
24.5231
10.8422
22.2611
2.73429
12.5296
-79.9089
-44.9829
16.4108
6.95537
21.4811
17.3609
17.6575
15.4464
13.9734
-0.90024
18.8149
18.3402
-0.420375
-87.3761
16.7703
29.6303
1.38798
1.36343
-10.9561
10.7111
4.55316
19.6731
21.6316
11.497
17.008
3.28348
-18.9075
22.7396
6.29781
6.30751
18.9352
8.02598
16.5923
-50.2735
18.0966
-14.3564
8.86168
49.1829
9.52203
-109.252
13.0591
2.33998
-0.757669
-47.6072
0.88094
-64.5206
5.68815
-96.8673
-13.3673
13.5639
-13.3134
-101.412
3.87322
0.0233124
9.79976
52.7884
9.63747
-108.452
46.2875
-95.7546
4.58944
47.2709
16.7531
1.04681
-17.2886
18.3992
18.1184
-53.8547
1.07008
15.6285
-11.33
1.60159
47.3957
-62.8024
6.06093
13.268
11.0148
16.6383
-0.838428
17.0151
15.8626
44.1289
1.38581
-3.5623
5.26416
8.55207
16.4628
-10.9153
19.0906
-43.8259
16.3523
9.34755
-90.895
19.1422
8.29133
51.2241
-3.94122
7.67139
60.1303
19.7094
-23.2491
49.3316
25.283
2.2749
14.4825
16.4811
-34.7734
-73.8248
17.4473
32.2713
-9.68462
31.2453
18.544
16.6366
14.5889
-90.4217
-30.5977
16.2911
16.5157
2.2502
16.9831
-40.6908
-25.5824
14.7755
-38.581
55.1449
13.7686
31.1138
8.73457
40.9587
-8.47669
-77.2794
11.5578
16.4824
-58.1701
4.90173
-36.551
13.5481
-38.7304
15.9421
15.3431
-0.38248
-10.904
-34.9867
14.2337
-56.8938
36.0479
12.6669
3.38383
1.50769
-99.4056
-2.63703
18.939
19.2111
8.10087
6.56194
-83.8612
-20.0234
8.83679
20.0343
-102.629
-46.4252
1.40425
-7.44292
52.0812
1.19097
-10.7982
22.5958
22.9506
16.9385
0.675997
0.82419
15.3036
16.8739
-9.46185
34.8348
18.3303
20.8718
4.85729
37.8844
16.7516
17.8439
-37.0356
-67.0323
55.4811
56.2523
16.7829
16.6205
-74.9099
16.5956
16.0028
14.0531
-8.53041
-0.19103
-2.43252
-101.838
19.0843
9.67118
9.36045
-92.1457
-34.4369
1.30152
24.9052
-59.2212
-59.5023
55.5689
17.7349
8.18433
45.4596
17.0425
3.71322
28.4148
10.455
14.2337
15.5254
-57.3451
8.20458
16.6469
1.99417
22.0203
-27.9416
47.3344
12.275
18.2173
14.5936
-3.17167
-9.08193
19.1039
13.0884
-21.9501
30.9946
16.3892
20.3376
19.3339
-34.5141
2.1148
6.00046
-41.2965
16.9965
16.947
-13.4348
30.6354
-1.16417
-78.9308
9.41266
3.62192
-60.1609
11.8489
16.8295
-32.8986
-14.5708
44.9885
-36.5939
-51.2552
-47.5376
13.828
11.4169
17.9938
-68.0891
-1.08391
-115.958
10.272
19.1565
16.8776
16.0553
8.10473
4.26078
2.21197
17.3981
0.894672
15.7222
19.2474
12.1159
-6.68849
13.4657
3.23142
16.6457
8.28676
54.4946
21.2532
-38.0837
1.36648
-23.3113
12.609
16.3235
10.3754
21.5348
18.5171
-43.9895
-0.0507121
12.4389
-1.34994
11.8155
17.3998
32.615
14.447
-18.3261
20.1949
-1.79024
13.4796
-66.9093
9.65213
-17.3755
26.3361
-27.739
4.46618
5.58854
-24.7821
30.1366
44.6386
-72.2923
12.3847
16.4662
1.31886
-12.6498
5.58912
34.6534
13.948
5.68667
6.19732
0.0716577
13.6837
12.3791
22.0177
23.3667
16.9387
43.9421
16.4264
18.8943
2.28965
11.9851
5.00157
-4.7913
16.6892
1.88316
3.67994
18.2118
20.5296
17.6655
19.3024
2.56551
-114.244
12.3588
18.3153
11.3905
5.54342
53.0805
38.2765
2.2132
-7.50226
-32.7152
5.3248
31.0272
2.76134
2.04445
14.5024
-35.2278
-3.25207
14.3859
13.6751
-55.5068
-97.9613
-8.47393
2.56306
18.5493
54.4911
-2.86859
16.719
-51.3557
5.54713
-14.8199
-99.4918
1.43518
48.1715
-54.9891
15.4934
6.85563
-35.4238
18.6469
3.61804
19.2945
32.9878
-92.8797
-1.6985
6.31192
-3.05346
2.82974
20.278
40.7016
17.5171
1.24482
0.759063
-106.887
16.9161
16.4136
-97.46
-71.5402
9.25841
16.7703
-27.2532
46.1336
1.01098
21.1502
16.0376
27.8945
-50.6629
14.1961
5.78199
1.53379
24.461
-85.6245
21.1109
-104.497
-4.69422
20.2476
10.7244
15.2184
3.85053
-30.1367
18.1687
11.4653
14.315
46.6356
17.8143
-7.6701
8.19207
-22.6816
57.5547
12.3078
21.6537
-10.4471
2.29608
6.19383
0.949343
10.809
-11.1416
-65.2019
15.3591
15.0259
20.8054
1.51925
2.87705
18.8846
4.89426
-41.3161
-3.55904
-81.4847
38.4477
18.2474
10.3133
11.526
16.3056
0.674851
9.22902
10.4802
6.29087
3.86879
5.85228
6.04491
36.2116
23.5459
-40.303
-85.5005
2.92539
6.29152
46.3074
-9.05401
-84.7755
24.6943
6.375
17.7344
17.0744
-105.927
-8.90292
23.8401
6.15232
8.95428
20.1942
-7.74646
18.4123
0.694303
17.7667
-51.3811
9.52995
9.08211
1.37866
9.15499
13.7981
-74.3695
1.44859
20.6188
-11.9346
19.3019
8.2583
3.4386
-37.7391
-13.7379
5.26186
17.1152
20.9327
36.6835
-2.20987
25.5184
17.0091
4.52408
-12.0855
2.54479
-93.992
9.39563
12.989
17.3508
20.0733
-16.1667
-15.2528
-102.838
14.801
8.71763
19.8825
32.9985
-56.6595
-49.5509
20.2814
14.5387
-94.9334
-7.61985
-68.5753
12.5007
17.0393
-55.101
-9.68197
12.0923
14.5618
32.9344
6.73865
-112.569
-48.9479
15.3547
-56.8936
31.7309
19.2287
19.5761
2.705
8.96914
-13.2858
17.098
-41.7164
54.4359
47.3386
7.97236
4.30867
-39.5225
-91.8686
5.54107
17.4082
5.50848
5.10639
-5.86355
18.2754
47.9761
-1.98858
8.61694
-20.3486
-6.98882
17.5793
9.35455
-18.0487
46.9549
-69.8462
36.8193
50.0348
15.9045
18.1092
17.0637
-5.91819
22.1683
28.9293
-15.8586
7.01226
-27.2094
-52.8389
16.0917
31.7816
7.82555
25.2541
-88.0819
16.2346
49.4847
)
;

boundaryField
{
    frontAndBack
    {
        type            empty;
    }
    cylinder
    {
        type            zeroGradient;
    }
    domain_boundary
    {
        type            zeroGradient;
    }
}


// ************************************************************************* //
