/*--------------------------------*- C++ -*----------------------------------*\
| =========                 |                                                 |
| \\      /  F ield         | OpenFOAM: The Open Source CFD Toolbox           |
|  \\    /   O peration     | Version:  2.3.1                                 |
|   \\  /    A nd           | Web:      www.OpenFOAM.org                      |
|    \\/     M anipulation  |                                                 |
\*---------------------------------------------------------------------------*/
FoamFile
{
    version     2.0;
    format      ascii;
    class       volScalarField;
    location    "0.42";
    object      p;
}
// * * * * * * * * * * * * * * * * * * * * * * * * * * * * * * * * * * * * * //

dimensions      [0 2 -2 0 0 0 0];

internalField   nonuniform List<scalar> 
9648
(
-0.213542
-0.492693
-0.820141
-1.18723
-1.62618
-2.15063
-2.7725
-3.50194
-4.34363
-5.31592
-6.43003
-7.69927
-9.13659
-10.753
-12.5568
-14.5568
-16.7612
-19.1803
-21.8199
-24.6839
-27.7746
-31.0858
-34.6159
-38.3638
-42.3302
-46.5068
-50.8819
-55.4423
-60.1727
-65.0675
-70.1099
-75.2805
-80.5579
-85.9144
-91.3429
-96.8193
-102.333
-107.865
-113.389
-118.886
-124.33
-129.716
-135.001
-140.178
-145.235
-150.14
-154.879
-159.436
-163.817
-167.998
-171.932
-175.624
-179.078
-182.264
-185.184
-187.823
-190.167
-192.222
-193.963
-195.406
-196.537
0.303854
0.0448765
-0.263089
-0.622052
-1.05675
-1.56641
-2.16319
-2.86165
-3.67542
-4.6121
-5.68259
-6.89922
-8.27343
-9.81582
-11.5349
-13.438
-15.5336
-17.8315
-20.3385
-23.059
-25.9912
-29.1304
-32.4757
-36.0257
-39.783
-43.7407
-47.8852
-52.2033
-56.6835
-61.3169
-66.0912
-70.9861
-75.9796
-81.0512
-86.1866
-91.37
-96.5874
-101.819
-107.044
-112.243
-117.396
-122.484
-127.484
-132.379
-137.152
-141.781
-146.252
-150.547
-154.654
-158.559
-162.265
-165.748
-168.998
-172.003
-174.747
-177.227
-179.424
-181.348
-182.977
-184.312
-185.341
0.11825
-0.118214
-0.401259
-0.737148
-1.12943
-1.60178
-2.16143
-2.8198
-3.58704
-4.47598
-5.49727
-6.66316
-7.98503
-9.47202
-11.1319
-12.9718
-15.001
-17.2299
-19.6671
-22.3145
-25.1681
-28.2225
-31.4747
-34.9291
-38.5878
-42.4441
-46.4849
-50.6949
-55.0632
-59.5822
-64.2374
-69.0107
-73.8808
-78.8292
-83.8412
-88.9017
-93.995
-99.1022
-104.205
-109.282
-114.317
-119.288
-124.175
-128.962
-133.631
-138.162
-142.54
-146.751
-150.779
-154.607
-158.229
-161.634
-164.814
-167.747
-170.436
-172.861
-175.028
-176.907
-178.505
-179.82
-180.855
0.339061
0.102919
-0.176492
-0.506389
-0.895584
-1.35489
-1.89493
-2.52697
-3.26221
-4.11276
-5.0907
-6.20826
-7.47609
-8.90256
-10.4945
-12.2591
-14.2082
-16.3546
-18.7069
-21.2641
-24.0153
-26.9524
-30.0789
-33.4015
-36.9298
-40.6523
-44.5476
-48.6034
-52.8081
-57.1557
-61.6379
-66.233
-70.9202
-75.6838
-80.505
-85.3707
-90.2666
-95.1747
-100.078
-104.958
-109.795
-114.571
-119.265
-123.862
-128.342
-132.69
-136.888
-140.924
-144.783
-148.453
-151.922
-155.181
-158.22
-161.027
-163.591
-165.903
-167.957
-169.742
-171.255
-172.491
-173.447
0.395432
0.19106
-0.0567992
-0.356216
-0.715336
-1.14341
-1.64988
-2.24515
-2.94098
-3.74833
-4.68034
-5.74758
-6.96052
-8.32442
-9.84693
-11.5365
-13.4077
-15.4767
-17.7494
-20.2151
-22.859
-25.6742
-28.6699
-31.8691
-35.2766
-38.8706
-42.6254
-46.5215
-50.5546
-54.7307
-59.0438
-63.4697
-67.9862
-72.5693
-77.2025
-81.8721
-86.568
-91.2737
-95.9794
-100.666
-105.313
-109.9
-114.408
-118.822
-123.123
-127.294
-131.323
-135.193
-138.892
-142.409
-145.733
-148.855
-151.767
-154.457
-156.914
-159.129
-161.09
-162.794
-164.241
-165.422
-166.333
0.484668
0.296504
0.0687311
-0.207998
-0.540761
-0.939737
-1.41394
-1.97345
-2.63091
-3.39619
-4.28364
-5.30193
-6.46051
-7.76172
-9.21594
-10.8321
-12.6303
-14.6274
-16.8195
-19.1902
-21.7163
-24.3968
-27.2674
-30.3459
-33.6433
-37.1158
-40.715
-44.4372
-48.2893
-52.2856
-56.4362
-60.7041
-65.0469
-69.4482
-73.874
-78.3259
-82.8038
-87.2931
-91.7903
-96.2769
-100.725
-105.117
-109.429
-113.65
-117.762
-121.747
-125.595
-129.288
-132.816
-136.169
-139.338
-142.313
-145.087
-147.652
-149.994
-152.1
-153.96
-155.572
-156.94
-158.056
-158.912
0.577221
0.40615
0.19769
-0.0580256
-0.366131
-0.73804
-1.18191
-1.70694
-2.32781
-3.05217
-3.89726
-4.86744
-5.97449
-7.21123
-8.59972
-10.1477
-11.8752
-13.8043
-15.9142
-18.1699
-20.5715
-23.1178
-25.8643
-28.8495
-32.0376
-35.3714
-38.798
-42.3337
-45.9973
-49.842
-53.8482
-57.9514
-62.1093
-66.2877
-70.4911
-74.7029
-78.9448
-83.2131
-87.5126
-91.7997
-96.0498
-100.243
-104.35
-108.371
-112.288
-116.081
-119.743
-123.25
-126.6
-129.78
-132.79
-135.607
-138.235
-140.671
-142.897
-144.891
-146.643
-148.154
-149.438
-150.489
-151.289
0.667631
0.514606
0.327485
0.0918536
-0.191045
-0.537214
-0.953262
-1.44179
-2.02941
-2.71101
-3.51766
-4.44095
-5.50264
-6.67119
-8.0001
-9.48253
-11.1426
-13.0062
-15.0122
-17.1435
-19.4254
-21.8334
-24.5067
-27.3945
-30.4545
-33.6345
-36.8399
-40.1895
-43.7352
-47.4386
-51.3236
-55.2447
-59.1223
-63.0583
-67.0107
-70.9332
-74.9467
-79.0506
-83.1583
-87.2659
-91.3029
-95.3038
-99.1801
-102.991
-106.728
-110.311
-113.796
-117.097
-120.271
-123.258
-126.114
-128.754
-131.219
-133.531
-135.651
-137.518
-139.164
-140.548
-141.749
-142.75
-143.483
0.762285
0.618148
0.4675
0.236946
-0.00996853
-0.341257
-0.735324
-1.16127
-1.74659
-2.35173
-3.15657
-4.00136
-5.07563
-6.10858
-7.41906
-8.85987
-10.4068
-12.2376
-14.1172
-16.0783
-18.3412
-20.5637
-23.2347
-25.9991
-28.8887
-31.9585
-34.8496
-38.0747
-41.5775
-45.1034
-48.8829
-52.4666
-55.9517
-59.6718
-63.483
-67.0485
-71.0015
-74.9712
-78.8384
-82.8101
-86.5267
-90.3838
-93.944
-97.6169
-101.227
-104.486
-107.9
-110.887
-113.953
-116.629
-119.399
-121.758
-124.088
-126.354
-128.349
-130.022
-131.662
-132.822
-134.015
-134.969
-135.563
-197.334
-197.81
-197.964
-197.792
-197.313
-196.516
-195.409
-193.987
-192.244
-190.204
-187.842
-185.175
-182.234
-179.028
-175.546
-171.803
-167.805
-163.579
-159.117
-154.433
-149.559
-144.483
-139.229
-133.807
-128.246
-122.553
-116.714
-110.764
-104.708
-98.5804
-92.3813
-86.131
-79.8512
-73.5422
-67.2321
-60.9231
-54.6385
-48.3905
-42.1872
-36.0455
-29.9769
-24.0051
-18.1271
-12.3637
-6.72875
-1.22473
4.13246
9.33449
14.3662
19.2207
23.8932
28.3727
32.6481
36.7184
40.5728
44.2065
47.6141
50.7903
53.7345
56.4421
58.9128
-186.063
-186.454
-186.563
-186.376
-185.89
-185.111
-184.037
-182.668
-180.997
-179.027
-176.758
-174.202
-171.391
-168.337
-165.025
-161.46
-157.652
-153.617
-149.359
-144.892
-140.233
-135.387
-130.369
-125.189
-119.862
-114.399
-108.831
-103.162
-97.3972
-91.5554
-85.6485
-79.692
-73.7008
-67.687
-61.6669
-55.6497
-49.6518
-43.6868
-37.7663
-31.9028
-26.11
-20.4035
-14.7907
-9.28516
-3.8993
1.3599
6.48106
11.4535
16.2655
20.9096
25.3791
29.6649
33.7577
37.6544
41.3457
44.8271
48.0915
51.1367
53.9594
56.5566
58.927
-181.594
-182.064
-182.205
-182.031
-181.565
-180.82
-179.772
-178.422
-176.759
-174.788
-172.552
-170.049
-167.274
-164.224
-160.924
-157.386
-153.618
-149.632
-145.435
-141.04
-136.461
-131.704
-126.782
-121.706
-116.488
-111.137
-105.672
-100.108
-94.4561
-88.7294
-82.9417
-77.1081
-71.2419
-65.3571
-59.4667
-53.5824
-47.7174
-41.8846
-36.0968
-30.3666
-24.7071
-19.1315
-13.6498
-8.27388
-3.01426
2.1205
7.11961
11.9727
16.6694
21.2025
25.5634
29.745
33.7394
37.542
41.1449
44.543
47.7307
50.7045
53.4613
55.9979
58.3145
-174.118
-174.514
-174.617
-174.429
-173.946
-173.153
-172.056
-170.74
-169.164
-167.333
-165.215
-162.833
-160.186
-157.283
-154.133
-150.745
-147.13
-143.298
-139.261
-135.031
-130.62
-126.039
-121.298
-116.406
-111.376
-106.219
-100.951
-95.5841
-90.1321
-84.607
-79.0217
-73.3911
-67.729
-62.0493
-56.363
-50.6822
-45.0189
-39.3849
-33.7939
-28.2579
-22.7896
-17.4016
-12.1045
-6.90906
-1.82517
3.13931
7.97302
12.6666
17.2088
21.5944
25.8138
29.8599
33.727
37.4089
40.9002
44.1932
47.2849
50.1692
52.8446
55.3072
57.558
-166.971
-167.337
-167.426
-167.24
-166.776
-166.031
-165.03
-163.715
-162.141
-160.323
-158.25
-155.925
-153.352
-150.539
-147.492
-144.217
-140.722
-137.018
-133.115
-129.029
-124.77
-120.349
-115.774
-111.052
-106.198
-101.222
-96.1383
-90.9614
-85.7024
-80.3735
-74.9847
-69.5535
-64.0921
-58.6164
-53.134
-47.6571
-42.1959
-36.7618
-31.3694
-26.0298
-20.7549
-15.5581
-10.449
-5.43827
-0.53541
4.25491
8.91724
13.4465
17.8284
22.0606
26.1327
30.0373
33.7704
37.3247
40.698
43.8801
46.8706
49.6588
52.2476
54.6304
56.8103
-159.507
-159.838
-159.902
-159.7
-159.23
-158.499
-157.509
-156.248
-154.73
-152.967
-150.96
-148.71
-146.221
-143.506
-140.568
-137.411
-134.041
-130.467
-126.703
-122.765
-118.663
-114.409
-110.007
-105.462
-100.79
-95.9992
-91.1045
-86.1241
-81.0647
-75.9385
-70.7511
-65.5254
-60.2698
-55.0064
-49.7351
-44.4695
-39.2176
-33.99
-28.8032
-23.6661
-18.5909
-13.5921
-8.67684
-3.85772
0.856846
5.46869
9.95495
14.3162
18.5308
22.6049
26.5241
30.281
33.8758
37.2958
40.5485
43.6144
46.5003
49.188
51.6882
53.9859
56.0924
-151.836
-152.128
-152.166
-151.946
-151.474
-150.756
-149.783
-148.552
-147.078
-145.374
-143.437
-141.265
-138.862
-136.248
-133.425
-130.389
-127.148
-123.702
-120.077
-116.292
-112.352
-108.272
-104.052
-99.6885
-95.2026
-90.5993
-85.8984
-81.12
-76.2664
-71.3474
-66.364
-61.3465
-56.3008
-51.2577
-46.204
-41.1585
-36.1243
-31.1087
-26.133
-21.2064
-16.3365
-11.5405
-6.82465
-2.20334
2.31687
6.74649
11.0528
15.2441
19.2863
23.1965
26.9571
30.5617
34.0123
37.2928
40.4221
43.3688
46.1502
48.7335
51.1411
53.3486
55.3796
-143.984
-144.224
-144.238
-143.99
-143.522
-142.815
-141.865
-140.642
-139.2
-137.57
-135.71
-133.612
-131.294
-128.785
-126.09
-123.178
-120.066
-116.743
-113.264
-109.637
-105.859
-101.96
-97.9383
-93.7538
-89.4583
-85.0464
-80.5464
-75.9749
-71.3216
-66.6146
-61.829
-57.0255
-52.1868
-47.3779
-42.5456
-37.7403
-32.9444
-28.132
-23.3685
-18.6717
-14.0022
-9.40876
-4.90566
-0.479999
3.83156
8.08418
12.2027
16.2299
20.0853
23.8291
27.4219
30.8613
34.1725
37.3041
40.3194
43.1409
45.8244
48.2885
50.6037
52.7092
54.6686
-136.023
-136.181
-136.184
-135.902
-135.442
-134.714
-133.806
-132.518
-131.153
-129.709
-127.852
-125.828
-123.562
-121.143
-118.677
-115.815
-112.827
-109.694
-106.338
-102.883
-99.1842
-95.4485
-91.7239
-87.6208
-83.5279
-79.3853
-75.0239
-70.6947
-66.1342
-61.7562
-57.0439
-52.5781
-47.8334
-43.3594
-38.7098
-34.1746
-29.6778
-24.9507
-20.4059
-15.9875
-11.4363
-7.09521
-2.8429
1.46721
5.42449
9.64156
13.4351
17.4163
20.9475
24.599
28.0408
31.2182
34.5072
37.375
40.4125
42.982
45.6743
47.8706
50.2194
52.1236
54.119
61.1478
63.1453
64.9061
66.4306
67.7183
68.7736
69.6002
70.2031
70.5867
70.757
70.7344
70.5615
70.2358
69.7171
69.0261
68.1719
67.1207
65.8784
64.4669
62.9026
61.1977
59.3625
57.4095
55.3495
53.1948
50.958
48.6524
46.2923
43.89
41.461
39.0185
36.5776
34.1537
31.7601
29.4139
27.1279
24.9175
22.7955
20.7861
18.902
17.172
15.5986
14.1952
12.9819
11.9732
11.1791
10.6094
10.2666
10.1459
10.2308
10.4894
10.8702
11.2972
11.6695
11.917
11.3076
9.81529
8.2803
7.00654
6.05948
5.23697
61.0709
62.9889
64.6808
66.1471
67.3878
68.4049
69.202
69.783
70.1522
70.312
70.2745
70.0969
69.7852
69.2898
68.6184
67.7786
66.7525
65.545
64.1736
62.6532
60.9954
59.2109
57.3114
55.3091
53.2161
51.0443
48.8059
46.5139
44.1808
41.8206
39.4462
37.072
34.712
32.3802
30.0914
27.8598
25.7
23.6245
21.637
19.7669
18.0214
16.4321
15.013
13.7762
12.7332
11.8946
11.2693
10.8603
10.663
10.6629
10.8308
11.1195
11.4569
11.7499
11.8484
11.2629
9.9533
8.58789
7.49738
6.69077
5.86638
60.4097
62.2853
63.9407
65.3772
66.5944
67.5951
68.3822
68.9601
69.3312
69.4933
69.4642
69.3104
69.0232
68.5492
67.903
67.0937
66.1095
64.9542
63.6407
62.1821
60.5896
58.8735
57.0456
55.1173
53.0996
51.0046
48.8438
46.6297
44.3745
42.0914
39.7934
37.494
35.2067
32.9452
30.7232
28.5546
26.4526
24.4293
22.4959
20.6743
18.9803
17.4321
16.038
14.8098
13.7589
12.8954
12.2264
11.7537
11.4725
11.3691
11.4156
11.5684
11.7568
11.8851
11.788
11.1781
10.0364
8.79935
7.75394
6.91024
6.06976
59.5945
61.4195
63.0312
64.4326
65.6217
66.6024
67.3756
67.9468
68.3147
68.4756
68.4608
68.3358
68.0737
67.6278
67.0114
66.2347
65.2925
64.1903
62.9362
61.5422
60.0184
58.3744
56.6227
54.7735
52.837
50.826
48.751
46.6243
44.4574
42.2634
40.0543
37.8436
35.6438
33.4683
31.3299
29.242
27.2172
25.2678
23.4065
21.6493
20.0107
18.5047
17.1406
15.9265
14.8732
13.989
13.2783
12.7408
12.3701
12.1522
12.0601
12.0526
12.0652
12.0086
11.7501
11.127
10.1358
9.02682
8.01657
7.14272
6.31066
58.782
60.5523
62.1163
63.4795
64.6363
65.5941
66.3493
66.9103
67.2711
67.4311
67.4327
67.3368
67.0972
66.6806
66.0947
65.3525
64.4513
63.4011
62.2052
60.8755
59.4213
57.8494
56.175
54.4068
52.553
50.6286
48.6416
46.6053
44.5288
42.4266
40.3087
38.189
36.0784
33.9907
31.9371
29.9313
27.9846
26.1093
24.3165
22.6203
21.0329
19.567
18.2318
17.0345
15.9817
15.0789
14.3291
13.7297
13.2725
12.943
12.7152
12.5511
12.3957
12.1765
11.8018
11.1799
10.3089
9.32271
8.3639
7.48333
6.64831
57.9948
59.7089
61.2215
62.5461
63.6677
64.6019
65.337
65.8876
66.2403
66.4042
66.4219
66.3529
66.1334
65.7462
65.1902
64.4844
63.6234
62.6254
61.4863
60.2209
58.8367
57.3362
55.74
54.0538
52.2828
50.4467
48.5484
46.604
44.6184
42.6091
40.5829
38.5551
36.5336
34.534
32.5647
30.6409
28.7716
26.9693
25.2423
23.6047
22.0656
20.6378
19.3286
18.1442
17.0888
16.1646
15.3739
14.7123
14.1707
13.7353
13.3818
13.0769
12.7757
12.4241
11.9613
11.3355
10.544
9.65569
8.75601
7.89107
7.05721
57.2089
58.8654
60.3238
61.6091
62.6939
63.6058
64.3211
64.8611
65.2065
65.3783
65.4115
65.3673
65.1675
64.8089
64.2825
63.614
62.7934
61.8483
60.7645
59.564
58.2519
56.8229
55.3061
53.7024
52.0139
50.2684
48.46
46.609
44.7148
42.8002
40.8666
38.9317
36.9992
35.0877
33.2019
31.3599
29.5676
27.8375
26.174
24.5925
23.099
21.7073
20.4221
19.2481
18.1876
17.2412
16.4104
15.6889
15.067
14.5344
14.068
13.6408
13.2171
12.7582
12.224
11.585
10.837
10.0156
9.16945
8.33111
7.50918
56.4131
58.0172
59.4132
60.6644
61.7048
62.5995
63.2912
63.8241
64.1604
64.3484
64.3915
64.3735
64.19
63.8621
63.3624
62.7337
61.9494
61.0657
60.0284
58.8961
57.661
56.2977
54.8701
53.3484
51.7345
50.087
48.3666
46.6147
44.8072
42.9926
41.1495
39.3116
37.4652
35.6441
33.8365
32.0779
30.361
28.7052
27.1006
25.5751
24.1203
22.7641
21.4999
20.338
19.271
18.301
17.4358
16.66
15.9636
15.3463
14.7807
14.2514
13.725
13.1796
12.5845
11.9259
11.1961
10.4163
9.60762
8.7958
7.99177
55.6474
57.309
58.5428
59.8666
60.7519
61.7077
62.2693
62.8891
63.1361
63.4381
63.3919
63.4781
63.2316
63.0226
62.4731
61.9567
61.1072
60.3879
59.3471
58.2906
57.1674
55.764
54.4962
53.0882
51.4614
49.9868
48.2838
46.6991
44.9059
43.2513
41.4355
39.7471
37.9389
36.2574
34.4725
32.8361
31.151
29.6072
28.0221
26.5877
25.1294
23.8355
22.5703
21.4308
20.3596
19.3489
18.4659
17.6396
16.8672
16.1948
15.5318
14.9306
14.3075
13.7009
13.043
12.3713
11.6362
10.8913
10.0985
9.29938
8.51666
4.42565
3.68899
3.0015
2.307
1.60877
0.94931
0.342702
-0.201953
-0.663861
-1.0349
-1.31149
-1.49963
-1.60211
-1.61281
-1.56081
-1.46998
-1.35434
-1.23366
-1.12244
-1.02892
-0.95629
-0.900563
-0.857698
-0.821507
-0.794673
-0.761363
-0.726558
-0.68416
-0.630635
-0.565454
-0.485329
-0.389427
-0.278159
-0.151134
-0.0118241
0.139164
0.298017
0.460237
0.622081
0.77821
0.923735
1.0526
1.16386
1.25332
1.31735
1.35585
1.36772
1.35417
1.31596
1.25618
1.17876
1.08704
0.983973
0.875066
0.761335
0.64538
0.527461
0.406531
0.268772
0.0949746
-0.0918974
5.01097
4.30975
3.68277
3.03635
2.36775
1.73941
1.16237
0.639225
0.195403
-0.157206
-0.414155
-0.573037
-0.634168
-0.613017
-0.540761
-0.440784
-0.324409
-0.207701
-0.10307
-0.017628
0.0472138
0.094235
0.125341
0.152691
0.164624
0.187219
0.207211
0.235535
0.273124
0.322413
0.385667
0.464208
0.558462
0.667967
0.790977
0.92483
1.06608
1.21143
1.35683
1.49823
1.63113
1.75089
1.85296
1.93382
1.99078
2.02257
2.02868
2.00926
1.96541
1.8995
1.81464
1.71429
1.60146
1.48197
1.35683
1.23027
1.10102
0.969221
0.828635
0.67357
0.501987
5.25281
4.55742
3.9209
3.22606
2.50287
1.85511
1.25682
0.697338
0.215297
-0.176411
-0.477255
-0.686824
-0.807406
-0.855037
-0.831544
-0.758857
-0.642199
-0.509632
-0.391714
-0.296504
-0.224621
-0.172946
-0.133524
-0.110267
-0.080406
-0.0595533
-0.0298569
0.00521612
0.0497417
0.105505
0.174567
0.258192
0.356585
0.468963
0.593692
0.72844
0.870036
1.01478
1.1586
1.29706
1.42563
1.54012
1.6368
1.71229
1.76394
1.79047
1.79145
1.7678
1.72109
1.65409
1.57002
1.47294
1.3666
1.25468
1.13975
1.02389
0.90641
0.784074
0.649948
0.494614
0.313592
5.52074
4.81609
4.14844
3.43361
2.71209
2.06466
1.45008
0.866172
0.378649
-0.00637941
-0.305628
-0.510358
-0.61549
-0.636089
-0.578422
-0.45754
-0.318565
-0.208185
-0.100713
-0.00525115
0.0702441
0.125638
0.163444
0.187329
0.207294
0.221164
0.237916
0.259241
0.288275
0.327487
0.379232
0.445294
0.526299
0.621542
0.729659
0.848329
0.974669
1.10532
1.23652
1.36419
1.48401
1.59204
1.68455
1.75851
1.81133
1.84184
1.84942
1.83483
1.79923
1.74518
1.67484
1.59165
1.49816
1.3972
1.28968
1.17769
1.06284
0.945631
0.822799
0.684911
0.529862
5.85733
5.12498
4.42266
3.69761
2.97566
2.30334
1.66125
1.06995
0.581443
0.182935
-0.142791
-0.364308
-0.479465
-0.517399
-0.485498
-0.401722
-0.298019
-0.174728
-0.0649187
0.0288646
0.0996556
0.151337
0.187819
0.214079
0.235159
0.252662
0.271262
0.294354
0.323977
0.361894
0.410753
0.472378
0.547375
0.635135
0.734569
0.843568
0.959565
1.07959
1.20022
1.31782
1.42825
1.52814
1.6137
1.68246
1.73159
1.76017
1.76705
1.75321
1.71902
1.66703
1.59916
1.51891
1.42958
1.33406
1.23448
1.13476
1.03589
0.932278
0.819738
0.699146
0.561152
6.25539
5.49143
4.75536
4.01916
3.29229
2.59969
1.94144
1.33736
0.821409
0.391018
0.0494929
-0.177241
-0.311068
-0.372719
-0.350265
-0.264811
-0.154164
-0.0382143
0.0681596
0.150185
0.208466
0.251178
0.28031
0.302306
0.31747
0.330313
0.342344
0.359015
0.381418
0.410702
0.450225
0.501891
0.566301
0.642638
0.730111
0.826629
0.929859
1.03717
1.14543
1.25151
1.35126
1.44211
1.52003
1.58357
1.62934
1.65735
1.66572
1.65643
1.62895
1.58639
1.53004
1.46361
1.39003
1.31252
1.23398
1.1523
1.06658
0.977084
0.879247
0.768768
0.639113
6.70595
5.92522
5.16457
4.41566
3.68161
2.97918
2.31388
1.70265
1.16295
0.705302
0.339937
0.0819685
-0.0860016
-0.16116
-0.141321
-0.0679405
0.0320215
0.137104
0.232815
0.302804
0.343403
0.371257
0.387597
0.401734
0.407937
0.413647
0.416806
0.426174
0.440574
0.45946
0.488877
0.529713
0.583248
0.647802
0.723168
0.807037
0.897422
0.991958
1.08792
1.18275
1.27197
1.35402
1.42437
1.48289
1.5251
1.55249
1.56211
1.55708
1.53576
1.50219
1.45639
1.4026
1.34241
1.27782
1.21179
1.14501
1.07615
1.00374
0.923182
0.82953
0.715569
7.19693
6.41551
5.64682
4.89647
4.1594
3.46021
2.79834
2.19544
1.65061
1.18123
0.797973
0.512807
0.301169
0.197179
0.181825
0.219834
0.307502
0.382368
0.446508
0.498995
0.510099
0.515442
0.509852
0.515226
0.507292
0.505275
0.495366
0.497527
0.504719
0.509213
0.527099
0.557287
0.602036
0.655413
0.719892
0.792135
0.870673
0.953554
1.03857
1.12407
1.20367
1.27861
1.34154
1.3965
1.43437
1.46158
1.471
1.46994
1.45249
1.42619
1.38711
1.34278
1.29397
1.2405
1.18669
1.1326
1.07825
1.02254
0.95879
0.883842
0.787107
7.72105
6.95947
6.18752
5.44166
4.70759
4.02986
3.38482
2.82715
2.29186
1.84164
1.47448
1.2066
0.919458
0.784748
0.737289
0.706731
0.756352
0.67982
0.680751
0.75647
0.705658
0.6871
0.634934
0.661192
0.613983
0.619181
0.57085
0.572512
0.583484
0.563348
0.556591
0.585047
0.628072
0.666624
0.722789
0.784949
0.850732
0.926038
1.00172
1.08697
1.15131
1.23064
1.2761
1.33974
1.36207
1.39881
1.39322
1.41026
1.38296
1.37119
1.32659
1.28452
1.24801
1.20457
1.16355
1.11895
1.07636
1.03938
0.988583
0.939134
0.85338
4.93722
-4.45945
-5.77302
14.9312
5.81461
19.3847
18.2055
10.7506
11.5511
29.1879
1.42235
23.6945
18.3141
2.5528
21.684
-102.122
20.6449
12.1021
1.22486
17.6557
15.1652
2.93135
0.886402
20.2573
11.4543
17.1811
17.7256
9.41359
20.396
6.79279
10.5183
16.9011
28.5227
1.39076
22.975
0.636561
0.59556
57.4622
18.842
17.5937
7.78945
-2.80525
18.1102
-87.9906
0.112051
31.6114
11.4306
3.03708
16.3176
25.3442
-3.7841
-44.6774
17.388
9.45235
13.9997
16.4269
6.89932
7.52135
0.7813
-30.8202
3.61194
15.5397
17.1656
-8.14315
-25.6276
14.9086
0.677223
8.70409
18.9588
18.1968
15.4428
59.6613
6.60104
13.3087
13.3748
6.19517
-12.6107
44.4144
17.4709
28.1024
-0.748896
16.5853
16.81
-36.8241
18.0839
50.4035
12.0243
1.51705
15.4202
1.59081
-13.8297
17.4831
5.11505
-30.9951
-37.1305
5.60412
44.2176
10.0262
25.5613
-101.167
14.5479
16.2143
25.1536
17.4034
18.3624
17.3062
15.1948
39.7012
19.8981
-77.6161
-108.778
16.0286
0.261744
1.18776
5.76752
1.89634
0.936279
19.6227
-7.69149
11.212
12.6627
-0.119181
11.2518
-117.386
-26.5771
10.613
15.3516
-47.1682
-34.9845
17.915
21.3356
-7.97453
4.27641
10.9187
2.36276
10.7278
18.2792
-52.491
-30.7246
11.6627
9.6256
-51.5066
14.9113
49.1072
1.28908
12.5303
16.7562
1.31076
31.8229
-0.840179
16.3526
16.4577
59.2384
-33.75
-58.107
8.75521
8.21008
-27.883
16.881
0.606103
16.7421
26.4797
17.7791
12.5173
14.956
13.0371
6.82241
9.73718
17.2901
0.091588
-2.03991
1.53178
5.63951
17.463
1.12265
1.16024
1.04474
8.806
22.4555
1.7156
1.70049
-1.26343
-31.0937
9.62728
6.41719
0.551059
-10.4701
52.1897
9.71857
11.7194
25.5307
20.3515
-17.0169
-39.1581
16.9097
-31.687
4.04921
0.359529
21.4028
0.689118
9.76421
15.0236
13.4982
-58.6558
-1.89022
20.9362
8.47531
16.1828
-45.3968
0.800538
41.3802
-5.778
16.4222
-117.045
11.0859
-77.7241
-65.1318
1.77414
33.3136
1.58469
11.298
40.2079
11.9973
16.9514
0.934779
-7.69383
-9.24373
11.6593
17.0497
59.8521
1.16585
21.4982
-5.29745
-37.7259
13.6818
19.4244
3.18484
-57.3162
-46.7018
19.392
13.4245
8.7188
10.9301
16.1014
-123.184
16.7425
8.29886
-98.4902
24.0145
17.6537
8.85325
23.8272
1.20367
8.34756
11.295
18.8455
25.4396
15.3078
6.50409
1.78331
15.7688
9.4503
-64.8264
18.6469
0.573661
12.8764
17.6031
0.849092
17.6413
0.986276
24.1287
0.984695
22.845
11.3724
52.9371
9.89965
14.3203
10.7507
16.0228
20.8217
50.3845
9.77956
-71.9571
15.385
14.9225
18.8216
17.4063
-61.896
8.01809
7.93756
-26.0168
40.5352
14.4977
17.3251
35.2146
17.4883
9.55258
4.97756
-1.01111
16.4813
10.8519
5.45811
48.5502
-3.75033
3.96554
-78.5132
21.8877
18.7462
19.5284
-100.64
9.76309
11.9671
11.4595
-12.4333
16.5781
14.2548
0.531295
1.19842
7.05518
1.74968
16.5445
3.53319
15.3705
15.0364
-26.7512
1.72732
15.566
0.80379
-90.3714
6.47113
-27.1696
-43.4464
-100.855
1.95948
1.36176
16.9824
0.520606
0.615793
-124.03
35.1191
15.0664
14.8205
12.019
11.6076
49.8478
11.345
-9.36457
18.9537
-70.4161
15.0001
1.18121
-45.2978
-113.604
10.7613
-61.8259
8.64323
2.7203
14.542
1.50548
2.41958
10.2916
0.218129
0.883103
-6.82036
0.886107
16.1587
6.73293
-113.455
-33.994
3.90211
16.6432
-25.9773
-48.3892
12.6798
1.45012
15.7692
-5.88505
7.21271
1.37172
-73.9148
0.634
-79.4862
20.3836
-88.9524
11.2732
4.68384
20.8374
1.10356
-116.957
-27.7153
47.4925
50.2942
3.24598
0.699818
17.2628
30.34
16.8715
-0.564848
12.0785
-10.3769
17.6971
18.8831
22.0496
21.519
-7.63104
-46.6062
11.982
-82.9806
0.26421
-11.2737
1.79998
-61.7735
-2.15595
18.9
-123.759
9.61416
9.2973
23.1797
-52.7657
17.3856
18.4474
1.31076
17.8135
10.0635
14.4266
0.992832
35.9961
-26.0511
-51.4851
9.61428
-60.9369
9.21828
-54.1567
16.9663
15.7714
0.83261
4.0633
-92.8489
-1.91391
1.57951
-10.7975
-61.711
-59.3459
18.4009
4.60879
-41.352
-49.9427
17.2255
2.41269
-32.1961
22.8978
13.1039
36.4574
-39.7502
-0.289866
-9.61385
0.360925
9.0599
-89.5306
2.31471
10.4486
19.9969
47.1849
2.48766
44.0965
2.06439
17.5426
1.52518
1.31889
13.7207
12.4151
-0.00256832
1.32028
16.9265
2.33174
1.30919
2.47857
1.27421
1.97773
1.24936
8.20368
4.72537
15.9588
15.7417
-110.427
10.1155
-68.0746
-106.699
16.3728
0.283901
2.12479
19.2362
3.69705
1.17615
16.4404
17.0771
15.2205
5.36069
-37.4774
10.5795
26.6452
13.6558
13.9105
15.6252
5.51662
0.629976
13.5134
19.3863
9.50516
1.29131
13.9309
13.5976
-12.6742
12.7699
-0.539168
-3.36842
-4.24311
17.5928
20.1244
9.39467
22.5681
3.46875
2.86993
48.8313
-21.7388
-5.52619
22.0266
8.33263
1.09675
1.32094
-80.2793
-27.3257
21.0701
3.18404
10.349
0.699948
-21.0422
18.8741
12.0447
-27.2815
-81.9545
12.7099
-17.808
-54.1127
4.64964
-105.111
9.27471
9.23553
9.05741
-32.2325
13.8303
-80.5915
-2.53598
13.1255
0.853831
17.6284
-0.30274
15.0285
12.7632
31.7931
2.93162
0.807695
14.8901
7.1757
0.680996
-47.0867
-30.5029
8.10081
-34.109
4.76046
28.6926
1.3401
9.21113
-95.6855
9.83763
8.53353
14.4781
1.26203
52.2213
1.71486
8.21742
8.48006
1.23386
1.15414
13.581
15.7443
16.07
9.53972
10.2376
29.343
-76.4243
8.29874
17.9766
-31.6346
0.449571
-86.7116
13.5856
0.70528
17.7958
-55.3182
4.33202
-21.0152
0.89045
0.73304
2.82699
-105.786
20.6767
17.6878
6.57541
16.1502
-26.7816
-22.4654
-6.38871
9.90629
9.04865
5.01135
16.4852
-0.233945
0.681708
16.277
23.3316
1.26215
-56.836
21.0205
1.46806
20.6391
-8.2631
17.3315
36.4434
6.79387
29.5673
18.627
-30.1781
-21.5199
-4.71802
19.2353
10.4281
-32.3867
16.2817
12.5318
4.61121
5.59962
0.672559
-30.9902
40.5585
3.81335
2.0972
0.824727
-89.0205
9.52617
23.4537
15.791
0.930951
5.22849
-22.9223
14.4912
12.4239
5.99541
1.03963
-7.00991
15.2768
2.17452
10.9331
-20.9948
1.15986
39.0862
0.914529
0.198703
8.39053
57.4139
17.122
16.8241
1.08548
10.2164
7.05088
8.79451
10.2074
-115.421
2.01325
-34.8339
30.6179
17.628
8.46911
19.4613
-6.19463
-10.8756
1.11361
3.96632
1.2865
12.9065
-2.58826
18.7776
-88.4497
16.8938
6.60805
2.11816
-3.45398
2.93115
-7.19574
10.6369
3.36901
0.545891
19.3711
-120.429
15.4867
17.2468
10.6679
-4.38886
19.0773
3.8409
-21.331
15.6644
-13.9262
-97.1138
17.5764
8.79944
14.6031
-63.256
-6.47545
15.9643
42.8125
12.6026
9.10917
11.469
-110.869
-125.766
16.6123
-1.50547
-11.9143
1.27657
17.9506
6.93973
-11.4185
13.8256
15.396
-0.10021
18.6491
19.6131
8.45367
14.8566
-3.00957
13.2759
-5.51458
23.2632
1.55029
-4.38293
42.8253
1.01418
6.58336
21.9917
4.11309
-44.6365
24.606
-83.7725
21.0073
1.20041
-19.5281
10.097
-9.82578
0.684547
12.8367
12.9963
-93.7173
-40.3195
13.4852
-65.0299
-9.12646
53.728
-16.1004
-20.0453
21.278
0.687983
6.0279
11.9244
-54.9342
-22.5567
-4.68884
-4.38949
-6.53436
0.945618
22.7221
19.1819
13.4145
-121.582
-44.6629
27.5418
2.2386
-112.184
11.2167
14.5066
10.4194
1.01629
4.80917
1.07537
-14.9579
21.485
-121.211
-17.1778
-85.6342
-98.1295
18.9208
25.4535
-43.6951
26.3059
14.6123
12.2683
11.0761
10.3474
26.1365
18.0374
2.1046
-51.5764
-30.2853
24.6929
2.25488
3.5154
13.7986
1.26098
12.9447
-53.3997
1.11754
49.2656
3.69384
22.3408
11.5946
18.6889
15.8689
-76.8954
12.9269
44.8328
0.83015
0.833994
32.2582
61.1751
12.7074
13.2725
25.1527
-50.486
-15.7256
17.3464
9.91423
-91.2694
27.4875
17.4959
-62.9239
15.9008
3.70064
1.24828
6.26217
-16.2643
53.8594
0.695794
-8.62871
-0.572264
17.8704
0.136155
9.4856
14.9508
17.4459
12.1449
0.846976
17.3826
0.60729
30.3256
0.121285
11.4319
10.3644
16.7666
8.46159
-50.3614
9.80224
18.3716
-29.3137
-70.4714
34.0688
1.39087
7.5088
17.148
34.35
-84.3625
9.34052
-3.0354
11.1946
16.377
-88.4453
17.5207
9.72872
50.133
29.8658
-19.4947
4.32816
15.9334
17.4566
-65.8292
-4.60984
10.1131
14.9627
1.12248
17.7946
-127.663
7.40566
0.807163
10.538
18.9528
-0.243952
14.8019
23.1003
24.9833
4.61421
-0.902925
18.0685
20.8065
17.481
20.4204
10.7728
18.2544
-70.6432
2.31821
18.1792
-25.5636
14.1385
7.14587
19.743
11.6775
-62.2135
10.6323
5.12968
19.0634
-20.6952
16.7894
-24.6142
-104.247
1.61572
1.02508
-47.6668
16.2316
18.5634
-21.5099
-104.231
1.21816
-14.2608
15.942
-82.3884
13.4182
16.6959
18.4808
-18.3699
6.90579
9.51868
-28.5571
17.4879
8.54963
-84.988
10.5415
-119.346
47.0808
11.6916
18.3945
6.38525
17.0378
-9.15216
-6.29318
20.2255
-18.3638
5.75349
12.8743
-38.095
4.58438
17.6555
-49.1595
14.9581
1.9272
-67.48
-14.0147
17.3724
19.4371
14.7439
62.2505
8.56574
-2.48845
-23.7969
15.7049
-11.7055
15.4923
5.43071
15.6835
0.700484
9.7484
0.662676
-14.0352
59.0009
7.30135
59.3751
6.98735
12.6515
3.99403
20.0484
-9.40099
18.0578
11.1218
1.32053
59.9244
16.9294
9.01231
-8.49943
0.564786
-108.966
16.0098
-5.64487
10.3732
-21.7553
-61.6944
0.892416
-73.4514
9.47463
2.67535
-25.7684
18.4751
15.8164
14.196
12.2069
21.4487
16.3955
12.8333
17.7538
1.08314
-68.689
17.8234
20.3827
18.0194
7.92428
-73.1318
1.28054
-24.449
15.7269
-43.2993
0.770304
25.1238
-67.2088
17.1947
0.660036
40.2689
1.27958
22.9056
4.12731
1.54496
16.1912
10.4286
-107.247
13.8209
-1.44163
-39.2475
1.2405
15.9276
11.0894
30.9923
2.79123
1.06194
-78.9168
15.998
16.6293
17.0709
-20.0598
-36.0316
14.0435
12.7967
15.2162
1.15998
1.44894
49.4161
0.35485
-65.9187
1.9772
-59.0573
0.361805
0.628489
32.4502
50.9947
12.9269
60.1995
45.4542
18.4757
17.8712
6.32897
14.5529
18.7102
2.10068
1.81492
19.794
1.54685
10.24
19.3134
8.92163
18.6821
28.8813
1.36416
-5.47456
-120.529
18.0851
11.9727
-50.6394
7.70172
22.5314
14.0759
10.8536
2.06762
17.4129
-2.22565
1.56364
30.4503
12.8309
0.606412
16.8428
17.5114
15.7874
5.74163
15.6236
17.1153
-3.56141
18.6616
20.7581
-75.9772
-28.7635
-18.501
14.7791
1.29561
-50.5927
17.1802
1.36871
1.088
-125.99
0.674551
17.0289
8.75415
31.5437
-1.14136
1.0915
9.16585
46.478
1.44334
16.327
0.962806
16.7695
54.0367
14.2461
-20.9667
17.032
0.845038
-69.5325
15.7564
42.3748
4.15331
13.0345
18.9465
29.4891
11.009
19.8856
1.81802
16.4192
10.6303
-123.197
4.45165
18.7846
20.0901
-65.0743
-82.0071
17.1176
18.232
12.5692
11.4342
-59.765
24.732
-58.8112
17.9192
11.3472
17.7156
-12.0586
5.65618
17.5428
0.535716
1.26497
-88.9652
-60.7254
8.24018
-2.84436
-74.7684
18.5273
18.5689
18.6687
7.45346
19.0462
2.15676
18.3459
9.53438
-1.93103
-25.1349
2.42586
12.7246
1.20664
36.4967
16.8464
19.6986
-103.862
15.6451
15.6759
20.2489
12.5098
-73.354
-7.01287
1.6448
17.3737
17.1104
17.8032
-4.27936
20.3991
-17.7649
8.40194
8.46811
13.4832
9.44832
15.8047
11.0492
10.5995
9.79424
-1.69459
-10.4161
2.8041
-86.339
11.8925
16.892
0.938594
-90.8993
41.3753
2.20621
23.8237
16.0622
13.1816
11.8508
16.7039
60.9048
-8.27003
0.834004
-94.9726
16.9914
27.9826
-37.1528
3.42816
-51.7105
1.14486
31.0731
1.25796
16.7957
-22.8362
-13.259
-38.1847
-8.49899
17.9317
1.29438
7.71927
22.5238
13.1873
19.5296
8.86912
56.8627
20.6078
16.7224
44.0143
10.6732
15.8212
18.664
20.3686
-10.6062
1.1244
9.87855
11.7167
-16.5813
13.948
9.24493
15.1954
-3.34254
-68.0859
-85.1442
11.2373
6.66795
-71.2275
8.09007
12.9609
16.6608
1.6615
1.4335
15.4641
-0.425112
-19.3561
3.96705
-79.4298
17.5567
1.25
13.8204
15.1652
1.58619
-73.0105
-59.6414
1.36783
16.749
22.4225
16.1381
53.5351
16.2433
21.2575
1.10901
1.28039
8.59302
-17.4609
15.2597
18.7386
-4.32907
13.9604
16.5675
33.071
-65.1339
13.7372
-8.948
6.91829
9.23944
1.28088
13.3528
58.9482
1.69074
12.2373
50.0212
6.20156
-90.4472
-34.3627
13.4835
-2.71889
6.10886
10.9538
5.07211
2.0714
-79.9729
21.5665
-37.1686
14.855
1.2618
-91.0788
-52.8405
16.1871
-10.7837
4.55647
2.38295
10.2413
10.8436
-124.322
12.2368
-33.2004
18.521
0.357017
18.2744
17.1266
-20.0619
8.79138
-5.08531
17.009
-53.0316
16.2511
18.7168
30.0261
-17.4937
8.51705
-89.387
16.3313
-50.9534
-21.9088
-6.30372
16.7472
-7.0475
20.9973
10.8404
8.10299
7.86752
16.854
18.8053
13.8092
10.9504
-11.8902
4.8784
12.362
8.30719
20.2112
12.6234
7.8438
1.18634
-19.5836
18.4343
18.4185
8.85213
14.957
16.6927
10.5627
45.4661
17.6303
19.7074
4.00895
1.668
0.871854
-10.1271
45.6093
38.6891
9.68319
-103.665
18.3705
16.7383
15.4916
-103.91
13.1792
5.38741
20.0462
-86.028
2.39282
10.2769
-24.7813
-128.725
23.6843
44.721
5.64908
10.8643
48.8688
9.62266
-0.350743
-12.405
21.0915
11.1173
1.05902
-20.9972
16.2553
18.1215
8.88324
4.95638
18.6142
49.4459
16.984
11.1971
-19.2797
14.2219
-87.9344
1.12901
19.1742
15.3285
2.48146
-19.1355
18.0264
12.0261
25.536
-26.139
11.6461
48.0127
16.0075
-24.0498
-32.6238
-18.8216
16.9696
16.0011
25.8788
37.5983
-34.0273
16.1109
-51.2041
-63.423
17.3961
18.881
-66.1319
-100.216
26.9267
19.5312
0.864305
38.9582
-66.4318
9.77821
31.3332
-2.66421
-2.65601
17.9795
-18.6963
11.284
4.32897
1.02047
17.0213
13.9703
18.3644
46.4665
10.2401
3.84886
4.27336
18.1674
-1.32798
1.79874
-6.42581
18.3072
8.69175
-12.1295
19.9513
-10.4789
-74.8401
14.9988
1.77178
18.5006
7.74604
1.17487
12.0521
12.7978
14.2566
42.1658
19.8584
31.9141
17.9634
5.44986
-25.6656
17.369
3.76361
9.11675
-16.6821
37.9968
4.68764
23.7617
20.0523
2.83245
-78.6062
12.7167
14.2009
2.50127
19.7707
11.2944
13.6731
-4.31932
1.86459
-12.8335
-53.2579
12.9507
4.9136
16.8182
18.8451
12.6594
17.7117
15.7888
14.6165
16.8357
7.01215
12.8381
14.3074
3.8351
-31.7312
15.4243
16.7484
-13.8902
-27.1336
34.8229
17.3143
-13.3154
8.80949
18.1125
-51.4077
-92.2045
7.98143
5.18076
-59.7048
5.06459
8.18355
12.0597
53.6346
3.0001
2.5121
57.5036
-5.59311
13.0671
27.5826
-22.9668
5.57427
16.2113
32.4788
7.50258
17.103
46.5801
11.8738
30.5136
9.45728
17.3577
20.4551
15.17
17.6373
10.1901
32.952
-79.0606
-16.8828
-5.86951
-14.4329
10.9431
-53.7692
3.25509
2.07679
15.9323
11.2268
10.0954
8.60955
16.244
1.08447
7.01968
-11.5947
17.1915
5.20617
17.3943
-14.5239
-49.7541
17.9251
17.5971
16.0764
-27.0942
17.7295
17.3635
10.3396
12.0274
31.3554
12.1769
15.0101
-1.30841
16.2132
-94.4877
-3.34207
5.53539
0.750933
-7.27891
12.317
4.5165
11.5798
1.31749
15.9808
2.76208
-106.524
17.2259
60.9141
-59.9714
-26.6177
18.3998
7.30414
37.8755
1.16489
2.43158
7.46077
-4.53171
-30.7684
15.0486
-9.31453
12.8661
46.3045
1.80178
10.7151
0.646314
-65.059
3.6289
19.8636
15.7905
-127.423
-52.0391
14.0194
53.6836
7.74776
3.13467
-98.9078
50.7985
6.85239
16.7394
36.0907
19.6992
0.908053
-16.4267
-75.3196
22.5435
17.1008
14.746
-91.9412
10.2607
22.5483
-104.928
26.9869
56.3973
0.927027
16.5358
-2.52277
7.24812
32.9291
-30.7498
17.6561
7.22528
16.6159
37.0077
19.4508
24.2849
16.9728
-4.46498
26.0486
-65.0133
-20.1229
-79.6703
20.1544
4.85667
29.2488
8.13297
9.33255
11.9609
18.0405
1.06161
8.41137
-33.2598
9.84885
0.739342
4.45849
14.0478
10.8623
12.5331
2.28184
-29.8319
-7.26496
14.7631
16.3259
-114.618
19.7163
15.5904
18.5536
19.8409
-20.0433
-4.27021
7.926
15.5095
44.5457
16.3034
19.0248
17.8105
14.9313
-7.86497
10.7918
16.8612
9.72823
-87.7118
-83.5202
-52.7838
16.9223
-50.3228
16.3421
-6.04711
24.0271
23.2517
2.34507
18.5586
11.9891
0.828476
21.1813
1.09182
8.47001
-104.003
-108.732
15.8658
18.853
6.74513
11.1969
16.0149
-7.04487
10.0229
-21.181
-84.8248
56.9681
0.575534
16.6402
-41.9979
-22.7753
36.9599
19.4563
1.22276
15.8837
0.773939
0.887645
16.5601
-92.3872
15.9892
0.930854
19.6467
14.7679
-3.91132
8.67738
0.668146
7.95166
-21.5788
0.573113
32.9148
-21.9637
6.98653
16.6458
5.92761
16.9818
-21.5176
-0.630696
8.99548
10.2188
18.9359
9.4666
-47.0082
9.08586
48.2593
4.51737
18.4709
-6.16137
-21.802
14.3902
17.5523
8.46881
-77.7108
-27.3233
12.4946
5.90404
1.01468
0.773416
-57.1573
1.17012
-3.00005
9.75515
19.2947
24.3956
6.18908
-25.6347
17.4087
16.0167
5.31208
-43.18
14.3755
1.09556
11.0296
8.44604
-8.76735
15.0941
-16.4132
-24.8362
17.1327
-44.5854
11.0713
9.53211
7.42036
16.6391
6.59802
0.725673
-15.4502
-111.786
4.629
18.6416
18.517
-10.7456
-36.1502
3.16676
8.99208
12.1908
12.7175
34.845
13.5188
-18.818
9.57914
18.6137
13.8034
21.4402
41.78
15.263
17.1719
2.03251
-0.460756
11.3738
6.64226
-10.3272
24.1887
25.5746
30.1342
3.7392
-44.618
-75.103
1.25928
-21.1784
17.8147
-69.3312
2.87202
16.8069
16.7125
16.7877
4.04169
16.1348
-96.947
2.91145
-14.7812
2.56013
5.53926
-11.2504
6.28111
-7.22137
6.37934
16.7792
-83.292
0.837614
8.28655
-29.2384
0.64518
1.32789
61.5832
-21.8777
54.0427
-13.8688
1.15289
27.5967
1.59554
10.9623
18.0222
13.5154
17.0911
28.3301
-1.35576
-60.5438
44.5723
16.6603
18.076
-11.8975
-41.2657
60.1575
9.67448
3.46735
14.9661
15.4449
9.29982
-24.2422
-2.42958
2.54345
4.29736
18.234
61.7083
6.51729
58.8381
16.6117
41.6153
2.30509
6.93888
11.5452
13.1132
8.45799
43.0538
-81.0795
10.1918
-83.2461
1.46722
16.9055
1.45775
-22.2608
14.5783
-86.6473
2.84057
18.444
1.67829
12.5291
4.20115
17.6776
11.5695
8.64679
2.80207
18.6852
1.85367
-60.2182
1.44702
15.2098
7.00361
19.2152
8.80472
-67.5743
7.9942
-52.333
-14.4237
39.9544
18.5094
12.094
6.366
17.3673
17.309
19.2077
10.3484
12.3462
12.6957
-5.97202
19.5643
18.8216
-10.3213
27.5516
1.28406
10.21
1.27543
15.6588
17.187
14.0226
8.36443
3.72233
-1.35436
1.06994
12.0164
28.987
-22.9727
16.5154
11.7185
13.2668
-91.1098
16.9298
14.1904
27.8958
-23.6628
18.2472
3.48098
-0.0883533
14.0445
44.0621
10.0477
-50.2507
-37.657
19.7234
19.3596
0.691972
-4.631
-3.83045
-93.1309
22.406
0.715476
55.6752
-16.4315
56.1593
-107.477
18.6063
34.4521
40.6997
-20.9512
-13.3416
-6.44102
8.38713
19.044
2.0197
19.5077
8.34029
-73.0688
-3.70165
18.7077
-17.6569
2.35953
6.95848
12.9935
9.75447
1.05715
9.26276
1.11098
1.54202
-14.6187
12.6426
0.842833
9.63335
-23.8711
8.07154
4.86886
0.378024
1.35373
-0.438424
6.17239
33.75
16.3223
1.3324
5.97294
17.3668
20.1088
12.4342
1.32614
14.7741
16.1619
9.26054
1.09733
19.5604
1.19009
28.0449
-48.4285
6.4555
17.4404
18.7778
-78.3272
17.6784
7.54168
17.0912
-21.9208
-4.22252
18.6767
38.3851
0.609473
6.40007
0.981994
0.803446
16.8948
7.13209
3.19258
31.4193
1.75756
5.30979
40.7046
-62.3897
1.69463
2.29378
20.7901
15.5364
8.27431
2.42071
0.687208
6.92474
-52.6366
13.4638
7.29307
5.47548
-22.6753
-27.3481
-67.4016
11.1768
3.94352
-32.4133
32.254
31.4286
1.87883
16.9042
29.9374
18.2211
11.8491
8.74244
-20.7141
40.1846
-86.8664
-106.997
-35.6679
0.271739
18.5787
6.10614
2.47777
1.16131
0.566047
19.856
-5.26613
14.5664
1.66614
21.2528
-94.6463
26.0999
-15.6674
-21.4138
-28.5959
13.0271
-6.08391
54.3015
28.407
9.42675
3.41466
-15.3013
1.3454
-103.515
10.362
9.70928
18.8631
0.526018
7.0388
13.2586
5.05246
18.5891
16.977
0.808549
10.1681
18.5895
-45.913
18.8704
17.8091
19.443
-36.0052
18.9949
5.67817
15.9522
10.6003
1.64929
17.8457
1.30837
13.7271
15.5412
15.4319
1.30957
-22.8773
24.2226
28.2677
1.2645
14.1956
4.89374
49.595
10.8377
18.0823
4.70192
13.5724
-110.183
12.2552
18.1536
-12.2282
1.47659
-33.9063
15.0786
-51.6096
7.05219
-5.04295
9.49994
7.35713
-4.47955
57.3507
19.2242
13.1177
-65.4635
1.4679
-85.8883
19.0025
3.95867
-28.5293
5.56922
19.4361
2.76145
-23.9309
9.38448
21.4956
9.13874
8.86648
17.7468
11.5403
31.7225
14.6272
47.3716
-43.9743
42.3706
7.82225
18.1446
11.8614
6.75681
9.53646
1.38307
-14.7775
14.395
-54.7792
10.7596
17.0633
-109.85
17.5889
52.4363
-43.1109
24.3971
16.08
0.866698
32.9128
8.90563
3.45604
16.3062
1.44508
62.1069
14.2657
-79.3792
1.1164
8.46148
51.3312
59.494
3.85173
11.6034
10.9584
-43.5754
14.7301
10.4326
15.6478
15.016
8.88255
19.8226
0.989035
48.5651
12.4079
-13.4995
14.05
29.7783
5.88184
8.72422
1.79852
8.1374
16.7047
4.48454
-39.8737
15.5286
3.90223
8.50135
26.4704
0.992345
15.8007
-78.2688
-85.3797
18.5655
1.33343
7.96749
9.13804
18.7729
-3.04259
-0.038824
28.1743
37.7517
62.3945
26.9128
8.47802
2.23403
16.6912
24.4033
-75.8788
34.8391
-59.0074
-95.4212
44.0352
8.02843
11.7266
-9.60601
-106.621
10.0867
-40.0049
-19.6851
11.1813
10.3836
5.1632
-5.50001
16.7552
7.95529
7.95473
16.5602
-23.5654
9.3854
4.64313
13.2266
9.63529
20.057
12.0956
7.29969
5.85437
10.7355
-10.7475
1.06705
18.5149
-78.567
22.946
51.9244
16.668
0.775641
47.2433
17.9979
16.7898
11.3024
57.4793
6.10087
18.8325
19.1274
55.0169
-91.4089
8.29952
1.1246
-72.4133
0.991289
-0.862295
12.2317
22.3902
-0.623355
18.4004
0.805804
2.28259
4.29138
-46.1044
13.5595
-21.8764
5.02803
16.367
6.85602
-36.2018
-19.8295
7.53588
6.50389
-49.8971
18.7461
15.4288
13.6967
5.7091
0.856059
31.8215
2.78917
12.8141
14.5686
47.008
3.04882
10.0091
-99.1812
-21.371
-34.2252
-89.348
17.6344
12.3509
13.8849
10.1553
17.0962
11.4653
-9.99151
28.7534
18.2448
4.8493
0.841632
-9.38266
1.96366
4.9103
-6.62542
-34.2431
8.0834
18.3815
16.8652
58.1236
26.1547
-61.9218
14.538
-1.80777
13.0794
-22.3151
4.80236
-17.5879
16.1398
-0.991275
17.0797
0.48084
1.52186
1.62393
-69.6271
15.3336
-55.9447
-45.711
13.7803
11.8935
20.5745
28.0576
19.7267
31.8261
-37.2723
13.3606
14.1487
51.8613
9.0842
17.2424
1.33169
16.8264
4.72474
9.11754
-115.275
1.30168
24.6032
1.32757
15.203
13.0575
-3.80396
39.5542
-119.056
9.12829
60.7947
4.60098
0.165753
5.38659
1.39471
-39.3363
-59.9617
8.15618
-40.3337
16.237
2.33158
5.37167
12.7271
-122.396
-39.3214
11.0648
20.231
-16.7182
3.11108
0.804684
0.942905
37.7588
22.6553
-1.2195
-45.8893
9.28191
1.27673
4.76901
1.83295
18.6669
8.69223
9.87115
15.9178
11.2292
1.13304
17.4049
1.40078
17.4134
-82.9673
14.2075
16.9406
21.441
17.8033
15.7684
16.9875
-88.9089
0.703757
19.4234
18.5831
2.35269
10.965
-75.1111
5.07628
-26.0179
19.0093
16.787
15.7099
-58.5197
30.4833
-47.1168
1.51963
22.7373
19.2278
-107.47
33.6682
20.2868
9.35973
15.6818
18.8564
-8.37249
10.5473
-20.1204
-49.5853
24.3777
1.21474
-3.62691
18.678
4.0939
3.06904
59.3118
4.67729
11.9223
5.17614
-5.28352
-12.9442
0.267214
17.7651
17.9645
-9.03142
1.28916
-2.64478
1.30191
7.35671
15.6264
-96.7699
39.0806
13.867
28.6531
2.40392
15.3092
26.0076
16.6324
18.6939
-11.8198
-2.29432
0.801251
9.01322
11.8981
-5.23777
5.47052
-43.8372
9.6656
10.4034
1.40409
-44.5826
-92.8679
-0.389444
-66.9178
17.8428
15.1089
4.51425
0.535596
13.5451
5.98509
-10.8353
19.3262
7.96665
2.45132
-0.630663
33.9921
1.27779
-4.58333
3.3111
-46.7142
16.6752
-34.4313
34.7
5.9797
-1.02644
14.6809
12.3435
16.8052
18.633
22.1756
28.0347
9.40031
10.2209
-51.2807
18.7152
8.16814
37.9253
14.7083
-4.67652
-57.6924
16.3727
-91.5268
36.6792
17.4529
16.571
38.0283
21.7554
-57.346
19.7388
14.5054
19.3641
1.84777
3.03411
8.87138
42.3708
19.876
14.9302
9.02821
17.6043
18.8381
4.79377
6.4775
1.3082
7.16576
10.1729
16.0261
12.4032
1.12482
1.22793
6.423
-2.80665
-4.11435
9.24142
-2.20554
18.652
46.534
0.914454
-11.5697
-3.16114
9.42086
15.514
16.7918
-105.624
41.6678
17.5634
20.3738
8.03925
53.1283
1.04955
3.00654
-124.885
-17.2904
11.9743
17.2964
7.5817
13.2599
4.85212
7.69837
5.88576
6.36817
15.9546
14.4167
-70.8069
33.101
1.30437
9.96758
17.3062
25.135
23.0743
-2.71777
-2.5518
25.3602
-88.4242
-40.6613
2.38825
20.608
4.37342
0.147593
9.3133
6.11124
0.709186
18.8648
9.49989
-8.95641
10.2917
15.8658
1.28414
16.6762
16.4191
59.0725
-14.0487
1.34186
18.6981
-1.40639
-1.49397
15.8213
-1.28844
59.6679
1.19417
7.78156
-56.4128
-105.238
19.5968
7.47697
18.3829
-103.308
-3.54232
16.9996
4.72974
-17.7256
9.74294
17.3619
7.29716
23.1496
11.1725
38.9791
3.80639
-3.514
1.85495
19.5018
33.5792
17.8869
-74.6657
17.5839
-118.531
1.50287
11.8744
-36.449
-126.09
17.8681
0.795115
-99.9951
12.545
-3.79331
22.9106
0.832684
-37.6438
11.3919
-69.7349
15.1894
7.39489
-19.5424
9.54572
18.7286
-4.5273
9.80726
17.526
-80.6433
13.6476
4.13974
0.461702
-117.101
-79.9999
14.3894
-10.117
-7.29847
16.8163
-26.8966
16.4194
0.611837
8.00462
-26.7393
-12.4259
3.12565
-116.598
-15.4906
-40.3031
-6.3367
18.1859
1.17769
41.4971
-103.394
-59.4225
29.4208
-1.2326
25.0933
3.35714
45.9661
0.914367
9.11122
0.879157
1.31786
0.841779
6.18757
3.05387
9.02948
35.4135
11.1524
0.691071
-20.2521
11.7372
20.6215
22.5174
20.2406
9.10141
3.82398
-24.2059
-9.02524
1.13721
-57.4064
9.23224
40.4847
18.388
0.901621
-42.4949
23.1467
-7.1304
0.678959
-77.8745
2.54521
17.8956
-35.5181
22.5169
10.4649
16.414
-1.5731
19.7824
12.8364
16.0673
-17.7083
0.970872
13.617
4.21605
1.06293
-17.4453
5.2079
19.5793
-117.447
8.00602
10.8599
1.40475
-64.009
0.989298
37.0967
16.3872
-24.9971
-90.3886
-9.66719
-64.4109
13.8704
3.79819
30.8691
58.088
9.21942
-27.1502
3.35664
-27.06
-1.32516
4.52766
15.1102
-5.15666
9.91396
14.5727
8.89481
20.7531
42.3147
-1.57173
15.6721
-1.94628
0.942391
-17.7708
-121.915
4.2646
2.23209
-94.1284
3.94959
17.8939
1.10811
17.0436
8.81493
18.4961
10.5743
0.682932
7.20525
14.7954
18.3325
1.87867
10.4466
17.6298
14.7369
19.032
43.9038
17.8988
-29.9041
4.61702
1.22434
17.3575
-14.6621
12.2827
61.571
-82.8203
55.3514
44.6817
16.3575
-48.0246
42.9658
13.6672
-6.58837
1.11532
22.861
19.9452
5.79322
47.9156
8.66266
45.699
22.697
16.958
14.9514
12.9289
34.7994
17.2985
2.51659
18.7757
60.8837
-73.0534
3.28315
8.79363
-8.07891
-45.2639
-56.6451
13.2031
-81.2195
18.5865
61.2343
9.83412
7.14776
16.9399
34.622
3.76195
-58.924
10.8805
-113.378
2.72334
-1.81212
-97.7978
0.704366
9.02351
21.1279
17.5869
14.1124
-29.1026
13.9489
-16.8709
6.17656
10.239
4.98063
32.0594
16.4836
-38.3281
-72.0837
1.62062
18.7351
15.4141
-34.6803
56.8448
-38.9446
-3.99155
18.4078
-129.765
8.25445
6.12397
-10.971
2.9191
16.2362
57.8126
-75.807
-5.95913
16.879
27.0367
8.70758
17.5376
0.909041
-15.0203
57.4832
10.5659
15.6068
1.56877
11.1404
-129.567
18.6928
5.14373
-109.634
-14.0843
10.5981
1.30203
0.675129
-3.89941
-66.5961
15.713
33.4925
46.4083
25.4712
-40.7442
6.37194
6.56784
-14.4485
1.48676
19.8827
18.2121
-5.79585
9.63469
19.5634
48.0675
58.2336
18.9027
-17.5686
-2.02145
10.1092
54.8191
15.6927
22.3762
1.3864
6.46657
15.0977
19.4785
18.2707
-90.8068
57.5423
38.8962
4.88591
46.6172
36.2834
15.1174
-36.347
17.8673
17.618
-3.06886
52.1099
-27.0574
1.90493
-17.6878
57.2544
15.8373
16.7122
11.1258
20.0002
-16.3778
15.3984
-48.2571
53.9314
-55.1941
11.0805
0.283529
-46.6056
7.0249
17.4897
18.064
-46.0249
17.4673
0.808977
1.96561
18.7583
18.6286
0.973495
21.103
-7.57223
6.6392
2.90992
18.5305
57.0437
-1.27219
9.05923
16.4414
-16.3328
-21.6823
4.12388
-9.72038
11.3613
1.23752
-27.6082
16.6813
13.0326
38.8478
0.957429
13.732
-44.0686
36.2068
2.85772
9.43584
25.6729
16.3598
8.76828
20.336
-4.95444
7.41249
9.99244
-39.252
21.186
0.811495
1.11241
17.1229
8.71006
9.81474
19.1168
1.44461
1.0798
42.1581
-119.304
34.9726
51.4093
-49.4844
1.19065
0.985608
3.30097
20.6402
1.4058
-7.85254
28.4825
19.0418
-118.059
24.778
15.4371
6.25831
-1.39916
54.7727
57.6294
15.8968
1.01621
23.037
5.08092
15.5054
2.79894
17.8198
3.88898
59.8259
-8.08101
1.33825
1.6853
-17.6508
11.0962
22.7547
-42.5948
21.9012
20.5067
18.2282
-65.1208
-25.2212
60.4736
16.9778
12.8195
-127.586
-60.652
59.9819
9.8855
-15.2759
-68.095
-35.6597
19.5194
43.8439
-40.3957
-76.2334
-112.975
41.0359
1.35239
10.3714
11.2273
16.1499
0.707109
17.5114
35.8345
-40.8155
19.6704
-16.5559
0.475316
62.1673
18.0236
17.9171
15.8592
1.36833
-10.4014
1.33795
15.2269
18.2813
11.3835
0.853103
-115.052
1.31067
52.8003
8.78515
-56.5931
1.24687
-20.7463
-95.4028
9.14045
11.217
60.0344
0.746801
-85.3234
-38.6922
59.9831
-125.727
7.59367
0.743185
18.6453
-9.0186
-66.0945
52.9813
-76.7567
1.25877
19.2321
7.01219
6.48958
-49.6383
14.6285
-16.8955
62.003
-78.7027
1.48014
7.66442
1.26922
1.41335
4.08341
-102.634
6.30643
15.4407
44.7088
21.4828
20.5877
21.9912
-83.7093
-1.69028
19.561
8.68229
1.00659
2.07589
-3.34283
17.9876
-18.4416
1.16155
8.08406
6.75628
19.1355
3.658
13.7174
-19.2744
1.31405
0.858906
17.5296
-104.953
0.636983
19.0735
10.762
0.858402
-6.5636
57.6774
8.78123
-12.706
-11.0266
-62.5273
11.8969
14.6622
9.5192
19.9736
-0.132541
-8.22298
-31.2958
0.703959
13.9618
8.64584
18.8981
-0.768514
17.7715
30.3138
27.2557
7.95029
-12.8569
18.3674
-36.0794
17.4553
1.40457
0.564837
12.7641
-61.0455
60.0093
18.8467
10.4383
6.02292
17.6741
-105.303
16.5718
10.5194
0.946809
14.8506
-16.3334
32.1698
16.8754
5.00071
-28.2332
0.11799
17.3087
1.28571
16.2076
15.4031
34.5283
6.44686
-77.0538
16.2419
7.13896
-12.0967
0.601114
14.4612
17.5941
23.2308
2.0677
60.2646
28.8047
25.4105
11.3667
16.7885
18.6266
2.06989
8.14333
16.8117
9.10028
30.9619
-2.80099
37.0673
1.35906
42.416
-11.8503
25.8548
17.2155
-41.6806
0.729533
2.57249
35.1204
0.0589549
13.7546
6.47586
48.7976
1.32415
1.89972
11.3867
16.6683
43.8888
23.6148
-0.28303
54.9696
-47.9052
11.7798
18.7954
7.93696
14.3223
56.2631
-67.774
48.8991
1.17509
17.1415
-89.8079
25.625
-101.367
0.749754
4.72603
-41.2215
13.7171
10.806
18.4606
37.5246
8.17624
-14.3972
12.9147
-3.26539
-5.48741
-18.9618
-64.0755
-115.207
-45.2995
0.862194
1.96503
53.0069
17.0604
13.1881
17.8065
-31.4656
-92.9492
1.28063
37.406
5.09033
18.6139
-23.6324
1.19097
19.188
18.6593
-35.1766
19.4544
16.2365
2.8493
-31.7285
7.74414
40.4372
-108.087
4.48464
-99.5386
16.8283
-61.9027
16.7463
13.4515
5.58286
-74.2445
31.2242
-2.00258
-11.6099
-7.07866
30.7765
13.2629
16.4278
-59.6668
9.33988
-23.4158
19.5112
16.8082
-101.434
7.62065
16.4738
16.3147
9.38738
18.7432
13.4144
1.06227
0.614689
-0.297226
3.47735
17.9263
9.45304
16.3696
-23.5923
14.3239
17.0178
1.14791
-17.7096
-45.9353
9.35178
13.1861
15.9635
0.695565
4.95451
-60.3704
1.27832
-27.9862
17.1657
19.3706
21.5906
5.53007
-54.8359
20.1336
9.55206
15.4352
17.9993
25.8249
-1.36863
21.9361
-67.0524
17.2448
0.792116
-13.9448
12.2418
9.98078
-4.52161
0.8462
13.7632
32.4199
13.287
-82.2201
4.69287
8.56026
-47.383
3.97753
7.13538
3.31087
5.92423
1.1418
1.25241
0.694957
3.35391
12.1177
10.7999
8.281
1.16803
3.07316
50.1744
19.8127
7.62812
1.02552
-11.8179
12.5654
1.15428
4.45197
47.4059
7.50726
-102.123
-15.4011
27.6059
19.0221
-0.484779
35.256
55.9672
19.5552
-48.9726
3.01352
16.2335
-47.3447
6.86726
17.5852
5.14155
-63.0141
51.2678
42.2445
17.0094
16.7638
61.2432
59.1896
19.8354
16.8256
5.99207
1.17825
-15.9458
3.02622
2.38156
-72.1773
13.1865
9.67436
10.9892
-92.8652
8.8757
11.6076
18.7893
1.27896
19.2094
19.3123
11.7645
20.4328
50.9615
4.59913
6.94055
9.46161
36.6072
0.781077
14.5786
-84.4396
31.7747
36.3094
9.11705
-7.14186
4.09124
17.2341
-2.29371
8.9693
-104.403
18.8114
16.7128
-7.68759
-4.2369
-32.2706
1.00934
17.1313
13.5898
43.5827
0.254482
18.7187
16.8935
19.1446
14.3464
0.563823
5.43404
9.36758
3.28204
41.0727
12.8229
-29.214
-14.2239
12.9377
9.68924
2.04594
-5.27026
-33.2419
10.9305
49.0714
-63.9896
17.7543
14.0084
1.5869
10.0349
4.24545
16.0007
23.3269
1.06489
11.983
0.9117
-7.40203
17.74
14.2171
7.99766
13.5255
18.2817
21.5391
-116.11
-7.26433
15.948
-48.216
-90.0431
19.7567
23.1419
23.2426
-25.5131
7.02973
9.41453
15.6213
17.2741
40.8947
-50.4683
-40.7175
12.5969
3.57499
7.40825
-41.8231
12.616
17.8682
1.40443
32.6428
-3.96996
20.0078
21.7215
9.06411
-20.3064
16.7676
-2.49001
42.1793
18.0137
2.27375
17.0469
12.1908
-113.991
17.3024
5.864
8.8254
3.06372
36.075
18.8855
-27.6604
9.54051
19.7128
37.6311
0.723032
2.76703
-0.0314605
3.02135
16.6045
5.68702
-44.9862
2.3339
19.1702
8.93556
11.4766
1.39003
-19.2588
-10.0041
13.1913
14.7923
5.14136
-14.8714
-2.14862
17.785
-91.6173
19.2027
0.750291
9.55164
6.91598
-112.296
22.5892
7.57277
15.3114
18.4152
-57.3162
17.4757
2.27358
5.41263
17.718
9.23823
-49.1381
-9.28281
18.437
9.60968
18.6693
-113.338
2.65671
5.25488
-96.7629
5.77651
-121.508
-120.927
8.18889
25.0776
18.4986
-76.1864
1.59925
58.8065
17.975
6.54255
1.46837
-0.823105
5.59654
-35.9955
36.0891
18.5196
47.4232
-48.4462
21.1973
14.2295
-7.66387
17.8637
18.969
-54.4715
-1.05885
2.64878
20.4198
12.6741
-56.5319
14.6545
9.80099
34.1275
18.8829
6.6395
-52.6524
15.0823
-108.695
1.37634
12.4609
16.3928
8.25462
24.1056
18.225
-46.6584
20.8908
7.17776
10.2157
21.3694
-57.0846
7.88539
0.670404
7.29748
24.4009
17.9167
18.5336
0.15409
-40.6967
9.80356
15.2791
-30.5417
19.5187
1.15859
0.994632
5.31126
19.0157
20.7937
-30.8323
-1.27774
9.20464
45.0439
-102.85
4.34675
33.8313
3.29198
13.6744
0.381945
18.6759
16.4648
20.3336
3.42141
-16.2024
35.8091
1.24077
-79.7971
9.73002
25.5414
19.6939
16.445
9.88333
1.41253
-63.6605
20.8669
8.15635
-80.9574
2.95173
16.2961
3.88727
27.2141
19.8693
0.825827
21.6244
7.635
0.639401
2.0609
17.34
-0.131327
17.0402
16.2324
0.326435
34.2433
32.6117
1.10917
12.3871
0.957269
-9.94597
34.4406
9.59967
18.9036
6.10827
1.29774
14.489
-107.064
16.8209
-29.7492
58.7175
17.2796
1.26369
-14.5418
24.7307
1.08085
-41.3679
1.07753
-11.1206
-117.842
23.2221
56.7738
14.5863
8.30451
22.3338
46.3698
0.750458
0.656104
-0.651572
-45.9273
-14.5079
18.1008
1.44262
1.98262
-35.468
17.5377
2.17209
-46.0016
-99.8565
-60.0687
0.78086
-69.3809
17.3243
11.6329
15.9438
1.34116
11.97
2.82231
-3.02557
27.2976
-96.0602
0.54257
1.48733
16.4015
11.7338
1.2339
18.2886
16.6808
-42.1849
-114.712
6.13489
19.8943
14.1576
17.4781
18.034
-23.1653
12.4221
17.1158
-6.62129
-71.7667
19.9058
9.73947
-7.08431
8.422
0.995983
19.3087
16.7674
0.963833
-1.81017
9.12121
25.9323
51.6881
-85.3204
33.9106
27.46
29.8425
13.2649
-6.77913
12.3751
-107.652
17.4411
19.7823
23.339
55.5634
-78.9052
0.946563
-2.19743
-10.5795
-22.6697
10.256
38.1743
21.1779
-4.09385
-4.90029
12.966
-0.836628
9.87258
20.5567
0.892042
14.5869
0.747958
15.4997
15.6215
22.7348
-1.59413
20.8678
0.685342
17.9852
44.1229
-124.423
19.6578
47.3502
-4.42642
21.9729
25.5319
11.2065
1.79066
12.764
8.06288
3.85285
4.47704
11.9674
17.2725
-81.5158
14.4985
-70.2197
-43.8011
43.8822
-9.17889
18.1646
-81.8202
-24.3389
-8.70986
22.7081
10.3214
-13.0923
6.02002
-119.872
17.1442
16.4536
-80.6398
14.5039
10.1487
1.46812
14.1748
3.43523
21.8079
-4.2646
16.0244
13.9125
-18.0905
16.1763
-76.6641
0.705673
12.2588
58.0594
-38.8462
26.6076
17.1821
22.8508
30.4676
41.4773
9.11051
2.23121
-6.59929
15.2071
36.9466
9.84189
1.06602
0.745388
1.29323
14.1363
11.9634
-112.382
14.6745
1.15009
1.22109
0.952153
-14.3925
-129.218
18.8183
0.715815
13.0077
-109.097
17.7861
-32.974
2.81074
48.3269
14.9196
7.77181
43.5115
1.20674
17.6379
0.888137
12.5163
-18.711
-111.881
18.4644
14.8842
27.3322
16.7697
17.4979
-52.6244
-5.14598
-69.5573
-14.5619
-52.4393
1.35664
16.3979
17.1344
11.5884
0.581989
1.20126
-7.90365
3.65605
1.12548
16.0935
1.90777
17.2184
10.8978
10.1933
1.09741
1.81645
30.2602
3.35697
-58.8918
-7.52434
-6.69715
2.35675
-108.284
16.2834
15.232
-84.9563
16.5114
5.95222
-46.0542
20.1921
29.3317
9.84454
-34.0428
-34.0463
-1.36301
9.75983
1.49664
6.76697
7.61593
0.961939
21.6275
20.6117
-100.526
-60.5201
25.1201
8.55117
56.6466
-29.4864
-116.579
1.48117
-74.3234
11.4967
0.706132
25.0274
-34.3299
-3.32196
23.4047
16.0231
-48.3716
18.0293
23.6256
1.49394
14.3334
7.4841
12.2632
-88.3093
7.61
3.45586
16.0416
8.08263
2.93891
-42.0177
61.6912
-2.57032
-114.345
19.0373
42.9015
17.1403
-7.39377
-27.6835
14.6022
22.2669
0.664391
18.4785
20.6984
17.2624
18.9878
-74.3044
-11.6735
11.8354
-19.1768
-43.0988
12.4086
24.7991
25.6094
8.52869
-0.0611268
9.94943
9.98197
1.6914
16.7828
19.7342
6.73882
-94.218
16.6105
8.2782
21.62
8.87712
-64.8977
49.9873
24.5648
10.6794
0.944751
18.0414
-35.8809
37.696
18.4605
-8.69969
13.1329
35.8837
52.9542
11.1116
23.534
17.4829
15.7444
10.211
10.2492
-15.9215
17.2187
19.4291
18.7136
21.0145
3.14421
16.2172
17.3473
9.7482
-44.4975
15.3355
8.42387
-1.43508
26.5388
1.40466
-17.033
-79.3287
54.2162
15.5642
1.22611
34.5361
31.422
9.18847
17.7376
-23.7646
10.3363
-30.0626
5.37601
18.1834
62.3471
26.7365
8.84923
-35.0285
-80.5162
17.0125
38.2705
61.2032
16.5797
17.6144
14.728
0.851561
12.943
0.814768
-5.76291
7.21137
16.8103
6.95064
1.082
6.93394
9.02125
-21.1908
-42.759
40.0569
1.28947
0.715431
-22.4664
62.5854
-62.3494
20.2487
11.0915
18.4672
-105.499
-35.5637
14.2261
9.68615
16.8795
60.4635
14.0612
22.3902
11.1753
-33.385
6.48772
14.3503
18.3891
21.9969
13.1463
9.7148
59.7461
11.9223
18.2439
1.45833
22.471
17.4386
54.9425
37.5716
19.0784
-25.0467
-31.0663
23.8775
14.0405
61.7811
-15.2678
20.1685
19.7709
-45.5837
25.8108
-62.7074
21.6753
-113.576
18.1436
4.14855
16.78
30.8289
59.1456
1.35132
-26.8291
0.976503
50.0621
30.0158
18.4568
8.9691
19.0688
53.5069
62.9558
-82.8266
17.6155
-0.636975
25.6441
21.0523
45.5973
-29.3954
18.8176
-14.4451
20.039
7.84384
14.944
-40.2992
16.0883
20.9395
56.9285
-63.5263
15.3266
21.6417
10.4456
13.7812
10.4857
58.756
-58.547
-88.4043
-127.722
19.2912
-88.8943
3.7849
-8.48747
-11.8417
12.3834
11.2009
-12.5506
29.5419
25.0056
44.8415
9.38668
-42.8269
3.1489
61.2173
-63.5621
1.46005
-5.76765
43.1146
18.3616
6.86287
-2.28415
13.2083
17.6854
10.263
-0.351137
16.3713
26.1621
8.43243
-7.71053
-18.1825
4.43954
0.141733
13.9516
-46.3742
16.0166
13.9414
-83.3714
12.8939
6.12467
-85.9283
28.6015
-0.742223
5.77678
22.4719
0.29115
17.7739
-120.297
7.15249
19.2945
-42.5334
0.670944
0.865936
-3.17054
50.3638
-37.7805
22.4369
18.5257
17.5894
32.7262
3.04334
15.6586
-60.0893
-44.2681
39.6488
17.2974
9.06008
17.5926
10.7896
-90.0207
22.3144
34.7567
9.96702
18.586
16.7485
3.3683
8.3754
0.530802
-82.2159
-67.3552
0.802648
16.5831
-71.1176
1.39581
0.686608
-7.49956
-13.7105
-86.6579
39.2449
62.241
0.202285
20.7431
14.3997
-29.3165
35.0365
0.566147
13.4027
9.45566
11.3013
24.4336
16.6357
33.3472
13.9332
-24.4336
17.9513
14.4091
19.279
18.6723
1.31721
0.180715
-72.5882
22.1676
5.88426
9.43775
5.92651
-99.9584
19.5804
1.19151
-124.2
12.5958
18.7664
28.6873
16.4702
10.3712
1.53383
10.5102
33.64
18.5359
-3.365
6.27192
15.9385
11.7459
21.5483
24.8151
-24.511
8.74849
17.9902
31.8913
33.333
-79.856
35.2497
3.2716
7.91967
50.566
1.29849
10.9767
-122.153
-33.8006
26.6509
13.3802
-108.114
1.45897
28.4667
2.2046
16.494
-127.054
9.57959
62.1221
18.2672
11.8425
4.56567
19.2894
-22.6392
26.9268
18.5616
-121.092
0.726507
1.48282
11.7555
-19.5165
30.1937
54.0255
50.0852
14.1451
-29.9327
15.7215
10.6163
16.4963
-46.5659
-37.0994
1.14144
1.23516
17.4246
-1.88084
8.57133
-97.7155
12.2016
-9.80565
0.474934
19.8127
-97.5336
52.306
1.30833
16.8371
40.0063
40.4281
0.890465
18.5635
17.3376
-95.8569
-15.5571
14.6051
62.3004
-66.2999
-46.0965
16.4963
17.5673
43.1498
50.5639
7.59916
17.9189
0.902286
16.8876
-4.71323
5.28978
-60.757
-0.197277
25.9498
16.5734
24.0933
51.9033
-23.0235
42.8355
19.1352
45.9466
-78.3581
1.19329
11.7526
-6.5475
-97.4999
52.0649
14.9865
41.2046
19.0804
-57.2251
1.27948
11.8887
21.713
45.2942
-3.18916
40.5341
15.8297
-12.0102
7.03803
23.0167
-50.9439
35.7977
0.985595
2.37529
-40.1529
25.317
11.2412
1.30147
5.67752
21.4432
26.1496
9.47236
9.85179
17.3961
-98.594
16.9645
20.1258
-16.5718
-55.6001
43.4048
-57.7448
3.94647
18.4877
10.216
-66.9208
17.6723
0.803092
10.5399
3.65925
14.3805
2.04868
-52.5809
1.20684
1.08629
17.3449
1.4739
-41.379
12.4151
-49.8434
-111.559
15.7804
1.05084
2.38345
21.4684
34.9102
1.34232
20.426
-81.2479
16.7729
-7.35593
-15.0751
1.65207
24.6923
-5.05017
13.3461
2.811
13.0913
6.21716
-1.58836
0.742735
-9.77028
0.789711
-31.7847
0.366866
57.2509
28.0743
1.2945
14.0889
8.8615
4.8735
8.923
-30.7399
47.3115
-2.42674
-129.94
23.5112
1.40224
-47.0489
1.33056
18.4561
13.2617
7.72938
6.16753
16.5272
36.4628
36.416
16.8491
8.86305
-0.613946
-126.52
37.9905
-57.6186
3.70199
26.4525
18.5157
15.1142
-112.763
16.5049
0.742743
9.17218
17.644
9.87294
16.0352
-44.8733
-61.9467
6.76271
-79.7198
-4.69423
4.18841
4.53325
11.5152
4.74199
34.0526
1.08293
19.7425
-110.168
-102.519
13.3844
-4.60216
24.9732
-0.30163
1.89313
-10.4711
19.2931
-36.5548
8.89949
-27.2468
14.9982
16.813
-39.0667
28.4084
9.43835
10.0937
6.69352
29.7216
20.8642
49.9001
15.1936
37.4023
10.6514
31.3415
12.5861
7.66809
3.71527
16.5706
12.987
26.4627
14.6609
18.183
11.2474
-6.04157
18.166
-32.4916
16.1183
7.08528
24.7898
-21.8619
54.3747
56.2898
-35.4898
-122.967
-25.0208
0.0328624
-30.444
5.56285
9.08259
-1.39962
15.1848
1.24599
3.79289
-38.9374
-125.775
20.6361
9.73242
1.42349
0.818767
-19.0747
16.8535
-60.2825
-84.8911
3.89932
-96.6828
-11.0455
-45.8213
-28.6264
24.1285
10.7231
15.5483
4.26613
4.68766
-13.8147
56.5893
0.658321
9.32625
5.70909
7.86421
27.6694
-128.553
6.88071
-17.2674
-68.5577
11.6954
6.90022
-47.6205
26.5824
-60.7205
9.7834
9.26662
15.9363
-47.0138
18.013
-5.52567
24.6511
17.2764
-27.6772
18.5742
9.90998
-0.720217
10.1794
3.26458
2.23447
14.8209
-14.1886
8.74321
16.7518
32.2927
-43.0354
-127.137
28.261
14.2762
-5.126
-30.3925
8.52614
-62.5984
-30.8474
25.1105
-59.7607
11.3856
-2.59112
19.2741
6.53956
22.1405
55.5296
20.7507
12.0987
18.3139
-67.5924
-25.0912
17.6774
18.3338
17.3774
44.4257
-28.4577
50.653
34.2776
14.9464
16.2156
-64.9362
-104.986
9.12585
-100.71
14.6737
15.102
-77.1481
13.8069
51.4225
-59.892
25.5619
12.1843
11.2754
13.067
-110.985
18.1864
-44.2028
-90.2901
17.4488
19.0492
1.31674
-31.0496
-16.3192
8.64217
-1.92176
10.185
21.4059
-99.1701
34.1977
-39.3698
55.3551
56.9968
2.84799
45.7532
-3.1059
18.9409
6.25965
9.72254
0.950006
1.14558
13.4549
-9.59312
18.427
-105.122
-7.7019
12.0279
-11.8849
11.5269
17.6178
7.38542
-82.1474
25.4947
3.18958
3.69092
6.42692
13.0776
60.0352
36.4416
18.532
-86.7183
9.91942
11.3207
13.4246
-99.0735
-4.0382
-7.23278
6.8176
1.97472
7.22538
16.2441
10.8748
31.5063
3.48007
5.22023
4.63583
22.7913
9.57656
13.209
17.146
27.4221
9.04408
5.84764
-55.8878
17.5489
38.9485
1.34726
17.7255
1.27975
-4.53145
22.9864
43.6111
21.3411
12.307
11.4327
18.6727
39.2606
51.414
5.35897
36.5863
13.7114
3.64575
-19.9356
22.0849
1.31995
50.3002
-33.0845
0.858773
17.6719
16.4908
-7.78627
29.8538
-67.0338
-24.083
11.166
11.6511
14.9659
-3.9924
-108.042
6.41306
31.2905
-10.82
10.411
-13.3986
0.908841
-15.855
11.6315
-122.466
17.1865
1.3683
7.36036
10.4245
9.01978
9.20989
26.4682
12.4561
2.01666
-110.194
2.1864
13.1278
20.8324
-99.3638
18.7047
6.89667
18.2877
7.05718
18.0386
52.5265
16.8736
17.8153
39.9291
9.25224
10.9964
9.36323
0.627591
52.2239
60.3432
-0.0992709
-63.609
17.2286
1.35383
8.98023
2.09127
35.5954
0.197738
36.1649
26.8837
-45.4971
2.27351
-11.0038
14.9845
13.0691
-5.29863
8.32288
16.9933
22.6993
-44.1891
-8.52153
-3.36279
9.28658
13.8426
15.2766
16.5411
17.573
4.43548
-34.8624
16.3949
34.1398
17.0231
38.0934
9.70338
4.35389
16.2539
3.02045
37.515
7.14326
15.3545
2.85546
2.26508
-129.014
12.4632
2.96006
0.813423
8.41275
-12.6435
21.3001
1.35177
0.833067
54.2095
1.31855
14.3716
-40.1027
-6.23716
38.6721
0.904745
27.9992
16.9914
18.7874
44.0934
1.91545
-96.9027
8.12676
49.2708
5.06431
-1.29791
10.3689
-31.1033
-101.012
2.32268
19.2802
3.89956
35.5724
18.2312
61.5397
-99.395
-119.837
12.6306
16.2978
26.866
10.278
4.75333
9.63695
38.5633
29.4104
2.00259
34.3253
16.9496
34.2025
-21.9929
61.1711
-101.078
-77.9733
8.01126
4.98576
59.9604
4.44847
1.85986
17.3189
20.5044
-103.185
21.5315
21.0096
16.6198
17.1394
1.38188
23.2561
46.1094
-11.977
53.784
-10.4687
17.7327
-44.5521
19.8413
19.136
20.0805
1.86386
13.0016
0.571554
43.4506
15.0401
58.3879
9.8516
-8.12669
13.4074
27.6709
37.6601
-70.7775
8.47957
49.3786
2.87197
-13.5288
10.046
1.03931
3.22633
21.3552
32.7657
-113.23
13.8054
44.1233
4.53804
17.1176
14.8617
12.6459
-21.1624
0.675354
48.8191
-39.0171
1.23628
-86.287
18.2932
-68.7394
13.3188
18.357
15.943
52.133
5.15231
5.02404
28.7893
0.625476
1.03485
-54.3419
9.20979
18.839
-0.621363
14.4625
17.7208
9.22131
18.4079
20.3733
13.0877
14.1612
16.5792
3.95896
54.2433
18.4753
-76.0014
6.62726
12.019
58.0783
25.4338
1.15095
9.97887
12.709
20.6377
-121.158
1.40287
0.864718
9.8089
21.8203
48.6632
-22.9888
59.4452
-86.7588
-5.49939
16.2962
51.3525
10.6157
9.19588
9.7382
8.09201
21.6924
39.8953
16.512
-31.9412
14.8891
14.838
-31.5554
-76.6128
-31.3309
-127.86
7.51586
17.6296
0.693538
9.3394
28.5659
11.4086
-107.195
11.754
25.6061
-1.66918
-3.39409
-13.6804
20.0759
52.2562
19.1433
17.1358
1.00919
4.62924
18.9784
1.5435
-15.2544
-9.35345
56.5841
1.22343
1.61463
23.6725
-121.968
-40.6429
11.641
55.6273
17.3649
57.2218
7.72223
28.0742
7.22904
3.42488
7.9327
-87.2241
-1.70441
18.6343
30.1009
-108.566
-66.3391
0.787493
6.01291
-17.6826
15.4709
18.7039
11.7963
26.4877
-114.085
-94.6505
2.74255
10.7225
21.1298
0.593724
19.1948
22.4109
16.281
0.424086
4.60845
16.4689
38.3612
-52.4074
20.0311
41.5719
0.719126
17.57
11.8904
1.10874
10.2691
11.1254
50.8151
38.5624
-121.576
16.8276
-9.59473
-15.0381
17.103
22.4315
-53.6404
-62.1467
28.136
14.9607
-104.817
-2.37734
-67.5164
-56.2715
35.3227
-77.3181
17.4786
-83.7868
-40.491
11.1746
0.973881
-115.121
-118.805
20.0293
20.1381
-6.81271
11.6597
21.0737
-114.744
10.6787
-40.6365
10.233
27.1221
16.6386
-6.5162
1.03695
39.3417
9.05488
2.23428
-29.4577
1.0968
9.07396
-31.7584
6.79039
15.5931
45.2061
17.7778
0.252827
1.0913
51.8981
49.0261
2.04505
45.4866
26.5259
-83.802
38.7673
-97.25
-14.003
12.7175
-90.8822
54.9733
2.94766
2.14419
14.2276
47.3529
7.43439
18.3106
8.75152
-12.4219
9.39886
2.03703
26.6772
16.8096
-56.007
-14.5083
10.3785
10.9601
17.5008
30.6992
54.2824
18.8469
21.7988
-100.949
0.993305
51.482
-52.4917
-71.411
1.09765
9.78782
27.8457
26.7222
12.8281
-58.8056
11.6832
-114.645
-10.6916
-8.68854
-84.5005
24.0731
1.30039
5.37862
25.8272
0.614761
13.9944
16.5069
7.73896
-21.0507
-33.1556
-118.447
-28.937
16.558
14.7228
-2.69883
9.69742
-117.932
-3.47278
8.77735
3.98967
-63.8207
16.3341
16.8969
-18.446
9.02125
17.2536
18.2176
36.7088
23.2283
-1.38945
16.3588
-31.4243
1.00087
8.87156
7.01865
18.2446
-5.69452
4.73265
16.8459
19.1428
8.37613
-1.65566
18.6076
24.516
38.8427
-0.606706
-9.14196
-106.592
-44.413
17.849
15.8567
18.4155
2.09433
17.6413
13.0053
-4.98523
2.40023
28.6924
41.3345
-12.2878
0.576864
1.19925
28.9333
10.8121
-48.0168
1.17461
0.7649
15.2858
19.5377
18.8471
18.424
-2.0165
26.8978
-8.90576
19.1928
-26.4949
-90.5052
0.877012
16.3846
14.6704
12.8829
-59.2636
51.8886
57.0112
12.6442
23.2597
18.7479
1.0198
18.829
19.1414
23.6137
15.1827
39.7352
20.6636
-16.3662
-19.4703
13.2696
7.17625
-26.6953
1.26807
17.689
25.1835
10.7733
1.68333
16.8958
-25.5896
1.64974
16.7875
22.0703
-14.4174
-70.8567
10.9355
6.02317
1.39736
-59.7165
20.5611
18.1486
-32.8331
17.272
0.598991
-5.5638
-78.3714
12.4836
16.7322
-6.16738
0.92484
-46.3915
-33.5815
18.0885
10.2578
-25.9634
19.6706
2.88613
-46.4023
-39.1336
20.3754
25.4342
14.6035
-120.312
16.8178
16.4561
0.768602
15.6659
-41.1858
18.989
-41.3372
18.9831
0.786073
-28.3132
6.65744
13.3958
10.8094
23.3036
50.3756
5.18647
1.18637
8.07227
55.3083
19.0251
18.4827
-74.0518
12.0678
12.4095
45.4535
15.8257
18.7363
16.7186
19.071
-115.459
23.3261
-63.3623
-67.3761
3.45597
0.779103
-98.7968
13.395
4.44654
23.2662
-79.3806
5.7452
5.38341
-17.0988
-10.6216
15.4577
-110.519
13.6717
-102.695
22.8713
-78.2892
1.80492
57.2168
46.311
18.3426
19.4126
5.45293
48.9317
43.4979
56.8626
-24.449
42.4331
19.3028
18.8606
1.16747
13.5928
22.0985
-73.4913
9.65364
-0.194107
-92.0953
-24.0729
8.66212
9.61061
-31.8584
54.7633
35.0799
1.62692
-44.8819
8.40547
0.639896
2.07789
23.7719
-110.804
12.9024
-35.7786
8.38679
-97.1805
57.7544
15.3638
13.5714
-69.3877
1.68121
13.8862
6.78082
0.861875
11.9901
53.1934
13.8779
38.787
42.2161
12.0805
-90.6053
-11.9967
10.9196
24.8024
30.2897
12.5575
-33.1101
16.698
18.9531
-90.747
-8.32268
9.98059
18.6414
32.7046
61.3955
2.6599
4.75947
-104.76
2.48696
35.3506
7.40818
6.70004
-108.997
58.7909
7.2674
-71.5331
14.1511
-79.1148
18.1312
18.1656
16.2152
16.9223
1.40637
13.0995
2.39145
31.039
62.9491
5.13585
2.21693
10.0553
7.64077
-2.37257
9.08657
54.2285
12.6782
3.66014
1.0732
-74.7184
6.37969
28.0043
7.20709
17.9693
-42.2946
0.809195
11.015
16.6273
13.9154
15.1672
-94.7162
3.06769
-94.9131
29.1628
-82.5956
-31.0862
26.3143
14.7862
-66.0573
40.1549
6.40544
1.48532
2.89836
17.9803
11.4702
14.6519
2.75772
14.9921
42.4144
17.8264
9.46131
15.9793
20.6557
-19.8569
18.2608
19.9762
1.17367
12.1392
32.6023
30.2047
0.890977
-1.72691
-5.19231
-63.4967
-45.2006
17.1742
14.647
-0.056393
1.32313
-16.7312
-110.559
17.2218
16.8317
17.2218
18.6774
4.42246
20.2339
-28.5347
-91.1154
0.943238
9.07915
11.2975
10.1174
-20.8344
40.549
6.89946
16.1908
-67.102
15.6327
16.2937
0.661778
1.39361
3.78666
50.3168
13.215
17.8965
14.6411
18.3438
16.2318
-97.8786
7.4776
6.15036
-115.667
21.2252
11.89
-56.001
1.10687
23.3942
-97.6468
-58.4207
54.9158
-5.62382
16.9625
-74.287
55.4854
-24.8118
51.6153
-74.691
-3.42427
-83.2831
-95.8228
15.3414
23.0247
-8.53239
20.1516
13.2256
1.53354
56.2342
17.3527
-1.41074
1.82047
-68.0327
1.42235
20.7564
2.66602
26.9245
16.5657
12.9181
14.8481
-118.181
1.23681
17.537
15.9455
11.0572
16.3944
1.23579
6.76499
8.99584
10.8372
18.8359
8.70247
2.08816
15.3407
0.826952
-19.9122
16.6504
9.14762
44.2966
3.47938
7.58815
1.89508
26.7003
55.4533
15.0345
44.6837
12.4891
19.0013
-12.1942
33.3457
1.32876
16.503
30.6415
15.2646
10.1153
0.725639
16.171
8.02188
2.26432
-5.33078
-28.3041
-75.4785
16.9979
-5.07941
15.129
-26.2957
1.19958
3.70214
41.8186
18.578
31.3332
16.5186
59.052
17.8706
-5.15075
8.10772
28.4869
16.5921
2.36026
-72.5935
-1.32852
30.2702
17.6951
-38.9933
3.7139
20.4514
5.37761
39.6712
0.213033
13.6956
17.877
-8.30907
16.6139
-17.9615
14.2472
13.4818
-69.3459
27.9487
16.68
6.02682
17.0398
16.0298
30.4767
27.2959
27.0945
18.1367
1.44664
4.91197
14.2285
10.9787
1.30603
-38.4368
18.2959
-112.032
36.6307
17.7731
19.6924
17.5472
28.6617
-13.787
18.1624
11.5449
1.33608
-23.8209
-99.0908
18.6909
-21.4993
29.8643
0.561011
34.1218
4.12491
-18.8906
-52.708
2.99535
19.2862
0.505233
16.6982
-92.5417
1.98837
17.1501
2.46546
-1.46369
-22.7912
-50.7128
24.4331
2.89764
14.1283
8.97581
20.3205
9.718
-117.115
-40.3023
7.43337
33.4409
3.91586
17.5655
20.3262
-56.6255
23.472
15.1194
-11.3531
-12.0103
14.974
-2.28197
-79.6153
9.92378
2.61781
-39.3974
-102.087
3.94299
2.40667
17.7677
32.5072
-3.72164
26.4617
-110.197
0.803219
-38.678
7.15333
2.09678
0.474742
13.6686
52.2429
51.9116
12.0624
-121.69
8.00324
-115.762
-10.6872
55.8027
52.5694
0.371928
4.35221
18.5739
2.03519
0.452887
7.18355
-61.06
24.1792
-52.6649
1.04382
-112.287
13.2852
21.0881
-53.631
7.40688
19.2092
20.2506
0.200004
16.6151
0.83767
-28.9179
1.78972
6.58747
4.15206
18.7292
45.7094
-21.6435
25.7331
46.9432
24.8181
-123.46
14.3171
-7.64277
7.73001
1.11523
8.65227
1.87467
18.7831
-30.5257
1.94161
-100.33
18.4284
19.9988
-124.629
9.31055
4.25532
48.1771
9.50974
-95.7489
0.829114
0.792978
-93.7213
55.7664
11.471
14.3608
16.196
-50.5103
-40.9196
55.6867
2.16075
21.8235
-112.811
24.1107
13.3154
-65.9628
16.0719
-10.9089
0.905167
-42.3394
13.7119
4.04266
0.726391
-8.97617
42.488
16.0692
29.8393
18.1209
28.7613
38.0416
-85.8306
-110.736
-10.1369
53.8599
25.5646
13.7712
57.5625
7.66245
-25.1724
58.6806
-65.3416
8.90098
53.4939
6.8962
2.2873
24.3136
5.55939
-1.8723
-103.765
15.3895
17.4118
-48.5402
10.4446
15.1118
-16.9562
13.6132
-36.235
31.2763
-16.7345
20.6167
8.91869
-11.1359
1.26181
11.3145
21.2179
-16.8617
20.864
-36.0051
18.6086
-7.2052
-11.8506
1.36437
60.1805
1.35599
15.8313
-53.5429
-37.5173
13.2032
7.81115
23.9462
27.3377
18.9401
2.62747
15.7679
7.12642
-8.87668
-87.0741
15.9342
52.83
-60.5408
33.0493
4.57059
1.29438
8.90182
-4.02137
17.7351
36.1579
-16.7382
26.3733
-7.11992
-19.8635
0.898837
17.4396
-1.28486
41.4887
40.9273
29.9499
0.928173
-3.05642
-48.8474
-42.5097
48.2345
1.09436
11.5994
19.4251
-36.375
18.5573
0.799874
22.096
-52.4389
54.1406
16.9458
4.56987
12.2601
9.60495
0.39097
43.6523
-15.2353
-42.1263
53.6817
0.625656
16.6528
-34.0255
-28.9962
23.2788
0.641503
-87.9894
16.9134
16.189
21.7452
8.75949
16.6565
0.740417
2.8486
19.2712
55.7345
12.7418
3.45472
-84.4389
-51.6158
9.29632
0.80986
11.3991
-103.243
0.757844
12.0667
-2.64839
4.05744
-55.8628
18.38
-3.50461
0.559651
39.9548
-1.17782
-34.3182
22.3888
16.1872
14.9755
40.9713
46.7317
-14.9125
3.8352
-20.6613
16.8406
-0.124759
9.12516
8.09045
13.8416
-25.6762
2.61027
15.7585
12.3653
-46.5253
15.6608
-45.8436
-68.3704
18.1164
9.64405
19.883
16.0056
5.99441
-29.0844
14.9732
-22.6188
7.51843
15.3422
-93.9496
4.56411
-46.0381
-52.5767
11.3756
12.062
10.6507
-16.4823
8.46098
-32.2769
21.7172
9.13491
9.12271
2.27035
12.7966
7.0909
5.30794
11.9522
1.45589
0.641232
17.7869
-54.3373
-10.8975
-73.1529
33.5186
28.216
22.0941
7.18825
56.257
-15.032
33.252
-23.0141
-72.1456
14.3867
2.06512
15.5047
9.05997
14.9146
-79.9595
5.52742
-38.6348
39.9306
12.4607
-36.1103
3.82562
-50.5678
1.01738
17.0403
6.4711
11.7734
7.91175
-27.8171
16.9842
6.33441
-5.38357
-48.5831
-38.3795
-14.9341
-7.90632
1.84738
24.0017
6.05934
50.842
-122.989
16.56
23.1783
19.1558
1.19636
6.24081
15.9029
9.20864
32.8883
53.2166
-3.94975
17.9846
58.9484
-40.0897
-17.2877
1.77895
53.4274
-30.6975
-36.4722
13.7394
22.9984
28.3819
-31.222
7.29442
1.93626
-22.5343
0.771222
-0.487212
-81.3664
-15.9472
12.6653
-1.60559
1.32839
0.748872
9.41351
9.56044
-20.6861
13.5517
30.7827
6.64815
-32.9832
16.0293
15.424
41.7039
47.4531
3.42288
-0.425172
-1.11601
15.3245
-4.34707
16.0636
-69.5363
10.4682
4.42457
16.3207
27.8374
6.76107
-20.7662
12.0436
35.035
-87.4926
11.2634
15.2049
3.39817
5.10875
11.2805
-12.8789
10.1824
11.0172
17.0145
48.7013
-36.3702
8.60953
15.2453
10.8282
18.7201
17.9638
15.9826
51.6105
-0.371779
4.49684
-6.31041
6.67311
14.2786
-71.6875
6.49926
16.2625
21.4157
18.1082
34.9263
45.4243
18.1557
16.9555
16.7239
-20.4051
1.0508
-26.4628
14.6938
-64.1808
29.5345
-25.5098
51.8148
-30.7455
1.0464
-13.6801
20.5667
46.0807
-110.162
62.2593
1.32464
40.8562
19.1214
15.2546
15.788
7.60862
47.9097
15.9416
9.01562
16.1438
27.2062
19.0604
16.6324
47.586
-58.3727
9.3922
1.95594
-7.37881
20.5589
1.75592
1.24815
18.1128
6.96014
-2.66452
16.1943
20.9194
0.627888
14.9466
44.0831
39.3164
12.5037
21.1778
37.4185
3.27136
62.2357
45.3747
9.15124
7.11913
-68.226
7.76388
22.1756
-51.5486
18.1814
-130.333
16.2613
9.51004
-65.8315
-72.8768
18.8535
1.13405
1.55067
1.36287
-0.819916
0.924842
17.8512
8.9262
60.8463
-28.0574
-97.2928
18.4719
-9.45688
1.20678
8.83205
13.2759
11.3119
57.0449
15.6846
14.5425
11.6622
17.9284
1.08171
53.8914
59.4823
-105.863
-2.94317
24.1024
24.324
24.4317
-11.6661
60.4919
22.2783
28.1124
-20.7701
1.31785
58.1283
1.18628
18.5775
9.46524
17.7189
16.3412
17.1239
1.03824
7.04767
13.714
-4.38887
10.8954
-68.2832
13.4906
-92.157
20.341
14.8352
24.9574
16.736
16.4946
21.9122
21.4127
-38.959
18.7371
8.93527
59.5186
0.950685
-14.9117
16.5654
19.493
2.35833
-69.3994
11.4149
0.680386
23.0779
11.0985
2.85136
16.5808
-37.0248
15.8565
17.7783
16.3294
23.2519
1.24031
-12.5734
15.3099
13.283
12.7048
-19.1617
14.0244
21.3729
14.5856
-18.3672
14.5927
12.8001
8.99162
28.9575
-16.053
10.3397
12.9541
10.0545
14.3637
17.0632
8.29839
16.908
-41.7172
6.42692
-16.2672
-26.9381
14.7035
14.8594
9.08182
16.6358
4.71663
14.452
40.0455
41.5276
18.8061
48.6074
7.47143
7.57244
8.43724
1.31645
24.5269
18.9353
20.4974
-2.40594
-66.3957
23.6595
-45.0308
10.9477
53.1578
40.5684
-38.142
27.8831
2.07679
10.3325
2.19952
54.1032
-16.0744
-71.9712
17.8671
58.6753
1.62703
15.6673
1.51268
13.9449
-17.4718
-12.51
6.8261
56.083
59.2558
1.22159
-74.0055
-1.93294
-79.8693
10.7677
0.205866
13.3535
18.3374
2.70389
-31.1527
0.973035
16.1081
13.4022
16.4936
9.83082
47.2228
14.0528
-3.72247
13.6172
-2.43475
12.9611
-13.1455
1.25843
4.73028
12.2067
-75.9596
17.1886
36.1839
6.29503
1.2864
8.33996
0.648339
21.527
14.5831
-73.3426
8.47448
-11.8968
-9.37482
21.5288
-24.2996
18.5333
-1.38101
-98.5221
-55.6248
14.5013
-1.37615
9.44332
2.02916
52.8992
13.5545
-26.8657
28.5523
16.1581
-2.14264
19.2927
20.9919
-53.1929
-53.391
12.0586
16.3191
20.9959
19.1859
20.5568
1.42714
61.256
16.6337
8.49505
4.7332
15.5737
17.1147
-25.5431
-72.5187
-35.612
1.51262
-17.4762
-16.3306
47.1225
2.07401
18.6795
-41.0312
10.6946
-74.0866
2.76461
16.6847
19.1235
3.5635
17.0138
18.3413
16.6457
11.8259
22.1129
12.4078
17.0175
31.553
13.3671
1.68157
18.0403
16.7827
17.1328
-35.9529
17.2542
2.64118
32.136
17.0689
-72.5071
-0.0129298
9.00191
34.1282
12.7589
19.1411
15.4344
9.71858
38.5808
-75.0772
1.39519
-26.8469
0.577749
-90.0772
2.36478
34.2577
5.71492
-1.54649
-28.6765
50.6791
2.43352
11.6565
15.3576
25.5194
-35.6576
4.01355
14.1512
8.9606
8.27529
15.0222
16.6643
28.7495
18.1784
23.7803
13.4538
12.0474
6.20292
1.87594
4.33267
8.88357
1.05197
8.39647
-2.67021
61.3969
8.37574
13.4129
-30.4831
19.3342
27.5779
1.9378
58.758
1.36094
12.2135
-10.8476
6.06903
19.3838
57.3703
13.7239
28.4012
16.7391
-8.13349
0.885356
0.825652
17.0895
18.9201
6.00422
19.1113
0.653394
-10.2003
-3.42449
33.9215
12.7704
-12.7118
-2.06617
1.33622
-92.1847
-5.71017
18.3762
-100.326
-66.6341
16.0302
-29.5048
-16.2233
-27.5346
17.2886
8.67108
10.8034
8.08959
-54.7525
-31.5502
18.4811
16.1839
19.9385
2.81535
23.2308
18.9737
17.251
21.6895
0.646653
56.1441
28.6577
-52.3774
6.56126
12.0251
1.17153
40.5295
16.4627
-37.5005
1.94593
17.2475
-14.1129
9.3455
-72.4728
1.03958
41.1764
18.1478
20.6946
-15.719
54.0587
12.2614
16.1198
33.4037
7.63184
1.51384
17.1714
-33.6033
-22.5041
9.49267
16.4682
36.7229
18.3453
10.7495
-9.12775
-12.8768
1.10926
16.7335
-71.4484
19.0254
19.9894
-37.0138
16.7264
55.4074
58.8763
37.6711
21.5418
22.2295
28.003
3.64438
16.1444
19.3508
12.5515
10.1028
-57.6611
-2.94719
-18.1686
15.4159
13.4365
-69.853
-8.68372
31.314
13.8698
9.87503
-94.1103
10.2158
3.97151
40.986
0.924728
1.07151
13.1936
8.32008
9.69717
5.3403
16.6386
18.5744
21.4488
-92.571
-69.7483
1.82445
17.204
-6.86153
50.5856
8.35553
16.8559
-103.582
15.6344
19.1181
9.87014
-6.48744
-73.2482
5.37589
59.3086
41.7093
14.435
14.6326
14.3824
51.5286
2.13778
21.7967
-83.8361
42.0204
-28.6097
2.88309
12.3638
22.2638
17.2143
16.9076
10.9633
-6.28627
-54.7926
9.03828
5.55341
10.1009
17.6876
13.8061
53.7301
18.6128
-21.6842
-3.00246
24.5206
10.9336
22.3224
2.66009
12.5339
-79.8125
-45.0303
16.4508
6.85117
21.5889
17.5081
17.9518
15.426
14.0143
-0.896363
18.8963
18.4695
-0.440713
-87.6142
16.8286
29.5261
1.18106
1.15419
-11.1163
10.6298
4.29075
19.6642
21.704
11.3488
16.991
3.20597
-19.47
22.8502
6.25569
6.4071
19.016
7.88478
16.5547
-50.2428
18.2182
-14.6497
8.87552
49.1572
9.30874
-109.249
13.0754
2.16828
-0.771042
-47.763
0.78985
-64.8786
5.84934
-96.7497
-13.4327
13.5183
-13.6594
-101.447
3.92771
0.0158059
9.86982
52.9204
9.57835
-108.638
46.4419
-95.7986
4.52764
47.4231
16.8076
0.973965
-17.8198
18.5704
18.1733
-54.0158
0.972266
15.666
-11.4075
1.5943
47.3558
-62.8369
6.15725
13.4196
10.9246
16.7854
-0.831919
17.098
15.8868
44.0768
1.18516
-3.78255
5.17825
8.40526
16.5107
-11.4018
19.2118
-43.9996
16.3988
9.11512
-90.8073
19.2402
8.13915
51.2171
-3.93181
7.51013
60.2015
19.7443
-23.3945
49.3458
25.3612
2.19925
14.4546
16.4411
-34.869
-73.7576
17.6741
32.3893
-9.77481
30.9982
18.6023
16.6437
14.5627
-90.5081
-30.5781
16.3208
16.5596
2.17202
17.1392
-40.8472
-25.9533
14.8154
-38.6463
55.2819
13.6987
31.1378
8.60548
41.1376
-8.56846
-77.1662
11.56
16.6087
-58.2072
5.34156
-36.758
13.4847
-38.6976
15.9336
15.3234
-0.764984
-10.9167
-34.383
14.2002
-57.4617
36.2149
12.654
3.30834
1.30676
-99.2749
-2.62729
19.0699
19.3114
7.9625
6.47517
-84.1804
-20.1041
8.68517
20.126
-102.734
-46.4258
1.17557
-7.96281
52.2153
1.14365
-11.2307
22.5906
23.0354
17.0063
0.344322
0.804358
15.3169
16.9544
-9.57851
34.9474
18.4808
20.9412
4.7861
38.0538
16.8745
17.8754
-37.7943
-67.0596
55.6048
56.3858
16.8713
16.5959
-74.8633
16.7465
15.9914
14.0215
-8.55955
-0.558929
-2.49171
-101.953
19.2071
9.57256
9.49735
-92.0509
-34.4963
1.14436
24.879
-59.529
-59.6233
55.6808
17.7303
8.04145
45.6189
17.1235
3.43499
28.5413
10.5415
14.0912
15.6111
-57.4518
8.07059
16.7793
1.75595
22.0907
-27.9636
47.4942
12.2013
18.34
14.567
-3.34279
-9.1465
19.1934
13.0171
-22.035
30.7941
16.4222
20.3734
19.326
-35.2909
1.9931
6.09571
-41.315
17.07
17.0242
-13.7991
30.5394
-1.50824
-78.8807
9.26838
3.53399
-60.2678
11.8402
16.8898
-33.0777
-14.6303
44.9458
-37.5977
-51.4342
-48.2622
13.9725
11.3419
18.1041
-68.3128
-1.06215
-115.852
10.2508
19.2401
16.9403
16.1412
7.95879
4.63498
1.97007
17.6371
0.833864
15.7111
19.3455
12.0387
-6.90777
13.4698
3.25244
16.7228
8.14692
54.6498
21.1931
-38.1735
1.16625
-23.6321
12.6508
16.4244
10.3157
21.5897
18.6705
-43.9954
-0.286122
12.3273
-1.3342
11.9061
17.5251
32.7391
14.4177
-18.5012
20.3372
-2.16444
13.4055
-66.9339
9.46703
-17.582
26.3345
-27.7567
4.56341
5.50049
-24.9068
30.2861
44.5796
-72.3053
12.383
16.4609
1.03055
-12.7265
5.52212
34.8096
13.9255
5.61686
5.99022
0.0741352
13.6692
12.3881
22.0146
23.5193
17.0076
44.0706
16.5584
19.0271
2.03107
11.9097
5.11852
-4.99288
16.6991
1.80759
3.48178
18.3985
20.598
17.695
19.3862
2.39848
-114.258
12.3808
18.4732
11.3162
5.29922
53.1333
38.2054
2.20684
-7.54445
-32.8369
5.39908
31.0918
2.79719
2.05241
14.4746
-36.3172
-3.33
14.5279
13.7722
-55.5565
-98.0087
-8.50625
2.49598
18.6263
54.5147
-3.17054
16.8578
-51.4059
5.30673
-14.8765
-99.618
1.26133
48.2923
-55.0374
15.4724
6.75501
-35.5157
18.6366
4.56897
19.3745
33.1007
-92.7981
-1.89926
6.10106
-3.09385
2.79091
20.3616
40.628
17.7439
0.955253
0.598828
-106.983
16.9309
16.3952
-97.5412
-71.5334
9.3934
16.9036
-27.3643
46.2616
0.68535
21.2888
16.1321
27.6346
-50.7082
14.1625
5.55836
1.34792
24.5063
-85.6305
21.2116
-104.371
-4.86196
20.333
10.587
15.261
3.66832
-30.5073
18.2742
11.558
14.3012
46.602
17.9248
-7.86863
8.04377
-22.8106
57.6584
12.2867
21.7268
-10.4993
2.19333
6.03804
0.89944
10.751
-11.5916
-65.4173
15.3402
15.0066
20.8754
1.33609
2.71171
19.018
4.97331
-40.9181
-3.58167
-81.6914
38.3924
18.4338
10.0963
11.4498
16.1812
0.498335
9.17207
10.2649
6.18063
3.65871
5.83155
5.97706
36.2525
23.6538
-40.4639
-85.3936
4.37749
6.07146
46.2575
-9.26131
-84.8014
24.6749
6.4894
18.0177
17.0642
-106.064
-9.45486
23.8972
5.95576
8.81183
20.2618
-8.29454
18.4036
0.631599
17.701
-51.3665
9.37926
8.91606
1.20595
9.05271
13.8262
-74.3084
1.25613
20.7623
-11.9722
19.3778
8.12011
3.36676
-38.7314
-13.8381
5.42861
17.2388
20.8764
36.621
-2.29014
25.3845
17.083
4.36237
-12.5463
2.46775
-94.0263
9.29898
13.006
17.4882
20.1593
-16.3393
-15.3178
-102.712
14.7417
8.57093
19.9231
33.0659
-56.6129
-50.4459
20.2807
14.4661
-94.9547
-7.64577
-68.6005
12.6041
17.2336
-55.3836
-10.2338
12.1731
14.6595
32.8197
6.62375
-112.479
-49.6149
15.393
-57.6038
31.5629
19.171
19.5722
2.54802
8.81911
-13.6887
17.1786
-41.0538
54.5787
47.3023
7.96115
4.13545
-39.7357
-91.8948
5.61053
17.6604
5.59867
5.20088
-5.93822
18.3866
47.9474
-2.26607
8.60896
-20.6338
-7.15214
17.9019
9.24882
-18.6016
47.0711
-69.7542
36.7494
50.0124
15.9888
18.2231
17.18
-6.06527
22.3056
28.6894
-16.1372
7.12391
-27.5675
-52.8079
16.0251
31.8436
7.67951
25.1242
-88.113
16.1748
49.4616
)
;

boundaryField
{
    frontAndBack
    {
        type            empty;
    }
    cylinder
    {
        type            zeroGradient;
    }
    domain_boundary
    {
        type            zeroGradient;
    }
}


// ************************************************************************* //
