/*--------------------------------*- C++ -*----------------------------------*\
| =========                 |                                                 |
| \\      /  F ield         | OpenFOAM: The Open Source CFD Toolbox           |
|  \\    /   O peration     | Version:  2.3.1                                 |
|   \\  /    A nd           | Web:      www.OpenFOAM.org                      |
|    \\/     M anipulation  |                                                 |
\*---------------------------------------------------------------------------*/
FoamFile
{
    version     2.0;
    format      ascii;
    class       volScalarField;
    location    "1440";
    object      sigmaEq;
}
// * * * * * * * * * * * * * * * * * * * * * * * * * * * * * * * * * * * * * //

dimensions      [1 -1 -2 0 0 0 0];

internalField   nonuniform List<scalar> 
11800
(
126948
103916
346960
299193
99543.4
219929
122696
126480
132395
139410
124672
420692
61283.5
311411
275410
1.22764e+06
101952
96945.6
168388
100092
242737
382762
559177
499781
1.00088e+06
648917
624437
311468
689208
756205
214744
104085
639317
112481
114825
210417
114899
679377
109604
108926
647387
714147
327673
783961
226017
1.14846e+06
528534
611291
121654
157788
438350
314863
113386
174779
1.30788e+06
1.12791e+06
55978.9
297059
229754
227493
1.11371e+06
120643
238059
197872
981654
152758
449952
324637
56940.2
598489
117775
98848
95046.5
1.11054e+06
1.10187e+06
207311
1.01547e+06
143292
126580
132452
1.33261e+06
93346.3
100345
103443
96498.5
727313
227909
661392
600680
320978
110411
760360
117002
54795.2
125604
104518
13497.5
104107
112947
370751
70644.8
406210
721650
264313
119155
220368
124468
116099
1.07473e+06
659125
725637
598608
230755
327040
142391
971929
144286
114506
913815
145485
143952
124181
128579
104781
114211
112358
113539
112021
89260.6
30163.7
1.28209e+06
826916
244247
726767
338961
658498
597901
217696
622435
296922
564202
512718
332711
136292
156491
205661
717010
740579
421894
250983
145818
139779
113096
171778
153495
131975
288790
389247
805056
116145
1.23442e+06
155878
1.03261e+06
295366
322954
354047
178496
145929
1.34681e+06
800664
273052
367789
117635
231506
232543
1.14366e+06
1.15656e+06
583513
529995
643042
287729
205631
164132
143752
272314
142157
229233
115377
118970
123005
163711
150825
145013
155534
540850
694322
1.13692e+06
106050
145225
1.33078e+06
104997
178544
200479
116723
119491
504741
425630
387217
321451
1.27592e+06
383534
561346
1.74684e+06
1.38561e+06
1.48157e+06
235970
105215
516793
467808
425859
170408
230129
102052
96271.4
169378
101058
847140
178618
102476
286491
145674
124608
109099
388687
396627
1.73724e+06
842914
148981
156748
683107
556684
206467
287215
649282
592567
537921
117973
716568
243935
325968
306879
112192
108518
267597
224493
122698
1.47398e+06
179185
203449
156731
176859
419018
461433
506935
230724
172051
116240
1.09899e+06
117836
79471.3
113322
252760
98681.2
325009
1.30652e+06
238594
236238
348750
256265
292781
216523
745711
625645
199456
243387
165895
193819
350452
457055
195071
754682
810284
981139
123114
237562
236278
1.10266e+06
1.1133e+06
621406
611939
639655
633545
110040
77955.1
184923
1.47968e+06
102938
108258
188206
163388
166046
548964
556383
995654
1.48535e+06
453902
129490
525381
430853
308912
251358
127432
127097
172110
293287
158816
268866
98507.2
122022
123348
117968
810129
121523
106391
1.21246e+06
191587
440907
460448
449079
564670
544280
91234.8
90526.7
414534
535068
377035
977706
91621.7
511562
402652
257875
198458
196258
152853
203323
178685
230366
255668
279308
110060
112663
452845
481286
129076
143357
301949
246161
278341
132860
126811
154700
155708
564313
257851
199960
266433
631850
742074
256965
138908
134716
161668
152829
270064
314692
253529
298138
230410
271291
207815
194597
428607
206010
450546
770830
371665
277140
1.35883e+06
110000
810816
382546
283147
1.25274e+06
110885
835806
209681
727624
670748
645524
131318
57695.8
105048
1.56853e+06
1.35241e+06
562747
200571
258658
129195
146677
169287
105555
159244
1.02487e+06
41880.8
335544
253343
1.14298e+06
87068
126607
110554
119715
109597
115265
1.14796e+06
367676
157398
398702
362714
331680
88173
800739
253284
344072
122660
553763
127592
1.07195e+06
108084
139144
290662
264954
242931
559533
148301
304118
286235
149206
402777
441924
486002
229274
174958
52063.7
118052
127077
1.4196e+06
430751
339991
254714
210299
124814
119139
87896.4
91457.2
144319
79692.7
90287.7
106380
117586
233224
112412
153348
379289
423370
204156
1.0299e+06
137408
243542
113022
118645
984320
1.23769e+06
355715
392272
163888
145074
100533
864912
1.1888e+06
1.06058e+06
1.55851e+06
453867
318234
426400
93364.3
126380
120342
132168
415646
117474
115536
92502.8
119861
860724
184980
812772
548440
116023
145085
750949
871267
414163
456789
501751
230128
175161
376999
114414
114261
112166
124477
103529
136920
79155.3
128731
76552.1
124667
70509.1
122857
113238
121196
87312.1
989190
169196
155257
345047
564663
86429.6
116868
99625.3
94998.3
86047.8
182446
247836
111991
110272
367130
92729
136150
1.07013e+06
64597.2
124491
309743
283284
299592
326810
336648
358459
164679
134686
1.20122e+06
1.53572e+06
286380
75187.7
207278
236352
219947
163852
471013
431026
391569
124814
67993.8
442919
428118
193124
209797
118234
355147
391129
154107
618152
620934
628683
627507
1.13968e+06
1.11522e+06
333937
1.41532e+06
464479
108492
1.00297e+06
789621
869732
433659
181248
198841
134702
970668
301676
385621
1.49454e+06
142165
159577
326768
294671
795462
392447
1.20521e+06
109972
105566
171628
229079
514085
466530
423997
1.16154e+06
113892
234091
507122
831421
107653
1.35611e+06
1.27054e+06
1.28647e+06
150089
202927
83857.6
1.31552e+06
346019
154892
246542
1.19542e+06
111628
156749
169223
111407
317248
178783
1.56142e+06
1.30178e+06
140409
370810
472117
177652
203082
162947
150096
434465
151284
340037
257511
669239
604946
121017
806345
115160
238791
288153
1.12175e+06
201230
277160
158733
142605
123031
140405
261234
604498
667588
102998
104366
100751
135658
222971
818544
92055.2
264335
465555
359766
144646
617299
690508
438799
762218
838296
336675
228730
116978
124945
222659
239318
204204
221910
136755
202172
241007
150349
110785
1.53724e+06
633946
235371
306806
301577
150361
249927
353739
790042
717263
650870
206783
241663
151891
145380
945039
736415
799540
117243
142993
178800
385698
910237
280364
62262.5
119349
1.4415e+06
1.35747e+06
156120
1.24592e+06
94255.4
117134
99732.1
444720
96367.1
161075
185628
781570
862265
948368
1.04143e+06
441478
381064
319311
258029
137298
107592
251232
1.28058e+06
116852
116416
111675
113157
109766
114846
122344
996237
508849
488182
283701
536594
592490
208591
713158
173003
152178
118715
1.42273e+06
110073
120201
113683
115873
108885
1.29717e+06
173745
175466
726723
212894
455259
172526
1.324e+06
542564
259345
204369
876938
290204
130050
116185
101714
105871
158315
180225
168142
118825
338619
130818
108586
495780
557900
103537
358164
505887
433762
579642
1.13172e+06
1.02985e+06
933163
844106
356706
431226
1.14116e+06
1.03799e+06
502892
941614
578215
849551
1.04503e+06
122296
109016
119362
155319
333768
770116
117902
273235
362825
297674
398176
136617
165740
261134
371670
828314
752344
682734
323082
245990
624743
137936
166975
125137
218686
200501
180743
346531
275678
282672
213456
112085
469358
135953
212340
266283
674851
349239
407421
356073
132317
163532
129419
116477
116997
127930
362848
312951
111372
144331
146229
283266
891092
282053
384717
335728
122652
145157
135662
123708
164816
132265
390759
354468
321523
138941
1.05748e+06
425306
167507
640382
423930
867073
1.25314e+06
153593
171303
142292
115558
111248
450885
384123
1.29574e+06
101232
133801
223261
314614
148045
118151
453909
447954
58624.2
108332
230379
185952
84576.4
1.10774e+06
1.24804e+06
187610
104947
182990
239870
506231
415720
458497
1.43298e+06
112502
358703
402416
124268
372541
453739
529142
605106
1.18543e+06
1.07838e+06
977141
884186
371935
451098
1.19361e+06
1.08566e+06
524945
985108
602787
889462
1.18443e+06
1.02916e+06
778159
296310
338322
1.02457e+06
782862
215798
104404
100193
779041
1.3342e+06
106524
258597
1.13963e+06
772106
1.25447e+06
1.27253e+06
711438
717689
331450
267953
345638
189325
127556
192905
117999
132096
152313
136646
254326
1.29148e+06
345977
136094
90681.9
229748
247144
1.16062e+06
235358
212877
258821
275568
735310
324098
241399
1.00238e+06
259777
330974
132776
122424
244248
206827
226363
578308
347565
335000
830454
795005
331511
346191
638059
686327
254768
262331
110429
127462
133059
340002
263043
54487.6
122536
136730
416609
401429
207921
391621
305751
131091
89115.5
90999.9
359455
830237
97105.6
1.24835e+06
177634
457641
416174
141634
172921
281231
115922
108480
1.01737e+06
242707
633740
577109
524652
200784
278682
120461
966643
1.19281e+06
126069
114718
650996
230921
306099
529585
583234
650236
206913
283720
52342.3
503664
241411
1.18189e+06
233453
688937
531357
593950
117212
111842
107724
123104
114033
107381
997635
289732
120377
141996
153296
172944
200978
223964
461843
450391
421492
408985
373383
384269
761018
123893
110530
112386
129699
158720
116090
120469
892806
174708
321233
253034
661347
333161
126192
133042
277803
218978
375665
310091
788488
678507
616898
559815
314194
915822
425805
965669
166471
143183
180056
181972
131069
130228
128475
954004
1.30854e+06
210799
93438.1
159044
349829
267811
88808.2
116571
178165
165370
157345
152734
187579
178423
143672
297852
331407
323694
360844
269168
300449
367867
110488
716457
558556
306061
783568
738496
428143
1.30314e+06
232932
220792
252522
275164
127529
117611
128635
250138
113959
1.03815e+06
154677
117476
475213
50130.1
99722.1
1.08503e+06
127276
253535
812027
360344
738030
669803
978563
653775
106612
366574
294850
149610
867708
376180
163210
680910
614671
749444
114969
116679
107425
1.57322e+06
186639
265262
320178
160340
111626
105534
264226
287964
129838
1.09009e+06
258073
1.01372e+06
158474
536450
109624
380823
459074
637489
249147
327194
393573
175037
1.47055e+06
120579
91369.8
106045
1.27721e+06
860637
202156
285613
663817
606856
551029
1.31462e+06
365640
299585
1.36703e+06
1.53296e+06
1.03327e+06
84568.5
359422
843370
615587
325671
248824
587869
524232
250789
853352
207307
188423
308609
267724
214737
1.05688e+06
1.57551e+06
99031
112792
131142
1.53413e+06
115746
127687
426753
320367
1.37297e+06
1.43764e+06
116283
399712
152110
141471
330273
146228
94219.6
358022
103942
119172
1.57635e+06
645734
349859
268324
241347
181917
485703
443665
402024
158552
1.45125e+06
289054
256806
262613
1.22091e+06
478506
681685
103513
163272
121981
543511
295826
392478
102205
175346
233172
511796
180508
136265
121347
227379
1.35225e+06
183294
239811
505464
879281
1.24191e+06
792052
551830
396097
468982
62992.4
157794
202128
424976
387027
351497
1.23683e+06
106685
126829
136221
135451
134931
138720
179632
113551
110209
431573
1.08591e+06
282613
636163
578059
525386
203087
1.2331e+06
360253
406300
482418
415013
734854
1.19894e+06
373929
115001
507229
100351
517544
308669
569050
628166
228773
752242
189249
1.68441e+06
566731
111556
1.10608e+06
1.68435e+06
1.45092e+06
333906
114205
624597
121409
109855
100578
194235
115455
112060
104327
100288
999014
1.04819e+06
109529
729767
127429
118670
110509
155707
652937
661664
164304
664740
671010
952693
317982
127264
144292
189961
379012
415981
154793
40993
118423
506946
213658
501732
564510
623604
685954
346759
250864
204750
118284
107774
1.26141e+06
679963
111616
147571
579804
458773
242033
264422
142836
117015
217067
191943
98567.1
141239
112107
1.04831e+06
364907
904994
102596
108390
1.68898e+06
114375
1.30158e+06
1.27049e+06
104435
567469
274005
1.03878e+06
115532
516019
645633
1.41431e+06
153199
108141
102537
320090
152624
194262
378092
342942
311111
106373
109571
116130
109790
641411
708214
486958
844129
766808
911029
1.37039e+06
168072
437058
1.30541e+06
418604
1.26795e+06
538101
592365
654070
286443
203738
256917
312711
1.18819e+06
124222
130743
178470
168475
154785
132926
230201
209622
196568
512694
470546
1.54634e+06
160247
96609.4
136710
1.25476e+06
362494
184761
176803
1.22846e+06
555072
384156
89624.5
138920
101659
543434
697699
193842
841583
125200
122665
1.61716e+06
1.07077e+06
1.31359e+06
233768
298671
545010
196006
409747
1.3111e+06
1.44661e+06
124554
142291
229157
193737
600096
668048
449897
507027
1.44154e+06
1.3815e+06
175012
130593
90517.4
957213
99393.2
1.25774e+06
276587
185750
670927
207583
106380
1.20323e+06
147381
170799
95532
108835
909378
279162
112652
471516
217705
133158
108843
107827
399270
108223
1.19887e+06
1.12839e+06
192532
490014
283807
108795
118405
959707
124890
628580
163573
337238
652495
751920
1.13865e+06
128850
212549
1.28395e+06
161690
116814
100309
122638
111193
1.34343e+06
1.00209e+06
218200
287975
527457
498023
696045
237533
315660
238637
336007
725721
659411
597964
991413
435936
317182
1.03331e+06
320453
1.12299e+06
402295
408171
1.20946e+06
1.69226e+06
1.41799e+06
253388
298687
720492
321562
242142
106353
237038
1.1929e+06
114217
125458
1.46643e+06
1.08876e+06
1.30506e+06
525076
651606
660381
567765
101031
91878.7
140064
94362.7
421897
462605
509443
229586
170179
383596
1.31936e+06
111448
149498
126064
114330
594638
538358
141839
1.16287e+06
1.34092e+06
692488
560190
1.06448e+06
1.22489e+06
105141
591923
381618
782342
114103
163672
175279
995837
992675
485546
223511
100644
114697
148903
307253
1.06735e+06
144788
798073
105791
222347
166321
204473
357656
188198
302537
29249.1
8473.53
300945
1.57799e+06
133200
117566
127779
106650
104922
131567
139305
107709
117034
315478
106000
113879
133600
575349
713880
507385
1.12233e+06
1.39528e+06
112955
145146
236184
119011
937267
160930
1.44678e+06
152547
189585
368594
262265
155699
154067
355026
108961
123412
139536
100407
131118
95832
1.22653e+06
91552.8
111452
177861
106893
84485.1
1.25201e+06
133259
1.07322e+06
1.1134e+06
410727
285360
204416
284701
650056
598765
543635
110275
744406
414140
111101
1.33314e+06
114559
117005
226790
721180
511495
573322
846583
128493
108757
250295
362312
809002
419506
890760
308258
734028
666294
247346
891904
300442
807635
353871
734251
666242
408943
986878
130380
362309
276617
109634
132304
1.06377e+06
587585
803047
744483
650213
812038
590420
231539
254888
375079
921161
116049
1.50787e+06
133939
112623
1.14792e+06
129953
192282
399558
410881
1.18284e+06
98568.7
714231
650673
590654
221491
313320
1.43819e+06
228781
182566
421527
127551
438628
201926
241609
100809
141597
150641
126930
323362
106869
408633
221956
172228
526011
703860
711705
525650
269356
1.33256e+06
115099
115216
1.20494e+06
1.11048e+06
663172
1.67302e+06
660083
564681
645210
1.49204e+06
654388
514961
1.32002e+06
290341
293777
392402
1.14857e+06
97359.3
1.01524e+06
121172
179396
245609
407334
447428
491850
236916
178722
320248
65895
69139.9
113229
112690
151841
123252
109326
152936
694891
1.34882e+06
155154
132286
1.24663e+06
824279
320280
427044
111133
117179
1.06827e+06
721834
170022
549231
512482
718135
100611
109444
124678
108531
803166
1.34593e+06
1.3408e+06
896896
1.46429e+06
180773
100991
217323
644875
585609
710166
318195
222854
1.45602e+06
303208
372935
487324
170455
156328
622410
229825
117574
456478
174767
214732
1.39194e+06
223347
200691
696340
635441
576425
291421
933863
872659
1.13512e+06
356023
373275
434560
947698
420462
307057
841017
164378
1.67931e+06
123548
1.28536e+06
331603
382410
94657.4
401812
753802
111305
125497
118695
1.48781e+06
393875
355426
429434
209363
159021
216740
372611
980631
377158
743516
900415
819893
258474
813697
608290
647734
766417
810252
608513
654841
776118
453045
411162
33150.7
203535
131222
264992
381904
323214
440791
927486
843640
765331
694584
260657
749064
349587
124666
88517.2
95936.7
155061
86302.6
309255
708912
733572
271129
1.28787e+06
126094
108943
1.02023e+06
1.27534e+06
87760.5
776264
303868
402972
559782
367999
206759
112497
301432
483007
62530
114726
1.31045e+06
175133
142775
306511
278391
334784
230673
115228
117867
239632
818318
1.3009e+06
1.50684e+06
214387
236813
1.00854e+06
909446
1.20303e+06
105028
704352
1.16552e+06
1.5134e+06
1.56548e+06
1.49744e+06
353989
629925
268138
1.37229e+06
989823
397164
893903
113946
111830
1.06318e+06
1.06542e+06
110696
298497
1.38097e+06
1.13061e+06
1.06406e+06
1.10061e+06
1.57138e+06
1.05576e+06
1.29797e+06
1.15353e+06
117288
184112
824193
448192
692249
150295
105323
132659
123421
125508
148086
131447
272069
1.29443e+06
784820
263772
356641
847434
127957
396549
290205
1.61592e+06
208193
196678
394328
209967
360532
156642
134830
1.31357e+06
10746.3
105472
104891
21680.1
285997
354294
127872
140257
151615
115025
396332
355368
108319
1.3627e+06
1.17696e+06
372750
838188
273857
110486
979459
217011
1.36121e+06
342786
418105
487709
559962
1.10695e+06
1.00853e+06
913590
827897
342298
414394
1.11476e+06
1.01459e+06
483421
920182
556330
831803
191761
155429
374531
383702
333159
165995
145201
129543
113272
108892
110924
105228
104325
170382
618310
665379
544283
307035
594524
655451
1.08387e+06
436144
348988
1.22633e+06
411381
141913
86424.2
123970
114398
193528
173867
178248
119419
275104
213326
244381
486305
118522
145258
657241
119808
101128
118424
100300
905683
130280
163639
404183
322790
189821
411467
165060
99148.4
90982.3
1.47005e+06
1.47123e+06
803914
653261
633528
814517
1.41273e+06
715665
113498
460650
245607
195200
275001
141459
1.40666e+06
150086
757279
690763
627103
327308
229043
404719
228355
180783
1.42299e+06
160875
113418
467927
465494
198883
138096
158211
256272
551650
1.03616e+06
398440
312842
687610
827399
215598
302727
683008
620669
563903
314980
341422
590246
447798
635113
340075
705236
778421
230060
856397
1.63252e+06
1.16908e+06
104106
496146
546773
601089
198997
146714
977763
165340
215423
284877
303687
130474
164158
145121
118749
853531
644232
678940
814521
219360
1.1783e+06
1.46146e+06
535973
106436
488244
536569
590079
583846
706421
192113
1.11158e+06
489494
418522
378416
458254
173914
230248
144079
138434
288234
347667
315789
358641
393996
433961
260077
256596
359693
362318
751259
746258
617893
681557
613845
677367
375426
412997
162089
115819
124502
134367
834263
468147
115630
743907
614219
583910
764718
143537
277030
999404
407874
908175
823302
88421.7
169483
712576
391538
285297
933647
348841
65407.7
682586
620138
752840
331485
231202
1.00941e+06
351601
287007
1.30211e+06
353157
492059
128308
116389
219177
202838
183840
1.09655e+06
259853
200518
301301
273641
327052
165607
136459
743932
848120
144575
461203
110416
659518
1.30696e+06
838325
359792
276317
671442
329998
299046
246224
168766
119208
266294
134917
304099
132946
234760
111010
113164
1.38744e+06
256395
1.10029e+06
590886
645927
346476
266256
647634
1.26097e+06
94106.7
113718
119780
112018
252153
24283.8
8055.39
250825
510646
105029
515990
225694
185791
117033
330859
456579
1.00067e+06
106676
94719.6
121836
131832
279926
176860
647654
572963
159693
110642
102558
1.39162e+06
511823
106070
210080
108681
1.61525e+06
1.24587e+06
211653
148766
502794
250976
345618
694952
571402
631057
1.4409e+06
1.13745e+06
116174
1.09702e+06
1.52332e+06
1.14822e+06
1.25916e+06
571825
129969
794175
177268
123107
141681
270736
277758
212923
206368
485414
164672
122318
103386
722989
811128
895155
985007
1.07283e+06
451505
390130
325106
261581
167932
102986
349978
16441.6
174640
173710
8964.59
360239
181084
144346
84705.1
219394
252175
117697
254380
777778
506287
351329
254286
290166
1.33963e+06
1.04458e+06
132937
443595
115151
119393
346506
409974
463123
942191
246880
274370
118513
1.20947e+06
120138
204533
242409
225005
810309
892804
453763
555782
552921
343680
448537
891887
848128
833880
274793
372795
88181.2
104717
92119.4
178325
97090.7
406149
759840
676473
830114
601711
840922
600443
414562
313854
730860
534245
736236
535916
195024
860236
677540
591810
771534
683704
844022
611485
848729
610205
823699
1.61101e+06
312483
434428
965280
372427
102374
119086
162270
15982.1
161399
14180.9
110443
270043
823437
747564
908201
393674
276307
1.39151e+06
64083.2
109013
200645
648914
188971
521694
251659
1.43753e+06
1.45088e+06
897148
108797
213968
934493
462972
372520
289136
468240
424035
513340
187592
250754
1.50374e+06
352514
1.32519e+06
107346
110583
112820
107756
85004.9
1.30363e+06
113316
928442
84480.2
673044
916755
108180
119525
143183
389114
151960
313117
284646
213768
232719
255364
123988
221530
297590
365553
252279
861244
784778
712051
973708
1.31145e+06
1.45137e+06
98588.4
100367
104969
109825
180733
111155
189707
1.44062e+06
1.48108e+06
1.40824e+06
1.1486e+06
45083.1
819597
1.31356e+06
812650
632907
651598
803100
431429
413285
761082
467909
951893
88315.2
173464
204340
399600
164291
159487
185040
134276
155506
115156
133438
269266
275782
301682
295636
324620
330076
389209
390507
113526
115244
340200
233574
98661.3
139842
596119
956940
114672
534746
1.16267e+06
341379
1.0922e+06
471447
152488
1.08472e+06
510402
428739
677975
1.23175e+06
1.55934e+06
618884
233051
1.3239e+06
182891
141171
124996
312246
80717.4
565577
955399
230890
363407
153917
117310
159190
1.41822e+06
231043
263054
254625
198665
571378
178495
147945
593252
130035
1.23176e+06
116483
725118
253735
274073
1.13066e+06
905725
536595
998792
1.1007e+06
460963
1.20594e+06
389966
312736
899298
990501
1.20071e+06
1.09212e+06
313781
464943
539808
391447
1.31665e+06
138354
1.03325e+06
118723
102283
109840
5920.77
45035.7
546425
65942.1
995576
189765
153560
349773
380549
317999
311254
182781
805086
181515
191830
758724
91031
279601
256405
254232
791812
719070
873302
373144
366303
149542
245152
446665
990542
69984.6
232957
148211
105048
328267
1.07287e+06
568929
500833
1.11475e+06
148056
588642
1.28491e+06
636155
1.16576e+06
119695
1.29503e+06
163975
878395
293105
361608
113689
10397.9
104771
104169
17847
168173
937981
129502
1.06634e+06
510573
175379
780976
749370
861648
826810
949602
911498
425610
411491
297133
288290
326580
227654
761312
694853
630281
206084
246718
225066
126730
689774
595655
87987.5
134545
107268
123368
126195
1.30768e+06
1.05518e+06
260021
846512
768955
931102
109957
505477
874036
885331
120376
113874
1.0726e+06
360166
132194
177932
210164
194345
127335
343247
312708
287042
1.13736e+06
1.60775e+06
1.14804e+06
776028
365517
267597
129867
140972
194482
146078
116948
111016
147580
402099
316729
107786
990814
1.12901e+06
413140
396339
127311
129359
118664
118118
317868
1.0676e+06
732256
555364
574957
685493
112183
108838
165663
106688
102847
190196
1.66905e+06
1.3182e+06
105926
133212
493412
427007
302860
945855
1.03787e+06
778283
857429
575023
275325
231791
254369
135950
154437
1.20475e+06
292781
749255
73640.9
1.13422e+06
109350
393943
452534
1.66012e+06
107810
402677
121822
377471
123113
243833
772010
329972
839831
535921
927570
1.02268e+06
466982
1.12359e+06
396152
327179
400293
327623
161054
467212
530308
686795
105369
165488
922382
412640
1.5017e+06
1.24314e+06
1.39224e+06
259468
1.05483e+06
519181
371852
179765
141564
1.42433e+06
767274
101983
1.57856e+06
1.28546e+06
47140.6
416130
343848
60645.3
652156
481711
99513.2
122438
1.07024e+06
1.51469e+06
114170
477429
490241
1.04037e+06
1.00692e+06
352220
361227
354269
365642
111092
113245
113165
107935
80287.7
1.60426e+06
1.19305e+06
1.11498e+06
1.40377e+06
509040
258870
1.0717e+06
568858
627589
690191
73657.3
1.16792e+06
194356
858587
1.27283e+06
367088
247157
1.58489e+06
378813
397915
283628
300358
790519
765281
157466
157112
91427.9
110164
256428
926697
842307
763163
376795
1.5955e+06
115339
178154
96216.1
752468
829887
470727
913732
404267
1.01143e+06
345098
934955
769272
847626
1.02643e+06
280313
488205
422272
350849
109310
139608
143032
169788
302622
250812
276123
1.25746e+06
533967
651358
1.19681e+06
150597
204011
109613
325612
442639
159711
212620
1.24212e+06
133602
107795
115564
117287
108399
80811.1
169319
122509
132796
1.01566e+06
1.21448e+06
118114
101684
121962
212546
444544
1.34466e+06
1.24601e+06
584317
120017
131218
1.03299e+06
115935
118936
1.63015e+06
599023
1.19816e+06
308109
800486
469362
484771
148723
612006
819649
378797
275963
124568
273069
108218
73050.3
98024.6
1.32826e+06
688090
697773
1.2328e+06
199480
215078
123685
395620
114136
109953
123531
235709
208500
21126.1
207410
14513.1
113720
802350
226939
320207
687452
624626
566231
128985
1.4589e+06
508499
262879
1.21154e+06
674251
708951
133925
13087.5
133190
13823
1.09662e+06
305409
423675
513951
469604
112521
1.24653e+06
257402
192239
583762
446124
107998
28287
889244
178502
905098
211753
273747
519515
555623
463410
116075
433822
181694
222929
124491
133960
416768
432895
147418
248313
105540
106748
676880
328294
245812
119144
392508
10130.9
37841
390447
430122
348731
510894
607096
92036.8
1.48403e+06
1.5602e+06
184226
113880
118263
161680
181337
18658.3
180395
16134.6
732184
244241
334064
1.4537e+06
1.4734e+06
1.19805e+06
1.13995e+06
598526
529432
505649
450754
1.23803e+06
171543
331853
131343
95829.6
108790
230600
316424
448572
1.3565e+06
1.37778e+06
172602
89693.3
429758
472164
169705
727933
288579
242489
1.15451e+06
122695
121249
151138
671786
670248
719128
455022
234047
321268
84485
81533.4
849267
99212.7
730083
94488
341090
551911
483766
861573
1.0065e+06
116412
135181
267971
1.18789e+06
6149.09
76577.5
22699.7
76628.8
194002
184397
84388.6
1.38384e+06
24770.6
1.317e+06
343145
33075.3
10690.6
341346
205985
111455
12773.1
110922
261622
1.15169e+06
260535
1.36784e+06
1.52888e+06
45682.2
398644
483288
441544
590749
274439
203656
651259
446891
79491.4
162475
238624
178543
415973
559347
165762
166306
1.4748e+06
477345
551764
521235
600352
942678
109447
97167.9
788682
976060
348425
170929
194699
114019
220424
293397
118850
165121
226899
115420
80505.4
857842
1.01151e+06
183432
387676
305139
314884
1.0087e+06
433493
194947
163010
396088
357563
97720.8
227761
980446
1.21289e+06
297527
213978
516996
627795
570700
82511.1
106998
221554
166897
918331
333595
88396.9
43650.1
56462.6
292902
213090
499956
606666
551978
113838
1.34241e+06
1.5212e+06
124116
110347
103344
99438.8
1.31787e+06
243003
191507
540252
1.63549e+06
1.33184e+06
339445
139597
326196
297009
190360
175226
204636
121873
117971
116121
262970
1.31079e+06
101437
635874
688598
1.15997e+06
828454
808224
301220
296326
396640
403182
213725
212701
190514
103066
109150
467545
160468
1.19961e+06
802900
197901
107199
537193
1.55571e+06
104292
730104
605960
569887
754317
560174
233896
312266
733578
142297
536737
227917
251402
141405
318475
164721
209803
579694
280024
136211
120465
150250
701463
576103
147468
139760
138460
152872
112229
378464
290116
109438
277120
117712
164567
255926
1.41807e+06
1.24925e+06
862714
227327
174509
507419
462094
419537
212385
219264
101307
772702
117052
379446
505152
163854
174583
1.27867e+06
82874.3
230405
213784
117645
1.32738e+06
79221.2
118168
333473
396062
137567
128597
146058
109524
113234
856510
101510
105347
13041.3
104811
852113
782959
1.47654e+06
942513
1.15636e+06
120442
1.20125e+06
788670
11799.4
85625.6
188503
154081
315156
344550
376629
506386
270003
1.14946e+06
631549
695456
126514
95053.4
90790.9
105613
120383
117196
162905
700765
86035
1.47344e+06
372159
141831
739072
459609
239719
328388
163945
140456
196571
307879
193099
408436
382364
148941
117517
480392
748831
83090.7
86160
148455
91001.1
102333
1.16119e+06
270569
209132
611293
1.09941e+06
304223
202445
482076
419848
459168
381121
227217
171933
112947
6941.06
54918.2
465381
385084
540391
1.17117e+06
966342
1.06531e+06
384601
461618
1.1814e+06
1.07314e+06
538083
973919
151128
260755
217236
231029
108087
158987
137581
400194
188085
156749
174389
304108
869352
410065
112411
157086
103389
115576
169017
254297
111641
105870
97600.6
645061
230598
299422
210371
267956
562001
476844
555062
445293
807042
235872
143481
215322
482083
362172
181532
239646
336847
114185
215142
130519
129395
389739
389456
151533
504513
160039
165738
933237
781170
104899
123811
1.27827e+06
92774.8
145090
93136.8
157919
192093
608055
551414
497912
326158
327400
617182
150343
115015
109919
855301
160260
148979
159576
150451
137537
142511
88845.4
129620
1.0044e+06
994832
290615
230633
118522
666097
570130
234074
319046
451846
113058
79790.6
115487
1.29167e+06
453925
544015
61632.5
389090
158343
66411.7
150916
164764
152412
379755
113187
236360
186233
118737
1.5794e+06
249537
732822
205976
1.21076e+06
489647
574385
301151
223988
711059
93540
117843
132638
266529
327713
229597
155375
91652.8
70511
560859
234901
182233
96115.1
101895
105087
107638
247523
204752
227230
59531.1
118574
1.13963e+06
110914
1.57879e+06
332788
148938
586351
126907
98232.6
434271
155367
150043
705558
105920
451207
936770
850473
1.02705e+06
95693.5
160680
300994
930198
880744
239921
112391
257194
260578
369115
429333
810431
368646
419918
896858
800252
871917
667323
735544
658777
726105
1.11981e+06
243965
180408
1.31458e+06
102663
131400
463461
1.10225e+06
338135
186825
150438
102940
93659.5
119171
132216
98336.6
867562
212793
273320
504237
115916
604911
142457
224390
236154
359300
133964
116922
150666
116876
107377
153712
143553
134596
1.30528e+06
131062
108954
259530
328344
81477.1
178365
181339
991211
192546
136711
122184
129173
131567
1.29087e+06
219055
200123
487655
216111
173925
1.24902e+06
961220
1.0211e+06
320116
121846
1.10434e+06
328000
372499
161594
642304
514429
722882
585082
810688
415847
1.07756e+06
703131
924836
711322
477915
381371
101890
116169
1.13681e+06
97596.7
111201
109274
112142
108709
96934.5
661812
690858
150401
319053
30894.4
4248.66
317372
140197
93207.3
1.127e+06
379057
518935
199747
169009
189488
139917
154097
276763
317156
109575
151086
419676
294381
215357
405466
643752
545572
95790.1
626686
526547
1.55129e+06
934813
561104
1.0312e+06
1.13673e+06
483515
1.24577e+06
409306
330454
928889
1.02303e+06
1.12839e+06
1.24074e+06
486146
330010
563388
411316
110764
563541
85930.9
710409
706715
1.5652e+06
131761
283560
840700
122594
523639
87737
98163.4
809361
113719
182683
456090
595657
1.31306e+06
235590
261538
287104
126312
220522
288738
621030
240907
139373
114946
114890
122153
1.28713e+06
614530
598156
1.12157e+06
1.09126e+06
224174
202606
294569
264167
574458
527342
977868
1.13479e+06
700882
772050
851635
941598
263085
439591
322975
379948
942846
855181
778032
706057
259262
314383
371905
428616
146890
187855
852963
1.17668e+06
225127
187459
234313
493600
574191
523560
473364
409808
208159
283811
1.6369e+06
96107.2
179195
693777
1.00661e+06
865604
340442
421953
130710
41578.6
170511
908431
326526
1.45296e+06
145787
184024
866490
1.06679e+06
99411
701158
771857
633716
1.36236e+06
458014
199159
252410
341615
171760
208710
455026
693018
294224
725219
599007
185766
490576
596197
540690
194170
284604
1.58042e+06
1.27646e+06
167122
146460
1.19891e+06
148585
225891
235599
304043
314917
634209
650608
208750
158598
447415
409708
372245
529462
106946
853103
1.16928e+06
500116
106116
123897
1.14222e+06
555611
532111
661482
639261
1.10694e+06
229247
314828
204104
154155
135524
273800
700129
139732
119002
144127
1.47342e+06
1.13734e+06
384446
176297
136274
190047
102381
463617
314478
343914
376767
183052
148398
114017
108148
1.28641e+06
51813.5
1.13995e+06
214925
233269
194623
133783
107653
115531
1.09018e+06
97314.8
1.58346e+06
502651
389404
441595
516892
566950
468762
198246
271533
1.52414e+06
411092
485317
175518
213520
434195
401445
1.556e+06
515490
468301
565439
257704
186645
131104
1.30504e+06
1.06708e+06
1.14086e+06
166846
119936
197871
164329
206915
392029
1.17147e+06
230482
649314
304154
650117
727525
687156
266511
159044
136383
1.21934e+06
238141
190333
505245
1.19744e+06
151540
576191
186650
524356
477336
256412
165221
84651.2
367429
264403
755258
685217
621288
89830.9
838777
639893
675444
812061
5984.56
53981.6
97635.9
1.08972e+06
1.10737e+06
110707
102407
196372
427301
352681
388779
421226
160759
197973
120400
115640
83360.1
811569
240181
656919
1.08337e+06
199993
117110
115884
172521
1.28172e+06
167609
937147
379025
508301
76994.5
97109.7
114881
442281
707786
132605
537414
487927
590199
271271
195442
73225.5
69928.9
52445.9
163688
818223
153629
104571
1.02791e+06
103352
1.17508e+06
81248.3
954356
522850
203879
600911
275914
854768
121310
177512
218726
558290
555450
159068
390585
356027
524721
94560.1
1.03462e+06
994961
120748
83916.9
86464.8
281098
513184
153862
137881
285434
101741
106562
218770
125044
98406.9
93140.6
104888
104400
152018
142701
135116
178808
117234
612681
596173
121704
267244
246202
1.34256e+06
1.24438e+06
922037
1.28981e+06
919609
225988
175138
382740
442874
751113
322620
828059
909957
261740
998996
675490
174665
117014
194558
593864
539870
268334
490776
660628
638426
596443
611866
1.59505e+06
740837
260981
259086
194591
1.33096e+06
451090
1.25506e+06
86821.6
149444
285119
318127
241255
636176
174343
1.65367e+06
687363
1.37115e+06
1.37542e+06
599328
443306
402313
486951
69241.7
358130
217895
114083
88756.8
30132.7
102802
72233.2
462331
468322
425380
420004
896047
193637
192385
373312
1.19575e+06
116162
518878
298922
580956
790023
734615
637609
583344
797373
1.61328e+06
955201
673943
169431
178108
458291
444563
830986
916894
933442
846174
767045
753498
313910
326252
1.39154e+06
168268
211207
374684
362155
647413
1.28587e+06
113091
115759
250676
146542
112680
66245.1
475917
458486
278097
263347
523650
504060
577333
555496
207515
195000
534849
163338
312644
127425
93522.4
1.51819e+06
116097
1.476e+06
1.28573e+06
1.35397e+06
139453
115150
233401
590873
573901
348136
329033
651572
632259
720219
698584
253299
236998
91386.8
153478
173045
164127
547904
488619
1.48878e+06
1.0483e+06
875274
587881
108428
136599
122406
117695
216430
298418
616934
561502
508096
117310
92498.1
384373
170312
212201
516245
207087
113638
1.3067e+06
1.02198e+06
453685
124663
138885
1.2987e+06
195688
173236
224374
130241
140176
123845
119270
212162
272355
321143
1.05412e+06
195307
572069
521010
265981
473961
111254
114328
150095
447627
533831
90494.7
1.50074e+06
803635
640233
632857
799679
114532
524129
538471
140544
50832.8
417947
279793
484164
349422
416169
1.0835e+06
983188
810163
892345
280354
348996
1.08516e+06
990443
412349
900098
479400
815948
110378
116267
142595
122642
116655
212558
204247
1.08457e+06
359024
165261
219101
127689
136572
348870
426831
499505
574852
1.15835e+06
1.05369e+06
954087
865105
348638
423355
1.16773e+06
1.06217e+06
495928
963416
569012
871364
118076
1.31426e+06
150822
107196
137795
117873
255947
160813
1.22494e+06
775736
757619
528333
509007
857610
837137
945909
923551
458314
442416
1.03858e+06
1.01403e+06
379452
394622
314785
327392
513655
530084
396677
382564
1.00731e+06
1.02896e+06
164797
178582
152979
113711
111192
1.31963e+06
170129
236389
1.22002e+06
1.55808e+06
188030
237532
496861
992572
677540
746345
822925
907848
250887
421012
305891
363760
914593
831196
756972
686872
245834
298151
355415
408293
405813
552925
187941
111650
1.21416e+06
686650
110067
1.49582e+06
277954
271385
384247
845550
766815
695374
137109
100545
671188
1.09164e+06
174743
1.2621e+06
424740
559286
117662
780095
642461
814474
621643
73279.4
1.04993e+06
992119
220479
209387
1.10434e+06
259428
1.11131e+06
137244
202159
180979
152735
91649.1
124469
119492
123129
647527
109999
1.38493e+06
1.23575e+06
271483
112844
241996
196681
117455
996160
584839
656783
503683
384785
119225
115839
93265.8
585497
511327
216964
204962
288280
266989
441333
402874
364377
184869
907652
10508.5
118645
118019
9840.83
1.31533e+06
356507
100233
137758
93279.3
1.30293e+06
109068
161153
112984
126326
587563
516032
732015
336202
418960
306353
118947
244615
122524
720573
185504
128817
254261
129227
431269
473360
392765
724261
720716
815077
618265
687714
633617
583724
848054
791638
739440
799149
681303
638288
635156
587886
800697
854704
737145
168277
483888
532220
587497
289554
678555
216865
171851
117957
95989.4
960339
1.04591e+06
766032
109351
92401.8
756921
338285
1.10645e+06
89371.5
148402
338001
407191
239190
331809
683555
621048
562468
1.1228e+06
841648
127240
82469.4
167276
1.0527e+06
1.04033e+06
1.13627e+06
766066
78812
134595
125253
1.3452e+06
83260
86882.6
579109
164587
348169
384449
420030
207606
165318
522622
953552
562383
1.05131e+06
1.15911e+06
483386
1.26921e+06
407365
328582
563032
326512
408406
486575
948110
1.26414e+06
1.15013e+06
1.04406e+06
756464
1.18185e+06
198856
268051
380796
1.37584e+06
941228
427740
305991
158783
131354
97727.5
159323
114238
120625
108193
103728
77470.9
852211
546928
1.37785e+06
1.28426e+06
115174
152428
115639
84984.2
83485
82219.3
245278
232235
167867
127277
777381
651372
726927
246484
251226
154595
140874
121089
989640
486984
112220
114309
558754
507197
909802
247869
128233
1.26028e+06
1.30691e+06
100753
143719
124568
135539
1.18134e+06
1.29292e+06
192490
230539
213610
542990
161324
288712
728615
472699
758526
109003
161836
151303
676623
690692
1.07645e+06
153994
366920
334107
100830
486153
215394
195885
651537
491984
792787
536300
142542
119200
113749
112279
317547
116156
187128
217835
203042
336505
16399.4
143473
142790
27435.9
20912.7
197993
196991
20849.5
524553
810516
207711
113844
123096
307389
399917
724391
195622
850285
1.18572e+06
113780
133304
215803
210869
1.20631e+06
1.01781e+06
250522
258298
275136
284060
132888
142328
1.16219e+06
88137
151753
957875
110515
110176
1.09145e+06
1.34949e+06
170196
119446
508105
756752
746546
117652
952901
1.21075e+06
138396
130696
148205
123286
112033
112946
114098
131186
126186
272249
176517
249385
163142
228350
148946
210699
79293.7
82635.6
78321.8
119226
121739
59092.3
1.0088e+06
1.29072e+06
161945
128061
605923
163581
94891.7
169783
121498
125258
146357
137646
132197
107853
66182.7
348454
411462
744421
4921.88
56660.7
374005
36377
13599.2
372049
269559
27112
16466.2
268159
490449
401871
752653
740588
109976
698054
219287
111070
301997
263092
1.28879e+06
793727
684875
134584
140905
519155
469860
570303
85050.4
410273
570281
241447
237760
330721
116087
885425
203623
180246
153662
595172
657241
355059
725617
876323
258494
210655
298161
307876
161681
150507
50217.6
316260
1.04516e+06
136593
89780.3
117426
114156
114547
91159.9
93518.8
102430
144385
91471.2
144286
307253
122451
123805
335978
322800
290082
266605
519886
552956
225223
205766
380688
259429
122683
107321
173125
346839
760360
793132
106498
414629
480919
343948
1.04313e+06
861389
949061
342886
413129
1.05016e+06
954651
479386
865515
739435
701762
275362
1.27966e+06
36281
262352
369582
773283
635675
700786
356564
183679
244545
808713
467382
385088
427373
274599
101662
115888
1.2513e+06
1.28538e+06
1.17496e+06
49478.3
581793
11937.5
66302.7
223742
1.05601e+06
922492
588562
690645
687025
1.32356e+06
492742
184019
212140
569271
393647
162457
138850
508751
12175.1
48620.8
506083
813320
364963
264197
71647.4
1.18923e+06
789165
594426
1.06728e+06
73086.9
169796
181547
196885
123198
602910
111902
114013
103960
161223
100312
102865
83326.7
488234
263635
107427
232257
118551
1.60378e+06
159090
145540
186433
489405
242245
188210
104359
800183
1.13225e+06
1.00256e+06
917677
1.39125e+06
466138
1.02754e+06
1.48568e+06
1.20953e+06
108153
126206
135157
966678
1.52496e+06
265674
168182
198663
1.07198e+06
184001
121871
146171
232697
386766
712788
293240
80943.3
820706
117261
171726
38955.8
4351.83
102077
304996
627056
231736
228942
182077
409832
101926
435303
205034
120619
110845
1.37368e+06
590683
1.16473e+06
128778
1.13396e+06
246360
659359
323212
660034
667425
1.202e+06
1.18884e+06
705230
546583
138713
108088
116526
111080
119121
116455
111160
113715
258444
154116
1.50911e+06
461757
119150
217096
21077.7
218082
7291.84
216929
165984
168720
697563
1.05395e+06
1.24214e+06
1.0575e+06
1.03523e+06
85132.6
1.18048e+06
1.05207e+06
528931
511084
225002
924172
962459
224763
848007
878365
283707
277282
770223
797751
332298
697840
722394
340661
381511
628839
653382
392893
452795
439650
1.39007e+06
1.49754e+06
151072
716364
849481
113804
772753
1.05564e+06
661441
961147
1.28626e+06
734615
719281
171133
163623
1.55196e+06
1.01318e+06
108557
114701
149416
129301
1.48455e+06
116304
508997
183146
242914
355474
1.41006e+06
1.33918e+06
875568
432840
322884
258549
402984
155610
186668
119342
534691
132046
143606
153715
105305
905116
236917
99888.8
128035
351339
431909
506441
584692
1.21403e+06
1.10471e+06
1.00007e+06
907498
351308
427451
1.22954e+06
1.12018e+06
504714
1.01594e+06
579414
919552
403555
401454
29232.8
552716
643353
518619
699292
523325
167925
1.2119e+06
108380
116024
885469
610124
983949
1.08422e+06
530025
1.1921e+06
456175
376609
880159
975689
1.0769e+06
1.18323e+06
610209
379453
533162
456626
1.00646e+06
345518
119532
112316
1.32069e+06
1.47227e+06
392100
298370
715368
70351.3
187013
114523
161300
102874
873501
431280
322773
430051
1.37928e+06
827224
208270
668757
345593
423405
491680
566997
1.1699e+06
1.06393e+06
963574
874111
344676
419475
1.19053e+06
1.08394e+06
494149
983006
567426
889519
1.38908e+06
144215
184645
170634
247203
297548
147460
132502
135778
121245
117793
127325
1.64526e+06
150623
114130
124386
255785
340419
253728
691379
918066
531938
1.01216e+06
1.11542e+06
456574
1.22047e+06
384135
307409
384438
534299
461115
912647
1.10706e+06
1.21546e+06
1.00518e+06
306777
831373
303134
29600.8
3685.95
301545
547115
180561
213563
195605
120946
1.19485e+06
1.32653e+06
857114
1.30125e+06
783877
199495
1.22719e+06
1.18436e+06
637475
540519
547345
653795
524544
675263
691139
514939
112493
546777
517410
521876
227309
223892
1.40366e+06
554138
533020
1.0359e+06
1.56022e+06
559363
444976
366665
120655
114628
1.37663e+06
136551
136862
327909
115699
127268
108095
101357
54599.9
1.04084e+06
98691.7
1.47799e+06
1.57226e+06
174446
190058
198124
264692
253876
593034
583547
362061
371530
113264
728748
1.51341e+06
1.37038e+06
146717
143876
115809
1.10606e+06
429746
938420
958474
1.16599e+06
156321
1.185e+06
1.30508e+06
404339
87677.8
166727
399109
679229
264429
246282
120562
14650
83187.6
82516.1
6589.63
1.21552e+06
104334
629161
114997
593420
107016
600558
1.50773e+06
248254
1.34934e+06
110954
583450
494326
198985
703820
115233
777330
111696
739253
113771
126911
138419
121235
103373
90270.9
1.39707e+06
657104
664385
348458
354162
280643
276070
155958
108977
699289
177276
439709
431718
869679
854602
630643
178832
238679
338719
688915
305471
112721
137136
209721
471352
431403
389155
127672
1.34124e+06
15996.1
169223
8300.93
168324
523784
601517
532607
603599
445460
599125
448657
1.3196e+06
197310
246209
145604
261239
696100
344999
158681
153748
1.06705e+06
404571
199939
186017
452890
524694
374698
1.12615e+06
928221
1.0227e+06
298948
374368
1.24356e+06
1.13689e+06
449716
1.03216e+06
524086
936400
224707
173932
371226
407964
449123
835120
473163
381192
810619
264983
163912
299976
1.23516e+06
516174
603998
150093
5439.14
70289.1
69947.6
22120.5
331899
196522
213088
964383
500932
821789
888259
464178
616159
618264
457889
100292
890774
875249
111667
908712
986061
987218
162919
264034
300290
300903
232808
250217
311587
334219
636626
671417
582612
562872
509121
529090
119553
139607
1.00978e+06
184707
323763
451175
512204
548750
988453
1.00599e+06
982350
110248
271843
981408
401037
892040
808731
259248
239035
282448
141095
124722
813449
738267
897565
419834
293847
714221
603120
571372
752983
708876
594820
561519
750187
1.27405e+06
111196
161196
1.21132e+06
1.42433e+06
747039
511464
825748
911111
443284
1.00102e+06
381808
317194
740954
817662
901773
990932
513226
444594
383546
317568
177976
143330
102054
106181
260027
789758
351075
304618
406292
239673
416946
1.49517e+06
1.25544e+06
133223
1.29258e+06
856406
775959
283997
703024
399701
113861
882182
799452
724319
289313
407931
1.38962e+06
521214
599987
534061
626439
515551
467487
426476
164840
324227
156890
738436
223443
105900
99941.4
132707
98637.7
1.01601e+06
1.11705e+06
814633
1.4777e+06
198992
145331
134172
158062
124945
122908
1.69599e+06
155553
1.50388e+06
712463
601274
565967
750422
701047
597627
568107
756398
483848
453259
1.28146e+06
274923
234199
1.68676e+06
897480
934576
204095
108086
890592
398655
288221
1.28778e+06
110767
484505
532469
586104
269319
197723
200179
340302
561942
620642
685406
248935
201392
824797
931239
508987
527827
504310
150749
413661
375354
340202
115607
529869
1.06374e+06
1.112e+06
1.0308e+06
516455
166288
687379
378121
278178
1.07956e+06
472167
842203
53071.2
209856
600493
153575
168779
302944
549859
422112
1.46242e+06
605054
1.3644e+06
109129
195411
268216
467340
198543
513710
566692
120634
266426
244548
291164
164082
141383
168074
173466
1.46398e+06
110241
1.28785e+06
123252
264991
390557
755510
915819
831806
121606
1.45553e+06
146415
104813
504520
438680
214166
326788
107717
225225
174023
387539
425947
468613
1.10228e+06
115087
292127
110560
505236
554443
456892
1.34132e+06
231221
1.04783e+06
409793
211971
287330
279496
26838.4
6254.2
278028
109540
108905
113891
107878
339956
115056
109160
364341
172240
181635
115408
136288
648021
126944
195029
209653
227235
103927
1.38274e+06
345489
140558
159234
300756
1.48879e+06
697688
76127.6
165506
129843
134653
1.45187e+06
1.45467e+06
404330
386495
292570
305587
790079
743392
450781
482022
129477
123071
1.46897e+06
562276
477667
142560
163549
334035
546498
867732
384337
272950
300065
137223
463640
204416
929144
1.16729e+06
1.46151e+06
97090
1.08958e+06
1.30431e+06
856114
388697
281836
145481
347865
261434
689768
290948
1.27123e+06
76797.1
373421
864173
287582
341145
109360
177033
815568
79444.7
76594.2
1.57484e+06
209308
191348
293874
1.24703e+06
1.38354e+06
120458
1.21189e+06
1.10552e+06
289836
1.03092e+06
936895
850779
142425
1.52978e+06
473946
519559
428840
1.10021e+06
621008
121041
137624
1.53218e+06
876576
1.50291e+06
513271
144552
858948
964933
102951
1.45697e+06
117642
141074
216646
110311
118452
261088
768289
190005
1.33125e+06
494684
154046
153535
195843
19631.3
194812
12679.5
153503
160211
204757
382853
1.38241e+06
122408
117658
129046
133315
188658
240129
81573.3
87040.8
691273
173631
129095
659363
725635
796918
234450
338931
540812
26426.8
8854.1
369319
367384
35592.2
1.26052e+06
121900
450930
1.47531e+06
190380
287410
380703
746338
112086
220815
302684
648132
588058
534407
629177
444137
167941
501823
95559.7
100182
93500.8
111238
1.0011e+06
729085
542542
550999
590283
811628
622652
653300
791934
301809
398984
747515
98590.6
518996
736971
230035
1.2981e+06
209472
19837.5
4185.03
208369
228243
1.01908e+06
568467
1.23183e+06
822801
117963
181013
429806
974831
314378
374260
265509
283668
347138
719995
659531
159788
359594
190926
200987
555266
414007
241020
736831
161978
16639.6
161125
15001.8
658723
636987
235318
174909
12756.1
89992.8
234913
223624
750018
339969
109874
767233
84891.6
470351
878275
80813.8
90190.2
1.50431e+06
111795
180757
108101
117005
125182
1.18806e+06
183168
134795
148776
203145
206207
281262
279482
567264
516453
582064
479534
529859
467155
189885
10242.9
110587
109936
15516
334763
313250
584347
1.03115e+06
690240
281517
112692
587323
1.63853e+06
450976
137745
117449
243597
186113
155993
415590
455800
502775
581947
112469
216346
229686
119004
123822
108813
300436
29419.8
9610.4
298857
803742
885080
209573
57327.9
49715.6
1.58404e+06
318664
120046
121301
414891
41096.7
316478
1.24708e+06
119720
293920
1.37569e+06
228225
599184
1.08872e+06
602333
114166
1.49654e+06
109125
104981
11687.9
104489
22061.4
157569
381696
854950
420791
117011
327954
453099
1.0113e+06
193240
1.27464e+06
148400
635249
265357
631565
1.38244e+06
659744
256122
1.17909e+06
655494
696383
109127
734223
810038
889804
372672
255532
168881
804128
710933
955214
222834
112129
119735
334047
301226
218089
237568
704705
579957
620945
639947
564583
511138
911368
244656
252080
343385
352548
751423
761220
689461
681942
625411
619262
251898
583630
209650
1.48072e+06
973427
127907
112758
413914
325714
1.44904e+06
718554
406573
183069
1.26089e+06
162237
1.28332e+06
641959
1.09954e+06
345018
455300
864434
195394
524729
263077
199292
7738.05
78299.4
77559.1
19765.2
502592
361571
110196
184898
233767
376621
412024
675195
140787
136739
1.24077e+06
318310
1.00956e+06
154770
1.06566e+06
105237
128324
171587
103332
674125
362617
443761
517465
596957
1.21673e+06
1.10652e+06
1.00163e+06
908678
362260
439423
1.22933e+06
1.11894e+06
516263
1.01509e+06
591537
918253
162604
144324
141439
335804
369423
150023
108817
82695.9
122979
716522
99419.5
217921
137859
91283
491487
108968
364768
733937
742860
580893
590348
748824
730300
594542
581522
554447
243563
117553
1.35082e+06
448704
1.25563e+06
544701
266295
231140
309737
267417
727696
1.53817e+06
438229
1.39488e+06
100074
128814
106157
200691
115281
346139
715251
327859
239041
263553
288385
316034
142901
541237
489118
445119
186812
251440
963707
597712
251881
509167
462896
177117
1.08798e+06
390168
539093
314035
265269
209571
367024
328154
117081
127215
961540
1.29196e+06
716705
655336
594443
218172
310917
1.3113e+06
1.13638e+06
147943
1.16311e+06
892613
946019
295532
1.39231e+06
104311
95467.5
128676
135926
138878
1.24938e+06
342407
456088
868773
270018
251903
504114
196862
149184
202198
505548
251648
251680
218654
298556
345902
696128
598185
632250
572587
544540
492529
1.36426e+06
838257
832498
217663
583398
280048
810607
781285
895191
862829
528459
512049
987030
951787
461359
446145
1.08442e+06
1.04544e+06
381242
393770
315697
326499
396190
384057
48161.5
54505.1
971540
442721
440462
206225
95830.5
272178
211963
518183
311135
378684
1.16035e+06
834165
220182
773214
950633
197320
123370
122549
146457
218351
255055
935631
567882
156115
151141
158095
389270
383702
518871
511553
968583
993948
117461
846493
598513
797621
115782
290264
143478
162116
1.07503e+06
142225
115987
503780
243138
184218
145761
296525
271565
333349
191583
996542
189785
40234.1
530198
199875
215029
667061
841298
858113
688514
695388
96402
11616.7
95976.2
760131
377737
441704
197250
1.57146e+06
1.3402e+06
954879
436691
481097
527632
248796
184625
336591
1.07309e+06
465158
198611
117458
1.31504e+06
108938
102726
109016
543919
565071
751132
782068
618546
642379
716387
692270
564906
545590
794900
764503
1.25056e+06
116330
242590
1.44483e+06
191074
235437
473550
42017
1050.22
1.09663e+06
164786
217331
941705
87192.3
87420.3
1.38142e+06
1.18508e+06
569566
384542
370633
1.32426e+06
378518
56304.3
120077
1.01693e+06
784845
113323
85174.8
880136
1.15788e+06
1.16657e+06
1.38062e+06
123266
194765
150270
1.34951e+06
100506
369708
186249
476349
152257
632374
621812
707100
718865
124563
142491
713656
389846
1.20486e+06
184369
153377
247381
177075
526923
503509
173290
32226.6
90169.7
14593.4
150070
149265
10543.6
588764
558287
724538
798257
692682
398893
762816
655713
626925
384038
259520
276192
759976
251109
1.08253e+06
1.00563e+06
1.0417e+06
414524
395693
490687
409234
1.37102e+06
478626
280416
414082
998668
909500
824796
748762
797744
120193
114663
108166
311276
325711
697576
830976
1.13376e+06
219263
761127
694378
629742
318539
744573
119196
797508
116402
110572
106994
116626
148087
375719
343047
942415
477936
332313
255816
90625.5
674854
228640
39913.9
150199
178829
392444
92847.2
299421
183630
178358
161851
158907
208940
199300
414649
341785
78932.9
185109
150940
379375
353091
320373
369398
458906
825000
225585
200051
1.37217e+06
153320
145078
748272
292125
243176
535522
1.36526e+06
807195
868446
377400
626041
332047
254994
185113
58068.3
567990
475525
1.1804e+06
127236
146979
290224
263830
240407
148825
175127
487253
232117
1.26718e+06
352468
350885
974278
471538
185182
489905
444203
820124
402126
486067
443761
235886
175984
1.06186e+06
131364
134664
139785
979403
818375
1.19209e+06
693003
752306
1.20773e+06
133545
434350
574615
1.6066e+06
218412
113527
121092
637284
775485
701501
228491
331851
112391
772316
115411
110095
127933
125226
181077
114087
112339
118310
114687
333849
1.13657e+06
1.315e+06
357108
933349
280287
651374
617114
117498
569229
182898
98630.3
711380
1.32798e+06
166371
166537
689306
116126
1.15712e+06
120097
119571
272375
878795
766821
620352
725705
591577
448824
269759
278106
269367
827015
151692
111905
161557
104585
111329
1.31129e+06
831277
157756
278853
335930
258044
268673
196734
205972
623895
609753
133674
106574
102213
112569
89782.4
1.29709e+06
142858
182035
924011
185114
112658
203286
143990
189045
107392
102971
1.25054e+06
1.13738e+06
503460
364143
1.29427e+06
118906
553438
567356
535341
117962
456293
207031
126887
112878
678357
115715
122839
131583
1.44392e+06
112291
942868
418742
151377
136385
199778
863602
229604
235228
315559
390367
220270
115086
139600
659949
599612
1.32386e+06
117012
216541
200588
815652
957104
201284
119935
216985
205613
391640
210143
1.03848e+06
950255
1.20192e+06
1.24313e+06
203993
855932
1.17808e+06
235456
226565
985098
927725
1.4475e+06
1.53706e+06
407413
737148
107671
108600
1.0302e+06
140884
932060
104669
184113
196038
105162
110113
1.15824e+06
980016
384719
102305
272949
856112
372480
1.35142e+06
515465
218178
114538
170978
110133
108448
732386
254381
152151
108879
694491
1.25525e+06
288288
227540
1.42464e+06
151150
565263
209832
1.24902e+06
127268
140319
150047
369736
724562
620958
566981
683463
1.49176e+06
493311
543041
346686
357967
466400
481289
902643
938153
294707
283419
392100
407346
656618
97166.1
721545
774904
445258
147037
900299
923318
427170
360927
780676
663944
106554
113723
110485
102040
1.59793e+06
110249
1.13747e+06
719427
1.37211e+06
121540
125076
735536
490531
292357
538888
595060
216830
708755
178893
858777
1.62714e+06
147699
204493
187432
216101
202068
235330
219025
257518
250490
298622
120632
160012
140547
115031
124432
105939
801090
1.0351e+06
574896
664030
472375
548909
865047
79551.8
555895
567051
430787
413526
119285
1.34926e+06
78392.5
682668
590895
500417
459609
883480
207293
186774
847960
732439
190090
99726.7
125427
116363
123231
99467.9
804784
309842
409543
776820
1.52246e+06
1.26193e+06
794120
459876
121271
894967
815916
460311
629480
541450
232872
118909
1.46802e+06
111980
350209
326791
266185
283459
415084
481801
387675
449928
1.04261e+06
977369
859095
804485
947288
779969
887457
730173
272234
282187
333529
347057
1.02148e+06
1.04887e+06
395639
410068
929963
954764
457491
475064
845755
867964
767359
787282
1.54084e+06
74761.7
1.31434e+06
155430
761873
545150
551842
600564
608610
490783
487375
193542
196073
580187
577185
816046
197845
161221
354630
1.17905e+06
1.21513e+06
90099
108665
1.20523e+06
1.16095e+06
200327
628371
618424
129885
240754
983533
506332
108895
280270
450428
379527
522637
307048
1.13602e+06
1.03345e+06
936924
850510
304927
376661
1.14303e+06
445417
1.04191e+06
946078
516318
857724
187740
155360
283662
310948
341637
408886
490504
87559.9
89420.7
1.47839e+06
1.38332e+06
1.35365e+06
110478
110453
138707
131152
134274
447385
347900
135722
577869
100067
818962
144357
313414
349159
384640
1.16425e+06
196835
600835
309413
274693
378721
427003
932608
825850
115258
823087
101757
214734
277679
1.36487e+06
270957
270417
377537
377265
799987
795548
724434
720454
656547
652812
116333
117397
950763
130642
137567
49018
198706
276127
617860
560910
510306
108403
123432
501150
675001
499466
680462
872265
453448
1.16173e+06
98744.5
116007
180133
166479
158130
150031
1.08863e+06
339594
123962
303251
270711
1.24342e+06
116060
108992
114292
359006
108550
112243
896161
1.64368e+06
188480
1.28599e+06
329327
189612
435154
1.47873e+06
114236
544087
564897
152372
145488
114687
1.62223e+06
100660
138825
118582
126113
100390
152496
845085
109861
108771
1.32065e+06
685193
364175
1.1384e+06
500909
954110
1.05863e+06
1.34606e+06
626729
484924
679109
120263
129739
117396
181614
107673
1.54385e+06
1.24108e+06
1.22437e+06
1.32384e+06
941197
637036
294139
1.04002e+06
431408
944753
856523
55412.6
640228
434836
1.06783e+06
1.01224e+06
84862.7
1.00205e+06
151797
617782
512594
63940
607083
382097
290864
716424
91197.4
539255
749590
753534
104935
1.04377e+06
528779
1.57638e+06
1.085e+06
175558
215917
460656
941094
360712
1.23931e+06
1.32536e+06
178604
123454
139456
1.59531e+06
296374
402076
116679
340209
1.19053e+06
333635
311904
563586
566780
396379
322783
466162
538495
1.02932e+06
1.13147e+06
932568
846407
322417
393306
1.1412e+06
1.04125e+06
464531
944715
534827
855763
94130.5
253541
883407
804124
368173
728774
1.32078e+06
255917
255022
92398.7
830435
610395
611800
245423
1.06804e+06
946078
1.30591e+06
643770
1.25217e+06
477458
973596
103696
127504
1.49171e+06
223691
489425
637677
121923
14730.7
121385
193214
205736
129378
217126
573010
1.23822e+06
180291
349554
483082
130153
740142
1.37482e+06
736404
228841
227663
23553
18299.1
646057
712421
785282
367197
256485
458486
186258
238057
125729
1.63936e+06
764468
31224.2
592884
589761
538875
491449
491914
535768
103936
122540
177876
139617
198301
200587
59946.4
160759
223728
123467
134934
130239
432726
12666
430458
41662.8
752668
1.35527e+06
1.27109e+06
1.22361e+06
94611.9
175017
96194.6
66906.5
176624
149632
1.34438e+06
1.30144e+06
1.36703e+06
1.51059e+06
50316.4
235859
342221
340229
940013
457921
118728
117557
1.04887e+06
1.10772e+06
204992
57031.5
104373
166868
1.36883e+06
245107
1.55885e+06
55686.7
115213
112576
1.60279e+06
380368
1.15866e+06
745410
720589
654805
677253
124685
696950
768340
847924
406861
288524
155104
108535
108622
803252
515603
886980
978111
448152
1.07697e+06
381622
314152
863235
783480
953114
1.04989e+06
515715
446404
384271
317729
228585
233395
1.10159e+06
204674
78003.8
128039
112866
98354.6
745555
305237
1.28235e+06
221478
167769
775356
120504
169554
223039
513349
311399
1.17433e+06
63738.9
1.32426e+06
1.36466e+06
770003
1.33501e+06
191916
1.35547e+06
1.3099e+06
1.37077e+06
100394
1.2511e+06
132361
137534
117649
1.30994e+06
110651
730050
117689
123975
128601
138231
121256
112963
106861
114773
251341
170291
450659
409392
497294
998905
1.30632e+06
368640
1.52215e+06
1.16459e+06
837066
159652
503925
457042
416600
182433
596449
198772
259235
69534.7
140759
786116
489049
567438
1.22647e+06
234105
1.05279e+06
122765
150636
153759
318893
295069
349521
1.55997e+06
393715
465991
255939
1.31616e+06
1.29669e+06
113821
661126
143454
314534
173081
70390.7
69279.6
110233
334465
441086
827750
156092
806218
125698
176871
145994
123416
294782
324195
355746
415869
1.45277e+06
199589
849929
1.38819e+06
1.4076e+06
96954
165254
1.30959e+06
1.18649e+06
121088
121975
109487
297245
396024
779130
156333
165751
486755
400134
441515
112629
1.29113e+06
117740
110637
197770
726666
111077
109318
120173
243336
245568
343794
346385
728027
731215
663845
660891
598839
601637
449685
440358
484458
495438
176513
166637
95008.5
129500
116365
1.21041e+06
240642
220087
601035
1.34875e+06
722329
127073
141009
1.34455e+06
141996
130283
49112.9
1.52195e+06
914226
117773
103977
602761
1.35372e+06
1.29982e+06
115803
156139
1.47013e+06
137715
68604.3
183385
739692
1.50518e+06
144356
139563
177222
161095
320665
218693
1.31908e+06
1.2709e+06
86287.1
101828
68109.8
170515
118691
584947
571365
264268
261684
194081
199097
241344
1.48542e+06
121094
94378
1.04027e+06
229919
229845
295327
297212
553068
564871
88024.9
109786
1.27489e+06
195838
213282
489370
245226
142270
219368
172532
146662
351580
386629
425734
526046
1.12999e+06
695972
102619
101344
126669
90640.4
128873
143569
106365
91458.8
116542
95353
112052
229884
231630
217932
116463
1.12402e+06
112331
118047
1.35022e+06
121339
133918
156602
1.34764e+06
1.23898e+06
443404
100416
144564
115811
119192
96266.8
1.2118e+06
1.17759e+06
82816.5
1.33165e+06
1.52716e+06
1.30629e+06
104051
1.50154e+06
779696
936286
870924
172175
105326
861117
1.21861e+06
88493.5
100813
321597
1.21208e+06
204127
629845
545735
962587
1.01225e+06
229631
179951
528160
1.34979e+06
237354
766861
698687
563498
486952
92421
108809
596854
1.22441e+06
257776
1.08145e+06
735383
234903
299567
102170
137398
1.17005e+06
1.04702e+06
150902
985860
1.22547e+06
1.26748e+06
276480
1.00075e+06
910029
826465
125474
513624
1.3244e+06
397760
553136
116109
136339
282085
883044
180758
409407
453858
766135
686494
1.17788e+06
574452
1.22558e+06
881987
585820
582869
230363
1.5661e+06
552545
382568
960572
1.31376e+06
537928
212508
979814
197758
198482
149623
470057
230895
233733
308640
313675
717398
726128
1.22492e+06
262762
344111
654195
783079
863482
953072
460301
323600
1.55878e+06
14058.6
118939
118360
1.55755e+06
833409
858464
963515
1.36294e+06
542770
20566.8
197226
196213
17625.4
838537
616457
670111
776957
614059
828198
671634
783269
350043
114693
117084
291696
316595
27194.7
1.55009e+06
482991
117233
730069
143335
187310
819184
767174
1.36703e+06
308482
229994
188697
509757
560676
618573
739767
92368.5
648711
245529
682186
1.37031e+06
263976
210444
874001
252446
1.3212e+06
115553
97842.7
529584
665085
274975
222486
22778.7
221333
16069.1
1.41087e+06
371218
36166
11925.8
369271
110079
104382
447230
602992
445456
605721
183855
174918
119838
1.39543e+06
1.31246e+06
839421
250358
206984
105039
904511
1.24827e+06
1.42228e+06
30339
168327
210215
288444
623028
565266
513815
108686
123550
1.219e+06
609824
1.33249e+06
121453
1.27675e+06
839343
606690
766381
672924
832346
605573
381320
200176
535943
264705
314182
976971
429060
525520
418536
11419.2
40515.5
416338
90451.8
1.3878e+06
141385
1.64009e+06
190063
235985
138257
123824
438037
266199
49412.7
524536
658171
129414
154419
1.63139e+06
129536
122360
1.36889e+06
229405
758321
703491
147326
1.34622e+06
210480
75818.9
793375
334539
246365
1.4067e+06
1.23251e+06
291580
134229
106281
1.28472e+06
154441
125446
189515
153118
365874
121708
1.50939e+06
584471
532532
643473
103960
56563.8
207758
116772
113608
428508
460444
296746
583247
766998
11207.3
120011
119346
14155.4
118388
909543
548221
1.0034e+06
1.10592e+06
473697
1.21252e+06
399598
323867
901374
992942
1.09564e+06
1.20416e+06
325733
553953
403405
478040
170451
847420
601290
682466
761649
832653
602199
967408
82296.4
75247.6
165937
489152
443458
404290
638901
260108
311496
351979
645442
177436
112846
106093
109087
945522
236823
158789
108375
757474
688683
96546.1
1.76233e+06
94285.8
251667
1.32797e+06
672989
113043
113477
333072
600955
1.42067e+06
711915
967870
642299
558643
819081
892640
103813
98895.7
111401
589177
94128.1
92214.1
144659
159529
346840
330016
101366
190078
312897
122688
12694.3
122048
18725.3
386206
137990
14097.2
137256
16794.3
1.42752e+06
233988
311624
625243
16217.6
145764
145045
22989.1
17686.3
163430
162609
20837.9
108708
246649
831555
1.74697e+06
1.41343e+06
1.10246e+06
941031
894895
382911
188121
414211
770865
678183
1.42384e+06
965719
105166
716111
171143
1.43789e+06
450159
215273
139450
1.41825e+06
1.44196e+06
117022
528699
798680
134610
144803
694672
691022
30323.4
306780
13205.6
305177
27317.3
273267
14134.7
271841
113837
130869
1.11122e+06
112091
11119
66899.4
886855
1.33176e+06
94758.8
97344.4
1.59686e+06
133568
166058
536431
334228
369382
254115
232151
846185
762270
767249
690302
696688
626893
260269
819484
1.32068e+06
621146
212524
286344
544642
606605
669498
201608
1.47761e+06
1.20287e+06
203135
144609
145465
756989
580226
337618
1.09595e+06
834249
645187
662586
813934
152498
860098
36867.2
1.24762e+06
130044
156244
344643
206162
370811
446626
595162
520896
938101
1.13761e+06
1.0349e+06
843611
369539
444500
1.14751e+06
1.04278e+06
517584
945989
594275
850730
615807
611332
445785
446707
10943.4
55297.8
981594
1.2512e+06
1.32469e+06
424481
537450
1.39088e+06
1.24102e+06
41019.4
321550
572586
569582
208210
703535
111925
103901
218215
941965
707090
555572
567498
495953
481723
277412
284614
1.40913e+06
11009.3
512588
509896
49423.2
1.24228e+06
358414
282167
935936
174878
397616
1.50929e+06
255483
25064.9
9881.76
254138
805995
229390
22434.6
10736.7
228183
159690
202593
425190
277000
119618
129961
1.49071e+06
1.31718e+06
695303
502008
115451
863756
776687
86294.1
1.38429e+06
114167
117681
1.32356e+06
118059
114114
117555
190192
1.80049e+06
615633
555192
862330
777040
615284
554259
786810
872492
175592
170871
828741
115468
108713
139946
115270
1.45304e+06
492865
494568
389438
340323
639007
84364.4
366548
368295
1.04025e+06
235686
7749.08
47149.8
1.31543e+06
173859
217842
135458
900436
487641
414296
977264
116090
128541
163142
201767
186767
151412
1.43777e+06
1.37268e+06
117986
126858
937000
608724
338943
941141
336963
454693
1.7903e+06
485903
483370
131607
111402
187202
607981
109542
1.22281e+06
410646
599047
355657
661116
309408
730437
807236
257799
91074.7
118873
614208
446570
1.23209e+06
1.33204e+06
116942
42165.4
2980.14
640865
650325
1.624e+06
415423
495430
241428
262110
286813
128258
1.5106e+06
861350
1.28268e+06
122251
292673
30538.4
467193
483658
1.39947e+06
175184
142028
113755
1.13404e+06
116376
663786
1.3161e+06
1.3156e+06
407118
243026
192661
106048
1.36511e+06
898489
516823
509892
727235
745929
442151
447830
825530
803262
382247
387320
910572
886194
317717
321537
1.00056e+06
974384
120476
128534
34978.1
711460
102096
1.35792e+06
109993
423803
356904
364382
502271
431814
492941
288077
292819
1.08487e+06
1.11062e+06
1.00798e+06
986070
811538
894003
830461
914638
285977
293537
363806
353908
1.11847e+06
1.0921e+06
429013
1.02015e+06
994933
418920
903908
926687
498921
486745
840614
819946
128895
191796
175950
161860
124581
148782
271002
988436
812863
895499
1.08749e+06
527213
456057
98716.5
99893.1
1.03961e+06
143043
697211
139273
1.51983e+06
835307
113410
914455
560944
1.00934e+06
1.11245e+06
486470
1.21914e+06
411129
335392
904161
996009
1.09945e+06
1.20831e+06
337054
414067
565638
489001
1.14725e+06
671237
264669
214877
187333
1.22545e+06
833794
355585
262528
318353
110962
131620
107578
430603
7812.97
41315.2
428354
120231
120405
133630
138176
313166
174930
144384
1.42604e+06
302286
291023
389683
390081
697427
704139
114049
884646
554132
1.27369e+06
943628
405659
296247
127656
1.05498e+06
1.04736e+06
704128
1.186e+06
97114.4
94279
1.22608e+06
222084
153772
118219
97242.7
85867.9
150586
1.17982e+06
133912
119813
382330
328948
648709
658347
789388
769879
281181
275379
375122
367986
1.15151e+06
1.33422e+06
272985
322299
101728
120829
778295
1.30314e+06
119152
116656
774406
600452
127061
172880
208138
113922
109628
301609
278003
331676
305407
250539
275301
140556
137273
135537
161429
276393
106453
1.09929e+06
1.35336e+06
57940.5
9098.47
161622
269252
370564
623908
90600.5
107957
123122
300482
289515
160472
205854
163887
212528
1.0603e+06
827946
163142
108841
104703
98843
237549
245340
357442
393355
171760
141508
145393
179411
1.29697e+06
1.32869e+06
873818
509416
692516
507736
698221
394744
1.24765e+06
1.26463e+06
244487
1.42041e+06
1.01337e+06
169406
682611
375221
379771
344133
413668
309834
341446
1.15424e+06
144580
95798.5
1.22402e+06
1.40277e+06
1.45115e+06
1.34833e+06
22740
235446
5752.71
234205
680401
416271
619038
363951
683061
754421
312784
827700
263118
3674.22
54081.2
318615
325781
454107
463296
886591
952944
863051
978767
782769
804651
456962
503999
707210
782494
780920
864652
861997
953599
944965
1.04688e+06
468320
520853
409683
453723
391057
351143
349397
388462
322285
292855
184576
767509
581853
114529
114635
114760
221090
287105
555082
134653
549424
604908
73527.1
68853.6
413373
1.44941e+06
379212
376537
862987
858404
276742
278710
1.25604e+06
1.26296e+06
149001
150834
811027
139070
575262
642361
708482
216514
171524
137403
155809
195204
146654
183494
447861
245601
597190
584150
660954
653012
670166
661483
750344
945896
239729
901391
1.32541e+06
896639
291281
319300
134334
767868
138643
126432
166388
141785
290815
188814
360620
276650
237258
1.00858e+06
466361
312840
344093
377534
183358
147531
388638
336662
158291
1.33617e+06
589399
586324
1.24456e+06
1.42106e+06
494164
525492
521215
125516
817889
1.30342e+06
647861
115240
92537.5
1.64621e+06
279347
396340
866286
785493
712142
402538
912140
113061
620668
1.39159e+06
117329
67564.2
151998
1.29057e+06
154273
374217
339942
331901
718454
792921
872841
355827
243569
567938
586783
1.02337e+06
1.07455e+06
1.53129e+06
116019
56098.5
110682
659939
696934
600060
633475
574966
543897
905684
122492
160960
204756
219569
447067
129173
81644.1
352070
469653
900399
877271
282098
1.51573e+06
165107
214921
478319
1.09323e+06
1.39317e+06
392537
1.35028e+06
433459
1.34926e+06
1.01716e+06
1.0118e+06
109444
480744
11420.7
74743.6
45043.9
67773.8
999334
122336
666722
493740
509610
259034
257683
204186
200628
105597
121567
134916
93370.8
114037
116743
1.35108e+06
386568
295283
735851
623144
725336
307781
162202
559516
612901
113556
390926
404630
473142
494269
74740.9
957662
164618
422877
463781
511775
176433
144272
281779
310308
337201
108097
147064
691904
804180
1.31186e+06
50106.8
9036.15
620478
140876
167973
315094
219053
888215
171430
400133
1.4007e+06
633011
263800
1.23167e+06
118738
1.60531e+06
840486
118796
140224
712.341
33396.1
353605
351765
1.18678e+06
413050
317779
780677
1.34304e+06
138702
707784
114841
1.1326e+06
151409
425562
387368
91420.8
119119
139828
79348.7
88679.4
162203
1.42758e+06
114325
100782
793213
789038
1.48369e+06
135521
82756.4
1.47486e+06
626913
1.47483e+06
705722
31533.8
1.44547e+06
1.16237e+06
786058
1.15385e+06
807531
163641
365397
118960
195918
162036
416492
874884
266733
282256
380311
393439
487734
500738
194857
108432
101032
117368
446941
444628
302370
301021
155481
157143
207165
159607
359447
391651
323386
107231
193299
1.60241e+06
917900
1.45677e+06
1.3901e+06
320011
229719
666059
548253
605039
1.11011e+06
353958
869617
855131
482747
489028
959095
943299
1.03836e+06
1.05539e+06
421737
416540
1.15991e+06
1.13973e+06
351100
346638
282983
279311
342993
490838
352773
420781
480875
415865
1.04899e+06
1.02787e+06
937851
869779
957968
851426
523205
536469
1.04649e+06
1.07916e+06
449671
443526
902021
880557
722092
740266
818260
799251
1.27068e+06
94224.7
87321
88277.4
224290
233682
918158
1.61107e+06
438791
8342.37
97517.5
16719.2
97005.3
112975
898938
831024
591318
551638
918761
994607
1.01289e+06
1.09611e+06
480681
514769
1.11319e+06
1.20503e+06
411446
439762
339734
361772
893483
826306
985650
911209
1.08839e+06
1.00606e+06
1.19565e+06
1.10448e+06
595093
556927
518672
484367
443571
414670
339276
362892
643309
649133
715428
709255
332859
783039
777292
330402
228856
230952
226676
268221
248211
843799
1.60731e+06
388771
253193
737149
891864
811473
119278
215279
197450
118943
96587.8
1.1944e+06
132102
148614
487997
520777
364214
263763
246059
339992
804200
848794
153921
423902
387477
351047
135326
125722
466998
442392
1.34554e+06
556829
365088
216981
410935
149671
147589
111015
541022
276899
283528
1.12703e+06
1.15679e+06
463354
395161
324339
100063
94900.9
622878
117160
168323
521837
519121
1.33539e+06
1.0463e+06
230090
118055
102112
109935
729074
1.40029e+06
1.31077e+06
167163
575660
983683
1.45508e+06
1.33264e+06
106205
193304
592863
118151
685120
465156
260366
304605
378391
447390
516989
1.09925e+06
1.0003e+06
906218
822373
306531
373850
1.10746e+06
443589
1.01031e+06
510792
916918
831014
1.43485e+06
249501
245092
12251.4
77267.6
1.09468e+06
1.07275e+06
589430
601762
206288
975801
491796
780443
133013
132233
782496
541271
867915
470073
957080
1.0521e+06
404512
336069
774921
861538
949803
1.04539e+06
472902
542537
336905
407189
1.30192e+06
814874
184930
991794
219778
77384.8
534819
1.4135e+06
512735
129286
108471
1.28037e+06
1.30831e+06
116699
653558
257845
167929
97578.7
179481
102527
153820
95412
107014
119102
761778
809808
631937
644430
800292
1.47667e+06
1.11056e+06
486088
350078
1.20172e+06
746710
1.83535e+06
102724
123385
175072
161601
168306
112599
914230
833203
754558
288749
683045
345815
402372
461655
1.0371e+06
2820
50839.8
24807
53803.5
61163.4
443100
804393
560334
891466
487374
983044
1.08104e+06
420145
348882
1.07211e+06
796595
976801
885991
489831
350051
421685
561352
899335
949306
702843
153662
183094
746471
116884
998934
392175
159900
201416
1.50683e+06
208682
580548
104944
589040
609012
468643
478398
583503
171486
930893
600650
587306
470846
487965
1.08799e+06
106938
143093
130683
604492
616771
588606
561738
612156
1.60637e+06
196697
534930
587364
485263
273352
519432
226021
178886
1.08228e+06
1.20187e+06
1.01351e+06
139389
63767.5
1.34114e+06
148741
136620
1.28495e+06
102452
12524.6
102988
8741.06
563607
200195
252376
434719
1.1159e+06
106310
107898
85468.4
97005.2
944209
186762
17726.6
187753
5585.47
102520
750809
696785
1.26762e+06
281307
1.34916e+06
118563
979532
1.36343e+06
589780
145866
925872
117719
483130
798819
970990
880088
1.0676e+06
445173
514142
1.2396e+06
119177
303816
839080
406788
1.51172e+06
95430.2
130591
132870
599620
42947.5
338491
121501
107317
1.02995e+06
137195
1.21387e+06
423538
685088
1.51308e+06
170363
434778
477195
526585
649508
547484
275450
209090
259712
112421
166684
192860
180189
57270.7
265065
121028
1.26228e+06
87362
271247
155992
131473
267785
167797
671054
112106
97243.8
480965
525021
113803
121312
1.28968e+06
1.29343e+06
114976
151145
121534
160827
121879
109744
653426
702641
754804
796984
1.38833e+06
836768
450761
342496
753073
161173
588562
714919
649393
239624
336806
97753.8
305315
1.71037e+06
472009
736589
287211
98125.3
740515
1.49948e+06
302398
279956
539235
511032
1.31168e+06
1.69907e+06
1.58738e+06
517701
529837
1.2842e+06
736476
710395
1.29293e+06
141283
109788
1.54495e+06
108492
112960
113600
104014
96992
128709
194138
123531
169122
49578.5
117283
98286.5
101768
1.24695e+06
132249
153598
125558
164701
178791
118197
200151
127573
175754
217938
422539
265693
49751.4
159748
212402
230713
145756
131627
174964
159458
344132
326144
849679
448429
254311
195125
162012
413696
454525
501282
600322
1.32433e+06
1.41653e+06
150091
157523
102143
110127
104736
128606
135995
145136
162288
1.20466e+06
136396
1.82353e+06
1.40407e+06
124498
91618.8
130388
90148.2
137473
95470
94143.5
110546
1.52056e+06
181925
149948
325284
353804
295365
116732
1.27153e+06
1.20229e+06
1.11786e+06
267619
1.19602e+06
476435
1.34771e+06
162810
113265
110043
114589
117940
585569
190047
247029
848509
141471
131481
257573
260545
1.06762e+06
1.09294e+06
888437
1.46532e+06
1.01292e+06
1.06127e+06
581894
80910.2
1.0076e+06
1.50571e+06
1.6132e+06
1.19931e+06
550697
559253
408940
422489
84150.8
425992
390228
354248
156908
203379
722614
554947
558412
117777
76229.5
696390
461428
1.24884e+06
94027.4
73187.8
202177
122883
1.36361e+06
173015
1.09422e+06
538797
509772
433106
452890
1.34039e+06
115841
113382
107537
1.10042e+06
748377
369434
274490
339713
418206
491004
567152
1.1926e+06
1.08486e+06
982501
891707
339181
414922
1.20617e+06
489277
1.09969e+06
997574
563601
903331
1.25091e+06
117102
928911
72709.9
417101
873700
310714
815739
141065
1.489e+06
621940
484020
95929.9
197638
119258
77587.5
1.71725e+06
649648
657496
187981
1.39905e+06
261046
20028.6
208807
207702
8205.46
120946
39381.7
1.32198e+06
464939
556429
338767
404960
297480
302428
136830
149968
144981
163952
1.3444e+06
10610.7
71879.1
105845
611159
312562
239587
141571
119564
108654
111482
1.70786e+06
119742
1.28318e+06
75508.9
786382
104646
1.46225e+06
1.64785e+06
184948
246326
128135
633864
490700
448102
404662
118613
190136
192329
109249
120909
1.55606e+06
659154
725966
71393.4
10577.5
80755.5
7560.72
366677
364753
35048.7
885384
1.20094e+06
80527.6
236034
723889
1.47537e+06
350579
375661
344744
311317
144379
575266
450550
161853
846708
475200
988557
1.23003e+06
243736
190179
471298
249616
978664
113490
683821
784890
296353
340986
251928
221668
307022
375089
445452
515738
1.10074e+06
907943
1.00174e+06
824053
303530
371030
1.10443e+06
1.00795e+06
439993
915260
507165
829610
107515
318406
395994
296235
370460
477333
550850
446291
516938
1.25868e+06
1.0433e+06
1.14867e+06
1.1912e+06
1.08834e+06
989351
947356
898141
319217
297874
369125
394923
1.19114e+06
1.26703e+06
441019
472257
1.08899e+06
1.15782e+06
988745
1.05035e+06
512971
550215
896760
952902
430464
532591
965034
61005.3
133395
1.36308e+06
454341
438428
1.33957e+06
1.41496e+06
1.10935e+06
1.61295e+06
128087
190545
184115
1.32204e+06
92284.4
25869.6
125568
141770
251356
212817
232986
452143
549110
5829.94
62750
27281.9
64216.8
152931
1.21784e+06
1.13656e+06
196782
251520
466499
1.31882e+06
820815
199716
194189
193159
18989
11726.8
1.34607e+06
259034
426027
367715
870682
649192
788847
715836
1.36608e+06
641061
561212
1.47582e+06
295648
135212
137506
949845
866539
785170
710781
298165
356088
476064
415955
305504
915087
1.34224e+06
111382
809657
1.07843e+06
235757
871589
482606
365231
568970
443935
161658
178149
799499
480264
157616
1.14041e+06
635158
692666
1.15649e+06
389757
1.3321e+06
118959
646700
643316
414535
477610
205516
220446
171841
178567
61204.9
1.45017e+06
109971
1.19362e+06
1.08284e+06
301858
146563
1.47067e+06
230087
653694
730387
1.04871e+06
1.49461e+06
565473
436662
586756
584671
255661
262474
203901
196542
167038
213603
402761
368657
333596
869696
959896
1.05977e+06
1.16453e+06
358609
438394
586923
511426
358588
1.1733e+06
435020
1.06721e+06
508242
968138
583318
874672
1.00225e+06
1.74116e+06
108962
233091
143750
171602
395951
138350
292935
269464
243420
1.16946e+06
1.39896e+06
1.0887e+06
83014.2
1.21809e+06
1.31485e+06
762531
714443
726683
668883
111633
1.26668e+06
367070
879995
875375
132583
471619
1.19504e+06
732844
725190
222494
1.10387e+06
793311
962972
254298
209584
1.19366e+06
238903
1.03198e+06
455668
327852
115292
818578
193555
264965
310544
61667.7
1.40871e+06
148433
771233
114019
118053
767175
116765
326811
1.74747e+06
80705.7
836964
114519
682884
1.12587e+06
1.02391e+06
1.59371e+06
171021
212168
360452
148467
345485
315631
286528
10222.9
62203.2
119961
99474.1
552039
759922
146619
1.65461e+06
104303
99535.4
699142
757641
1.27346e+06
675257
716253
1.22934e+06
6394.15
368142
35656.6
366212
1.14108e+06
630183
270455
696589
1.1535e+06
288224
439569
211063
165873
1.46019e+06
980271
923728
1.39885e+06
52316.2
196679
19208.8
195636
9638.12
137676
130491
291548
239137
268444
261183
217942
243847
1.38881e+06
211898
188127
210877
266619
303543
623308
714886
571454
653623
518790
592997
1.42028e+06
725328
799559
882431
422853
297943
384605
93736.4
97269.7
107039
861684
382044
329955
680968
782392
288027
248787
118416
114319
106954
1.1818e+06
727142
691261
764131
666850
276214
291950
1.26331e+06
1.20818e+06
952187
116478
118123
608051
552942
669138
688335
282446
1.18722e+06
217752
9996.45
85690.7
84977.5
192204
239608
444355
279485
26307.3
107341
1.37663e+06
1.39098e+06
1.55646e+06
1.72987e+06
333990
412693
487373
563446
1.20567e+06
1.09707e+06
993720
902000
334354
408765
1.21358e+06
484872
1.10735e+06
1.0044e+06
558243
909911
1.44536e+06
1.47328e+06
1.04994e+06
116463
168312
1.32853e+06
1.42136e+06
1.40702e+06
1.32776e+06
115019
124828
142158
154542
199557
143837
173088
454069
349751
275801
235901
843287
1.35381e+06
159750
131003
54109.2
116302
90590.7
1.50148e+06
95188.2
98790.4
512099
637659
393735
5022.44
37255.8
391683
99313
422687
317124
804887
114312
124828
232715
1.18111e+06
465485
115479
169279
18528.1
168445
23962.2
416904
310198
854333
313598
1.48166e+06
1.7365e+06
941963
536991
1.03832e+06
1.14425e+06
460890
1.25272e+06
384778
309380
465077
537817
307464
385100
1.24378e+06
934282
1.1332e+06
1.02922e+06
242310
189399
457388
550475
1.14803e+06
113603
137998
233243
55639.3
401010
171728
143109
122477
52523.5
1.10173e+06
167855
99691.3
103514
173137
218285
401034
110495
132664
127952
116303
165981
211758
189955
220963
904640
111003
144367
9051.8
444429
442100
42956.5
1.20073e+06
706066
751244
1.28206e+06
237652
403749
594281
393754
191857
119441
113325
83112.8
75575.3
90064.1
95745.6
291146
908050
827864
348320
750009
403621
678445
464080
310056
174459
225334
481749
416767
102102
179750
150881
31500.5
318818
14920.4
317155
433011
794355
768798
214011
118887
116224
725408
112673
32039.6
569547
138612
596205
1.25935e+06
269329
606698
668156
736219
336569
241061
1.34685e+06
201832
127753
108647
113883
915273
399250
432662
476765
159516
260772
1.47799e+06
391691
474751
1.56826e+06
1.0947e+06
201902
171777
199951
330405
433595
682520
784793
464727
37832.5
349272
42533.7
1.07595e+06
724748
235895
237140
12221.8
23552.9
88226.6
81536.7
1.12797e+06
1.1871e+06
108204
467494
27592.8
10949.2
281395
282879
1.17658e+06
1.06001e+06
899961
966837
513968
544201
992331
1.06538e+06
1.09289e+06
1.17403e+06
442729
466201
1.19649e+06
1.2856e+06
388855
368564
311582
298170
956693
1.0538e+06
1.16043e+06
985500
894796
1.08507e+06
369721
389604
471228
544686
515444
445244
287256
1.27051e+06
695799
759223
133808
206313
190403
627555
518467
570350
628269
289097
209646
324076
1.59133e+06
429020
92864.9
833593
137470
763652
719546
287783
1.31588e+06
1.60017e+06
242217
288419
404688
469080
968731
878416
796402
722856
1.21021e+06
114154
83432.5
1.34352e+06
89401.7
90084.8
11958.9
595942
592815
56927.8
94975.3
145734
386379
351260
15717.2
150827
150045
17775.6
88141.9
81810.6
406719
446747
492265
584918
235749
179346
150363
127282
13706.7
20765.1
126651
1.23419e+06
1.43723e+06
89513.4
859652
127647
100431
98814.2
766145
739251
1.32147e+06
95136.7
113072
114228
166223
1.29418e+06
867876
148955
162770
170283
164435
123006
907431
963713
277042
748402
372171
103980
378238
266588
276393
290062
1.303e+06
1.21183e+06
713747
661651
720064
772930
134531
109182
117768
503898
413566
461596
387106
266307
208914
531960
342418
1.26183e+06
103112
116493
1.27694e+06
890037
109231
132494
184525
177001
163069
197497
170944
189335
107756
114666
1.09645e+06
992192
635837
655587
681868
1.12959e+06
737320
164741
216276
276443
525757
313197
123269
1.29132e+06
109540
99735.2
140742
1.27956e+06
1.16915e+06
281706
457069
200773
155735
1.34365e+06
758948
252205
192220
408904
275378
175294
152588
144023
130900
362873
1.18196e+06
311157
337723
217046
197905
281133
234669
139654
133673
1.8132e+06
579451
463615
362342
120637
1.34067e+06
662265
335858
943402
452722
483052
826558
451752
344288
667813
62062.2
448035
236635
386714
352125
320617
156725
71900.5
542964
90423.1
106196
999639
308572
452600
381712
524340
1.13715e+06
1.03474e+06
937735
851130
306808
377627
1.1454e+06
447742
1.04312e+06
946948
518231
858490
1.1827e+06
1.17057e+06
1.15525e+06
1.80215e+06
780620
106456
926893
443418
681912
114810
125673
1.03049e+06
101516
109426
8601.41
64940.4
583606
468953
840409
103963
393535
861620
1.83134e+06
401664
1.07003e+06
422811
90160.4
54952.2
139100
172053
237090
413836
1.62517e+06
288273
1.02548e+06
423886
931654
844617
67459.3
72639.3
173523
1.64747e+06
1.27654e+06
294862
1.19457e+06
310406
53221.8
808803
151738
412611
951985
301294
251768
269845
1.39551e+06
118526
474325
340447
1.81995e+06
145694
281035
135465
1.08214e+06
117199
145666
131376
178873
159511
263692
265519
188810
1.10119e+06
112466
194309
180067
211122
145768
131195
157859
612221
1.58121e+06
122307
593515
653357
719214
323640
230443
858829
426940
120114
106980
97165.8
142432
100225
150461
182963
206967
130081
220427
652035
1.28712e+06
356223
1.12165e+06
491122
111206
973576
253195
263676
261124
905632
179191
740036
747827
230808
322336
716524
650743
591052
1.08249e+06
106057
114078
709413
782755
860201
354130
242343
752600
1.07802e+06
9701.22
67959.9
182451
740753
113498
108856
1.53864e+06
394941
326639
119453
413013
282391
348614
478680
771350
1.03105e+06
849877
937759
280362
343606
1.04136e+06
946780
860272
407547
780287
471638
379367
391893
116198
67596.2
122391
111880
63968.1
774065
210641
77410.1
9648.77
433691
155029
77287.7
1.18931e+06
1.4133e+06
110705
1.51846e+06
952260
177550
185053
134760
956847
84387.5
94026
541388
446133
1.62077e+06
1.39026e+06
114533
105201
84641.4
14934.4
135631
134960
21825.1
16704.3
156533
155742
19252.2
108921
447968
872423
331627
735131
739057
1.52703e+06
253620
120217
131628
115549
1.19402e+06
1.43559e+06
28874.9
293096
12073.6
291562
25294
254505
13202.4
253177
205313
98654.3
113554
402236
434239
557731
515013
117921
116779
53102
10050.8
1.36138e+06
279290
1.17683e+06
34234.7
549311
546435
1.48155e+06
120589
10097.5
479230
476725
45861.7
39453.9
231745
193074
180007
208859
217542
110312
105924
108098
1.5607e+06
112699
815672
899795
990085
408075
277884
976958
359455
142732
672398
963056
1.4478e+06
99141
100888
180827
1.14928e+06
1.30629e+06
474120
1.08395e+06
344473
92084.7
258104
361996
780341
706805
641103
137826
1.09139e+06
423710
353290
115581
1.11899e+06
1.40736e+06
364481
460274
344315
1.43345e+06
1.65335e+06
141535
1.09489e+06
57259.8
967592
84174.8
101205
111920
184487
132836
119862
376321
345650
587260
120364
1.6452e+06
444812
11948.5
131441
130737
11953.9
108169
284505
157638
122448
124606
1.12033e+06
1.1232e+06
914291
763800
303411
399621
552017
464527
409489
382899
163991
174456
194104
207698
460190
79757.1
824808
653000
650231
818012
77623.4
233586
1.3624e+06
925988
120728
842513
1.03753e+06
204614
522652
367684
266485
908548
1.35529e+06
107081
306922
302360
130167
116434
185619
195798
1.0676e+06
207218
637499
336015
256830
659723
802290
727344
380314
268054
113992
120620
249035
501564
194319
100799
652032
717318
1.36143e+06
1.27058e+06
134385
127155
119890
1.16448e+06
976161
968966
174623
189284
203604
124458
429029
255128
119071
118456
326525
400006
467439
539862
1.13615e+06
1.03365e+06
936528
850014
396999
325432
469302
1.15586e+06
540158
1.05508e+06
957422
867337
994587
1.42473e+06
216577
98748
145845
166897
320110
111553
93205.6
95198.7
1.41692e+06
115587
152182
1.2312e+06
261190
111314
496212
438247
778277
339488
250553
1.22616e+06
863597
141857
215483
238263
133419
110278
632323
88519.1
114089
408280
285462
781940
863152
709502
230702
470160
946522
89541.8
195468
162275
327137
234611
125145
154996
192493
389336
257828
95674.1
97104
220499
1.22785e+06
153176
195719
698592
208532
633072
571051
255585
333873
482353
763588
794204
129475
140523
99696
115238
835990
256459
348682
58205.9
272674
93191.4
440453
1.09967e+06
334170
200946
163935
98792.6
233873
119790
119326
104936
125186
142597
119515
150602
126482
101148
1.10158e+06
85025.1
84403.8
8911.04
109586
825695
592081
466452
122844
112034
124295
147624
162549
137858
289364
275530
247406
258292
679095
98894.1
402580
426384
125801
151992
249776
263469
485388
327609
645779
635574
358736
302022
210538
587003
647047
708290
647420
722568
107179
387810
414971
1.10661e+06
479445
347451
249866
225262
179191
425702
69339.9
486264
121632
153108
130807
258327
280638
306194
117753
572151
569189
182884
154311
147842
130136
223856
255926
216062
126821
138259
245243
257808
224692
235185
206627
216262
114201
595931
687241
191290
129433
905802
1.5141e+06
870692
858028
623125
687403
786423
849294
621955
78583.3
80869.1
117140
7940.2
54968.5
128835
169639
114197
582349
254154
409426
185115
146510
1.01056e+06
974344
592595
293750
223813
143963
181018
404703
246358
397038
1.60766e+06
161533
112593
221225
258702
240446
114108
156751
1.07617e+06
700861
704785
156998
147583
139432
107899
50522.8
687776
552474
629418
597094
225518
177864
409329
110986
107316
128707
144777
491722
142081
172756
286755
163411
203672
371871
110289
116091
971526
280743
941309
624441
315731
725612
656539
596368
222224
161345
192130
403096
624858
173292
123009
137491
145975
132792
295130
316404
192920
201445
128323
125971
239487
266160
222279
246180
224936
203253
210790
139607
167575
483709
338077
409256
371472
514172
449419
1.00105e+06
118605
338489
786996
712359
647233
234547
463446
796972
152424
501836
255645
352508
1.03791e+06
791128
116779
101587
353699
368863
201506
115835
367482
123334
206286
440465
659195
384213
727730
803719
329999
884229
276125
209465
272033
276319
213671
526705
527731
164292
152337
385706
489120
539214
740669
680036
686225
745951
492327
538764
919396
104100
329529
106320
168955
182301
1.33417e+06
132061
284354
106717
108582
272769
208768
636615
818210
504156
353292
255791
390254
1.32328e+06
252457
204635
220319
1.12269e+06
1.10559e+06
594644
696036
117907
583331
642250
708189
212755
303384
281014
81805.8
90613.8
120871
120045
438586
184473
1.28561e+06
275661
145500
1.16676e+06
1.11095e+06
1.4216e+06
617637
703639
108719
95531.1
114079
118455
137476
122462
238549
220237
204308
102557
236182
326419
669325
550696
608141
185806
1.43174e+06
1.21195e+06
1.31471e+06
99297.6
154842
119182
133827
1.16751e+06
288749
139141
317669
1.16154e+06
914821
646129
119507
97899.5
114182
108468
111572
117337
122224
127485
132501
116938
1.34637e+06
318696
231579
293664
187925
110312
106025
141169
163373
137424
122785
215226
991571
800060
1.28263e+06
297095
781007
481122
861282
416255
948123
1.0458e+06
352242
425036
287592
358644
491621
950541
1.04416e+06
861456
781783
288693
1.03576e+06
197539
124110
138537
90864.7
1.43497e+06
114187
93726.2
1.15965e+06
918303
956778
209234
215480
1.02445e+06
765450
117520
111458
114425
796541
680543
115113
108662
272971
170573
972421
357782
477918
356542
697136
373290
410158
109604
109569
1.34156e+06
104723
1.32215e+06
1.2918e+06
182739
789680
703182
120152
154571
115766
115176
702967
778667
1.12498e+06
725842
180988
587205
532054
483280
115282
426853
392054
397022
799003
795047
674586
602604
577826
188085
228080
174065
242608
463625
456878
887176
672485
297451
431171
362528
671372
637401
740142
816149
703207
774764
403703
381602
273938
289609
387823
381662
153771
170258
200765
178702
970910
546675
1.18679e+06
312256
499709
174223
1.15002e+06
68677.7
69937
7187.92
124731
139453
517103
110832
221412
296664
702050
112874
504716
322378
531113
610188
7722.05
63037.6
153721
627492
133695
313677
287400
261655
355809
341180
552193
621611
1.38352e+06
531066
549178
119540
159643
149140
80627.3
219875
172444
144221
365662
402095
442629
528490
326662
1.34029e+06
924400
322301
436666
107095
161088
163946
1.55139e+06
109326
193686
179895
150252
123873
118416
143958
127879
299929
199437
128677
1.42914e+06
499990
173289
142445
307153
651574
77704.1
356514
112117
112916
462930
854044
461000
458980
107132
724619
578054
289532
401376
933898
1.10412e+06
772382
634918
701831
464864
157084
174515
320860
237303
1.33504e+06
1.51854e+06
1.40962e+06
117447
1.22021e+06
1.33118e+06
573145
119427
297284
825725
780940
748685
861445
678960
708247
403427
288061
417310
211511
85031.2
91890.2
929450
102614
116670
369010
349772
161644
199744
105991
115898
108692
1.32615e+06
108875
175256
120910
203350
459027
381598
853045
848606
116020
123061
144228
93032.6
93938
99733
1.04711e+06
1.34833e+06
132113
139311
146682
149626
727609
803438
418501
886741
298928
91641.3
600734
680663
166637
945472
977207
268484
141853
169879
691388
962518
204349
144012
140879
321036
267428
115915
116137
514062
582447
638999
458660
1.49434e+06
108677
123376
202759
187834
312714
190125
483513
424373
122872
258325
336688
620838
222280
557103
451323
314252
190134
117222
120659
137828
398648
304173
742546
110119
119865
791872
230711
276554
117666
93679.7
126103
627481
311655
93537.3
117607
181393
107040
122021
1.0405e+06
762136
612996
591801
754526
208255
268515
163674
320023
436847
220152
179838
151513
145869
622791
1.37076e+06
918325
393696
118816
1.05868e+06
1.37954e+06
81046.5
130357
153320
803038
1.2125e+06
948436
135875
114008
109513
113940
107391
843908
140544
636082
515430
146808
121307
124558
1.36354e+06
1.2939e+06
877297
1.36857e+06
100279
114621
115195
112514
107949
85491.3
140134
194611
125646
1.1953e+06
1.0015e+06
115565
114193
130052
118102
151882
135669
222305
232657
129535
304745
119510
508162
474109
894045
1.36828e+06
119438
118630
260833
199377
182651
238446
220722
169049
101174
104209
90526.2
694307
1.41784e+06
931928
480837
384748
433296
934272
103377
664610
173042
185214
113885
132139
124647
91200.8
86848.5
91571.2
110511
495532
121773
113316
112763
559088
1.07337e+06
861201
1.38252e+06
1.1679e+06
133498
139568
146722
1.2006e+06
222039
129326
752840
174456
1.2473e+06
150536
727361
244594
231909
206590
187300
169969
407890
432475
268987
255263
936107
182163
142906
159329
133918
286697
356261
112383
114164
109574
112972
1.25654e+06
856517
455800
444093
406115
913787
476495
117529
210476
180837
195926
781801
110829
126737
256854
96091.5
1.40962e+06
157407
194710
314133
173883
121768
102151
187863
149468
744595
89609.7
733469
270627
211514
1.15876e+06
104986
104148
157559
168200
179102
165230
117721
112904
409636
171710
106633
109338
113031
116598
92359.9
99142
95316.4
521551
113827
559710
904480
129708
128079
116493
1.30273e+06
71630.9
8293.49
72727.5
110010
142342
1.40785e+06
986226
105777
137374
122198
120661
554754
126130
161570
733216
737299
119977
91982.6
140943
158345
170718
182573
120309
213458
123542
538578
)
;

boundaryField
{
    frontAndBack
    {
        type            empty;
    }
    topAndBottom
    {
        type            calculated;
        value           nonuniform List<scalar> 
452
(
1.31132e+06
29714.7
1.39542e+06
99516.8
1.49529e+06
1.50559e+06
253643
1.29019e+06
1.432e+06
360876
509931
436836
584110
1.14085e+06
1.03799e+06
940498
850761
359357
434650
1.15008e+06
1.04607e+06
506756
949037
582558
856124
715286
720977
54566.2
1.5462e+06
1.4456e+06
161022
285206
1.47537e+06
819938
612495
652508
771550
815302
613003
658878
781832
1.38132e+06
87049.3
1.42205e+06
168357
133552
958388
963445
1.56893e+06
911349
540227
1.00502e+06
1.10768e+06
464273
1.2136e+06
392534
315079
905028
996798
1.20842e+06
1.09908e+06
315870
468053
543248
394039
1.43326e+06
1.5883e+06
60747.3
122931
1.59448e+06
72947.6
1.36526e+06
1.38423e+06
94520
261559
1.5344e+06
184379
44577.5
142618
1.58947e+06
91420.6
70650.3
132255
1.56033e+06
41172.2
51743.5
1.53043e+06
1.60406e+06
29270.6
196658
807110
642720
635412
802619
350856
429297
502270
577939
1.16491e+06
1.05963e+06
959522
870048
350522
425792
1.17498e+06
1.0688e+06
498792
969541
572380
876871
785273
645914
817979
624611
10578.5
119537
118906
9980.34
1.31822e+06
152310
263601
1.29359e+06
742234
704034
276384
1.28392e+06
1.39573e+06
1.39362e+06
1.5036e+06
1.2906e+06
737630
722242
346957
425184
494463
570288
1.17666e+06
1.07011e+06
969071
879163
346052
421157
1.19586e+06
1.08882e+06
496199
987474
569727
893568
923361
534717
1.01794e+06
1.12188e+06
458902
1.22755e+06
385734
308834
386375
537047
463508
917971
1.11351e+06
1.22231e+06
1.01105e+06
308497
14764
84389.7
83719.6
6679.5
455242
527505
376631
1.132e+06
933043
1.02803e+06
300323
376397
1.25079e+06
1.14299e+06
451806
1.03763e+06
526747
941427
301535
1.24247e+06
1.51118e+06
52737.5
1.46813e+06
1.38661e+06
1.45822e+06
1.58045e+06
294976
1.25139e+06
814449
624779
655510
794490
210458
19994.7
4237.88
209349
1.58958e+06
210514
142162
82531.6
1.26012e+06
1.40052e+06
446339
444056
222264
42539.8
1051.04
1.32884e+06
32699.5
40132.2
79069.4
293351
1.33258e+06
211478
105642
1.60363e+06
281057
1.48445e+06
1.36068e+06
823264
827415
1.37215e+06
109402
1.54819e+06
63875.5
1.58273e+06
1.60052e+06
193511
204960
1.56583e+06
155823
222916
1.52635e+06
256318
1.32041e+06
173836
95022.6
48737
1.52564e+06
1.47763e+06
1.32381e+06
231256
204758
125641
768810
688518
585662
582712
840607
617923
671756
778709
615809
830586
674350
786177
246626
253806
1.32845e+06
275753
250490
1.42747e+06
1.33711e+06
841465
608772
768841
674479
834448
607747
1.41342e+06
1.51538e+06
912323
550178
1.00653e+06
1.10948e+06
475435
1.21639e+06
401137
325131
904434
996302
1.09936e+06
1.20825e+06
326768
555484
404799
479376
170887
851065
603577
685453
764813
836969
604502
760042
690641
774890
682046
1.4471e+06
1.48199e+06
372333
448490
597494
522961
941603
1.14187e+06
1.03881e+06
846973
371035
446324
1.1519e+06
1.04674e+06
519678
949600
596606
853931
114248
187841
1.18791e+06
1.18175e+06
1.35972e+06
245387
1.3529e+06
1.34013e+06
67564.7
1.52006e+06
629.824
33750.6
356108
354253
1.34651e+06
193393
1.60736e+06
1.61256e+06
217867
230719
812622
634427
645630
802137
2799.32
50963.7
25077.4
53969.1
1.61119e+06
103063
12592.3
103603
8790.41
187553
17812.5
188549
5613.01
753702
699526
1.2743e+06
282393
43227.7
112513
161752
1.50424e+06
1.28909e+06
740677
713333
1.54831e+06
49876.2
1.09693e+06
1.10313e+06
341043
419485
492498
568910
1.19575e+06
1.08776e+06
985069
894048
340309
416269
1.20949e+06
490861
1.10272e+06
1.00031e+06
565329
905775
77727.4
39295.1
128211
1.55963e+06
236363
1.49745e+06
871600
962045
1.06211e+06
1.16713e+06
359351
439322
588138
512597
359332
1.17587e+06
435996
1.06952e+06
509360
970268
584637
876577
83013.3
734701
726837
1.60031e+06
1.46432e+06
218229
1.37945e+06
1.39405e+06
54283.7
943940
537978
1.04047e+06
1.14667e+06
461617
1.25538e+06
385531
309762
465966
538856
308021
385851
1.24638e+06
936132
1.13551e+06
1.03128e+06
708170
752963
1.28561e+06
151042
261183
1.48158e+06
171926
684117
786531
287586
1.27367e+06
697780
761054
1.59478e+06
137711
1.6036e+06
1.44004e+06
)
;
    }
    right
    {
        type            calculated;
        value           nonuniform List<scalar> 
20
(
93011.4
95035.4
90118.7
97936.3
98447.4
92513.2
92934.7
91933.3
96025.5
90613.8
91650.1
96974.8
89798.6
99072.4
93734
96777.7
97427.4
89862.5
97102.2
94553.4
)
;
    }
    left
    {
        type            calculated;
        value           nonuniform List<scalar> 
120
(
105642
13632.4
105148
1.76038e+06
1.75048e+06
745078
1.05434e+06
1.68785e+06
1.69501e+06
66947.1
16520.2
144517
143832
27636.7
21069.4
199488
198480
21008.4
377010
36640.4
13697.9
375039
271661
27313
16586
270251
36520.8
49772.7
11998.1
66634.2
694969
691327
513016
12261.8
48963
510326
725693
1.25371e+06
1.71097e+06
1.70152e+06
1.46788e+06
1.46022e+06
1.25833e+06
733071
12874.7
90960.3
91177.3
816535
1.62816e+06
814915
123175
14884.1
122637
231105
229917
23780.7
18476.1
1.64066e+06
31509.1
437001
12784.2
434710
42049.4
57552.5
1.3647e+06
1.35587e+06
1.13369e+06
1.12768e+06
882252
881179
961247
1.56562e+06
1.55705e+06
1.64943e+06
1.64046e+06
1.76617e+06
1.75001e+06
1.25225e+06
1.2456e+06
1.80665e+06
1.79617e+06
1.36925e+06
1.36201e+06
905675
900898
1.02051e+06
1.01513e+06
797015
792819
12334.2
77792
77987.1
1.83599e+06
1.82406e+06
1.46232e+06
963686
1.17068e+06
1.55746e+06
1.47291e+06
1.18084e+06
170613
18673.2
169773
24152.7
31746.1
321415
15037.1
319739
1.56888e+06
42814.8
12042.9
600290
597140
57309.5
1.8139e+06
1.80305e+06
780746
1.83387e+06
1.82228e+06
1.08048e+06
)
;
    }
}


// ************************************************************************* //
