/*--------------------------------*- C++ -*----------------------------------*\
| =========                 |                                                 |
| \\      /  F ield         | OpenFOAM: The Open Source CFD Toolbox           |
|  \\    /   O peration     | Version:  2.3.1                                 |
|   \\  /    A nd           | Web:      www.OpenFOAM.org                      |
|    \\/     M anipulation  |                                                 |
\*---------------------------------------------------------------------------*/
FoamFile
{
    version     2.0;
    format      ascii;
    class       volScalarField;
    location    "0.29";
    object      k;
}
// * * * * * * * * * * * * * * * * * * * * * * * * * * * * * * * * * * * * * //

dimensions      [0 2 -2 0 0 0 0];

internalField   nonuniform List<scalar> 
9648
(
2.70878
2.70589
2.70398
2.69876
2.68978
2.67658
2.6597
2.6389
2.61405
2.58511
2.55221
2.51564
2.47591
2.43365
2.38956
2.34443
2.29899
2.25395
2.2099
2.16734
2.12668
2.08821
2.05213
2.01855
1.98752
1.95902
1.93298
1.90933
1.88797
1.86884
1.85188
1.83703
1.82424
1.81342
1.80445
1.79725
1.79167
1.78768
1.78516
1.78409
1.78447
1.78623
1.78936
1.79382
1.79957
1.80658
1.81491
1.82459
1.83567
1.84818
1.86217
1.87771
1.89482
1.91349
1.93368
1.95519
1.97766
2.00051
2.02327
2.0456
2.0672
1.73517
1.73198
1.72785
1.7244
1.72386
1.72859
1.74063
1.76046
1.78798
1.82319
1.86565
1.91462
1.96913
2.02814
2.09066
2.15571
2.22244
2.29009
2.35805
2.42584
2.49306
2.55942
2.62473
2.68886
2.7517
2.81322
2.87346
2.9324
2.99009
3.04664
3.10223
3.157
3.21108
3.26465
3.3177
3.37018
3.42219
3.47372
3.52484
3.57558
3.62603
3.67638
3.72655
3.77647
3.82623
3.87562
3.92464
3.9734
4.02198
4.07028
4.11811
4.16549
4.21246
4.25862
4.30421
4.34896
4.39308
4.43587
4.4776
4.5183
4.55806
1.44486
1.49143
1.54151
1.5979
1.66236
1.73533
1.81639
1.90531
2.00136
2.10385
2.21153
2.32344
2.4384
2.55526
2.67287
2.79022
2.90646
3.02082
3.13269
3.24162
3.34727
3.44944
3.54797
3.64285
3.73412
3.82188
3.90628
3.98741
4.06545
4.14063
4.21316
4.28333
4.35149
4.41774
4.48226
4.54519
4.60646
4.66638
4.72485
4.78206
4.83831
4.89344
4.94778
5.00119
5.05353
5.10493
5.15526
5.20469
5.25306
5.30038
5.34665
5.39189
5.43632
5.47924
5.52158
5.56231
5.60218
5.64012
5.67735
5.71344
5.74846
1.38445
1.47877
1.58008
1.68927
1.8068
1.93268
2.06628
2.20664
2.35248
2.50259
2.65543
2.80968
2.96394
3.1171
3.26795
3.4155
3.559
3.69781
3.8315
3.95976
4.08244
4.19936
4.31061
4.41632
4.51673
4.61209
4.7027
4.78883
4.87078
4.94878
5.02322
5.09447
5.16282
5.22882
5.29259
5.35437
5.41454
5.47275
5.52943
5.58458
5.63808
5.69065
5.74191
5.79218
5.84156
5.88986
5.93743
5.98411
6.02978
6.07443
6.11813
6.16057
6.20202
6.24231
6.28192
6.32031
6.35752
6.39352
6.4284
6.46219
6.4947
1.4353
1.57029
1.71518
1.86922
2.03181
2.20237
2.37976
2.56241
2.74876
2.93703
3.12547
3.31243
3.4966
3.67679
3.85189
4.02085
4.183
4.33799
4.48548
4.62546
4.75784
4.88262
5.00001
5.11024
5.2138
5.31116
5.4027
5.48891
5.57004
5.64652
5.71873
5.787
5.85213
5.91427
5.97391
6.03156
6.0869
6.14068
6.19239
6.24216
6.29083
6.33772
6.38363
6.42835
6.47165
6.51424
6.55588
6.59687
6.63714
6.67623
6.71429
6.75118
6.78685
6.82137
6.85492
6.88757
6.91903
6.94937
6.97851
7.00633
7.03286
1.5367
1.70765
1.89123
2.08532
2.28803
2.49806
2.71369
2.93301
3.15391
3.37417
3.5919
3.80511
4.01268
4.2133
4.40635
4.59056
4.76528
4.93058
5.08609
5.2322
5.36902
5.49642
5.61499
5.72485
5.82688
5.92171
6.00992
6.09208
6.16848
6.23951
6.30584
6.36795
6.42635
6.48189
6.53454
6.58446
6.63288
6.6784
6.72227
6.76477
6.80499
6.84498
6.88332
6.92014
6.95601
6.9902
7.02408
7.05722
7.08985
7.12171
7.15233
7.18177
7.21004
7.23704
7.26303
7.28799
7.31198
7.33492
7.35653
7.37658
7.39546
1.6679
1.87168
2.09063
2.32108
2.55974
2.80485
3.05404
3.30507
3.55568
3.80263
4.04447
4.27842
4.50385
4.71937
4.92553
5.11997
5.30236
5.47331
5.63209
5.77984
5.91694
6.04274
6.15867
6.2641
6.36067
6.44939
6.53057
6.60566
6.67398
6.73656
6.79431
6.84693
6.89632
6.94246
6.98519
7.02596
7.06382
7.09982
7.1336
7.16481
7.19599
7.22548
7.25449
7.28289
7.30839
7.33322
7.3568
7.37984
7.40296
7.42532
7.44678
7.46693
7.48593
7.50352
7.51982
7.53536
7.55007
7.56377
7.57593
7.58637
7.59562
1.81668
2.05034
2.30171
2.56515
2.83596
3.11153
3.38982
3.66835
3.94422
4.21342
4.47503
4.72478
4.96321
5.18818
5.40318
5.60376
5.7898
5.96301
6.12094
6.26615
6.40003
6.52032
6.63087
6.72826
6.81567
6.89473
6.96559
7.03069
7.08824
7.13955
7.18621
7.22697
7.26393
7.298
7.32875
7.35652
7.38346
7.40658
7.42753
7.44739
7.46409
7.48126
7.49834
7.51423
7.52902
7.54202
7.55342
7.56397
7.57461
7.58541
7.59516
7.6037
7.61132
7.61712
7.62163
7.6256
7.62839
7.63118
7.63187
7.63024
7.62802
1.97362
2.23157
2.51232
2.80259
3.10331
3.40398
3.70575
4.00963
4.30455
4.59339
4.86979
5.13384
5.38033
5.61017
5.82863
6.0322
6.21896
6.39136
6.54939
6.68885
6.81476
6.9271
7.02835
7.11828
7.19344
7.25882
7.31698
7.36957
7.41308
7.4511
7.48482
7.51248
7.5352
7.55383
7.56836
7.58241
7.59272
7.60084
7.6091
7.61235
7.61346
7.61291
7.61428
7.61616
7.61664
7.61786
7.61359
7.60937
7.60295
7.59799
7.59146
7.58447
7.57792
7.56935
7.55964
7.54985
7.53675
7.52805
7.51459
7.49747
7.48177
2.08784
2.10743
2.12614
2.14396
2.16095
2.17729
2.19324
2.20918
2.2246
2.23913
2.25247
2.26528
2.27763
2.2898
2.30205
2.31501
2.32906
2.34454
2.36176
2.38117
2.40241
2.42504
2.44875
2.47315
2.49793
2.52313
2.54885
2.57482
2.60098
2.62739
2.65416
2.68118
2.70846
2.73614
2.76418
2.79253
2.82132
2.85061
2.88035
2.91047
2.94108
2.97227
3.00401
3.03626
3.06915
3.10249
3.13631
3.17074
3.20583
3.24145
3.27763
3.31448
3.35208
3.39022
3.42923
3.46904
3.50994
3.55166
3.59454
3.63871
3.68426
4.59693
4.63374
4.66963
4.70469
4.73866
4.77111
4.80161
4.83085
4.85788
4.88416
4.90873
4.9323
4.95479
4.97626
4.99657
5.01561
5.03352
5.05025
5.06585
5.08029
5.09362
5.10588
5.11693
5.12685
5.13564
5.14324
5.14953
5.15427
5.15757
5.15941
5.15979
5.15874
5.15632
5.1525
5.14733
5.14087
5.13309
5.12409
5.11382
5.10232
5.08964
5.07582
5.06095
5.04497
5.02786
5.00957
4.98998
4.96916
4.94701
4.92359
4.89883
4.87268
4.84529
4.8162
4.78612
4.75447
4.72186
4.68784
4.65346
4.6186
4.58342
5.78184
5.81414
5.8449
5.87471
5.90349
5.93164
5.95782
5.98254
6.00514
6.02646
6.04621
6.06475
6.08191
6.09803
6.11283
6.12628
6.1384
6.14919
6.15861
6.16667
6.17343
6.17886
6.18297
6.18576
6.18723
6.18735
6.18616
6.1836
6.17963
6.1742
6.16734
6.15899
6.14916
6.13793
6.12526
6.1112
6.09573
6.07887
6.06063
6.04103
6.02017
5.99812
5.97493
5.95065
5.92523
5.89861
5.87065
5.8413
5.8105
5.77825
5.74452
5.70906
5.67197
5.6331
5.59266
5.55033
5.50636
5.461
5.41472
5.36764
5.31989
6.52616
6.55629
6.58514
6.61245
6.63856
6.6635
6.68698
6.70852
6.72852
6.74692
6.76378
6.77905
6.79277
6.80502
6.81569
6.82495
6.83273
6.83899
6.84372
6.84691
6.84863
6.84894
6.84785
6.84539
6.84151
6.83617
6.82936
6.82111
6.81145
6.80034
6.78772
6.77354
6.75781
6.74053
6.72179
6.70157
6.67983
6.65655
6.63173
6.60542
6.57776
6.54885
6.51887
6.4879
6.45598
6.42306
6.38893
6.35353
6.31679
6.27873
6.23919
6.19804
6.15526
6.11073
6.06439
6.01606
5.96592
5.91428
5.86162
5.80801
5.75388
7.05807
7.08206
7.10459
7.12552
7.14474
7.16237
7.17846
7.19303
7.20622
7.21802
7.22827
7.23703
7.2443
7.24999
7.25416
7.25692
7.2581
7.2577
7.25566
7.25198
7.24677
7.24015
7.23224
7.22305
7.21252
7.20057
7.18723
7.17255
7.15662
7.13944
7.12095
7.10097
7.07948
7.0565
7.03216
7.0064
6.97912
6.95028
6.91977
6.88768
6.85414
6.81931
6.78347
6.74686
6.70961
6.67176
6.63291
6.59309
6.55219
6.51036
6.46721
6.42254
6.37645
6.32866
6.27907
6.22721
6.17353
6.11814
6.06176
6.00436
5.94652
7.41298
7.42916
7.44374
7.45685
7.46821
7.47783
7.48585
7.49219
7.497
7.50027
7.50216
7.50265
7.50166
7.49912
7.49503
7.48958
7.48269
7.47418
7.46388
7.45174
7.43799
7.42287
7.40655
7.38917
7.37055
7.35056
7.32924
7.30667
7.28314
7.25878
7.23356
7.20705
7.17929
7.15016
7.11996
7.08851
7.05556
7.02113
6.98498
6.94712
6.9077
6.8668
6.82489
6.7824
6.73965
6.69695
6.65346
6.60961
6.565
6.52021
6.47443
6.42715
6.37887
6.32901
6.27763
6.22357
6.16775
6.10992
6.05158
5.992
5.93205
7.60362
7.61031
7.61543
7.61896
7.62074
7.62074
7.61895
7.61576
7.61096
7.60434
7.59636
7.58724
7.5767
7.56462
7.55087
7.53604
7.52017
7.50267
7.4832
7.46149
7.43797
7.41315
7.38721
7.36056
7.33291
7.30381
7.27337
7.24149
7.20899
7.17623
7.14365
7.11009
7.07593
7.0406
7.0049
6.96828
6.92994
6.89026
6.84895
6.80596
6.76122
6.71455
6.66664
6.61821
6.56975
6.52239
6.47411
6.42648
6.37832
6.33157
6.28443
6.23542
6.18606
6.13522
6.08358
6.02824
5.97168
5.91251
5.85403
5.79379
5.73361
7.62438
7.61979
7.61352
7.60607
7.59689
7.58627
7.57352
7.56041
7.54585
7.52867
7.51015
7.49114
7.47065
7.44871
7.42437
7.39923
7.37442
7.34831
7.32024
7.28883
7.25478
7.21995
7.18384
7.14718
7.11043
7.07216
7.03247
6.99011
6.94681
6.90395
6.8635
6.82232
6.78208
6.74101
6.70125
6.66151
6.61878
6.574
6.52839
6.48214
6.43365
6.38235
6.32935
6.27543
6.22126
6.17008
6.11672
6.06568
6.01381
5.96644
5.91996
5.8702
5.82096
5.77042
5.72038
5.66454
5.60877
5.54905
5.4926
5.43357
5.37559
7.46298
7.44478
7.42335
7.40287
7.3796
7.35857
7.33334
7.31072
7.28799
7.26252
7.23508
7.20799
7.17857
7.14903
7.11401
7.07658
7.04279
7.0102
6.97802
6.94094
6.89543
6.85239
6.80764
6.76039
6.71459
6.66852
6.62351
6.57248
6.51562
6.46002
6.41078
6.36062
6.31406
6.26756
6.22763
6.18979
6.1459
6.09559
6.04604
5.99952
5.95175
5.89834
5.84137
5.78405
5.72535
5.67222
5.61293
5.55881
5.50195
5.45664
5.41366
5.36366
5.31639
5.26849
5.22265
5.16684
5.1134
5.05337
5.00113
4.94549
4.89298
3.73119
3.77914
3.82838
3.87888
3.93066
3.98386
4.03837
4.09431
4.15139
4.2096
4.26922
4.32959
4.3911
4.45572
4.54037
4.61111
4.68332
4.75631
4.83008
4.90479
4.98046
5.05709
5.13458
5.21285
5.29169
5.37088
5.45028
5.52972
5.60899
5.68776
5.76593
5.84319
5.91912
5.99353
6.06604
6.1361
6.20325
6.26656
6.3215
6.36162
6.38876
6.40351
6.40581
6.39496
6.36992
6.32923
6.271
6.19288
6.09214
5.96558
5.8094
5.6191
5.38965
5.11456
4.7688
4.22553
3.97548
3.84805
3.79779
3.77366
3.72198
4.54763
4.51154
4.47471
4.43722
4.39906
4.3609
4.32249
4.28455
4.24652
4.20886
4.17261
4.12923
4.08433
4.04252
3.99397
3.94929
3.90389
3.85834
3.81312
3.76847
3.72437
3.68056
3.63697
3.59357
3.55029
3.50717
3.46421
3.42154
3.37917
3.33719
3.2957
3.25484
3.21473
3.1756
3.13771
3.10135
3.06696
3.0351
3.0065
2.98246
2.96058
2.94106
2.9243
2.91086
2.90167
2.89763
2.89978
2.90944
2.92806
2.9569
2.99721
3.0501
3.11684
3.19927
3.28823
3.42321
3.6003
3.87314
4.25958
4.75784
5.07697
5.27169
5.22304
5.17366
5.12321
5.07163
5.01943
4.96689
4.91443
4.86156
4.80843
4.75039
4.6852
4.62241
4.56252
4.50274
4.44411
4.38443
4.32385
4.26285
4.20185
4.14089
4.07974
4.01835
3.95672
3.89476
3.8325
3.76992
3.70703
3.6438
3.58023
3.51629
3.45202
3.38744
3.32261
3.25758
3.19247
3.12737
3.0624
2.99772
2.93354
2.8698
2.80617
2.74327
2.68183
2.62219
2.56495
2.51098
2.46152
2.41824
2.38332
2.35955
2.35053
2.361
2.39633
2.45968
2.56221
2.70827
2.92869
3.26834
3.77799
4.39364
5.69939
5.64491
5.58984
5.53378
5.47631
5.41818
5.35972
5.30152
5.24282
5.18322
5.11492
5.04248
4.97396
4.90847
4.84432
4.78114
4.71732
4.65302
4.58844
4.52397
4.45951
4.39464
4.3295
4.26416
4.19849
4.13256
4.06634
3.99983
3.9329
3.86554
3.79772
3.72946
3.66079
3.59175
3.5224
3.45282
3.38306
3.31319
3.2432
3.17311
3.10289
3.03247
2.96113
2.88896
2.81654
2.74398
2.67153
2.59963
2.52899
2.46068
2.39616
2.33761
2.28798
2.25102
2.23053
2.23272
2.26598
2.34812
2.50882
2.79133
3.22146
5.88828
5.83049
5.77235
5.71337
5.65249
5.5909
5.5289
5.46752
5.40551
5.34227
5.26924
5.19421
5.12351
5.05607
4.98997
4.92476
4.85917
4.79388
4.72876
4.6641
4.59953
4.53428
4.46884
4.40332
4.33747
4.27147
4.2052
4.13865
4.07161
4.0041
3.93607
3.86763
3.79883
3.72979
3.66056
3.59128
3.52199
3.45278
3.38363
3.31457
3.24559
3.17671
3.10779
3.03824
2.96792
2.89695
2.8254
2.75333
2.68091
2.60847
2.53641
2.46536
2.39627
2.33038
2.26929
2.21602
2.17669
2.16215
2.18932
2.2835
2.47456
5.87134
5.81184
5.75232
5.69223
5.62929
5.56563
5.50119
5.43812
5.37455
5.31017
5.23569
5.16094
5.09043
5.02372
4.95771
4.89254
4.8269
4.76262
4.699
4.63635
4.57388
4.5102
4.44666
4.38341
4.31977
4.25615
4.19215
4.12795
4.06303
3.9976
3.93154
3.86523
3.79866
3.73212
3.66559
3.59927
3.53321
3.46752
3.40217
3.33726
3.27276
3.20877
3.14525
3.08208
3.01876
2.95483
2.89033
2.82532
2.75985
2.694
2.62788
2.56151
2.49488
2.428
2.36072
2.2937
2.22941
2.17326
2.13423
2.12591
2.16718
5.67131
5.6115
5.55208
5.49296
5.42898
5.36453
5.29848
5.23536
5.17202
5.10918
5.0352
4.96274
4.8941
4.8305
4.76633
4.70328
4.63898
4.57761
4.51715
4.4582
4.39948
4.33849
4.27856
4.21981
4.1603
4.10104
4.04097
3.98095
3.91965
3.85787
3.79523
3.7328
3.6703
3.60834
3.54652
3.48534
3.4246
3.36465
3.30534
3.24695
3.18933
3.13273
3.07707
3.02233
2.96828
2.91445
2.86015
2.80542
2.75038
2.69518
2.63987
2.58443
2.52868
2.47216
2.41425
2.35435
2.29262
2.23079
2.17272
2.1249
2.09737
5.31243
5.25332
5.19556
5.14001
5.07629
5.01268
4.94579
4.88455
4.82345
4.76494
4.69277
4.62393
4.55811
4.49973
4.43848
4.37947
4.31749
4.26073
4.20476
4.15047
4.09653
4.03844
3.9833
3.93154
3.87766
3.82391
3.76844
3.71391
3.65674
3.59935
3.54061
3.48348
3.42631
3.37073
3.31509
3.26072
3.20658
3.15393
3.10226
3.05232
3.00342
2.95621
2.91047
2.86589
2.82238
2.78003
2.7374
2.69432
2.65124
2.60839
2.56605
2.52418
2.48261
2.44082
2.39807
2.35343
2.30616
2.25612
2.20424
2.1529
2.10652
4.82998
4.77126
4.71722
4.66811
4.60623
4.54495
4.47769
4.42096
4.3646
4.31289
4.2437
4.17893
4.11575
4.0646
4.00643
3.95346
3.89414
3.84383
3.79322
3.74304
3.69399
3.63791
3.58864
3.54795
3.50013
3.45076
3.39912
3.35119
3.29703
3.24365
3.18774
3.13772
3.08641
3.03891
2.98981
2.94321
2.89498
2.85035
2.80726
2.76736
2.72853
2.6919
2.6573
2.62391
2.5906
2.55803
2.52592
2.49311
2.46185
2.43105
2.4031
2.37625
2.35118
2.32629
2.3014
2.27515
2.2469
2.21568
2.18148
2.14399
2.10473
3.62996
3.52751
3.41663
3.29882
3.17961
3.06217
2.94904
2.84353
2.7485
2.66578
2.59609
2.53936
2.49468
2.46067
2.43569
2.41805
2.40614
2.39876
2.3949
2.39377
2.39476
2.39746
2.40158
2.40696
2.41351
2.42112
2.42975
2.43935
2.44991
2.46137
2.47365
2.48669
2.50036
2.51451
2.52895
2.54349
2.5579
2.5719
2.58526
2.59773
2.60904
2.61896
2.62738
2.63422
2.63948
2.64334
2.64603
2.64786
2.64922
2.65062
2.65244
2.655
2.65849
2.6631
2.66868
2.67504
2.68183
2.6888
2.69545
2.70119
2.70562
5.06717
4.9914
4.8667
4.69187
4.49892
4.29026
4.06424
3.82771
3.58879
3.35496
3.13183
2.92512
2.73789
2.57087
2.42444
2.29988
2.19656
2.1119
2.0433
1.9885
1.94529
1.91158
1.88565
1.86614
1.85197
1.84234
1.83667
1.83458
1.83573
1.83985
1.8467
1.85602
1.86753
1.88087
1.89567
1.91148
1.92783
1.94426
1.96017
1.97491
1.98775
1.9978
2.00411
2.00569
2.00173
1.99156
1.97479
1.95166
1.92301
1.89048
1.85622
1.82275
1.79264
1.76791
1.74965
1.73827
1.73291
1.73217
1.73368
1.73524
1.73569
4.89428
5.248
5.44007
5.44509
5.30964
5.11279
4.85666
4.56487
4.25434
3.93642
3.6225
3.32338
3.04586
2.79446
2.57192
2.37934
2.21497
2.07453
1.95608
1.85892
1.78095
1.71961
1.67212
1.63586
1.60856
1.58849
1.57439
1.56531
1.56049
1.55931
1.56129
1.56594
1.57273
1.58109
1.59046
1.60029
1.61001
1.61903
1.62674
1.63248
1.63558
1.63544
1.63147
1.62305
1.60967
1.5909
1.56647
1.53637
1.50103
1.46143
1.41938
1.37757
1.33936
1.30825
1.28715
1.27829
1.28229
1.29858
1.32524
1.36003
1.40065
3.7577
4.34662
4.90798
5.33781
5.55448
5.59374
5.4714
5.2252
4.91525
4.56198
4.19207
3.82884
3.48399
3.16793
2.88514
2.63525
2.41519
2.22362
2.05926
1.92147
1.8086
1.71865
1.64869
1.59527
1.55505
1.52538
1.50426
1.4902
1.48193
1.47844
1.47899
1.48292
1.48948
1.49787
1.50729
1.517
1.52624
1.53424
1.54023
1.5434
1.54296
1.5382
1.52846
1.51319
1.49198
1.46464
1.4312
1.392
1.34759
1.29895
1.24764
1.19613
1.14784
1.10717
1.07906
1.06817
1.07711
1.10648
1.1548
1.21948
1.29714
2.78204
3.2151
3.75824
4.35178
4.89623
5.31337
5.55258
5.58948
5.46019
5.19396
4.84
4.45673
4.06405
3.68712
3.34044
3.02639
2.74613
2.49759
2.28167
2.09845
1.94622
1.82352
1.7273
1.65331
1.59718
1.5552
1.52472
1.50373
1.4905
1.48354
1.48186
1.48469
1.49111
1.50013
1.51077
1.52212
1.53326
1.54329
1.55126
1.55623
1.55725
1.55348
1.54412
1.52854
1.50616
1.47677
1.44039
1.39735
1.34814
1.29371
1.23547
1.17567
1.11767
1.06622
1.02791
1.00952
1.01627
1.05153
1.11514
1.20362
1.31186
2.27988
2.48751
2.80885
3.24683
3.77282
4.33089
4.84486
5.23315
5.44777
5.47644
5.33377
5.06403
4.70165
4.30325
3.91197
3.53691
3.19407
2.88424
2.60568
2.36414
2.16189
1.9982
1.86953
1.77009
1.69398
1.63609
1.59308
1.56247
1.54201
1.52959
1.52396
1.52419
1.52927
1.53798
1.54918
1.5618
1.57477
1.58706
1.59761
1.60534
1.60915
1.60814
1.60138
1.58814
1.56764
1.53962
1.50396
1.46098
1.41099
1.35485
1.29378
1.22992
1.16644
1.10798
1.06144
1.03478
1.03566
1.07076
1.14257
1.24827
1.38177
2.10398
2.16258
2.29377
2.51721
2.84409
3.27004
3.76677
4.27994
4.74143
5.0857
5.26742
5.27693
5.13303
4.86881
4.52929
4.14048
3.75536
3.38855
3.03791
2.72481
2.45747
2.2397
2.06868
1.93594
1.83317
1.75362
1.69325
1.64911
1.61838
1.59791
1.58603
1.58164
1.58361
1.59047
1.60089
1.61362
1.62744
1.64119
1.65367
1.66369
1.67003
1.67177
1.66787
1.65754
1.63977
1.61429
1.58085
1.53978
1.4912
1.43596
1.37517
1.31088
1.24607
1.18507
1.13458
1.10282
1.09896
1.13265
1.20969
1.32918
1.48465
2.0722
2.06021
2.08437
2.16151
2.30922
2.54192
2.86542
3.26913
3.724
4.18062
4.57935
4.86832
5.01913
5.02106
4.88955
4.64813
4.33335
3.97325
3.57142
3.18807
2.84204
2.55523
2.33039
2.15485
2.01746
1.90914
1.82488
1.76162
1.71659
1.68475
1.66388
1.65238
1.64915
1.65233
1.66037
1.67179
1.6852
1.69927
1.71267
1.72405
1.73217
1.73609
1.7347
1.72722
1.71235
1.68983
1.65929
1.62103
1.57507
1.52224
1.46358
1.40106
1.33739
1.27693
1.22583
1.1923
1.18619
1.21959
1.30124
1.43278
1.60779
2.06653
2.03407
2.0152
2.02013
2.06199
2.15548
2.31468
2.54898
2.85797
3.2294
3.62879
4.01984
4.35956
4.61285
4.74982
4.7616
4.65002
4.42195
4.11364
3.72638
3.30942
2.95249
2.66966
2.44414
2.26062
2.11267
1.99485
1.90586
1.84121
1.79333
1.75997
1.73804
1.72682
1.72413
1.7279
1.73634
1.74796
1.76105
1.77424
1.78572
1.79479
1.79999
1.80065
1.79561
1.78369
1.76415
1.73716
1.70201
1.65957
1.6099
1.55477
1.49554
1.43497
1.37744
1.32813
1.29523
1.28922
1.32404
1.40972
1.55158
1.74188
0.272245
6.50976
6.19517
0.227482
0.328631
0.124734
0.00317665
2.63179
0.00336242
0.023208
3.45575
1.0682
0.00317681
6.12196
0.10918
5.42375
0.0032561
2.75046
3.75436
0.00319082
0.227857
5.96326
6.29084
0.00330548
0.00331863
0.105248
0.00318883
0.522019
0.00324266
0.0034588
0.64484
0.00342083
0.0162432
2.63938
0.780646
3.52858
2.66887
1.5639
0.00317147
2.53823
1.88933
1.96153
0.0032057
4.69636
3.30021
0.278808
0.00364492
0.014947
0.191325
1.09216
6.65585
7.75765
0.00315206
0.00408527
0.0383954
0.0364607
0.00344839
0.688045
2.54615
7.42171
2.57304
0.00366868
0.153709
0.0317196
6.47314
0.218773
2.11447
1.87949
0.00433096
0.00321209
1.13973
2.5424
1.71837
0.00921895
0.03997
4.19918
6.80629
3.24674
0.00313868
0.92851
0.00705244
2.53628
0.011356
4.79542
0.00321713
1.06597
0.00334657
2.31121
0.0152031
0.00489319
0.117742
0.00313494
0.00377009
7.59652
5.47043
0.00358488
0.43486
0.269789
0.00602585
6.60554
0.0916268
2.36553
0.741737
0.00313216
0.00316943
0.00314914
0.304838
0.124302
0.00324611
6.11176
6.80014
0.00950722
4.69998
1.57908
2.75602
2.84807
1.90545
0.00391502
0.0847811
0.00418867
0.00410222
3.55526
0.00695454
7.39281
7.70281
1.05758
0.00321079
1.01334
1.01967
0.00320675
0.0340528
0.0332804
1.73932
0.00557208
3.17795
0.00321537
0.00316578
7.67553
7.80093
0.00322174
0.145781
5.62735
0.104861
0.300544
1.63489
4.80975
0.0519942
1.73169
0.0119612
7.04576
1.30539
0.0304516
2.79248
4.73319
6.3092
0.00330834
0.00326047
0.215198
0.003392
2.08582
0.033012
0.00509306
0.00320881
0.00321432
0.00323659
2.80907
1.89978
1.57067
0.00336798
6.79486
4.86319
3.18681
5.02553
0.0140009
3.85662
1.78402
2.01178
0.00323154
0.00560579
2.9694
3.19501
2.00768
3.68204
0.00320791
0.00351811
5.01911
0.0358834
0.562511
0.00323522
0.00364566
0.103996
0.00339981
7.73585
0.672902
0.00339907
0.253249
1.85933
5.288
0.0044961
2.05917
0.00321061
0.00322579
4.92275
2.38476
7.26306
0.00454004
0.00337992
0.00773536
2.71004
2.32981
1.08241
4.92506
1.42922
6.92201
0.190268
4.3105
4.08355
1.88768
1.34997
2.41964
0.0048425
0.0366142
0.00321787
0.0033957
1.94318
0.0180588
0.0200092
0.0055335
0.0131414
2.74936
4.80994
0.0188234
5.86475
1.06596
0.32063
0.00318305
0.152358
2.75495
1.02154
0.00415029
1.066
1.22641
0.181812
0.346732
7.28182
0.784049
0.489497
5.15061
0.00383894
0.00317383
0.00400073
0.0105015
1.85548
0.00336379
0.00625414
0.00316966
0.383627
3.99874
4.12175
2.86455
1.36728
1.42188
7.62275
0.0043518
2.21501
4.56083
0.0032062
2.10799
0.0032165
4.07051
0.381958
1.66003
0.0052691
0.00321545
1.87426
0.514636
0.00323889
0.00322753
0.00324217
0.00324479
0.356833
1.60956
2.96836
0.0151085
0.00324058
0.00316783
0.00313281
4.72726
0.206588
0.00442508
1.6253
0.0872036
0.0424855
0.00314406
0.262604
0.00323974
0.0458807
1.46381
4.79532
0.416103
0.00395386
0.00595767
3.23497
0.136013
1.9704
7.57669
0.00348788
0.00319568
0.00318663
5.81469
0.00329855
4.87092
0.003218
1.84733
1.36889
0.0272454
3.06989
4.01597
0.004634
2.84812
2.62433
1.65088
4.7714
0.840666
7.80134
2.56895
3.89102
3.73035
4.49348
1.70941
0.156517
7.72187
7.34958
3.13008
2.23211
0.00401863
6.95122
2.88447
6.86836
0.027302
0.00356224
0.00321034
0.00340586
0.176154
0.417796
0.64369
0.0915656
0.00318113
6.03927
0.0032115
1.52698
1.91329
6.39506
2.46459
1.81371
0.00592508
0.00424229
0.0917803
2.95273
0.0102671
0.738956
5.31261
2.18527
4.1343
6.15739
3.22822
0.00345825
7.36004
5.44739
1.74346
0.00322757
6.34758
5.68544
0.00331834
2.07032
0.00323076
6.84365
5.63669
1.96787
4.16682
2.65364
5.66617
0.00329746
5.66532
0.00383141
3.76285
3.99008
2.02338
7.33542
0.710977
0.211717
0.546163
0.00423213
4.32524
0.152344
0.00805785
0.00530759
4.5848
0.00379966
4.35303
0.00320341
0.00322918
0.00599461
1.80898
0.102969
1.81853
0.00553202
4.22895
0.161574
6.65271
4.45094
2.62578
6.30213
0.00339659
7.34227
2.88289
0.00320418
3.9176
2.03596
0.00314842
0.00317175
3.5009
0.00648445
1.81612
0.0913365
2.50746
0.0264589
0.594967
2.62937
4.83685
2.39216
3.85136
3.67312
0.00402441
0.02253
1.80652
1.60161
7.58668
6.53765
5.28111
0.0646582
5.10546
5.08041
0.49748
1.75768
2.82934
2.05053
0.00352723
4.12031
7.81765
0.00412909
4.48769
1.86307
2.85455
0.0238699
0.0668322
6.28144
0.00593467
7.57792
0.00459911
0.261334
0.00320405
0.984154
2.33943
0.228998
0.0047828
0.0037199
2.85123
1.68536
0.0399745
0.421465
5.97599
4.10537
0.0046407
1.43269
1.7321
3.38739
1.57326
4.22386
2.0695
5.43971
3.22285
0.591927
0.905813
7.47556
1.92088
7.67668
6.08234
0.0465598
3.52133
2.99007
0.00338943
1.85015
1.67959
1.44104
0.0174476
4.90935
1.45806
0.685851
1.92387
0.00543739
0.00321244
0.0198746
2.15906
4.4657
2.72434
0.00321905
0.00319448
0.0032081
1.80592
0.0281395
0.00321084
0.122466
4.47189
5.08074
0.0104828
0.010695
0.00316868
0.0032045
0.00595857
1.75233
1.74548
1.57341
0.454734
7.53527
5.92364
0.00525473
3.21729
1.95202
2.04904
4.00843
7.43695
0.00346615
0.0104247
0.00322923
3.89247
0.239726
0.00317142
1.35383
0.160977
7.48815
0.00323843
7.69556
1.12848
0.0453855
6.53922
0.00322332
0.00318782
0.00407353
7.75443
3.23414
5.28483
5.09461
0.91804
1.8849
0.00314294
0.00599832
0.0917396
0.0108466
0.024884
1.97657
2.28235
0.00321853
1.28117
1.96508
6.23521
7.74733
0.00810154
7.71301
0.00590793
0.0298558
3.73293
0.00319412
5.61459
0.00323959
0.00335368
0.0227215
2.22992
0.620648
2.57373
1.8891
0.00367372
1.87043
4.64709
0.0256943
0.223194
0.944346
0.00330265
0.00325693
0.00689235
5.39188
0.537908
0.00337468
7.29693
6.05905
6.71835
0.0156879
2.16404
0.00422263
2.37387
0.153642
0.090417
2.7608
1.79169
1.91643
6.12148
0.00328205
0.00314683
0.0102777
4.2231
4.53768
0.961226
0.0137695
0.00334445
0.00323025
0.00878427
0.13669
0.00655505
2.30588
1.86023
0.0115784
1.63594
6.04486
0.00326616
2.50327
0.00321653
0.51494
0.00324489
0.0219506
2.3009
0.0199048
0.00320527
0.755764
7.83889
7.11257
0.00319586
0.00327125
0.385081
0.138648
0.00321339
4.26519
0.00368425
1.80081
7.82699
2.35406
1.72549
2.46419
3.80589
7.60093
0.00322065
0.00740611
0.0151842
4.28711
1.45113
6.44845
0.491657
0.369924
4.36257
3.77035
5.02827
0.468034
2.64563
0.00321921
0.352501
1.7672
2.50097
3.99162
1.86516
0.203264
2.51003
0.102423
0.00995702
1.83833
0.00323037
5.74349
0.00368026
0.380087
7.42293
2.7894
0.556018
0.00733778
0.761059
0.00328889
0.00319013
0.104798
0.0223434
1.90989
0.0150876
1.84252
0.00321937
0.0276469
0.0031694
4.50672
0.00528374
4.19803
2.53034
0.0217208
1.93182
7.56576
0.00324807
1.72045
4.55851
0.00336896
7.39014
0.0639192
0.00352375
0.00341352
7.24726
0.00317896
0.00428645
0.086187
0.100897
7.16615
7.26828
0.00322061
0.00327089
0.873214
2.28079
0.0145098
0.332302
2.00166
0.00321392
0.00380577
0.00376239
6.04131
7.28306
0.493271
7.17598
0.0259244
1.67208
0.00334298
0.0145745
0.024708
0.0366292
0.00322377
6.89623
0.00319965
0.0247201
0.00332375
0.116738
0.0222491
0.00872878
0.426381
0.678894
2.39541
0.384375
1.06156
1.94018
5.22795
0.00342687
4.99065
7.67291
1.12999
3.99673
0.00327923
4.4154
3.86788
0.00320931
7.46033
2.45115
0.00685051
0.00791519
5.87846
5.68516
0.0356775
7.58243
7.39108
0.789023
7.35124
7.23169
4.92415
2.0622
1.58278
1.08431
7.24238
7.47466
0.0217215
7.40239
2.52368
4.39053
0.00342879
0.337632
0.306871
6.80821
5.89659
0.0199329
4.30096
6.42512
0.483879
0.0346633
0.383545
1.93467
0.00530097
1.97077
6.98087
0.0337026
6.7626
1.32828
4.44021
6.35953
0.00321723
0.00563994
1.0442
0.700711
0.0185539
0.0032151
0.191876
0.262056
0.00447523
0.00323646
4.31027
0.981838
3.05105
1.01212
0.00850451
0.00416168
0.0523593
3.50226
0.00344075
1.8418
1.75559
0.473199
2.34689
0.00394066
0.118643
0.00319937
0.574115
4.31119
0.00407095
0.117285
2.24171
5.71693
0.22304
3.9766
0.595281
0.121758
0.00391249
2.3629
7.72453
0.00320739
0.00328724
5.65823
0.0241418
0.00323559
3.80123
0.30892
1.9339
2.12174
1.47444
0.143543
1.71175
3.5711
5.75091
4.5076
0.00326643
5.70075
0.0039189
2.43317
0.00343243
0.00439227
2.24935
0.00656304
3.93525
0.0206149
0.0394322
1.84863
0.725607
0.0797677
0.0036487
6.25651
0.00361879
0.00316123
7.78142
5.87078
2.79934
2.02533
0.00342029
0.00315976
1.85228
5.65002
0.00319717
6.57841
1.68704
0.00323483
5.98547
0.00315133
0.359823
0.905694
1.34595
0.352128
1.5931
1.99071
0.00315149
7.27395
7.43708
0.00320844
0.0171897
2.04548
0.00315288
6.97571
5.49261
4.43567
0.00321084
0.00317254
3.61824
0.0426109
0.00349751
1.83472
1.71776
4.26655
0.0031617
0.00338534
0.0240487
0.0193874
0.00321173
0.00641952
5.18328
2.99772
0.0032172
1.31311
0.00321207
0.713746
0.0042236
0.00356307
2.23784
0.00327551
0.114403
0.00317691
2.91148
0.205322
1.68802
6.26358
4.42055
3.82363
0.808791
1.38694
0.00323546
0.92167
7.32886
4.09918
0.106092
0.00344766
5.2608
0.0032108
0.0328993
0.00316284
7.2026
0.78622
0.371089
6.40115
2.21796
0.487645
4.14226
0.719046
6.78548
4.51528
0.00329704
0.00329041
0.00815495
0.00333211
0.0226869
4.34228
0.00378629
7.07944
0.00600667
0.0544401
0.575599
4.83459
0.00489314
2.7127
0.0173316
3.01977
2.39903
6.99466
0.00343353
0.00385368
0.129492
3.64949
1.80382
3.65554
0.414589
1.0076
1.59784
0.0506214
0.96465
0.390924
1.80958
0.00328674
4.36705
0.410808
3.10768
0.00336077
3.01818
0.987298
0.0042956
1.6436
1.77611
0.0644311
0.00316688
0.00321175
5.01024
2.78674
1.53648
0.0032042
0.0174617
2.13036
6.3073
0.552931
0.0125269
0.00322509
5.50969
5.26197
2.21185
2.61912
0.00320606
3.65943
7.46128
0.00321038
0.00321643
1.24416
0.00400481
0.00972421
0.0450496
1.94443
0.00412231
2.33778
7.6623
0.00323222
0.00347083
0.00317525
0.00329803
3.72241
4.66455
7.74887
0.0286872
2.35581
2.33676
0.0866155
2.89076
0.00352507
1.81576
0.219751
2.18542
0.686319
1.65211
3.25805
0.13379
0.00323839
5.88608
4.60302
4.75418
0.897649
1.85301
0.174505
1.50754
0.00919626
0.00479561
3.5762
5.53621
0.0224898
0.18331
0.00323804
0.0774236
1.88046
0.0281717
1.03765
0.414425
3.84562
2.24207
0.433519
6.83611
5.44231
3.06852
1.62361
4.34601
3.62079
0.560584
2.63602
0.00537115
2.77716
2.91855
0.00320287
0.00315437
0.114416
0.00322024
0.00334328
3.13154
4.44543
0.00321625
3.3669
0.00320833
0.00319066
0.00321203
0.00327546
0.00589028
2.02764
2.65577
7.09296
0.00317603
0.0038815
0.949882
0.00353565
0.0329122
0.00324579
0.00364712
4.52564
0.00387996
0.0109318
2.87698
0.0103721
0.00321717
4.08127
0.00321035
0.0032581
0.561382
0.00359633
0.853497
0.00459827
0.0296853
0.00320346
0.00325482
7.5046
7.645
2.68931
0.0269424
3.10648
1.54847
0.00475456
1.85841
4.21548
6.92312
4.60574
0.00325815
1.8312
2.54356
0.144986
1.85068
4.54101
0.172047
2.1496
0.475316
1.83324
0.0515503
1.01058
0.00323472
6.73223
0.0033802
1.91884
2.45424
0.00321346
0.311013
0.00721339
0.0148257
0.00318383
0.759228
0.00363804
0.00322539
2.64063
0.0499665
0.108836
6.86877
1.91649
0.00347282
0.00388798
2.37909
7.18824
0.00319977
0.0032392
0.0736196
1.36596
5.54527
0.00656915
1.63068
0.00321293
0.00342471
0.00315898
0.0346403
1.0002
0.0101198
6.56308
1.88846
7.18328
6.05081
0.0035003
7.32096
3.71326
0.00318131
0.00322613
0.00321817
0.00442162
0.00319953
3.93827
0.00320703
0.00323037
6.79468
0.32046
0.00765558
0.0169353
2.09958
0.914232
0.00893505
0.00344268
6.30248
0.00324551
0.884294
0.00326639
0.00350267
5.91139
5.78993
0.00865037
0.00354294
0.43358
0.00320501
6.8462
0.00325867
5.57546
0.0232118
0.730993
0.0159926
0.373242
0.563347
1.51327
0.00324251
0.00354344
0.0114252
3.21419
0.114795
7.48835
0.00321381
0.00460867
0.00554358
7.15724
2.79487
3.11982
0.00690891
0.00901525
0.211649
0.00322124
1.29643
2.46141
0.0168515
6.01189
6.16048
1.96786
0.00528976
0.38439
2.93931
6.82519
1.91312
0.0187258
3.25657
0.0801368
5.23052
0.0903736
0.51612
2.57796
0.00324369
1.86424
0.00457262
0.0116571
0.0067727
0.049199
0.00367568
1.27269
0.00322336
3.07671
0.0947551
0.00364148
0.411393
0.00323207
0.279679
0.115505
2.43698
0.465562
4.79305
0.237965
0.00321498
0.00318683
0.455937
0.0895942
2.83174
7.19709
0.00322159
4.08618
2.66786
0.0228966
2.02038
0.595109
2.46475
2.25851
0.0348314
0.00585249
7.19201
1.54169
5.85707
0.00320928
1.72395
0.00321165
1.05114
2.52557
7.65924
1.66023
1.99481
0.0113207
0.292289
0.00322037
1.41121
0.289599
0.00354929
3.3271
2.2
0.00328568
0.442942
0.0113011
0.00402415
6.67954
0.00321719
0.0116999
0.0223705
2.50979
0.0243208
6.65821
0.206351
0.0031954
2.13689
0.592038
2.22612
4.29362
0.00328302
0.469893
0.613577
5.04654
0.303962
0.0032298
0.0460921
2.23349
0.00483997
3.92223
3.26931
3.88703
1.67015
0.498214
0.252941
4.40043
7.35088
6.74079
0.427847
0.0233982
0.00385741
2.01643
0.0456302
4.73316
7.2142
0.00399506
7.62711
0.00318639
3.53339
0.00323803
0.00322059
0.555578
4.75341
0.0130281
2.21537
1.88109
0.00321543
0.00316655
0.0142886
7.79936
5.45912
6.02201
0.0032224
1.83189
6.16474
0.0341528
0.318842
0.0212945
0.00350277
0.00321268
0.00669531
0.00329412
0.00321531
0.00318994
0.00322424
2.97179
7.5249
4.33501
0.120206
0.00332454
0.00319978
0.0032351
0.00369553
2.67878
5.61121
0.109281
0.00669059
0.105371
0.203637
0.00320834
0.00321354
0.570737
0.00320818
0.0033611
0.0190295
2.48211
2.04653
0.021466
0.132196
1.40909
2.34434
6.46403
0.00316231
0.129635
0.00321119
6.55257
0.00321347
0.0452042
0.00320394
5.88475
2.93674
0.00321511
7.35609
7.20051
0.00372534
0.181258
0.00809523
0.124002
0.258347
0.00323381
0.00667665
7.79036
1.16771
0.70535
1.96937
4.98951
0.049661
0.00319873
0.00427707
0.00371399
0.0031998
2.23187
0.00333815
0.00321012
0.0734829
2.48718
4.24846
2.54893
2.0358
0.580552
3.04803
7.83391
0.00319896
0.00552507
0.00480388
7.84001
3.8786
2.84927
0.387738
4.37349
4.561
7.8237
0.00327719
0.107466
1.41788
1.31985
7.74613
1.69461
6.151
7.67444
0.00319887
0.00331471
5.39956
6.94389
0.0988168
0.00340014
4.09674
0.0309403
5.74163
0.0032358
0.0171032
0.0100272
0.138334
0.00315904
6.76016
0.1751
3.67688
2.98324
0.00383501
0.00322669
0.0031688
0.719618
0.00320958
1.71594
0.973887
0.00318552
0.00704447
0.00788402
0.0150924
0.00323329
0.00326832
7.73869
0.00335569
7.49212
6.17128
4.76658
3.98878
0.00323967
1.15329
1.64229
4.30434
0.00339863
0.0592558
0.181861
0.00320168
2.0007
0.00365735
1.61569
2.44798
0.00321728
1.50607
0.0232181
1.8119
0.0959635
0.0159317
1.55025
0.00319861
1.9279
4.9168
0.00322418
0.235501
3.92813
0.00319232
0.00327846
0.00322459
5.76998
4.44993
0.0638735
7.12316
0.00533379
6.0561
0.00439914
0.00321171
0.0719132
0.00316693
0.0503016
1.23026
0.00342328
0.00336876
0.0106961
0.0851388
0.00462799
1.46469
0.00323137
0.00743731
6.73517
7.78627
0.0316959
0.00320394
6.82326
0.00323013
0.00316655
3.45018
5.9873
1.0559
4.96855
1.9563
0.00491184
0.00325837
0.0032282
0.912798
0.00593619
4.93557
1.94117
6.88846
0.047579
0.0063382
0.324725
2.6406
0.569755
0.0314153
0.769757
0.00322431
0.265269
0.00322403
0.0762477
0.407559
0.00320495
0.00323851
0.59233
0.00316685
0.0064464
2.0114
3.97825
6.53351
0.0154254
7.32805
0.0110503
7.70157
3.18778
0.676298
4.03745
0.223058
0.300888
0.00322698
0.00339408
1.63588
2.40292
0.0384293
0.00316051
4.24963
0.00334879
6.51346
7.69276
0.00322377
0.00321024
0.00322994
7.83564
0.0578746
0.00312929
0.0038663
2.46058
0.00933297
0.00438977
4.46458
0.00996512
0.035981
4.94263
0.00973254
1.15136
0.0150482
3.53579
0.00323112
3.78164
5.268
2.08981
0.00320945
4.32672
5.73618
0.00322675
3.34136
4.23631
2.34007
0.00334866
1.69813
1.61287
1.78101
4.78784
0.00345763
0.0879492
3.56809
0.0122979
0.0587753
0.0068048
1.44062
2.54775
0.181644
2.21736
7.1216
1.34685
2.00093
0.00322245
7.27186
5.37133
4.65484
2.65399
0.617998
3.42127
7.55775
0.413052
0.0296852
0.0046361
2.64931
0.00324724
4.27923
0.841412
7.6535
0.00358012
0.00353028
0.0590059
4.7041
0.0339272
0.00724617
7.52041
0.00486163
2.41051
2.00942
0.0270609
0.00800601
0.93584
0.0129498
0.212436
0.00328155
0.684491
0.00327056
1.00866
0.003182
0.00583888
0.00399771
0.0102126
0.00480818
3.60187
0.371751
3.9618
0.00358184
0.00392687
0.00658153
0.00333543
0.949749
2.13287
0.0031806
1.60669
0.00326721
5.14216
4.56327
4.65758
0.00390884
0.00321158
4.88149
4.21355
3.18739
1.04695
0.0531295
1.50253
0.00320881
6.28652
0.00320651
0.306694
0.00980074
0.00319248
0.171469
6.42942
4.13071
3.86861
0.83978
0.00678492
0.00320687
0.0034856
2.23769
0.0678423
0.0034157
0.00389099
0.891747
4.19001
4.80327
1.13309
0.618323
4.03453
0.300727
6.40993
0.0162497
0.0061276
4.51849
0.00322797
0.00321354
2.4459
0.00368277
1.55524
0.00439569
5.79231
5.98851
0.00323482
0.00318487
5.29894
0.00375628
0.00320819
7.5811
0.555998
3.59052
4.74071
2.25835
2.30774
0.00684255
7.31306
0.152374
0.105154
1.55678
5.6328
0.00323859
2.29537
2.02244
0.00324615
7.338
0.0362488
1.79327
0.00318889
5.03182
0.0446737
0.921301
1.92281
0.0116865
3.48897
0.00550251
0.0108239
0.139533
0.785506
2.31774
3.84588
0.00338549
4.74249
5.19362
0.00320586
0.00321249
0.00317421
0.00323231
7.02388
0.00319555
0.828
1.9989
0.0032767
0.0150668
1.68229
0.0185068
0.003321
0.00326917
7.4241
1.60691
0.00324612
1.96488
1.62039
1.98919
1.47953
1.63328
0.0144368
0.0183051
0.00320333
0.00373504
0.938454
7.51728
0.0032265
0.348493
4.5888
0.679853
2.91223
1.64987
2.81455
1.07627
3.16043
0.30172
4.86927
0.187171
0.00399411
1.41138
0.0032374
0.783443
2.00279
0.00564207
0.00346828
3.53573
1.15088
6.76063
5.95455
0.00318736
0.00971137
0.0366983
0.362045
4.6492
0.003205
0.00321483
0.00329019
0.16945
0.003221
2.06874
0.00323706
0.00317878
0.0501031
0.00357159
1.71392
0.00344022
3.25625
6.42446
0.782556
0.349461
0.326582
0.0329759
0.00379878
0.0136511
0.00708828
2.00897
7.06881
4.84427
4.05618
2.86648
0.00314874
2.59953
1.99227
0.0122968
0.00321358
0.00323563
1.46264
0.00357803
7.29511
1.09802
1.85402
5.32167
0.0038519
7.72905
0.00349095
0.419431
0.00358074
0.0282873
4.47885
2.02571
0.003258
0.339534
1.89804
2.06571
3.55941
1.76778
0.806529
7.80096
4.19492
0.307208
3.83156
5.22034
0.00323017
0.055897
0.00325093
0.00548638
0.00660555
5.83878
0.0867537
0.00409492
0.00446967
0.374405
7.75768
3.45459
0.00322106
5.9763
0.885924
0.221078
0.00318271
7.80719
6.30733
5.91865
1.85168
0.00317101
3.21222
1.21828
1.96232
2.01524
0.329513
2.47329
0.00352367
0.156359
4.42847
1.91288
0.132716
5.30997
0.00348986
7.46165
0.00500386
2.65468
6.53559
1.49969
3.29457
6.54713
3.85474
0.00317718
4.23924
0.00476747
1.64053
0.00554991
0.172992
0.00322765
2.07689
0.00319123
2.74705
7.18067
3.34737
0.544089
0.00343421
0.00950973
0.00321846
2.36296
0.0032637
1.52961
0.118828
0.129302
0.00324242
0.00362532
5.52306
3.76862
0.0555222
0.818024
0.00318857
0.00325909
0.0150478
0.0142597
0.00318798
0.00317597
4.85598
0.00936058
2.51154
0.00372751
4.01383
0.549671
0.00317023
0.0386557
0.00359327
1.90684
0.0100043
2.01479
0.00321304
0.00571457
1.01984
0.0077932
0.00336679
0.0032277
4.59575
0.00339664
0.00322023
1.55439
0.208004
0.00317728
1.92097
4.4998
0.0221438
0.147217
0.00372234
3.73829
6.56373
0.832499
0.00686066
2.6073
0.017456
0.01192
7.56451
0.00339918
4.18706
3.776
4.60398
3.70214
5.83574
0.00316599
1.06332
0.799717
2.03618
0.0486291
1.92981
0.00382015
0.00387249
4.62842
0.203219
0.00354602
4.94687
4.75932
0.00324315
3.90084
2.24665
0.00442135
0.0971623
0.00321945
1.42395
5.21231
1.38773
2.5727
0.666641
0.00371579
1.83574
0.00320925
7.84105
4.91942
5.6718
4.38785
4.40687
4.6673
5.03054
0.0229216
0.00321163
2.16338
1.22747
0.00324137
0.00319947
4.65155
2.15568
0.845078
3.94638
0.00331302
1.50948
0.00318163
4.47302
0.0109031
6.79909
1.44885
0.00413162
0.00330206
6.05021
0.0034872
3.00365
0.00357472
0.795238
7.40782
0.00319795
0.287065
0.00560912
0.00556622
4.31322
1.81824
0.00543937
5.24078
3.75861
0.0916369
0.00488781
2.74177
0.192567
1.76874
2.61491
3.54109
0.00333254
1.46053
5.31488
2.70478
4.44502
0.0223484
1.14338
0.00321311
1.75232
4.57587
0.132861
5.12324
3.69846
1.30477
5.37705
0.270879
0.0404641
0.00779743
2.01912
0.00322028
0.0383081
0.00364241
0.00321146
0.00321949
1.03014
1.31313
7.08078
7.46078
6.64908
5.69533
0.00320962
0.00622505
4.12155
2.09724
4.43369
0.00319026
7.08366
4.35698
3.36346
2.07804
4.62917
3.4675
7.52896
0.166483
0.561558
0.0735278
6.12549
1.37102
0.00550664
0.00331162
2.21485
7.66312
5.66216
5.56347
0.00317352
1.83984
0.00319516
4.4141
0.00357371
0.416834
3.59147
0.00316743
0.130725
2.06037
1.40301
0.0032404
5.55749
0.00319691
0.00334338
0.00318162
2.49714
0.00318342
0.0140775
2.12788
0.381288
3.85028
0.00316236
1.81152
0.941509
0.00321015
0.430056
1.83862
7.82813
0.646857
0.0617926
2.05385
0.956947
5.30897
2.12075
0.0870694
0.00315991
1.29676
0.0434401
7.43224
0.0512019
0.00324352
2.95805
2.32127
5.07778
2.89989
1.92329
1.74608
5.89873
0.00320691
0.00337829
5.89341
1.3926
0.00319894
0.00321685
6.77883
4.38206
5.57724
0.00692848
1.52425
7.51643
0.0044881
0.0203226
0.00492817
0.785146
0.528215
0.0127194
0.00320089
0.635875
0.00371698
1.52552
0.00963011
0.00324542
0.186158
0.760298
0.457642
0.010345
0.00420676
0.0646061
0.00373254
0.00318461
1.99129
0.239735
0.0225943
1.45888
2.35074
0.33105
5.91109
0.00350919
0.876581
7.57718
0.00402903
0.223983
4.66058
0.0112514
0.449
3.46298
0.0360421
2.40171
3.89282
0.221908
6.99945
3.6204
0.00323916
1.39125
2.10762
1.97286
0.00348735
0.00322235
0.64333
1.76677
0.00323167
0.00921056
1.57088
0.00440656
0.00328294
2.98621
1.15179
1.26146
0.0617119
0.00325626
1.51925
4.03764
0.00325268
4.02403
0.106195
0.429404
4.3287
4.57505
0.398819
4.09158
0.00324124
0.480923
3.55455
4.09802
7.21792
4.76682
0.00321164
1.83495
1.0198
0.0032045
0.00317869
0.390625
0.00970225
0.0915715
0.916752
3.78669
0.00505364
5.30481
4.60331
0.00516788
4.29399
5.68454
3.58385
7.48158
5.65366
0.944326
0.00338047
0.00321606
0.118518
5.81837
0.00843364
7.76329
0.244203
0.500822
0.00362328
1.45573
0.639974
0.00589046
0.00331277
0.00784862
0.00540709
7.15236
0.00405227
4.4354
0.529008
0.00318003
0.00349297
0.0528511
0.0922589
1.46359
0.0116968
0.0345248
4.02563
0.00328853
3.39922
2.09349
0.51207
0.00323012
3.01387
2.18416
0.00551496
1.27158
0.00334991
2.89247
0.00491979
0.00522551
0.00318064
3.21191
4.76177
0.650124
2.07778
4.3924
0.0115809
0.00672831
3.53298
1.40736
6.35268
0.00403755
2.73871
4.72153
1.85142
6.52053
0.0941461
4.38517
4.74894
0.0284134
1.29658
7.00585
5.04338
1.87659
5.00636
7.69056
0.00320586
0.0133101
0.166462
0.00380095
2.21675
0.461709
3.98857
0.00322837
3.18298
0.816118
3.48781
0.00322031
5.14928
7.23039
2.53545
4.32417
0.00315437
1.04536
0.00546729
0.125225
0.00323391
0.00325901
6.94188
0.287402
0.00338286
4.35731
0.0111604
7.7151
4.22565
0.012555
6.93353
7.05951
0.00330588
0.00443837
2.59634
2.43472
0.0130842
7.63391
0.495672
4.94057
0.00323249
3.99666
3.94831
0.0836758
0.438769
2.82477
0.00325782
3.04233
2.33338
2.51357
3.01962
0.00323615
3.62074
0.756408
0.00326638
0.169583
0.0136693
0.0117449
0.00337846
0.334466
7.75721
0.00331492
0.189459
1.59241
0.00319489
0.00986966
1.90289
0.00380207
3.45733
0.00319648
7.17395
1.79995
2.10585
1.74426
0.295323
0.0477914
6.21495
0.725285
7.11395
0.00320063
3.36654
1.55444
0.0388372
4.10638
1.77348
4.5187
7.59782
1.29089
1.2391
0.00323081
0.00537319
1.64981
0.555355
7.26025
1.02898
0.0109965
0.0369216
0.0659451
0.079718
1.86853
2.13663
0.778196
0.00349272
5.15824
4.19835
0.00347329
1.91995
0.00709093
2.79997
0.0032392
5.3014
0.00321407
0.606271
0.508712
6.06148
0.00354231
0.0689053
0.0553858
3.97588
1.37859
0.00571153
0.00527777
0.00321807
0.00905303
0.00362973
6.09202
4.91793
0.00318132
0.00321298
3.84976
0.00339319
4.51287
1.86268
0.684332
0.00324958
3.69973
4.43106
5.94583
2.19165
1.73279
2.41469
0.00410125
0.00317986
5.78656
0.0125892
0.00320939
0.00320494
4.1703
0.00334519
7.68582
0.00321048
1.29652
5.82343
1.4683
1.83923
5.41745
0.00318215
0.561315
4.42811
2.5781
6.18572
0.00336109
0.0040401
0.0562624
7.77759
3.85511
0.00328136
0.00529198
0.0459349
1.86428
6.88951
1.86123
0.00335015
1.22647
6.71328
0.0645878
0.00321439
0.0310816
4.0063
0.738652
1.75928
0.391272
0.00316982
1.17227
0.01138
2.06312
0.00321869
0.00348902
7.55171
4.15651
7.73214
2.08683
3.85996
2.65498
3.89773
7.44421
3.86199
4.01674
0.00356812
1.47515
4.12037
0.0181003
0.0032423
0.00451119
0.229973
0.00353743
5.46871
3.56484
4.19213
0.0665229
2.58779
0.0153206
3.88532
4.70921
0.00595171
0.356367
2.64182
0.00354228
5.24807
0.415013
0.00322028
1.96951
0.00323678
0.00340068
0.00523526
0.923364
0.551232
1.41161
0.00317254
0.574429
2.3458
2.17912
0.00937127
1.97887
0.00323959
4.44718
0.368085
0.00313771
0.00576338
2.72351
0.00740098
5.17443
0.00859494
0.83546
0.00368163
0.00540334
0.245127
4.85393
3.38507
0.00319888
0.00335952
0.00368445
0.0035141
0.0031932
1.74293
0.132608
1.8592
4.6461
0.0031581
2.19866
0.00322227
1.54205
1.84752
4.79637
5.31922
0.057919
1.34276
0.0801443
0.00322793
0.237565
3.57935
0.497413
0.0107507
0.0665835
0.495923
0.00325354
7.29462
0.0536387
0.00315415
0.0336104
4.97744
1.90889
1.57568
3.33209
6.94586
0.210452
2.2273
0.026954
4.80832
0.326897
0.00477933
0.00335063
1.02975
0.00379172
2.19257
1.92465
3.32785
3.96917
4.38469
0.00323549
1.99186
0.0136013
0.00380875
5.82204
5.83266
0.0258384
5.32836
7.09471
5.09324
0.00375938
0.00398943
0.00933102
0.00320934
1.22318
2.77925
0.00319721
0.00325706
0.311667
0.00341118
2.27518
0.0207297
1.88204
0.00323487
2.65749
0.0428102
1.88825
0.00321561
0.00707465
6.81811
1.22407
4.50974
2.45896
1.91509
0.027221
6.35921
6.30997
0.0032406
0.00536145
0.0032188
7.24262
0.0704638
0.220787
0.0101837
7.81659
0.360371
0.00612815
0.0103176
0.623719
0.00322521
0.805784
0.00406177
6.12599
3.90946
0.00388126
2.59099
0.00317249
3.75157
0.0374661
6.94318
2.34833
0.0252334
7.55631
6.88405
0.00320991
4.14176
6.00017
0.0047534
0.0177396
4.73166
2.08655
5.51912
0.0861357
5.23925
1.52025
5.05811
6.10164
0.764328
0.00320774
0.960472
0.00434807
0.240243
3.59469
4.15672
4.0848
3.14948
6.68732
3.74628
0.0039697
0.511277
0.0316785
0.00581756
1.34511
0.0227192
2.32268
0.00328554
7.65964
0.0507731
4.97566
7.13758
2.05764
5.61601
1.98289
0.0035618
2.26473
2.88953
5.30906
5.6375
0.00723347
0.597201
0.00450897
4.17687
0.211672
1.85035
0.00321003
2.42414
3.47184
3.31679
0.00377378
0.00420881
0.00347157
0.0668562
0.0803345
2.43838
4.57378
0.11866
4.84288
0.0830852
3.5961
0.00319997
0.0371763
0.258015
7.57673
4.27967
7.2438
0.499471
0.221462
0.00321471
3.53156
0.654017
2.31618
7.62346
1.85925
7.61746
3.91152
0.00319951
0.671807
0.0038006
0.0110611
0.0576003
0.00693751
0.00350008
0.214013
0.00773008
4.5216
1.69347
0.887752
0.00900663
1.86321
5.25758
0.00414376
0.00568755
6.74984
0.0530421
0.00322201
2.04606
6.58463
1.85649
0.549318
0.00676051
0.201603
6.99059
0.0207627
3.25153
1.92872
1.6049
4.03459
2.81063
0.00318344
0.135535
4.78168
0.199132
0.306757
0.005458
0.797024
0.0385392
1.02525
0.00325457
0.00335409
0.764306
0.0691045
6.42213
0.00912303
5.68611
2.63536
0.20639
6.76204
0.00867478
1.97162
6.96652
5.95112
0.00316678
2.67308
0.00353339
0.00322954
0.00653784
0.0031655
1.86426
0.00335681
4.70389
0.00526401
2.59044
0.459886
0.00326777
0.466018
0.00317227
2.43019
0.00317043
0.197157
4.244
1.96828
0.00320738
7.72571
1.03896
3.15736
5.70785
1.25086
2.91385
0.00627875
3.96703
0.116227
1.55504
5.65264
1.87013
0.00366996
0.00364997
0.00457634
3.01123
0.548615
0.151421
0.00346009
0.00401384
0.00325683
4.36821
0.152265
0.00324343
3.52386
0.00320059
3.84282
4.46183
0.569813
0.00321756
3.28092
4.93853
5.42486
2.31773
3.42234
0.00320756
3.7632
1.32701
5.3174
0.00465136
0.417681
1.47832
1.54718
0.0247096
6.28956
0.855918
5.82894
5.01414
2.03572
0.719233
0.00341771
0.00313913
0.154416
0.192561
5.07794
0.345714
5.19506
1.88341
0.00384611
0.063339
0.00352603
4.005
7.65515
0.274009
0.0031999
0.00321069
5.66532
2.40468
2.9578
5.92538
0.00322851
7.15217
0.00543771
0.00396893
6.87895
3.63584
0.00321005
1.87874
4.46022
3.35266
0.00689235
0.00523621
0.548934
0.00313546
3.88894
2.67099
2.76455
0.00322359
0.00322127
2.51838
1.0928
7.08025
0.00322473
1.14262
6.53094
0.0373362
0.00644452
2.35313
2.40683
7.4885
6.05751
1.72203
0.316782
4.40959
0.0042326
5.88643
4.43202
1.24113
0.0434878
2.89001
0.00954873
0.00319467
6.42748
0.470009
0.00318932
4.32369
2.71185
0.00318517
0.138825
5.6486
0.0107448
2.17205
0.00326271
0.00367748
2.58533
0.014103
0.448828
0.16546
0.00316271
5.52974
1.575
1.30382
1.3759
2.42466
0.664166
1.7786
1.49677
0.00323817
0.00333045
1.39769
1.6658
0.23964
2.80393
4.27658
1.63568
0.0090902
0.00399635
0.003418
0.00326987
2.71073
0.647239
7.66055
2.49202
7.41015
0.379486
3.20585
0.837322
0.00336336
0.00404399
2.18094
1.09828
2.17268
2.45974
4.95885
0.0207906
0.00323498
3.04272
1.32953
1.2436
0.00894276
6.12685
4.47171
2.73681
0.0152697
0.00333233
0.00617134
2.59772
7.74356
0.00739501
7.67876
0.0245231
4.15303
0.205039
0.00681289
0.0032455
0.0559178
2.6292
0.0195186
0.888189
0.0499226
2.05684
0.00317895
2.43973
0.238504
0.00321742
0.00322005
3.48445
5.58133
1.51057
7.72058
1.77771
2.78201
1.65052
0.00399436
0.780164
0.00324827
0.00318158
0.00620061
3.20805
2.17837
6.64664
0.0485668
4.44246
1.59836
2.69171
2.16002
3.59583
0.00460188
2.05588
7.1243
2.49218
0.00660183
6.4361
0.00497895
0.0420126
1.14527
5.76688
4.34139
4.23245
0.0103695
3.29986
0.00402343
5.08053
2.93722
4.20209
0.00316294
2.66006
4.13375
0.0206364
1.77363
2.43791
7.51779
0.91549
0.00358572
6.99449
0.977811
0.0033855
0.0032058
7.68437
0.300235
3.06575
0.00329162
0.0631741
7.12656
7.68469
2.16001
0.00372087
4.56077
4.84209
3.25559
0.00321441
0.118994
0.644463
7.25946
7.15949
2.17303
3.40801
0.00351329
0.928933
0.910718
1.91363
0.00333103
0.0604976
3.46256
0.00319123
3.42254
4.53999
3.50234
0.00315448
0.00315627
1.35547
1.90051
7.26855
1.92485
1.04741
0.0031997
0.00468507
0.00530394
6.40682
2.52563
1.51344
0.919679
7.66941
2.39428
5.12705
7.54516
0.00319959
0.174687
2.78216
2.07587
6.18636
1.35608
3.56945
7.17307
5.25545
2.54173
0.00322184
6.87552
4.94149
2.60162
7.02224
4.22364
2.34891
0.00387895
1.17303
7.65512
3.09628
7.28673
3.46164
4.96905
5.53112
1.84185
4.18535
3.49497
5.38393
6.49248
3.45606
0.00321468
4.09589
0.0721125
0.195907
0.00339046
7.56739
4.80567
0.0036642
0.476982
2.60277
3.17147
0.0124324
0.0032375
7.33361
2.9077
0.00328984
4.13274
0.0031758
0.84453
0.159499
7.47217
2.25782
2.67115
0.00321227
7.48346
2.35602
0.00471049
0.0031942
1.83713
1.75348
1.63259
0.634425
2.4948
2.46929
4.55882
0.285581
0.104231
0.0032196
0.00331359
3.73553
1.8665
2.40771
2.00993
0.269173
0.00323456
0.00318722
6.96416
1.49821
0.575583
0.00470195
0.00342921
7.65604
1.85494
4.43235
0.00316696
2.39669
0.536124
4.78789
3.2823
2.77552
0.00594378
0.00391685
0.00379475
0.00334506
5.61649
0.00321796
1.74277
2.93575
0.893882
0.0477625
1.33806
0.0058222
1.23356
1.01279
0.0166924
0.00398726
1.77182
1.38658
0.00324064
4.29148
0.0060711
3.13852
0.245225
0.00372991
6.82203
0.00545666
2.01137
0.0031675
0.00391005
6.44061
2.45983
0.497945
0.0375928
0.00322722
0.775147
0.00317557
2.82844
0.00400541
0.00657106
0.00320124
0.0349262
4.34051
4.74799
1.82617
4.65073
7.76584
1.10941
0.511062
6.65819
0.00566367
4.83065
1.04503
0.00585076
0.0350045
0.00398928
1.97424
1.92813
2.65294
0.289019
0.0393612
0.673261
0.00388169
6.4688
3.52121
4.88362
1.86761
0.0031936
0.910831
0.0899114
3.43937
3.30479
1.43661
2.15193
0.00320944
7.46558
0.492223
6.44349
2.50651
4.36001
5.24212
0.0777508
0.28941
0.900416
0.224964
0.00459469
7.66428
0.0478918
0.00856141
7.20997
0.826014
3.80793
6.86577
4.81068
4.45626
2.98302
0.813948
0.00320156
0.0105092
0.00315049
2.94384
6.24864
1.97966
0.027971
0.0191574
0.00322158
3.67814
1.87099
0.14194
0.00321681
2.05517
0.00350742
0.00753126
3.15007
6.93252
1.43932
0.178335
7.04016
0.00386739
7.52669
1.9165
1.91715
0.00322655
1.25605
1.35047
6.11007
2.46845
7.02052
4.3284
6.10047
0.0147647
0.0397965
2.46015
1.7599
0.00324007
3.49206
0.00321168
0.00358481
7.51051
0.00330615
3.13152
3.80139
0.00348083
0.00404956
1.85392
2.92921
4.98019
6.78791
0.00433079
0.00316624
0.00319521
3.32257
7.58965
0.214194
0.00334626
0.00779296
3.25619
1.15313
1.18426
0.00325191
2.41671
1.96594
1.59695
7.01296
4.35691
3.08399
0.00323404
0.603613
0.00378823
1.42481
7.69337
0.00342912
0.00967497
0.237021
0.00380983
0.00757291
0.0475566
2.16109
5.04504
0.00376266
3.01651
6.1977
0.00975132
1.17774
0.164455
2.60295
0.194043
2.47825
0.0032411
6.2122
0.00399282
0.507104
4.26159
0.00399981
0.00347273
0.0233157
0.0456686
2.13406
2.2613
3.81315
3.45429
0.0978895
0.00322823
5.50246
3.12907
5.98026
3.92744
0.00472094
0.00334918
1.49918
1.83065
0.506302
1.43285
1.98295
1.64721
2.12564
5.24256
0.0541952
0.449797
1.86289
0.0094757
0.0268881
1.10408
0.00332025
4.86528
0.00415564
0.884576
2.13988
0.0719524
0.00370768
0.00371583
5.1242
0.660738
3.28668
0.00321233
0.00463093
2.98994
2.12255
0.00671738
0.0224594
4.77595
1.9684
7.72463
1.56566
0.020882
6.04286
0.00322329
0.0035932
0.00346057
4.63346
0.00323456
0.00323188
0.00319447
2.14881
0.202541
0.00323816
2.10517
0.00320812
3.11983
0.00403572
3.22987
0.00317439
0.0335123
3.93468
0.462635
6.82792
1.76134
1.42197
0.00319742
4.97035
1.44137
0.868301
5.36726
0.00331865
5.967
0.00320359
0.0145645
0.0289751
0.0279966
0.607236
4.44526
0.00320821
0.170943
0.116163
3.87276
0.00322082
0.123744
0.00319194
0.024078
4.08423
1.72813
0.0643428
4.07913
0.0838372
0.00324824
7.04048
0.0876052
2.23023
5.32561
0.0302994
6.06022
2.51849
1.18111
3.2144
1.75886
0.00316389
0.00324218
2.43183
0.00321829
3.50207
2.85414
0.0036865
3.2533
0.00322397
1.8188
0.0173782
0.00314705
0.00331254
2.00985
0.23021
0.00335411
0.00791853
6.49719
7.54384
0.00321125
0.817346
6.28674
0.00325289
0.00510432
0.0034994
3.58563
3.21657
0.00332993
3.47621
0.00324769
2.69883
1.26912
0.591815
0.0032164
4.18608
1.66878
3.26669
0.00719508
0.00321263
1.90035
0.0588937
0.400074
0.00322082
0.0710181
0.00324883
0.122894
2.50428
0.0463766
2.70903
0.00321049
2.94479
1.51629
4.48106
6.22886
0.00313463
0.971751
5.3928
3.34322
0.0419664
0.0158074
0.176271
1.02001
0.00319029
0.0695702
3.95646
4.87253
0.0269352
4.79575
0.0145465
0.00383515
4.73857
2.69757
1.34567
5.28418
0.00324452
2.32912
0.073709
0.181083
4.96438
0.00347653
1.95831
0.183876
6.22753
0.00321526
6.67692
0.00326906
3.07072
0.00842126
0.705367
6.20757
0.00511767
0.686899
0.00321259
0.00341046
1.67221
0.534874
2.91464
0.00361953
0.00319915
0.00320258
7.73703
5.03493
0.00320109
0.00320567
0.00323641
6.94804
3.17239
1.50539
7.57342
1.94973
6.76058
6.65737
0.730135
4.93903
0.00316398
3.11688
2.38563
3.03939
0.0034902
1.96469
2.27879
6.78542
5.42258
5.70996
0.299496
1.69141
0.318498
3.77824
0.00360235
0.0048201
7.59943
0.00315277
0.00319218
7.72392
0.00648908
3.10255
0.00322752
0.00582544
5.20665
1.96193
0.00462463
3.22229
0.00319723
0.942137
4.77061
1.36029
7.50815
1.92675
2.11385
0.379336
0.629958
0.257112
0.00316211
7.75361
0.0034919
0.0034661
0.00321769
2.16475
7.71333
0.00329636
2.39684
1.98751
0.00458863
0.0265296
0.00368795
6.31209
7.56127
0.0080095
0.134856
0.18333
0.00466504
1.41358
1.50191
0.694194
0.00329846
0.0036241
0.851526
0.00798724
0.00324845
0.381451
6.99117
1.31506
0.0168926
4.96294
0.0551321
0.00567544
0.00320742
0.022231
0.320434
3.60735
7.82611
3.55734
2.84425
5.27186
0.00342924
0.00458447
0.00320337
0.112134
0.0138978
2.32706
6.9997
0.00327139
1.44999
4.91961
3.21329
0.0648703
2.07919
0.0049376
0.00320338
2.64998
0.00352657
0.00409828
3.54095
0.24677
0.00491114
0.0110357
0.00448232
1.80412
0.0096862
0.187988
1.5311
4.41008
0.0731658
2.71046
1.1431
0.0829679
0.00316826
0.0031708
0.00363377
1.85468
0.0038369
6.62241
0.0122231
2.46625
1.82656
0.00313259
1.69364
5.89908
1.54843
1.4306
0.56271
1.41121
1.03192
6.81665
0.00398543
1.50787
0.493956
5.12603
1.30244
0.364011
0.0822015
1.83087
3.91206
7.73415
7.55219
0.00322813
2.45717
3.12052
6.08657
0.00314023
2.88166
7.7544
6.66471
4.70345
1.86387
2.97871
0.00458874
0.718641
0.0032595
2.162
0.00325039
3.55888
6.87687
0.00721958
5.24717
3.3431
4.45245
0.00320877
0.346332
2.16443
2.26348
1.80095
6.49537
6.47872
0.680991
0.00336552
0.754255
0.0046853
0.0031794
0.431339
0.00604181
0.00430042
0.149342
6.84028
1.69466
0.0032671
0.0697762
1.96129
3.21747
0.0033261
0.00324132
2.33662
0.242802
0.00320415
0.00448508
1.12895
7.60409
0.386445
0.0339434
0.118768
0.00323645
7.42377
0.20449
7.16862
0.00334691
0.00328995
0.00362952
2.05602
6.25981
3.55539
2.08773
0.0282917
7.68065
5.40282
0.0266069
0.00325974
0.617333
5.6472
1.41262
6.88772
5.39926
0.00352051
2.3306
0.798164
1.8122
2.536
1.88558
0.00444122
5.50437
0.00324471
1.89784
0.00315455
0.100404
6.89545
0.00320982
0.183952
6.93153
0.00337786
3.0017
2.12655
2.49407
0.118221
2.03719
2.09597
0.00391145
1.99555
0.00321453
3.53752
0.00322852
7.52401
0.936019
0.718551
1.59831
0.00320952
5.53727
0.12492
6.91362
0.00594469
0.357966
1.00266
5.87877
7.33702
0.00324007
0.0478564
4.66158
0.190532
0.00440478
2.47279
0.117681
1.60976
0.00376599
5.64186
1.03391
0.0350228
1.64502
4.56867
3.4206
0.782978
0.160806
2.18003
0.499902
0.0244179
0.00326971
0.0683177
1.35008
0.0823072
0.00320723
3.41517
7.28063
0.718728
0.0211542
0.00320774
1.69194
1.95602
2.00235
0.0250344
0.20075
6.967
0.0171511
0.208719
1.9433
4.31309
4.53479
7.05621
0.00320064
2.9922
0.0035945
6.00054
1.97398
7.5277
2.4759
1.5763
0.00657118
0.00330091
3.83435
2.04233
3.22563
0.00564226
0.00322918
0.0912145
7.4098
0.00321717
1.09455
0.766286
0.0284719
0.00329985
7.73257
1.93832
6.8349
0.234841
7.67124
1.89548
3.1576
0.00331071
0.18683
2.67605
2.32627
0.204002
0.050609
1.81108
0.00321665
3.40276
2.17947
0.00737326
0.00435315
4.30237
3.35664
2.08511
2.20665
3.67542
7.56806
0.0373792
5.699
7.26798
0.4315
0.0348424
4.1536
0.00617208
4.73353
3.90119
0.49657
0.00979358
0.00335876
7.81865
4.45703
6.50397
0.00321679
2.29979
5.43367
1.03963
2.21641
0.00330521
0.0035263
6.09479
2.82806
0.00384888
0.00788639
1.84511
4.3969
6.45812
5.02576
3.11358
0.0032114
2.11757
0.196796
7.59673
3.3399
1.87363
0.552618
7.73881
0.00390198
0.0035288
4.25471
0.261999
0.00341068
0.198316
5.29503
0.507729
3.80526
0.00913135
0.00382102
3.20924
1.86581
3.42352
0.0084977
6.54825
0.0031875
2.43517
0.00357032
0.020102
7.39595
0.00329128
0.00832695
2.66587
0.00334493
0.00335609
0.00314388
0.00319359
3.77096
7.71128
0.00416931
0.870461
1.25409
0.210444
2.18092
0.00410498
0.00336667
0.00584676
4.20497
4.90583
2.11239
0.00809559
0.0140567
0.00513528
6.48846
0.204484
1.75966
0.637636
0.00342775
7.428
1.87917
0.00440641
3.73899
2.64169
0.00320062
0.866543
0.0268586
0.00323669
7.65886
0.0963748
0.141703
0.892552
0.00334663
0.00575927
4.25767
2.87315
0.00339727
0.00324444
7.10651
0.00353502
0.00324705
0.00316571
0.00329592
1.95731
0.388798
1.92831
0.345228
5.80241
1.7154
3.03483
6.08724
0.0826844
2.7354
0.179885
3.80128
2.24181
3.37853
1.98434
0.678184
2.15913
0.00319248
0.00381604
0.105204
0.003284
0.199173
0.208944
0.00322524
3.97311
0.038135
0.473683
7.29838
4.83919
0.00326854
0.036754
3.39283
0.0415624
0.0175253
0.00323292
3.29
0.319455
2.18417
2.78528
0.0533962
2.97916
0.0238385
1.83561
4.26783
0.0032301
0.199578
2.99154
0.0444721
2.23344
2.03294
7.49829
3.6534
6.06322
0.00322374
0.00324521
0.00320519
6.34954
1.29372
0.895935
0.00320793
0.00435437
3.33367
0.092552
0.00365242
5.42192
3.84497
0.00461297
0.0741384
5.05376
0.00334033
0.0479501
0.00320768
3.30837
0.00562383
0.0032034
4.12163
2.09781
0.00321623
0.914624
0.131553
0.00318317
0.14059
0.603526
0.00363178
0.0228903
3.7335
0.0611259
0.00322337
0.00325143
1.32454
0.00400916
6.80406
0.00441231
6.22243
0.00315975
6.09069
2.22107
0.0697453
3.32201
4.52754
7.02496
3.25523
4.52352
0.457926
0.00319547
0.0032218
0.00318962
0.657386
3.75463
7.63476
0.00314055
0.00717312
0.242858
0.00326119
4.63143
0.388441
0.00343254
7.77625
1.17776
0.99482
1.8698
0.86423
0.8863
0.224486
4.31133
3.5126
0.834543
0.00332798
0.00322146
0.104114
0.00321431
2.26747
5.90056
5.30726
6.99619
0.0031777
4.41823
0.00398634
7.53037
7.14435
1.40927
3.91417
0.0321499
0.805521
0.186929
1.54331
0.856868
0.617646
5.56133
4.09986
5.85538
0.00559335
7.12791
0.0651036
0.00389165
0.0142581
0.00832372
0.0976641
0.564542
5.40006
4.06646
1.48454
0.00440155
4.39475
7.28483
7.50628
0.00397256
0.006776
0.00328489
5.66347
2.41408
0.327459
3.8631
0.0967686
1.3362
6.09455
0.813547
4.28406
0.00452352
0.00420414
6.31922
0.0031728
6.75178
4.64787
1.53058
3.96025
2.58423
2.42657
5.37083
3.66842
7.61604
0.00455966
0.00320944
0.00315959
0.0102577
4.77626
0.610751
1.5708
5.58629
0.0453339
0.00319308
0.00329112
0.00346426
0.0042531
5.99654
0.00338598
0.0486454
5.216
0.00316453
0.171272
1.93878
1.3151
4.48305
6.10555
4.56152
4.61938
0.73032
7.48004
2.13458
4.47571
7.52336
3.22562
4.83124
0.567076
3.58098
3.26506
0.00325713
0.00323029
5.79178
1.84854
2.02008
0.055967
0.00323925
0.00323913
1.79321
2.48421
0.0353709
0.0774986
0.110421
0.00356614
0.0241131
0.00324932
0.0032126
3.54449
3.72815
5.68565
0.00339019
0.00409402
0.00338971
3.76813
5.7905
0.00328624
0.0392037
6.88813
0.00321212
0.00320241
0.122789
0.958609
0.307612
2.72648
0.00321673
0.132318
0.00317269
0.00794818
0.0928764
0.602303
0.00324274
0.043801
0.00388528
0.1912
0.00323382
0.00315587
0.0493694
2.62643
5.96286
1.37911
3.35032
3.92178
2.98053
1.60614
1.34854
6.70759
0.889278
0.00440581
0.00437365
6.00849
2.21576
0.489127
0.00982187
0.0330213
7.1181
0.40173
3.70923
0.00322478
0.959755
0.0254655
0.00350697
5.60884
0.00487071
0.607519
6.77195
3.87254
2.64246
1.70983
7.53747
2.54349
3.18859
2.64256
4.96885
1.82761
0.600824
0.00394469
0.00742694
4.75894
0.589673
0.0587032
1.56575
0.0031676
6.55248
0.00324535
6.53475
0.735263
6.5071
3.12038
0.00319963
5.43812
0.95672
2.06968
0.00389845
2.79377
0.082553
3.1861
0.00318614
0.00326727
6.60053
0.0832124
2.14622
3.6603
2.48805
0.918738
0.00540588
0.00314278
1.93955
0.376873
1.14344
0.00322493
3.36007
0.00492115
0.0100928
0.00382949
3.69024
4.02255
0.0118826
2.16253
0.0538511
0.475246
7.37143
0.218461
0.00574675
1.09059
6.78346
1.45893
0.00323691
6.54885
5.28539
2.60428
0.00326976
0.529176
0.00371645
1.26215
1.75231
0.0229291
0.00379176
0.297029
7.2337
0.381183
0.543027
0.0332895
5.11703
0.00355211
7.16424
4.23455
2.43996
6.3614
0.553531
2.20603
4.04532
2.13248
0.00417663
0.0033702
0.00431568
2.0662
0.00392303
0.00326545
5.4351
0.00324663
0.00331794
3.9313
5.80181
2.8894
7.68976
3.62325
0.00456662
2.08318
6.12277
0.00319425
2.78685
0.476734
0.00503017
0.112868
2.91976
4.56792
4.04489
1.90079
0.00316935
2.36826
5.05108
1.92917
5.77396
6.34708
1.13268
1.89574
2.26924
0.0033424
4.82908
1.86038
1.83127
3.54603
0.00770298
6.90555
2.46039
0.114623
0.00415876
7.44404
3.9957
3.97783
0.0396452
0.0035352
6.86749
3.62429
0.771108
3.16566
4.97683
6.53511
1.94689
0.00588377
4.56343
2.18198
0.44431
0.00386852
0.00321799
7.46178
1.01462
1.76854
7.20114
0.0050123
3.85464
7.675
4.42647
0.00318621
0.00322669
0.621366
4.83844
0.317509
1.93668
1.7484
0.00493705
0.00337237
0.850033
7.2017
3.34101
5.53329
3.46767
1.44986
0.0031681
0.449964
6.52827
0.237037
2.80663
0.00320465
0.00323428
0.00348544
4.89418
7.35275
7.47231
1.67043
7.64352
0.0127477
4.72879
1.28524
3.92521
1.79999
0.0714049
4.44789
0.00318924
5.95802
5.99526
2.15722
0.0137865
0.00433442
6.75591
0.0392679
0.294447
0.0031925
7.81348
0.0032143
5.65573
1.78898
0.519878
0.48866
0.0622068
0.275075
0.0032227
0.00399237
0.0572771
0.00332439
3.09133
0.00324705
1.93184
4.34756
4.82386
4.07058
0.00331057
4.82991
0.0330818
0.192662
0.00813291
4.21181
0.102884
5.38452
2.53969
0.00316134
2.89361
0.00324529
0.923097
0.0406676
7.78747
3.04921
1.36268
3.64772
6.98352
0.324024
6.84296
0.893769
0.00447165
0.00321745
7.08239
2.14915
1.50697
3.49545
5.12926
7.33505
4.34511
0.00317535
2.26273
5.38173
0.117701
0.00584809
4.58724
7.28525
3.66413
5.88431
7.57531
4.07131
0.366355
0.00404093
0.00322461
1.92847
0.0798318
5.9274
0.0392512
2.88645
2.04285
0.00320642
0.00362393
1.31949
3.42829
7.07717
0.00371505
0.0766811
7.66012
0.00323197
0.919771
3.21967
0.0672824
7.66416
5.26884
0.00320811
2.16532
7.62783
0.00320148
0.0194775
0.149065
0.00405019
0.17166
0.00347727
0.00317288
0.0817298
4.6596
4.43922
3.11283
0.823272
3.14548
0.0668454
0.00391502
2.11652
7.62003
7.05281
0.0101991
0.0490342
4.23551
6.15055
0.00324322
4.25071
3.93772
0.00396954
7.69157
0.065493
7.152
1.0331
0.00346429
0.216326
3.10759
0.00400096
0.00323688
0.00319872
7.58375
0.129335
0.00315557
1.34674
1.05409
2.28601
4.28984
4.31142
2.55603
0.703216
0.0711419
7.68283
5.87215
0.00322687
5.37236
0.0488702
1.59466
5.36179
1.2088
0.906947
7.70564
0.00418006
0.175382
0.627342
0.148787
6.43403
0.0034125
2.64646
5.03075
0.00319723
0.00319573
1.946
0.547079
0.0559084
0.00324814
5.2271
0.00319167
0.00343249
5.42828
0.0118104
3.4198
4.14799
4.098
4.68031
1.05833
0.0120052
0.00319179
0.0065066
0.00319683
1.81435
1.46533
2.15661
2.70665
0.00348118
5.74945
6.29954
0.00445493
6.64177
4.86174
1.18247
0.00333875
7.31268
4.18689
0.00443138
1.67002
5.68787
0.234277
3.93216
0.399836
0.00322182
7.43424
0.00321956
0.333385
0.00321104
5.14352
7.39226
0.277263
0.0034409
2.67764
0.00370035
0.00654396
0.00324038
0.324309
2.81257
1.25975
5.72848
0.264987
1.76912
0.00326834
0.00319331
0.00772244
0.00965465
0.00359834
4.47204
0.00315537
2.64474
4.41652
0.00322622
1.93279
0.118615
3.13248
4.46294
0.00331055
0.00321572
5.33786
0.00321428
0.0331578
1.92748
5.12095
3.98682
0.00749641
2.67538
0.12701
0.00331691
1.95473
1.1198
1.74454
2.45731
0.894238
0.0176056
0.687156
1.14353
7.51331
2.87698
0.00325261
0.0109857
0.780744
2.13368
5.91002
4.06843
0.197891
7.74667
3.0242
0.0370991
3.23847
4.2355
5.43
6.92268
0.00318498
1.93089
0.00389424
0.0138832
1.78801
0.00318968
0.180449
0.00601804
2.7666
6.41415
0.0229736
2.06379
0.0032502
5.32241
0.00320649
0.00440978
0.886336
0.92047
0.00315414
2.27357
0.00449801
0.00323118
0.0423224
0.0031777
0.00321094
1.32684
4.02128
0.923664
3.46957
5.09257
7.3002
0.00318227
3.02908
0.00323042
0.0239718
2.57446
3.53338
4.63611
0.17411
0.707966
1.01932
5.21452
0.0733468
5.01082
7.37714
5.03056
0.00328477
0.00344693
1.15949
6.29753
5.76755
0.00614401
3.24489
0.0112103
0.0282027
0.00319149
5.90398
0.426195
0.00322701
1.81898
0.00320314
0.0965157
0.0035051
0.0041995
0.00410996
4.83252
2.64158
4.44646
1.59789
2.60875
4.69262
7.25837
0.271738
3.94488
1.90221
0.537346
0.0731311
0.00332289
1.91068
2.32515
2.87316
2.18383
0.00322446
7.5808
0.881359
0.537257
2.5986
0.981359
1.40137
0.00319969
0.300916
6.62113
7.42333
0.00328529
2.64551
6.0237
0.0188351
0.00339423
7.55051
6.58903
6.37641
0.00321277
0.304582
0.0179738
0.00319565
3.55936
7.40924
6.81166
0.206026
1.80804
0.980066
1.59206
1.13694
5.39574
0.0459331
2.43166
3.96543
2.24776
0.0065405
0.0148697
0.12598
3.10851
7.02783
3.78827
1.545
1.23238
3.46157
0.00464576
0.0089428
0.00316834
0.0032911
7.54865
0.00335512
2.37646
0.00331254
0.00384252
1.82097
0.417041
4.00257
6.95972
3.09771
0.143682
0.00323441
1.7017
1.23173
0.00318042
1.03407
3.40114
0.733831
1.84653
1.43481
3.26497
2.35064
0.00320715
7.46474
0.00411559
1.38841
0.277167
6.19989
0.00325067
3.96989
6.36059
0.205472
0.925061
4.36842
4.36291
0.00382898
0.0260806
6.73823
0.00341025
2.79682
0.00446892
0.00384276
1.75466
0.95231
0.0880553
2.85619
0.258524
0.874116
3.72375
4.02659
0.00316133
5.44968
4.3158
0.00319772
0.657205
4.26753
1.97762
5.09111
0.00844461
1.87645
1.90465
5.29825
0.0183121
0.00318241
0.0079561
0.102976
0.186469
0.00323811
0.00323227
0.00589787
0.269034
0.0214356
0.0091607
1.83607
4.23674
0.00322764
5.02927
1.98418
0.519645
4.05729
2.38246
6.72739
0.003188
2.16095
0.00812787
6.63258
1.7628
2.5667
1.19033
0.00685157
2.91785
2.4415
4.01912
7.61984
6.30738
0.147954
3.33534
0.00436289
0.00321902
0.00439523
1.28353
0.00348659
2.38035
0.0161179
0.427306
0.00322727
2.0113
5.69807
7.65421
5.61875
6.99398
0.00394269
1.68567
3.3622
0.833216
4.90998
0.00350569
7.05856
0.00429282
0.00395525
4.5338
0.00829192
3.64351
0.0056789
3.28552
0.00327111
0.00321677
2.10525
0.00426007
0.00318697
4.28197
4.26257
0.0205205
3.14953
1.84861
0.00525415
0.00370362
6.87113
0.52312
0.00321324
1.43425
0.00881576
3.09722
0.00564366
0.344015
4.90951
5.46326
0.0036456
6.38944
0.00681167
0.00320824
0.00679334
6.86872
6.58015
1.79061
0.00355234
7.05448
1.77471
0.00321173
0.00348858
2.3921
7.4667
6.41839
2.12016
0.00329184
0.00330881
3.44843
0.00424974
0.00343575
0.00321279
2.89068
0.003922
0.244523
4.58095
3.30038
2.33887
4.5601
2.50102
0.00342165
0.256861
3.65731
0.00324346
0.47064
1.33829
3.64931
6.67894
0.00320877
5.49381
0.490019
0.00320694
0.00342492
3.32314
7.67756
2.4351
0.00321923
6.27776
0.030319
5.31254
2.69298
0.0206042
3.47053
0.00323975
4.67114
6.14752
0.0032843
2.06062
6.51779
6.7841
0.114444
1.52916
7.65517
0.00967441
0.00397406
6.64524
0.00326457
2.54278
0.00499808
0.0173802
0.00514901
0.719361
1.49594
1.9179
0.00469255
4.36334
1.22081
1.4793
0.00320453
2.02712
0.888163
1.92668
0.287922
0.00324038
2.95356
2.30801
1.97489
1.53852
6.44108
2.83249
0.00446994
7.62707
1.78414
7.06707
5.50483
1.79688
5.50076
0.954992
5.30028
4.74156
0.847765
2.90811
0.013203
0.00323747
1.53857
0.228055
0.00334096
2.82759
1.83631
0.00353273
6.80878
1.4129
0.00330902
4.70552
0.00314129
0.0405002
2.27612
0.00367661
0.00329189
6.07875
2.98983
2.29948
1.2552
5.51984
4.64067
2.89555
1.91549
4.76864
1.27987
6.67176
0.0434725
6.72229
6.67144
7.40531
4.95498
0.00391585
2.15363
4.32003
0.00428027
1.95897
0.313265
0.00321442
0.00413271
7.47167
5.56799
6.4968
3.77528
0.0878208
0.017118
3.00158
0.00562251
6.46454
6.18817
0.00330315
0.00442308
5.98241
0.00507672
0.003427
5.53982
0.465949
0.00662323
0.00322017
0.0272068
0.00440611
5.33869
0.00485768
0.357827
4.37505
0.0120376
1.45957
0.00322754
5.40455
1.61831
0.310558
2.30726
0.0119884
0.0785113
0.0032245
2.43673
3.01114
0.0192062
6.50069
6.58512
7.66458
0.00314944
1.1345
0.00321339
2.14449
0.00324646
0.00321543
6.42991
3.0115
1.91362
0.0619277
7.13499
0.00560373
4.26653
0.00588397
5.19184
0.829359
1.70924
1.90256
1.93122
0.00319687
0.00581986
0.00323157
0.00682321
0.010945
0.0210427
0.00319671
5.73739
4.83423
4.59524
0.00742719
0.0229028
0.733102
7.44525
0.55813
1.76367
0.00401792
2.40759
0.0032059
4.47433
0.00319699
0.00374707
1.36577
0.00322767
0.0369026
0.0033417
7.79535
0.0927928
1.94108
5.17169
6.85504
1.93033
0.0032327
0.0540344
0.338687
6.20968
1.20167
5.29488
2.48131
0.00358019
2.3874
0.701224
6.58848
0.00323172
1.67611
1.96476
2.11028
0.00685547
0.00315596
1.2879
0.00320661
0.0113227
7.4754
5.88514
0.0866721
2.65887
6.58284
2.47844
0.739231
0.84723
0.00323714
4.41285
2.48185
0.00321892
4.32894
7.29989
1.29678
0.526308
0.00642998
4.09262
7.32133
0.022341
0.00915263
3.51361
3.77023
7.64026
0.297449
0.551152
2.02023
1.96596
1.30269
4.87396
5.31866
3.67766
0.0301241
2.98853
1.90879
2.24378
0.0133007
1.93639
0.00329978
2.8079
3.19397
0.0980936
5.41864
2.12419
0.00320952
0.0032077
0.00414893
0.00319311
6.78857
1.05163
1.87134
3.61579
1.91873
3.19777
6.04472
0.113708
0.00471743
0.0249259
6.21992
1.91769
4.93225
0.0497043
0.0223603
0.406403
6.42963
0.0366735
7.24048
0.00349721
4.03299
4.42742
1.83712
2.12837
0.00320947
0.00319022
0.0256708
0.335417
0.430901
3.31491
5.50439
1.58615
0.00318097
0.00324116
4.5651
0.00324761
0.398655
7.19118
0.00316504
4.18264
4.39074
6.90421
2.04353
0.404773
6.63352
1.06965
0.0156817
4.39755
0.710958
1.73002
1.93413
4.46968
0.00435412
6.23532
0.0032324
1.3304
0.00325455
6.4793
3.34466
0.00424761
0.0790269
7.36166
0.00505357
0.00373709
1.94224
3.06974
0.00363515
2.9942
2.13088
3.98064
0.0731502
0.489379
6.44385
5.55513
2.1055
0.00411015
0.985543
0.0870377
0.326178
0.223017
2.2292
6.36412
0.137255
0.00316568
0.00324315
4.64624
3.10451
1.98382
4.8499
6.85193
2.95956
0.0155507
1.95602
1.91378
6.20252
3.40053
1.00187
3.34586
2.27565
3.49459
1.4621
0.00322428
0.00659644
0.00449792
6.67552
0.00321688
4.68177
2.78845
3.89419
4.69799
2.17618
0.00393745
4.5754
7.20209
0.0032201
1.83265
1.6069
0.00415224
1.37364
5.67427
0.00422343
0.00716094
1.29936
0.0078342
4.24574
1.95678
0.00321342
0.00884047
0.00323121
0.00588794
4.8087
1.93221
4.86773
0.00826448
6.7
2.45148
2.06193
0.00322402
2.7803
3.58858
1.34522
2.23792
2.13198
0.00322256
1.17773
0.127916
2.49121
0.802326
0.16788
0.00319166
0.00470727
0.00771118
0.00328623
0.0840407
0.00315947
0.00321317
4.64699
0.789977
1.10669
3.16793
2.41054
7.11305
1.3689
2.21008
3.15416
0.00337245
0.00324136
1.19779
2.21785
3.10077
6.70546
0.00317835
0.00999602
0.00322172
0.00317595
0.0206435
0.00464545
7.83457
5.4213
2.21251
1.99528
0.155878
0.00323819
0.646882
1.86978
4.24499
0.507687
6.07058
0.00322854
1.70311
1.86203
2.12137
0.0379556
2.48126
0.0106201
0.00315167
3.68739
0.0032463
0.00657491
5.92919
0.00333551
2.49491
6.35796
0.00325188
0.170156
1.31194
3.16627
0.618345
5.00224
2.60359
0.984922
0.238193
0.00890324
3.25943
1.62366
7.69078
3.03323
7.4347
5.49018
6.35454
5.16075
0.00322188
0.0242514
7.6173
0.00418004
2.13047
5.3556
1.34824
0.00320787
0.0125591
3.26823
7.1048
2.17011
0.00408759
3.46308
0.348437
0.0929462
0.00321105
0.0304269
6.86982
2.00004
0.00316543
0.464285
2.03007
0.0865069
2.22095
0.00361324
1.75645
0.0337222
0.00481194
0.00323128
3.75533
0.00454666
3.39167
5.44637
0.00518482
0.0031925
2.57201
2.12052
0.00701419
6.48178
0.309114
3.05039
0.00332415
0.638889
1.77964
0.00319327
0.0498285
0.779162
3.11456
0.0321194
4.70824
1.68548
1.71833
2.16112
0.226031
2.31679
0.00466216
0.151945
5.54791
3.28856
0.00339017
0.657785
0.65664
4.24518
1.77198
6.2577
0.591365
0.00317543
0.705466
0.0173985
2.157
1.1391
7.42169
0.00328329
1.96016
0.00520371
2.40415
2.84431
3.01268
0.00807729
0.00323133
7.78409
3.85105
0.00321553
1.87602
0.0576457
0.00692983
0.00323147
0.00328994
7.2813
1.11233
0.0738043
0.104381
0.127946
7.66791
0.00536972
0.00742752
0.00368633
0.00321966
0.591668
1.81483
0.15312
0.0482892
0.00321066
2.51241
1.22722
0.00337605
0.00319035
4.28207
7.80098
1.16201
7.1174
2.72121
0.00329032
0.00318991
0.00324142
0.139017
5.56593
0.00315705
1.9787
1.96515
0.134909
5.74137
0.00317055
0.297184
0.00657143
3.32249
0.527959
2.39742
0.133382
2.5001
0.013526
0.00318233
3.41902
0.00402942
4.59047
3.27486
0.0084788
3.37898
5.68857
2.42426
1.12455
0.00523885
5.58007
0.00347143
0.00320833
0.00411552
0.00315932
6.44155
7.77962
4.37493
2.24827
0.00561716
0.00318929
1.70189
4.17704
0.00432965
0.0134042
0.054889
0.489335
0.253886
6.10219
3.49049
0.00332454
3.96052
7.79036
5.55122
4.2375
2.77412
0.00314753
0.00952522
0.675085
2.65153
7.18223
2.80527
7.61519
0.00339781
2.79847
3.91054
0.710966
0.761729
3.66423
0.00324785
7.01338
4.46002
6.53548
3.97681
1.75661
2.31167
3.05892
0.136008
0.0032405
3.18352
2.49358
1.21014
4.0948
0.0403049
1.12022
2.12735
6.68842
0.0676992
0.366191
5.94098
0.00516484
0.00317742
0.0032285
4.09434
0.00598623
2.86837
2.79636
2.62435
0.917207
4.95395
0.00320103
0.131776
0.173414
0.0496097
0.621458
0.00386061
6.88317
4.34926
0.408957
0.00380534
3.57031
1.60081
4.56552
0.00319482
5.23143
3.02222
5.53083
0.00324067
0.00320081
6.84765
0.00321959
4.29632
0.657436
0.0032062
6.03681
1.97103
3.02495
7.02754
1.04758
4.66144
0.00321565
0.0038738
5.25308
2.38159
2.52442
2.93508
0.00335554
6.32483
0.00367246
0.00334606
3.34536
0.0812746
0.201657
4.34085
7.77301
5.24231
1.6236
4.37352
2.23388
0.973565
0.00657103
0.117345
0.144334
0.698194
0.0444421
4.21528
6.63442
7.63973
3.62937
2.1614
0.00324128
3.47916
0.0033546
3.05943
3.42487
6.36296
2.06773
1.183
0.0069647
0.103881
0.0487248
1.20601
6.7808
6.92172
2.20681
0.00370931
3.01837
2.11853
0.00321526
3.77905
0.00323747
7.80343
0.163625
0.0485106
2.30941
0.00351044
5.93322
2.18782
0.00329232
0.00330645
0.48353
0.00493531
2.93905
0.00323211
0.0173068
5.36467
1.67694
2.48631
4.94834
0.00327418
4.94601
6.19068
3.18095
0.680061
0.00370889
2.08278
0.00319329
0.388665
1.94061
0.00376723
6.93342
6.32806
0.00773553
1.22747
1.65632
0.0176772
4.64951
1.91042
0.00327356
7.39
0.0696792
0.0215918
0.0582344
0.00858224
5.34372
7.72319
4.57014
0.00327814
0.137712
0.0574198
2.35423
1.77352
4.57359
5.10965
0.849355
4.01906
2.08967
5.3273
0.3686
0.00318653
2.12464
0.00321901
5.17555
0.00347492
7.58841
2.22564
0.00329276
5.59672
1.2959
0.00321671
6.37447
1.41647
5.38373
1.79804
0.704584
1.88673
0.00412801
0.580996
7.66813
0.00351588
2.15439
6.55754
0.00330709
0.00331538
2.33952
0.00395037
0.00611655
1.99664
3.75773
0.00317862
1.25534
5.35034
4.83842
6.27088
4.93932
4.76997
2.81731
0.0041917
5.4998
2.945
0.0885667
5.23456
0.00435913
4.6098
0.00319094
1.03121
3.30591
0.361172
0.00676197
3.03697
0.0638163
3.45436
0.00323283
0.979972
3.00774
0.0693498
5.6095
7.29945
0.0035317
5.33485
0.00320734
1.20709
0.111098
7.81781
3.13289
1.22008
5.23388
3.08261
0.688633
7.52382
6.94637
0.00315677
1.998
2.27886
0.00322647
1.43999
7.78824
5.11509
7.24745
0.00364724
0.0257468
4.94078
1.67685
5.13192
1.06747
0.0224768
0.019963
2.01739
0.108192
0.0040174
1.33146
0.00333149
1.0511
0.00319498
3.4205
0.0632452
0.00356855
0.0038003
1.08538
0.00566512
2.27666
1.71696
7.56303
2.23831
4.68145
1.03212
0.00672633
2.77493
0.775853
2.85914
5.24906
0.0160299
0.125915
7.65613
5.2208
4.15381
0.0170191
5.04711
0.00321259
7.64102
1.2007
4.55289
0.468887
0.0196947
1.23715
5.99917
5.4789
3.17875
0.00541582
0.00360289
0.201149
1.71137
3.8255
0.00403553
4.4617
0.0169845
5.40491
1.82974
0.0445686
6.80737
2.69024
2.36472
1.64325
1.54612
7.38919
0.797957
0.155613
0.00321467
0.722187
1.89904
1.92142
0.00326315
0.10495
3.0854
7.36265
0.00326464
3.29497
7.41094
7.56928
2.65399
2.45579
0.35114
4.6357
0.229999
2.34663
1.54337
1.36928
0.00406954
2.47055
7.68549
3.64502
5.91762
7.59046
0.044559
0.170135
1.17043
1.84585
3.55346
0.350103
0.00321336
7.81269
0.0670988
0.0943926
4.96024
0.376702
0.0166846
0.0118839
3.92763
1.9594
0.00530796
1.15283
0.0264061
0.00374662
5.1877
0.00334088
4.95527
0.0055711
1.60442
0.551718
1.75642
0.00382216
7.7162
0.00851264
2.13278
4.65324
0.00323444
0.0120533
0.00511261
2.27512
0.00324038
7.44197
0.00322768
4.33842
0.003226
2.41358
0.792301
0.404195
0.0150546
5.19481
0.00320391
0.00315234
0.0190656
1.83033
5.6166
1.65908
0.0156843
0.00348986
1.90967
6.95283
0.00361976
0.0102522
0.00326858
0.00320637
0.0213268
2.31533
0.0032068
0.00360499
0.0085524
0.105288
3.86336
2.19502
0.416565
2.83161
0.208202
7.57922
0.756012
7.65867
2.19097
0.36924
0.00322096
3.69559
6.7612
3.39083
0.00678917
0.105708
0.00318515
0.00321889
2.03117
0.00341696
3.62714
0.105194
1.97016
0.0145959
2.4966
0.00324909
1.9322
0.235298
3.25597
0.00321734
2.9927
6.77817
0.0040597
2.59984
1.80575
0.0364658
0.00355348
6.46772
2.03137
0.0065352
1.81255
1.70933
1.97016
2.19702
0.776209
0.00337236
0.035347
4.15144
3.35943
1.86635
0.00319915
1.49323
6.36202
0.00365829
0.0173799
2.82426
0.00337187
7.14535
0.104368
0.00328719
3.65257
2.73018
0.00321591
2.19526
3.20302
4.31348
1.14903
3.89081
1.45651
0.00321074
3.08332
0.343158
5.50419
0.00320065
5.96621
1.50793
0.00342604
4.62058
4.69367
3.19739
0.00322479
0.272425
0.00624949
0.00317961
1.00422
4.44432
4.2323
6.51148
0.220029
0.00381685
0.0204977
0.0237372
7.45982
3.06657
0.00367338
0.126546
0.392761
3.24798
3.22533
6.73602
0.00316575
0.00327596
0.00314465
1.29762
0.00321493
3.20604
0.776208
0.362402
0.242725
0.00695915
4.02076
0.0398711
5.11975
0.00453897
0.00321701
0.0102473
0.0061146
0.615322
0.00370319
0.00341648
3.26868
0.00326851
0.00321087
3.00151
2.04269
7.48455
0.00518453
0.00318895
0.0589278
2.41839
0.0524566
1.78546
0.955468
4.77663
3.64806
0.907867
7.41761
0.0634322
0.00328075
0.0934196
0.00358884
1.84909
0.743689
0.0120353
0.0468006
1.07311
0.654465
0.0234625
0.00328771
0.878227
2.11527
0.00321228
0.45544
0.469852
2.09944
0.0800116
0.311461
0.00321029
0.00321321
0.00321163
0.392449
0.0356074
1.66124
0.577929
0.043176
7.81722
2.98843
0.531391
0.00321258
0.00321051
0.00817116
2.48182
0.0940868
4.26232
4.20103
0.00318431
0.683609
0.0035099
0.956098
0.00324195
2.0243
0.0143563
0.00320056
0.00378806
7.16357
2.14408
0.00467583
2.06204
0.284184
3.95284
4.75561
5.20214
0.00688105
3.72786
0.830692
0.00492
3.89994
0.0424812
7.22354
0.00315057
3.74909
6.56109
0.00924075
2.24723
1.47734
0.374207
6.21659
1.49656
1.60548
3.70227
2.01067
3.9887
0.224461
6.42256
4.85894
4.64518
0.437347
0.00320284
3.22162
0.575935
2.24543
0.011223
0.205587
0.0110823
0.00323326
0.250754
0.003213
1.34844
1.73783
7.07581
1.63101
1.13366
1.88308
1.39797
5.26052
3.11129
0.00323556
0.559594
0.947902
2.08971
0.905329
1.96699
1.61966
0.00322088
2.85453
2.2915
4.87497
6.65147
0.00411373
7.73419
0.00323431
5.34404
5.29862
3.8175
0.00321291
4.74632
0.00320909
2.77681
3.19845
1.50713
4.68538
1.17104
3.91376
6.49275
0.00318598
0.00393471
1.69275
7.43645
0.00964948
0.0145608
0.00431076
0.00324293
0.00356822
2.91163
3.12304
0.638714
0.00323661
0.0852054
3.93167
0.667502
0.123201
5.44898
0.862931
3.13954
0.105104
0.0773139
0.175403
5.43623
0.00319528
7.71266
0.00321007
2.84161
0.00615652
0.0908903
0.00319072
4.46271
0.00403636
0.00325288
0.00466311
0.00418397
0.00468535
0.0171944
0.00343233
0.961963
0.00849195
3.61245
0.144499
0.00380158
0.00334841
3.78139
0.00336926
3.13236
0.819081
0.00342745
7.34406
4.01251
0.00354841
0.624101
5.34522
0.0352563
0.906123
0.345169
0.222702
7.62891
2.29545
7.19862
1.9619
5.13171
2.95335
0.0153976
1.00269
7.14474
0.593279
0.595024
0.00483006
0.383316
0.521059
0.00542368
7.57391
3.82656
0.424453
0.00321742
0.00325384
0.680809
0.00428191
3.93387
0.016002
0.0150594
1.08101
0.376374
1.8456
2.68381
5.12824
1.59083
2.25405
0.0048666
0.59636
3.08782
0.00324062
5.21895
0.292529
0.00322471
2.22921
4.48196
1.908
2.05627
0.00322046
0.738562
0.974242
0.00333015
2.08415
0.00352124
2.22677
0.00370792
1.2961
2.46842
2.3265
0.325092
0.0031901
1.17257
0.0880696
3.63892
0.0375925
3.45254
1.51156
0.442039
0.664389
0.361606
2.0402
5.52366
7.53525
0.00986224
5.23472
2.22813
0.0285714
0.267588
7.44115
4.67303
0.00330546
1.08827
0.00327682
0.0170066
4.21475
7.79407
0.00363556
0.00951508
0.0032482
0.005044
0.00353652
0.00321422
0.0037623
0.854462
3.08231
2.84517
2.55865
4.60709
4.75326
0.00321697
1.96353
0.619423
3.22625
2.03483
4.55372
0.00329104
0.28882
0.00321781
7.6105
0.42055
0.0484635
0.00329186
0.00370176
0.284956
0.732882
0.541541
0.939177
0.80308
0.00351958
2.71384
0.00330698
6.56795
2.81211
0.00346149
0.0314099
2.3625
0.00318119
0.0060125
7.20803
0.0274271
4.56428
0.00382203
7.62484
0.00319845
0.00528546
0.411508
1.809
1.34712
2.77131
2.35952
0.00331709
0.345536
3.88633
3.65475
0.116748
0.00321265
0.114368
0.0032146
3.18113
5.13933
0.0874307
3.43369
1.71587
2.56524
7.10959
0.0130731
0.0672983
0.00319308
6.14124
0.00321869
0.00536194
0.0553586
1.90453
3.78196
0.131131
0.00331786
0.0033447
1.474
0.0043598
0.003198
0.00643991
6.59964
2.58086
4.60611
1.05514
0.0179699
2.01672
4.42986
0.00501406
5.85475
0.0147645
0.00317451
0.304603
1.2548
6.5868
1.81592
2.78279
0.0804519
0.00322549
0.00839901
1.66756
2.5415
2.83663
0.0040688
3.89366
1.4573
0.567597
0.0049659
0.00849357
0.0121606
0.00364633
0.00357754
0.287854
7.14064
3.18269
0.00319883
2.35284
0.0140669
0.00401213
3.47622
1.14128
0.00320235
0.0930629
7.32039
0.00500491
0.28785
0.00339239
0.00656261
0.513667
6.74572
0.805953
0.0133318
0.00424655
0.131282
0.00321434
0.00320518
0.0032938
0.860735
0.41906
0.00319592
0.00319707
0.150161
5.44447
0.00462799
2.19335
1.91404
2.01957
1.41871
0.0194746
2.49446
0.00368896
0.00340655
0.283931
0.0901168
0.0042384
7.68267
0.125713
0.0258543
1.80576
0.00354707
0.00338898
0.794517
3.48755
0.00322731
7.06429
5.03429
1.30113
0.00321628
5.95179
1.07704
2.83538
0.222203
2.48648
2.93578
5.71183
1.14127
5.74357
0.0295318
0.00322894
7.20285
5.32133
5.70636
0.228609
4.41352
2.79627
0.00351046
6.38972
2.60197
4.94523
3.98363
2.6051
0.00501299
0.00670235
7.68085
0.00319076
0.0136701
2.88266
3.54358
0.00920292
4.53934
3.71677
1.5186
1.80121
1.79158
2.0235
0.0305938
0.00359713
4.38194
0.0036672
2.06683
1.22258
1.98845
7.20333
0.00375896
0.00345272
0.00577463
7.22617
0.00317587
2.4069
0.0187055
0.00319298
4.95449
0.00318376
0.00328891
0.908476
2.62318
0.700397
2.63632
0.00323297
0.579497
0.316765
0.00900667
0.00606413
0.00321194
3.14531
0.389454
6.42193
0.00314565
0.0966612
4.52729
4.32781
0.00776274
0.00320936
0.00321126
4.50414
1.72831
0.0176031
0.258312
0.00573618
0.00327478
1.85234
5.16869
0.506566
0.47251
1.42929
0.07607
0.00785616
0.722244
1.60559
4.95783
6.47734
2.51556
0.00474019
1.47031
1.17194
3.53526
0.011138
4.22986
0.00321958
0.00324693
6.11795
0.734493
7.76423
0.00361821
7.68011
2.15865
0.0729956
0.0066496
1.97748
6.34234
3.87954
0.00317282
0.00318242
0.00347393
0.00351855
5.99766
0.087472
0.00322356
0.0867361
5.66561
1.34507
1.56716
6.47387
2.80161
3.03836
7.40095
0.00438885
0.0179567
0.00404282
4.14651
0.151058
1.63434
0.00400477
5.24206
0.0902201
0.00316959
0.00535651
0.0040891
2.20644
0.00358661
0.00320698
7.7041
2.21063
2.57568
1.94637
0.00438379
3.79087
3.36682
0.00363906
3.34531
0.00333649
0.271776
5.59175
0.0147862
5.65262
0.00317596
0.00323531
1.89293
4.98077
0.371874
2.13897
0.00969736
5.05614
2.45691
1.1872
0.00332283
0.00339556
2.35532
0.00366489
3.64725
0.152464
1.08824
0.252148
0.150218
2.2079
0.00359005
0.00367706
4.58216
0.00344537
0.935976
2.43279
0.00324119
0.00322281
0.00321545
2.6374
4.15181
0.00318738
0.0133787
0.111495
3.75978
2.00803
0.00326481
0.00361912
7.74363
3.27599
5.10784
1.00494
0.00381716
0.00383166
5.0194
0.19118
4.8315
3.81668
0.00369382
0.00436277
2.31548
0.220576
0.00435609
6.19714
0.0448484
1.73041
7.78675
7.35592
7.5682
1.8583
0.00321708
0.00326397
4.52332
3.54635
6.62107
0.278593
0.00318904
0.00414593
0.644758
0.00332884
1.31933
4.21065
0.003144
2.87699
0.00321534
0.00326704
0.0032382
6.72275
4.9103
6.25018
0.00810688
0.0034791
1.72002
0.0180786
0.480821
2.02142
4.50181
4.05604
0.0395027
0.00335033
0.00328859
0.0031972
1.33452
7.08661
0.00827079
3.87881
0.867787
0.00326854
0.15459
0.00321392
1.11538
2.10872
6.8733
0.0458144
2.28128
0.00320888
6.15608
0.00609154
0.886798
1.81623
0.00364055
5.93236
0.347959
1.96948
2.69998
0.406087
3.48094
2.06489
4.24455
0.00413433
0.423283
3.74939
0.00396235
1.06228
0.409162
5.25255
5.00276
0.00410563
2.156
0.00404304
0.373686
0.0108478
0.00317276
4.35737
0.00321494
1.41972
6.71273
0.00321146
0.00479846
3.71653
0.00316333
0.00534974
0.00320743
0.0579297
2.94839
6.24147
0.100497
0.00316484
0.0154931
1.19495
0.618185
0.194061
2.61701
4.09492
0.326708
5.02405
0.0111112
6.06236
0.417843
0.00321854
7.7948
0.0171298
1.7328
0.30453
1.22432
5.00218
0.184317
0.00876351
0.0547021
1.1149
7.34027
0.00349819
0.996392
1.20006
0.0473949
5.51374
2.8039
0.56968
1.2471
0.00331904
0.044867
0.320916
0.00354918
1.30195
0.00318935
0.0862003
5.44025
2.89474
1.06501
4.77201
0.0431043
0.0032202
1.18403
0.00314692
1.91235
1.95651
5.95907
0.00321001
3.66098
5.05214
2.73943
1.86832
0.00348555
0.277156
0.451464
2.93534
0.532306
0.0889996
4.43596
1.00665
0.00321752
1.49911
2.12477
0.00374195
3.91284
0.111579
6.1289
1.3115
0.0448591
0.198527
0.0295264
3.66018
5.21881
0.238615
0.255764
5.08587
1.75508
0.29931
6.41263
0.00333327
5.89881
2.9207
0.0844391
0.00342298
3.80532
3.44889
0.329228
6.62239
0.00332509
7.59421
3.96171
0.00323888
0.00321373
0.00608233
2.13282
2.29848
0.00317162
5.69166
5.25734
4.26627
5.06001
0.120873
0.00316603
0.0032722
0.00321464
0.191218
2.32563
0.00540925
0.00327267
0.00361039
4.01215
4.55973
0.00389854
0.018613
0.0909058
1.9923
4.55745
1.44714
0.935425
1.25231
6.4087
3.79661
0.0079167
1.85793
0.00321035
0.00334096
5.92365
7.20478
0.00370021
1.41498
0.00322075
0.00617908
6.63639
0.00348884
1.89218
0.015744
3.89447
0.00358849
0.00321176
2.95708
0.00324325
0.551177
3.90267
2.11899
0.869917
3.85174
0.0380964
0.00326979
0.00729268
7.73244
4.88877
1.35152
0.00330713
0.0146121
0.115884
0.0191577
0.525388
0.00381533
1.70126
7.66675
0.00444134
4.6979
0.00324123
4.82516
0.00324255
0.00320723
5.90449
3.83931
6.10417
0.00958579
0.00346092
0.00323283
0.0151947
2.82017
7.53383
0.00358797
0.015608
4.73491
3.45113
2.31115
0.20734
0.00319649
4.69388
7.16245
0.187563
0.225752
0.478965
0.00347245
6.37925
7.38721
0.492634
7.61872
3.38266
0.0129174
0.00355063
3.0108
0.00322105
7.43021
0.00364729
4.92598
1.45109
0.509683
4.78837
3.80299
3.57148
4.42147
5.79682
0.00314273
1.74633
1.79866
0.0163441
0.00324858
0.45735
7.27677
4.61216
4.10126
6.19429
0.00323529
0.00323378
7.70749
0.397695
3.40774
0.139303
0.717572
0.105037
0.00324956
0.0033452
0.282568
0.419829
4.27619
7.13093
1.82884
5.07237
2.36957
0.0135414
0.0108685
0.232802
0.406613
4.07813
0.0108386
0.584967
)
;

boundaryField
{
    frontAndBack
    {
        type            empty;
    }
    cylinder
    {
        type            kqRWallFunction;
        value           nonuniform List<scalar> 
244
(
2.70878
2.70589
2.70398
2.69876
2.68978
2.67658
2.6597
2.6389
2.61405
2.58511
2.55221
2.51564
2.47591
2.43365
2.38956
2.34443
2.29899
2.25395
2.2099
2.16734
2.12668
2.08821
2.05213
2.01855
1.98752
1.95902
1.93298
1.90933
1.88797
1.86884
1.85188
1.83703
1.82424
1.81342
1.80445
1.79725
1.79167
1.78768
1.78516
1.78409
1.78447
1.78623
1.78936
1.79382
1.79957
1.80658
1.81491
1.82459
1.83567
1.84818
1.86217
1.87771
1.89482
1.91349
1.93368
1.95519
1.97766
2.00051
2.02327
2.0456
2.0672
2.08784
2.10743
2.12614
2.14396
2.16095
2.17729
2.19324
2.20918
2.2246
2.23913
2.25247
2.26528
2.27763
2.2898
2.30205
2.31501
2.32906
2.34454
2.36176
2.38117
2.40241
2.42504
2.44875
2.47315
2.49793
2.52313
2.54885
2.57482
2.60098
2.62739
2.65416
2.68118
2.70846
2.73614
2.76418
2.79253
2.82132
2.85061
2.88035
2.91047
2.94108
2.97227
3.00401
3.03626
3.06915
3.10249
3.13631
3.17074
3.20583
3.24145
3.27763
3.31448
3.35208
3.39022
3.42923
3.46904
3.50994
3.55166
3.59454
3.63871
3.68426
3.73119
3.77914
3.82838
3.87888
3.93066
3.98386
4.03837
4.09431
4.15139
4.2096
4.26922
4.32959
4.3911
4.45572
4.54037
4.61111
4.68332
4.75631
4.83008
4.90479
4.98046
5.05709
5.13458
5.21285
5.29169
5.37088
5.45028
5.52972
5.60899
5.68776
5.76593
5.84319
5.91912
5.99353
6.06604
6.1361
6.20325
6.26656
6.3215
6.36162
6.38876
6.40351
6.40581
6.39496
6.36992
6.32923
6.271
6.19288
6.09214
5.96558
5.8094
5.6191
5.38965
5.11456
4.7688
4.22553
3.97548
3.84805
3.79779
3.77366
3.72198
3.62996
3.52751
3.41663
3.29882
3.17961
3.06217
2.94904
2.84353
2.7485
2.66578
2.59609
2.53936
2.49468
2.46067
2.43569
2.41805
2.40614
2.39876
2.3949
2.39377
2.39476
2.39746
2.40158
2.40696
2.41351
2.42112
2.42975
2.43935
2.44991
2.46137
2.47365
2.48669
2.50036
2.51451
2.52895
2.54349
2.5579
2.5719
2.58526
2.59773
2.60904
2.61896
2.62738
2.63422
2.63948
2.64334
2.64603
2.64786
2.64922
2.65062
2.65244
2.655
2.65849
2.6631
2.66868
2.67504
2.68183
2.6888
2.69545
2.70119
2.70562
)
;
    }
    domain_boundary
    {
        type            freestream;
        freestreamValue uniform 0.00325;
        value           nonuniform List<scalar> 
64
(
0.00320341
0.00316868
0.00318782
0.00325
0.00325
0.00791519
0.00407095
0.00315976
0.00325
0.475316
0.0499665
0.00325
0.00325
0.00325
0.00342328
0.569755
0.00312929
0.00325
0.00325
0.00325
0.00325
0.00325
0.00325
0.00325
0.398819
0.00320063
0.00325
0.00336109
0.00348902
0.00325
0.00313771
0.0031581
0.0031655
0.00325
0.0195186
0.00325
0.00316826
0.00313259
0.00325
0.00325
0.00325
0.00319425
0.0032143
0.00325
0.00325
0.00315537
0.0031777
0.00320314
0.102976
0.00325
0.00325
0.00325
0.00325
0.00325
0.00325
0.00325
0.00884047
0.00325
0.226031
0.00323133
0.00319035
0.00315932
0.00325
0.00325
)
;
    }
}


// ************************************************************************* //
