/*--------------------------------*- C++ -*----------------------------------*\
| =========                 |                                                 |
| \\      /  F ield         | OpenFOAM: The Open Source CFD Toolbox           |
|  \\    /   O peration     | Version:  2.3.1                                 |
|   \\  /    A nd           | Web:      www.OpenFOAM.org                      |
|    \\/     M anipulation  |                                                 |
\*---------------------------------------------------------------------------*/
FoamFile
{
    version     2.0;
    format      ascii;
    class       volScalarField;
    location    "1040";
    object      sigmaEq;
}
// * * * * * * * * * * * * * * * * * * * * * * * * * * * * * * * * * * * * * //

dimensions      [1 -1 -2 0 0 0 0];

internalField   nonuniform List<scalar> 
11800
(
109909
96145.3
264528
230852
91777.5
175461
107521
107559
112768
116073
107581
320249
50656.6
236982
215077
973916
92223
85587.1
145411
85797.7
190098
292971
457301
408251
791393
525185
478340
239892
532853
590089
170244
98621.7
511738
104822
105948
168755
105393
542731
98687
94175.4
496062
552048
252676
611503
178888
910582
428717
493359
106354
127680
331810
241840
104566
157247
1.03642e+06
922601
52850.8
231248
178396
180028
904592
109861
186782
156604
776350
124762
340084
248525
54309.6
483633
109224
92169.8
88420.6
924805
894412
167823
797380
116197
109232
115282
1.05764e+06
82205.8
92366.1
95681.6
86020
566651
179451
510563
460545
245421
100980
608078
104235
52464.5
103884
86389.8
11130.2
85848.6
103551
282610
67956.8
308262
576956
219656
108909
181273
104163
101168
866255
504606
561275
455057
181445
250729
114376
784351
118298
103854
738008
121700
123702
108946
108520
91865.9
101523
103592
104533
102470
85439.9
31452.3
1.05823e+06
669050
190300
564867
257214
506463
457034
172061
484135
227257
434343
392468
270067
115764
125810
161262
539260
560448
319407
207295
124535
119411
103925
140657
123972
113923
223909
296724
629174
105960
994647
129771
810149
230950
253548
280430
141881
122525
1.09419e+06
631032
210603
278258
103777
182076
183955
904143
914596
447011
403022
497895
221992
163942
133169
122867
210178
116260
191455
102215
100314
108678
136903
125149
121795
139181
405991
524812
940100
98883.3
118474
1.09675e+06
93808.8
140975
158347
107284
109374
382985
324932
293609
244541
1.05063e+06
312210
454303
1.44325e+06
1.10748e+06
1.22414e+06
198578
96050
405245
363644
328945
138881
179001
91690
84172
147301
87630.6
700665
151392
89120.9
222629
123061
106362
98389.8
294363
300287
1.43157e+06
695557
123597
130552
517734
420448
165101
221660
506318
458176
412879
107597
565551
189700
247511
234075
97685.3
101495
217957
176048
114148
1.21486e+06
142587
160255
129414
144047
319714
354918
393863
180052
140100
107326
894622
102242
77029.8
104552
196576
80453.7
249485
1.07579e+06
186032
184132
266682
198612
225310
169245
584351
491422
157118
188494
134806
154536
278880
361521
169020
604499
649431
789455
106704
186210
185307
870063
878592
467702
460809
484623
480217
100903
73842.4
148064
1.19553e+06
95785.3
100847
149050
133976
131872
416791
419076
789694
1.22863e+06
371267
109620
399555
326008
238324
193650
114346
111982
141932
234558
130224
213662
89639.6
105011
108884
107945
652117
105904
98509.4
992018
151036
348102
348193
340065
425850
410937
86105.1
85511.8
336209
430071
307421
795582
81010.6
401581
318807
201316
157274
155943
123121
163020
145127
182867
204652
225417
94688.4
103207
341315
363251
111891
116481
246779
197129
223237
110552
106507
127409
127532
447542
197811
159322
233519
476089
563787
225727
118968
116872
130828
124883
212191
247494
198045
232804
178196
209873
162833
151238
349820
163229
354819
602917
282854
213919
1.12325e+06
100874
634888
291455
219120
1.00562e+06
99666.8
657577
167400
585180
539050
515317
111429
47694.4
97959.7
1.29591e+06
1.11525e+06
445958
159737
198365
112666
117460
136414
91919.8
142145
840000
34613.7
259722
194640
942716
79473.1
109186
96303.3
108969
95620.1
102801
948941
296368
132656
307793
277630
252810
79406.3
632527
196447
260694
108121
451433
108758
871698
98542.1
120079
225926
204259
186680
455110
121179
243759
238492
124396
311691
343741
381568
178210
142317
48680.7
100916
106764
1.17021e+06
327755
259280
199280
165456
104802
107878
79532
84199.3
127404
72224.5
81188.4
99884.9
103751
201737
100871
140120
311115
329283
161645
856997
116948
202774
100002
98874.3
812359
996817
271038
301841
138119
121301
93507.2
715410
950194
852880
1.26577e+06
342529
241273
327628
84741.9
106707
103587
113957
315323
107964
106044
82224.2
100413
710278
150131
641771
467245
98507.8
121112
638427
704993
314954
350528
389484
180487
144873
286816
104706
104256
102637
112060
95014.3
119307
74007.6
110571
70362.3
105989
65209.7
105227
97173.8
106140
77668.9
818255
148978
125599
276158
459696
76083.6
104950
89600.2
84152.9
76626.6
147723
191585
105776
103801
298620
82883.3
120572
883149
60064
112693
243348
221625
235660
258115
266852
285568
130858
113692
973171
1.26966e+06
221197
72159.3
162465
203597
171408
132394
366251
332892
300117
109846
63267.5
337647
334369
152712
163439
99287.5
271791
302138
129958
467816
466918
473029
474749
903178
883793
256652
1.1485e+06
353569
98382
821609
601326
667855
327908
141272
156516
118156
768722
230053
296126
1.21107e+06
120497
127883
264881
227879
624654
298109
955776
101164
96442.9
141094
178961
402860
362728
327276
951675
101995
183209
397286
683720
98802.4
1.10785e+06
1.03894e+06
1.03724e+06
122703
164716
72474.9
1.06072e+06
263601
127239
192857
944233
100041
128333
140003
101090
264208
141671
1.28668e+06
1.0408e+06
119654
298344
378349
141709
158505
134062
126437
367327
136984
259126
200145
522477
482896
105249
650895
106381
185846
221154
927682
161348
224813
130789
123526
103146
115831
211052
483798
535040
90050
93479.7
88253.3
120084
182877
661205
84320.6
205493
354337
272749
119297
469366
528715
331474
589143
654332
258003
180239
102867
103509
178057
192399
161966
174494
118758
157672
190499
123208
100303
1.24274e+06
500185
185536
234891
241529
123207
194492
268589
614009
551971
497459
162489
188293
135901
122518
757172
610725
637877
105249
125181
144638
292026
718543
216716
51475.7
107529
1.18783e+06
1.11974e+06
126287
1.02935e+06
87843.2
101926
92298.7
353779
85433.5
139606
164390
597815
665543
739561
821391
333656
291220
245645
202245
119308
98376.5
195452
1.01253e+06
107464
107966
97282.1
101695
95094.6
99951.5
108065
790237
407064
374211
216214
413511
461465
163955
565949
139395
126595
107825
1.17107e+06
99239.4
104564
97732.8
98013
97787.5
1.06913e+06
140122
142783
612132
168709
362782
143593
1.09264e+06
429768
200233
164172
715164
224985
110491
102754
88763.3
95742
132128
153151
140955
99496.1
288044
121453
98543.3
375154
424143
97642.6
274945
383002
331123
437399
879494
791512
710001
638300
273088
328000
890954
801380
379280
720244
435521
644657
829276
110486
99806.9
109329
126095
267039
633888
109463
216169
281411
236510
310584
117897
138123
201654
281076
643370
578798
521778
247079
191884
487590
114247
134183
111049
177508
161458
144638
264654
213360
218531
167338
104383
386629
116280
162910
206788
529532
265905
309384
284729
107882
128938
109458
99673.1
103158
111237
275981
241566
100206
121624
117228
216352
703090
218510
291657
279364
109534
119756
111238
100763
131722
113452
306660
275402
248631
115305
883699
323794
149198
531478
348625
690683
1.03561e+06
127296
141796
116847
103771
94978.3
342898
292364
1.06622e+06
91003.9
116429
176954
241093
120492
109512
344358
339266
57982.8
97627.6
181757
146542
82297.4
898743
1.02903e+06
146954
98394.5
150738
188133
392591
316064
351662
1.18549e+06
103700
274001
306536
110119
286265
347791
401846
457509
921471
828609
743149
668261
285613
344596
931650
837900
396916
753240
454679
674829
962234
840964
636853
227341
259625
835000
647728
171807
97971
94039.1
643080
1.07826e+06
90249.9
200890
940695
634593
1.03711e+06
1.04836e+06
535272
542512
252542
207111
264396
167511
108751
153160
103409
111150
126000
115210
196018
1.04326e+06
265011
114494
81545.8
180627
194319
930997
186191
168837
199216
212322
580954
244767
186906
821028
201518
252808
109070
106749
195094
163208
180100
466318
267075
256250
643692
616590
253980
263162
501139
539315
199941
203302
100414
107724
112119
261736
202021
47924.5
107803
118427
331674
322007
162561
298627
234882
106669
77841.1
80097.7
301095
678275
87500.8
1.0296e+06
146706
355583
321217
116958
140415
223599
103676
100833
816552
188602
495199
446995
403655
160541
214963
104615
798001
945789
108055
102996
514028
180146
232982
402458
446762
504008
167073
219931
49665.2
412461
188165
933659
202309
548676
403626
449967
108075
100008
93682.4
111066
98529.6
96212.8
796471
222378
99328.9
117369
126139
142174
157614
175868
362268
354837
328018
319348
290063
297586
640183
109305
99731.7
103450
110588
140252
104519
103351
745546
142303
263298
198072
519883
255036
102299
108487
214893
171710
286006
237772
616728
524146
471905
425128
241074
719896
321707
786395
134405
117740
145753
150651
110096
114592
108203
763823
1.08156e+06
164540
85158.2
125679
269967
205133
76868.3
103482
150992
138687
126475
126361
147551
141318
119180
231060
257311
252023
281553
206804
231315
302129
102346
544727
419767
236053
629690
594591
343739
1.07456e+06
186192
176286
202697
223091
104667
103030
112350
208174
102616
831269
134576
108061
360309
47948.7
92855
895179
107437
197301
631273
273772
568337
512250
807680
541579
89245.7
280752
227180
130283
688711
288760
145719
518311
464868
575103
106604
108091
89864.1
1.29649e+06
154794
205866
245891
132404
100583
93130.5
209599
229568
113276
901423
200208
796456
127860
440515
98843.9
289240
350172
501175
193351
249099
300032
142095
1.17736e+06
103598
81276.6
92794.2
1.03343e+06
707559
160925
220187
518342
469895
423477
1.06363e+06
278965
230643
1.13169e+06
1.26383e+06
840782
83842.4
295351
669384
479807
249502
194388
442500
394564
194257
672085
164980
159082
237742
204265
169889
866822
1.27753e+06
88934.2
103059
118788
1.25809e+06
100119
107790
327773
242537
1.13287e+06
1.18589e+06
108138
326347
130470
119933
269651
121715
82673.9
292702
94767.5
108863
1.27461e+06
502593
268389
209897
188724
147476
375926
341031
306456
139138
1.19552e+06
240558
212098
202570
1.00823e+06
386770
540223
87653.6
139025
103389
447554
226554
299128
93081.7
138403
180350
404111
143244
118802
107908
196492
1.11344e+06
145781
186387
398277
726832
1.02601e+06
632638
445754
301317
356706
56858.7
131612
159949
331469
299335
269468
1.01956e+06
93220.1
105980
113889
112495
111579
119088
141545
104184
99295.1
350448
879108
217545
493409
443877
400568
161750
1.00125e+06
276451
309490
365156
313843
586917
969810
309480
102842
430740
93560.9
396231
235809
438002
488529
180500
596396
152819
1.39227e+06
463960
100695
889065
1.38991e+06
1.19774e+06
272547
105801
504252
104577
93778.3
93982.2
166068
102676
96893.5
93957
86867
800855
840025
98797.2
605403
110808
102115
100245
131711
491160
500716
132801
500104
507407
768462
259286
108624
116150
148793
294954
325992
129813
33876.5
103566
424089
167136
379705
427003
475231
527040
263756
194459
169490
99822.5
93589.4
1.04271e+06
554781
104483
124328
460374
368494
191413
210176
125074
97975.3
181064
160815
91880.4
115499
98946.1
862066
279818
702242
89656.6
99072.5
1.3958e+06
106485
1.07171e+06
1.03946e+06
91693.8
453129
213577
859348
101444
401741
531801
1.1681e+06
125680
93335
93443.5
264894
127371
155191
294015
264942
238212
90579.2
102717
95817
90458.3
484384
535557
370356
647419
583509
706225
1.09909e+06
133905
351083
1.04721e+06
352818
1.03769e+06
409186
453898
507143
221144
162802
207269
256988
979744
110197
109919
144767
136245
123919
116123
183728
165944
155425
418814
356015
1.25566e+06
125919
86272.8
122994
1.03477e+06
301060
148487
141345
1.01482e+06
419353
290968
83064.7
117607
92466.4
408567
526825
156771
664600
104850
103263
1.32521e+06
882773
1.08425e+06
183545
228223
427272
167138
311545
1.05617e+06
1.19507e+06
104906
118968
186897
161057
457486
507972
338763
381706
1.1538e+06
1.13179e+06
142833
113467
84666.8
770499
91652
1.00973e+06
235470
148197
536691
163286
94963.3
983599
126095
137014
90771.2
101573
750083
214720
101248
378471
172126
112264
95100.7
99432.6
302634
100465
965511
933078
153462
372799
219328
97077.5
104540
789443
107601
508980
134507
269055
491839
570481
913882
106976
179942
1.05128e+06
132967
103721
86146.3
106934
103464
1.11309e+06
808846
171020
218857
414995
376745
550108
185210
239704
187441
257913
560280
503982
453565
780949
328561
242699
852916
245733
926436
324338
310220
983441
1.40116e+06
1.15987e+06
196213
258057
569451
243935
189021
95465.2
198266
984655
101450
108687
1.18416e+06
875871
1.07472e+06
395582
490997
499357
428235
91649.9
81961.3
125552
84199
326553
359898
399859
177113
136735
310066
1.08467e+06
97874.2
130983
110984
98611
448523
406602
125788
950843
1.10834e+06
525392
422353
873351
1.00414e+06
98718.4
488053
317666
625897
97026.5
130699
139750
792309
790185
400712
174971
94557.2
105562
121515
246197
862037
118732
633957
90466.8
172983
137908
161092
284672
152456
250181
24113.4
6997.23
248274
1.30396e+06
109340
99742.7
113056
96362.8
97150.1
112959
121025
96730.4
108381
243862
95005.4
101364
117266
435513
542471
382456
935156
1.14849e+06
100593
125998
186230
102321
743079
142274
1.18323e+06
124189
149791
291545
202184
129422
125032
284232
100404
112236
120361
91524.8
111692
86244.5
975597
85293.6
95077.3
141744
100161
80359.3
1.03473e+06
108100
882485
901963
336849
243536
163844
220809
507495
463762
417868
101498
594839
345156
103477
1.09931e+06
105706
107025
178077
589638
387034
436589
675904
106611
95465.7
194492
276427
624955
319045
696571
238034
560960
505614
192350
701561
229918
628083
268769
565650
509638
308363
821441
112301
279668
210863
95348.5
112283
866169
441822
607119
561613
490937
616582
444018
178934
197217
288142
714562
104308
1.24568e+06
117097
100176
953090
106454
150091
321470
337868
951208
92641.6
556331
502436
452875
174553
239670
1.15001e+06
177346
145609
333484
110887
345782
159777
205087
91539.2
120350
129575
107280
249302
99997.3
321068
176210
139058
396709
531988
540469
396397
210186
1.05304e+06
106593
106426
959375
894983
529133
1.37886e+06
501116
426462
520802
1.23208e+06
497628
387444
1.08784e+06
243292
240942
299597
939868
91730.6
847838
101598
151549
191172
314290
347048
384832
183905
144434
273226
63170.5
65504.7
100533
96806.5
130171
104073
98704.9
137141
551339
1.11006e+06
125345
116098
1.02785e+06
641295
247233
325196
98316.7
103391
873095
597057
148753
442443
411722
592630
88997.3
95269.2
113092
99351.5
640948
1.09711e+06
1.10553e+06
733386
1.21289e+06
148399
92414
169642
493434
444879
549070
244127
175255
1.16431e+06
234743
283750
370029
137124
132291
505626
191662
98206.9
363536
140936
166381
1.13427e+06
174739
159207
543859
492412
442919
225422
753299
700497
906172
286097
302322
330614
746566
316447
234648
661961
131399
1.38386e+06
107298
1.06101e+06
269069
311670
80533.6
324923
600043
99481.7
108836
102134
1.2289e+06
304743
272083
333981
161914
127739
181537
282869
813689
286985
568989
701205
632471
201086
617726
456656
488132
577279
612537
456555
494247
587318
345722
331342
27393.9
167929
111257
205871
291225
249656
334899
725070
651602
584789
527012
201883
589957
265173
110311
78633.6
86629
136100
77298.1
238612
532580
555913
211596
1.01646e+06
109474
93807.6
814041
1.02241e+06
83162.9
604013
235792
307599
425235
310516
161519
97754.9
232064
400116
60535.3
104973
1.03776e+06
140222
120310
238147
214455
261465
189113
106524
108197
198592
663864
1.07153e+06
1.2414e+06
168981
185821
794003
716159
956983
99372.9
578174
923989
1.24557e+06
1.29046e+06
1.21868e+06
270772
488868
206940
1.09781e+06
768180
304572
715101
99561.2
101617
849849
852277
99175.4
245748
1.13363e+06
914284
854873
883905
1.29506e+06
865155
1.02806e+06
929815
103391
150064
651791
382730
556308
124039
90572.5
113044
105907
112443
126461
110826
211391
1.02159e+06
618568
202853
269222
672006
111250
316817
239109
1.33591e+06
164490
153203
322625
164542
292174
126424
115518
1.08529e+06
8860.05
87200.6
86516.7
17912.5
217887
295743
107392
117989
128691
101608
338976
289068
98347.3
1.10649e+06
962683
280963
660753
210123
103473
773020
172425
1.10892e+06
263371
320568
370058
423519
860992
775832
695434
626181
263098
316285
871285
784153
365251
704322
419487
631728
149376
125956
299366
295065
253375
131473
119452
109127
99641.4
96967.9
94110.3
94062.9
90731
145563
495647
533920
410610
233387
449226
495254
856570
333412
265804
1.00675e+06
339337
117517
71667.9
104504
102101
159622
141047
145883
109286
233341
179883
190261
370042
108357
121526
543757
106771
95272.8
108753
91936.6
711825
115488
147952
306498
245189
162664
316195
145067
88035.3
81133.5
1.21378e+06
1.19379e+06
609008
492208
475424
615245
1.13172e+06
566044
105487
364063
189143
154635
213591
116299
1.16097e+06
123281
590194
533719
481020
250431
179843
320054
176840
144004
1.17527e+06
132630
105322
387019
384091
158428
117009
129179
204354
450809
840867
306143
238137
580415
663506
168991
230354
532070
479027
432427
240640
261752
472246
338715
483094
260851
540299
602136
181282
669196
1.32694e+06
959351
98090.4
375426
416525
461468
161612
124285
788464
132037
170486
234404
245745
106785
132784
123927
103519
648310
483431
511081
613643
183738
970729
1.20434e+06
440541
93578.5
369967
408780
453089
464386
576200
154989
897305
396889
321775
288260
354694
140109
178900
118302
115925
223681
274112
246677
277462
306430
340829
201850
198434
272722
275230
579061
574571
468191
520143
464749
516596
290587
322064
135419
103137
108228
110427
688825
354981
105845
563363
463607
438080
578127
121725
216343
778645
311078
700235
629319
80321.3
135041
567613
296967
221388
737496
287633
62971.8
522578
471378
582824
254289
181791
824366
268861
221130
1.04342e+06
270126
371870
103542
104775
176864
162540
146439
872191
201131
170089
235496
212067
256639
131236
113993
601793
692474
122996
365226
95068.6
542886
1.06773e+06
693762
273676
214382
525640
251949
231075
190109
134896
102308
215616
111360
235351
109277
196448
99106.5
96314.5
1.14313e+06
200440
865749
444323
491043
262489
206239
506898
1.03762e+06
83157.2
100157
107072
99963.7
208521
20020.9
6652.44
206934
413523
91534.7
405416
176225
161248
98132.8
253755
346617
783475
96890.6
90150.7
104438
108361
226779
141758
492018
432875
133263
94908.4
94387
1.13903e+06
415073
95906
176002
94389.7
1.33505e+06
995706
178710
121064
380175
195064
262487
534509
432265
481024
1.15116e+06
904071
104364
888318
1.25597e+06
925911
1.00634e+06
471912
114435
667105
141556
105043
116237
218438
214787
170376
162175
388162
136245
104686
93803.9
586152
619984
690709
768248
846554
341741
298185
250466
204945
133144
94725
287084
13552.5
144403
143293
7408.19
286386
145034
116987
81601.3
171187
198135
109136
214902
660022
382913
267191
196972
224318
1.07742e+06
850559
105858
359412
106233
108319
264123
313174
375560
774986
190094
213438
108469
972276
107894
161613
193691
179131
616758
685477
343530
459708
456270
260625
343615
711200
675824
657593
210991
281046
77887.6
96367.6
81323
141395
84778.4
331393
572540
510983
627515
452599
638482
451327
315289
260066
551947
403147
558543
404325
158796
679824
511928
446315
581939
516269
637593
460938
643903
459474
655486
1.32807e+06
238920
329453
756139
302073
88134.5
106805
134159
13174.4
133121
11715
99507.3
210048
629746
567493
702627
300244
212839
1.12919e+06
61338.3
99937.2
176294
550204
149646
410261
195869
1.1783e+06
1.18961e+06
749551
92700.8
187786
742932
350980
283485
240354
359850
323082
397553
150740
194618
1.24616e+06
292495
1.09198e+06
94500.2
99850.2
104267
95193.4
80624.2
1.07158e+06
97597.7
748025
80760.3
539528
765841
90700.7
110689
122320
314498
130609
245660
221651
168954
184896
204666
107401
170492
227781
278103
196317
670730
605654
545401
799343
1.08117e+06
1.19869e+06
87155.7
90224.6
95908.2
98708.3
144255
91859.4
148498
1.18138e+06
1.22009e+06
1.12232e+06
953273
37269.7
692890
1.0618e+06
614416
474278
491357
608093
347959
348601
606527
355845
786095
81385.4
145305
162286
319396
132020
127180
148554
113797
131365
98356.9
113142
209898
217373
239135
232040
257051
263925
312324
316484
101972
104887
259523
186247
93156.5
113727
506445
792074
103676
423560
923370
262428
860262
356675
128526
890772
387200
325272
512692
974289
1.28139e+06
512426
178581
1.09359e+06
149241
117980
106841
267189
75160.8
471587
779998
180650
291529
128228
108805
129292
1.16835e+06
179466
200803
194944
158756
454097
141898
121994
485328
107130
986177
103113
578929
195602
210392
898934
691415
403805
768469
856115
347692
947917
297202
239226
682903
757656
940071
844821
240021
351979
406972
298485
1.08777e+06
119747
853536
100877
95841.9
95695.1
4884.07
37125.5
442314
58254.1
823296
150002
128331
271783
297068
245202
264497
146246
635496
145008
151165
615496
86990.2
218482
199137
197610
605896
546169
676080
284168
306151
122742
196448
337929
817210
68020.6
183696
121645
92117.7
272476
897323
458704
410411
924865
133071
478198
1.05751e+06
517186
942024
106776
1.03672e+06
136664
710090
226742
279318
102858
8571.4
86613.6
85911.8
14745.7
137007
779161
106441
844898
419052
139684
595546
571201
661851
634768
736863
706978
321961
311224
228948
222355
249823
178828
593166
536813
483183
162797
198058
179190
108755
524196
449059
84893.9
112888
93142.8
107348
107189
1.07476e+06
847376
201596
648962
584972
721653
103420
426416
712685
708896
111884
106358
888169
307635
117269
139381
166224
153106
108587
272268
245859
224366
892570
1.32521e+06
928760
607392
279096
206965
110179
119412
154977
120304
107400
104691
118779
308706
241195
96600
825282
931491
314157
321720
108748
114567
106012
102085
264260
882074
556345
417157
433428
516578
103291
93620.3
143939
95668.5
89743.4
150309
1.37934e+06
1.08626e+06
90418.2
113450
373476
324015
233424
730100
810613
590237
654611
476540
217564
181090
200258
116861
125259
986899
226110
604868
69255.7
937968
93700.3
300481
342352
1.36832e+06
97099
305304
106926
286530
105550
188873
610396
249325
638996
402916
711097
792057
353214
880105
301647
251955
306602
252298
127859
353836
402804
517576
91803.3
141660
738390
337718
1.22719e+06
1.02723e+06
1.14991e+06
219268
854170
432848
295776
142474
114835
1.1429e+06
630901
90607.9
1.28346e+06
1.02158e+06
38968.8
315932
263215
51836.3
550580
387123
94109.4
99287.6
894602
1.23034e+06
104039
359813
369734
816158
789578
268950
276010
271344
281660
98289.5
100748
101215
97207.3
70264.5
1.32573e+06
958718
915744
1.15125e+06
407632
201184
842282
430805
478539
530525
71621.9
954291
154905
693292
1.05104e+06
298691
195892
1.29174e+06
286785
301378
218095
231615
619878
600749
137244
136844
81649.1
99257.8
201620
722293
649839
583421
288440
1.31515e+06
104572
140769
85353.1
574328
637983
354405
709340
305600
793820
262851
721482
583196
646967
801489
215575
369996
320818
269752
98851.1
122032
121815
137097
236743
193472
214927
1.00704e+06
402510
490922
977093
129059
161943
99274.2
260556
347861
130069
167936
1.02961e+06
113410
97647.5
106950
108331
98225.3
77835
151727
107393
116389
816140
983288
101212
87342.1
101601
177109
360678
1.10484e+06
1.0206e+06
492953
110691
106586
830336
105180
108326
1.33845e+06
476627
967850
234819
640825
357112
383108
125814
515721
642250
288639
212749
105295
223038
95571.8
61419.2
86686.3
1.09352e+06
519970
525168
975939
161799
175033
107142
316218
99584.1
99340
112958
181784
172379
17415.6
171071
11986.1
104564
651346
177641
245382
530517
477271
429361
107401
1.17691e+06
424790
205031
955397
506894
537247
110731
10789.3
109865
11419.4
878130
262379
322327
397399
360889
96802.4
1.03416e+06
197460
152234
441653
336614
98148.6
23369
725289
143430
746702
166386
210631
406782
422200
350696
97413.2
344170
147061
174007
106959
115076
332910
345100
120450
191785
92581.2
93847.2
530214
252126
191941
106538
324577
8361.9
31195.9
322107
326667
265728
385615
458498
82665.8
1.21268e+06
1.2822e+06
146474
103520
103737
133456
149932
15383.5
148804
13325.7
574723
189284
255542
1.19467e+06
1.20982e+06
957391
938495
453084
400342
381898
341627
1.02063e+06
138882
263724
110252
84994
98219.3
179123
241390
339410
1.07971e+06
1.1009e+06
138521
72942.3
332586
367913
139624
571956
222160
190286
954946
105806
108558
131028
507189
503140
545498
344865
181438
245238
79972.6
75598.3
681538
86634.8
574185
75518.7
259467
417764
366349
682083
796108
105871
118023
209760
935736
5067.23
63311.7
18758.8
63206.4
154921
150322
80621.8
1.14078e+06
20463.8
1.08855e+06
283761
27270.6
8825.24
281610
161801
92134.8
10531.6
91476.3
205000
906849
202633
1.12952e+06
1.24039e+06
37747.3
303592
374148
339646
464356
211438
159581
520569
375712
68832.5
131812
183468
142028
313862
426681
132670
133062
1.19926e+06
361652
416678
397240
456751
770769
101031
82573.1
644700
805773
297859
135141
152507
97149.8
182555
227748
107771
134386
177715
104476
73132.3
699400
828976
144823
295262
234313
243380
795175
328761
152697
134988
316725
301254
87584.1
177625
811226
983785
228592
168511
392270
484810
436541
79517.1
95839.6
173328
135578
753434
274828
79636.1
40982.8
46666.7
226555
169468
379229
468191
422152
102484
1.10467e+06
1.24612e+06
111213
94602.6
87634.6
83683.7
1.07209e+06
189180
156073
429743
1.33398e+06
1.09494e+06
260449
119794
257698
232727
154197
140692
166806
103113
105047
102972
205804
1.08082e+06
95641.9
480398
520073
916111
650312
634295
233085
228878
301352
306533
179216
165446
152135
90075.9
98875.7
355174
127895
979955
642414
156079
97052.4
451094
1.28173e+06
93282.6
552500
457787
427346
570652
447849
184755
238503
580962
120937
425943
179436
195880
117800
276347
131694
164876
454942
216363
114397
102372
124453
528227
433993
124620
117775
119969
129418
101299
289937
222251
102543
213514
107332
130591
196956
1.16599e+06
1.02765e+06
716104
177960
144364
394974
355739
320228
170180
179711
81588.9
638084
101883
286074
386339
134586
158202
1.05799e+06
74495.3
179932
166553
100127
1.08792e+06
70807.3
109930
254047
302938
115877
107533
123802
94050.6
101369
708351
95693.1
87078
10753.1
86429.6
703059
632717
1.18979e+06
789284
954364
111177
994742
637794
9730.09
70601.6
150062
129313
246217
270251
297888
407071
210323
904081
474578
527907
106101
84726.8
80087.3
93830
107720
101006
132318
572920
71105.9
1.18211e+06
304944
112403
580980
348531
185978
250935
132874
113222
155946
250457
154300
330772
315175
121965
106958
364746
613241
77999.7
79417
130571
81696.2
95836.9
960434
206969
166518
485251
896448
250982
158617
364858
323452
356021
291356
178308
139972
100338
5724.92
45280.6
354823
294784
408419
909208
735561
818206
294071
350303
921333
827539
405724
744625
131414
202029
168655
188677
98797.2
132219
112968
321258
149092
130982
136108
234652
682965
310924
98645.7
125335
91124.6
102643
134783
197338
103835
94796.8
82158.8
516399
180761
229945
167108
208196
439046
372005
419344
337029
642710
184136
117833
182281
366319
274492
145019
186040
257694
101687
180457
111244
110584
296667
295424
124971
392085
129369
130320
748122
626625
94249.6
112157
1.04846e+06
86843.2
128100
83257.5
128200
154224
472087
424219
380286
249541
248602
489783
125852
100043
98162.4
701328
131194
121264
137808
128303
111390
120713
80013
108961
821847
805038
225125
180820
109002
530028
455091
183342
244713
342857
105703
72651.9
101382
1.06215e+06
344145
410749
60692.3
296808
128590
54878
120015
131972
128479
289985
102311
184988
148713
107231
1.2877e+06
195075
576518
161766
987077
369763
435015
228757
175266
563119
83626.4
104432
109416
203557
253119
190964
125406
73488.3
60856.1
447142
182348
148250
86201.8
91455.4
92954.8
94086.6
201905
164693
183779
54501.7
97329.9
928762
94360.8
1.30365e+06
254655
136450
496073
111870
90236
369820
128453
121550
579510
99455.5
342156
718713
647290
796227
90911.2
143855
232068
741950
702951
185653
98207.8
199380
202064
281087
325792
625634
280735
318199
700740
617715
681225
506194
561902
499683
554599
897773
214798
146402
1.08042e+06
96861.5
114856
373098
913602
267436
148656
122204
94375.9
85571.4
108145
117882
87889.6
708458
168145
210963
393781
105631
481605
121332
187566
195104
301320
111493
104323
126919
100230
98625.8
130373
120329
112264
1.08402e+06
117372
97850.5
199180
254300
77346.9
141542
142572
794033
151015
117513
109490
114992
105819
1.06645e+06
172157
160401
389854
167654
142057
1.0244e+06
769689
811509
245941
110139
904765
264355
299308
131078
513733
413101
544812
440451
665206
348044
871586
574713
757522
567832
362257
289267
85324.1
99691
921251
86691.8
99475.7
97872.9
101595
97598.4
86108.9
500648
522400
122816
263862
25470.2
3510.49
261849
121682
78785.4
900212
284754
397797
157658
136287
150815
115153
125343
219746
250477
96671.2
126797
318137
225373
168581
307460
542148
458761
82620.6
472662
397225
1.25896e+06
712981
422669
792699
883432
365435
978629
312504
253813
705177
782172
872539
970962
368214
252874
424755
314417
100407
454114
75694.9
587518
583083
1.26472e+06
111952
232562
669405
107630
396617
72907.2
82527.4
663496
98457.3
146954
370390
480155
1.06967e+06
185032
206706
228942
107528
173423
220267
490925
205671
120454
104883
105890
108145
1.03314e+06
464714
452424
886858
863138
175569
159314
226370
203128
449211
413767
777803
902227
531900
590119
658307
736781
205279
333984
249032
290551
741931
665382
599736
540397
201633
240309
282579
322916
121866
154027
674865
972969
175637
151850
181254
391976
443121
401227
359546
310881
162802
216311
1.3506e+06
84502.1
145753
547400
834289
714066
258206
323387
115172
39582.6
138519
744378
268870
1.17304e+06
120759
149092
690087
872580
93480.9
533926
592689
479350
1.11685e+06
358122
158272
195712
282212
141395
162254
363987
545791
243075
546429
451207
148251
374666
462796
415952
166348
232340
1.28113e+06
1.0319e+06
149489
121558
983210
122238
176385
184932
233811
242898
497089
509869
164003
129853
348513
316495
285237
398483
92285.2
693257
939909
414980
97003
108914
908782
420215
402547
501584
484389
918152
177417
240521
162730
125987
114522
218914
549830
118039
100555
115340
1.21048e+06
937007
293511
147332
115079
160274
91640.5
351342
245987
270254
298702
144453
123744
105159
98000.7
1.06028e+06
46443.4
915993
168250
183492
151144
118099
97914.2
103927
888571
88091.7
1.31181e+06
383988
294664
373414
396191
438187
356510
158671
210896
1.23302e+06
313580
368473
144745
167619
346160
307310
1.28553e+06
396278
357372
438562
199196
148861
115755
1.06909e+06
888342
908791
151076
110855
156056
131879
161739
309289
966446
180443
512459
231877
541865
594984
546143
212780
128743
114128
981185
185225
154983
401581
982418
122328
450758
148840
406512
367870
197289
145457
77188.6
278224
204801
581405
522454
470417
85873.6
633649
480447
509380
615099
4935.31
44514.6
92670.9
897983
922809
101491
93053.6
163846
326095
269462
299914
328639
135262
156952
105622
103715
76293
642992
188835
495811
897411
157620
100294
99234.2
140818
1.04381e+06
138358
779095
285199
389331
68600.5
92185.5
97962.6
353571
573271
110240
412070
371368
456752
209541
155638
70580.7
67260.7
43337.5
132845
656560
122456
93784.5
816036
93825.9
937285
77367.6
756456
396592
158947
473027
212030
695193
108396
140673
186245
461842
458429
133946
305691
276922
447339
85685.5
825282
793541
109078
76666.7
80293
216710
388559
124848
114026
220999
94845.7
93187.8
171801
112225
89132.2
83419.7
89745.1
97085.1
131768
122217
114393
142399
106071
487587
475811
107483
209549
194051
1.06166e+06
984713
752179
1.06713e+06
764329
190688
146366
289826
333180
574783
246203
638532
708399
201995
786450
571953
154863
106435
155500
463487
417752
206949
377339
501472
484277
448822
460292
1.3053e+06
592624
203623
200972
152677
1.08353e+06
373433
1.00343e+06
75662
123083
228428
243274
188510
501110
144197
1.36872e+06
561334
1.12432e+06
1.10299e+06
493068
337889
304477
373902
63694.5
272634
187324
106054
85054.2
31613.7
92178.8
69815.7
355344
359313
323597
320102
711901
156536
152991
284840
967858
106320
411632
231231
436275
597413
553560
481461
438104
605478
1.32246e+06
798758
565424
140496
147866
346776
336480
632992
705525
717954
644460
580421
570255
241132
251258
1.12812e+06
135119
165627
294541
275780
502775
1.06153e+06
105717
106922
202686
122681
102929
59220.5
365143
352101
214455
202588
404110
389250
450107
433247
166137
155479
455905
131817
271755
113906
88996.5
1.25466e+06
105775
1.19427e+06
1.05846e+06
1.09742e+06
119512
104349
184012
450143
438127
264905
249381
499686
485698
558507
542562
197959
184090
83155.4
126735
139943
131827
445865
400295
1.1992e+06
832888
726829
483532
98140
119305
108844
106528
168369
226675
476139
429824
385678
107261
88318.2
302221
137524
167657
423510
172223
96959
1.08291e+06
827951
375654
109841
117074
1.0655e+06
155206
140316
184882
112425
115659
110571
109937
184769
209660
247460
859433
155929
446437
403176
205055
364664
101211
103804
120904
338999
403225
81392.9
1.22944e+06
608933
482022
474522
603837
102651
430442
424510
114556
42009.2
353059
215504
366480
267220
316296
848702
760965
615316
682878
216540
267655
853762
770871
312616
693408
361987
623455
103362
108402
118752
109181
106652
168110
159948
888373
293553
134287
181062
110884
113562
268385
327047
379330
435171
901761
810792
726064
654280
268098
322949
913216
821210
375080
737456
428168
661898
100273
1.07984e+06
126174
97400.1
112388
98334.4
206685
128674
970145
589310
575790
398540
383568
656482
640944
731058
714119
345750
333950
811587
792840
289424
301109
242020
251513
388577
400882
303515
293029
783317
800005
135976
148287
125273
101950
95230
1.04715e+06
135645
203411
1.00847e+06
1.28718e+06
151192
183567
394323
795597
514167
570528
636090
710474
195934
320402
235364
278388
720327
647055
583946
525996
191009
227418
269953
306985
306009
421832
148529
99408.9
1.00129e+06
546246
99466.3
1.23654e+06
215414
210082
291003
656379
589174
530606
119436
91015.4
547902
892580
138129
1.00244e+06
340526
447262
107004
587814
483433
618390
466519
66218.8
829523
784028
174760
167463
911973
203495
874526
117677
166805
143028
132381
83044.7
106702
110186
105274
548929
101594
1.14454e+06
1.01605e+06
211176
93587.2
188935
155836
98261.2
813509
440684
499562
382634
290842
107047
106084
78553
458958
400332
169476
162549
221505
207659
339739
308205
276265
147386
739998
8661.68
98108.5
97361.1
8132.91
1.04317e+06
274035
94290.4
122990
83081.6
1.06971e+06
99777.3
131959
96839.5
104253
444106
389466
555451
255956
321130
247451
98957.5
200364
106780
594732
162687
116349
203632
106267
329899
364755
298561
599152
545818
618237
467073
518362
475843
438170
640945
598789
557049
601716
513990
481754
476650
441622
608305
648952
592133
139792
370877
410131
457472
223065
538702
173357
139558
99102.2
87193.7
775817
866044
629516
99764.8
83288.2
619652
258711
901739
81179.3
119955
258047
311577
186049
252430
526799
474280
426208
920120
689939
107605
74320.3
145874
852013
864278
925538
642062
71716
112351
109589
1.10988e+06
79807.1
83164.6
456651
136404
264788
295316
326230
164684
139036
425874
727890
424127
808859
901842
365733
997775
310946
252892
424297
249886
311716
369110
720503
990337
890077
799247
628038
941105
156768
205825
289112
1.09631e+06
748124
357317
245233
128772
109361
92484.5
132820
97287.9
107994
98270.3
97802.3
66318.6
702315
441849
1.13752e+06
1.05241e+06
106212
124062
103359
80248.8
75296.4
76128
191719
180927
136113
112165
644293
492544
548865
209903
204484
126062
120980
108986
771526
369225
101096
102661
428147
385394
726878
200085
105848
1.03387e+06
1.07918e+06
91748.1
125918
106795
117244
971275
1.06533e+06
155446
178652
170802
452781
132789
230181
593173
402896
622089
90236.7
134515
125965
537290
547044
874248
130388
287148
259747
92106.1
367017
165953
155690
496565
369179
649620
437392
115173
108655
103687
102581
243526
105149
150130
176374
163744
257297
13521.3
118603
117759
22664.6
17241.6
163692
162479
17220.5
423898
652946
170916
98297.4
102739
233975
306648
583378
155850
671091
965324
97442.8
112683
178966
172685
994479
829169
193935
198991
215053
220992
115566
123205
927139
79896.7
121384
792077
99299
100575
893516
1.11305e+06
138377
109190
381710
625613
629488
102139
786117
1.0004e+06
118234
111191
128161
110707
98000.5
102007
101880
115477
112437
214286
141923
194714
130290
177228
118314
163417
74525.7
79167.8
72642
102931
108569
57238.1
806533
1.06773e+06
132385
108457
497043
136372
89410.1
138867
102374
105804
124926
116285
110796
97635.1
59573.2
265987
313895
591570
4057.08
46730.8
309265
29991.3
11226.9
306924
222871
22351.1
13597.6
221190
418479
333304
567072
559516
100588
562617
172120
101525
251718
204586
1.01794e+06
648647
554324
113767
115779
396193
355650
438547
80307.5
310280
434745
188216
185353
252038
97589.4
711166
180731
142189
125072
453468
504272
268992
562442
693840
200849
167104
234978
241673
130319
121861
49459.6
242297
854565
116923
84832.7
101495
101595
99420.6
86336.1
83740.5
92684.1
128867
82040.2
118454
246994
104330
105593
256911
247682
223070
205360
410643
435560
177620
162766
290274
202661
99607
94498.9
137284
264975
610927
636288
96885.6
316443
363423
263907
809724
655739
728746
262558
314611
818864
736327
361841
661522
560236
526623
213974
1.00899e+06
29973.9
203373
281326
595746
481261
534180
272406
146498
189169
660464
360368
292120
327708
225864
90638.7
103351
995037
1.05641e+06
971779
40881.1
437861
9848.81
54668.4
176760
834024
740601
469153
571183
566854
1.08521e+06
373444
145569
168477
430460
298535
129911
121190
420727
10048.1
40086.5
417537
637866
277586
203223
63273
976532
638746
450919
880474
70625
134527
144886
158460
110088
488573
102916
103643
90270.8
138967
87652.7
92682.3
76941.8
389677
202936
98134.1
205340
108223
1.31189e+06
130076
118819
147599
385152
187618
149593
95986.1
657869
907486
803650
742944
1.10971e+06
373414
851714
1.19059e+06
991954
91865.9
108214
115945
791476
1.25673e+06
203864
133361
157845
886397
149705
100286
117741
182031
294446
553686
226420
68244
660978
99165.2
145904
32117.7
3590.87
89207.7
233431
494962
181662
178757
145445
321576
90856.5
342179
162213
108411
100131
1.1312e+06
492118
924809
113442
914548
193729
519411
247616
499042
502273
951127
948535
535973
410645
111600
98146.4
104781
101762
107905
106179
102250
103281
210240
131679
1.24462e+06
351405
110372
170379
17374.7
180327
6023.99
178948
135106
149830
560732
848093
1.00218e+06
874428
856182
77520
936985
867904
399687
387162
177066
730508
760778
177334
662980
686595
219293
214591
595957
616849
254377
534734
552945
260796
288529
478225
496536
297239
342079
332246
1.14817e+06
1.23106e+06
132878
588820
699291
96965.6
630601
863309
534934
760674
1.01808e+06
553013
543760
139734
132719
1.27865e+06
803363
97954.2
97694.6
121510
105983
1.22671e+06
105561
401078
144428
188557
305863
1.13539e+06
1.07601e+06
686161
326387
246782
200637
324019
129702
147396
109478
434566
112683
122819
132889
94813.4
722008
202305
88252.6
116657
271202
331031
385092
443038
946738
851482
761952
686890
270372
325715
963231
867555
381913
778612
435687
699165
333778
331253
24157.8
416614
485845
389930
531358
393877
136630
1.00755e+06
98403
104472
671443
459980
752643
836767
399439
930254
347218
287943
665717
742539
827776
919613
460409
291427
403322
348059
801039
291603
109404
102888
1.08873e+06
1.20067e+06
298486
230648
555781
68694.2
164165
102302
130954
97501.8
684756
326299
248116
368513
1.14244e+06
682887
163664
533506
266447
324683
373393
429008
911926
819614
733998
661535
265238
319886
932098
838967
374087
752958
427081
675992
1.14648e+06
122496
149621
136356
202455
244217
122345
109337
118194
106156
104523
111674
1.34574e+06
120774
99188.3
103143
209126
259609
196190
540592
701345
400825
779497
868601
345132
960169
293065
235792
293004
403058
349884
693815
857390
952832
770021
234456
687886
250699
24404.5
3046.11
248792
461097
145089
173747
157803
105377
982198
1.09054e+06
697768
1.04839e+06
647756
156037
1.00051e+06
960190
483367
408349
412731
493574
394093
510653
525017
387687
101527
444512
405956
409523
178559
175242
1.12979e+06
421017
405328
853465
1.26412e+06
426410
336201
298095
107247
102072
1.13288e+06
118256
113719
284126
105496
113651
97003.2
89203.4
53061.7
855307
92674.2
1.21027e+06
1.2728e+06
137680
150078
157001
204420
195148
466855
460680
274930
283051
104237
621595
1.25043e+06
1.12791e+06
125115
122261
104202
899394
368549
737953
799604
935067
130577
954382
1.07814e+06
326338
81328.2
134364
302606
558419
204830
192352
108124
12107.9
68778.9
68062.5
5429.55
978370
92482.5
496512
103511
481001
95662
510648
1.24252e+06
191655
1.10786e+06
98921.6
442821
374409
163201
571721
105479
625486
104347
600685
101053
111054
122623
105100
94026.6
80652.2
1.15888e+06
513863
519010
263770
268175
217638
213841
126680
99556.3
575726
140461
333853
328755
677159
665598
508310
142202
184023
258380
576891
252676
100934
116754
172424
364761
332052
296420
103794
1.07766e+06
13185.8
139926
6860.16
138856
428774
484693
404252
459665
335639
453397
338682
1.05948e+06
155733
193503
122239
204095
547646
263741
131344
126461
853516
337573
159290
148259
344423
396041
286008
873942
706596
785091
230083
285560
979648
886335
340919
795629
395156
715673
175606
142211
286547
316612
351921
661731
361112
289685
642813
205279
136926
230986
969582
407815
514489
126096
4482.47
58117.1
57700.8
18280.7
251323
158872
167779
797955
379706
655289
703936
350066
466569
471286
344545
94003.4
716605
703536
102476
719957
809608
816390
130630
227321
231425
232485
181187
194764
238952
256272
498268
524947
443754
428802
385451
399176
103028
117982
844548
146160
264903
341901
389543
414929
783193
795898
810482
95727.2
211368
764623
305166
687859
618332
207497
190607
228095
114431
107622
620238
559339
691819
318872
226583
540948
455988
428988
569442
534619
448464
422461
569701
1.04672e+06
99149
131239
964668
1.16726e+06
567182
385962
631942
704106
334643
782175
291414
244041
560121
622549
693230
770254
388439
336467
293821
245060
141884
116921
96176.9
99553.8
201176
622989
265699
232854
310212
186771
344496
1.20863e+06
1.04326e+06
107213
1.04327e+06
663546
594950
219815
535210
302689
104678
683925
613282
551657
224060
309084
1.15527e+06
393445
452404
405581
475092
402138
361049
327905
133937
255272
126257
608502
179058
95508
87951.7
119578
87253.4
806581
917159
647336
1.21797e+06
155529
119382
109337
130028
105670
109183
1.40129e+06
124530
1.23874e+06
539285
454670
425048
567825
528880
450583
427336
574577
367195
343972
1.03809e+06
212060
184209
1.39014e+06
712903
737705
162735
95012.9
698203
303253
221998
1.05704e+06
100998
372538
411743
457637
206565
157054
157385
258681
428070
476077
531126
194279
159790
652608
744758
385514
400748
429068
125455
323895
291069
262468
103467
430942
856919
895290
843597
389094
136105
542957
314241
239299
877271
384798
684099
47351.7
166906
509620
130014
134989
243817
419626
318192
1.2087e+06
482593
1.10476e+06
98979.9
158018
205688
359020
157822
396787
442295
107394
210662
192790
232292
132292
120556
144301
147973
1.17876e+06
95969.5
1.05775e+06
106121
205990
297848
574120
709089
636839
111290
1.18343e+06
125044
85951.4
382096
333169
169740
264655
98661.5
175134
141886
299931
331606
368332
890022
102355
247974
98170.1
385806
426361
345893
1.10221e+06
181409
826379
311640
166737
220601
231132
22125.3
5164.05
229373
96503.1
101083
103109
95221.9
274180
105263
98337
299593
135909
143938
102909
110573
519586
107041
157595
171218
186980
91557.9
1.13979e+06
279701
119072
126390
230269
1.22471e+06
574860
72485.8
147443
108457
110451
1.16454e+06
1.19942e+06
305984
293162
225351
234946
618974
582057
341664
365740
112919
108115
1.18949e+06
426359
361850
120301
129355
269643
450526
713613
291628
210862
234166
118453
385351
160955
733069
959228
1.19191e+06
90276.5
895910
1.06998e+06
671152
295835
216805
120691
265636
203054
538436
224148
1.00032e+06
73913.9
284353
705672
219660
262711
99312.2
157200
660202
73515.5
70325.7
1.28981e+06
170853
154571
226426
980053
1.14226e+06
106624
998846
914134
223223
798364
717755
646844
114643
1.26178e+06
362863
400478
325464
907604
496453
107600
112678
1.2481e+06
740524
1.23347e+06
437750
116974
704683
789102
97565.8
1.20027e+06
107606
120049
192966
100875
108041
203427
630762
164309
1.09475e+06
373973
122775
123899
161920
16183.1
160686
10471.4
126826
129268
162542
302121
1.14066e+06
104722
101609
106610
111174
154474
196166
77798.2
82477
545398
141397
109940
501387
555921
617652
184309
259754
411822
21833.2
7307.76
305418
303102
29341.5
1.05163e+06
111892
385081
1.21839e+06
171234
223191
290389
581619
101639
174294
231396
504608
453281
409505
497119
366924
138476
380287
86721.7
92523.3
83725.3
99708.1
795812
581936
410007
415319
448766
613340
467245
492592
599590
233483
304062
581006
93107.3
431613
629081
178048
1.07001e+06
173245
16354.7
3461.02
171927
178742
838151
449582
974610
680214
99927.9
148974
324977
767576
242085
285718
207889
220633
265957
560747
513634
133112
273472
151986
159401
472344
341664
190165
601677
133912
13717.1
132892
12390.6
529661
511488
196031
139937
10519.8
74202
182971
173928
617179
274464
100465
652223
77012.7
354812
723870
74637.4
74537.4
1.24302e+06
95973.1
143963
97128.7
104157
110321
966898
147162
110793
135720
160008
162365
215714
214495
437733
395336
449905
364312
406061
354530
149805
8442.31
91427.5
90673.4
12820.2
255502
240711
482371
836709
585863
229642
100201
485935
1.33551e+06
366089
114785
100165
188745
150412
127022
320015
352626
392952
462625
104939
176090
188465
104702
103500
98495.9
248428
24253.7
7933.91
246537
664533
729531
164401
51953.3
47013.2
1.3e+06
261043
107588
108092
315884
33957.1
263119
1.02368e+06
99372.8
251079
1.13297e+06
195445
454127
862228
482444
99272.6
1.23351e+06
102133
86785.7
9636.54
86174.2
18225.3
127389
290203
666833
319454
106803
251813
343666
792468
152051
1.02872e+06
125353
530658
205760
489669
1.11281e+06
541665
199661
929619
492194
528008
92646.1
561535
624718
692752
284317
199580
138720
643629
565054
781107
173357
98338
109750
254213
231264
171622
184210
543909
439965
478925
489149
431529
387492
745941
190167
196033
260349
267466
583990
591174
529726
524819
477326
473643
210311
479857
164420
1.21532e+06
795420
105767
93822.6
315795
248336
1.17934e+06
610724
318303
145634
1.03887e+06
134532
1.01321e+06
529236
898089
265082
345117
671774
156226
411559
204652
157847
6379.61
64737.8
63975.9
16330.7
409466
300637
102799
151317
181285
299177
327452
531723
122012
119312
1.01701e+06
244783
834730
129685
885236
90876.3
108913
138122
97651.1
544231
279545
340458
393212
452228
947912
852196
762677
687558
279031
335300
961966
865478
390699
777293
444878
697627
130200
123131
112483
257229
285499
127502
99555.5
69820.1
105196
578593
88552
180162
113939
86370.3
372445
102135
277414
553998
560425
435985
443596
568387
554067
447204
437893
434533
190121
107093
1.10403e+06
371835
990214
442094
206919
179188
236572
224271
614734
1.27302e+06
363010
1.11366e+06
89818.3
105501
99650.3
157902
105495
282415
561057
250423
184755
202300
222426
245693
122904
423227
379321
343147
151814
195641
797771
449381
196806
396356
357659
144539
877803
294611
411126
240169
206420
165377
314716
270964
100198
106725
808590
1.06609e+06
558382
506355
455655
173155
240049
1.07667e+06
918175
122373
942777
722701
781420
249212
1.15087e+06
95904.4
84716.2
110395
117833
121751
1.02729e+06
262805
345920
675064
210584
194935
399049
157306
121271
163219
400112
194691
196226
170821
227312
263187
535695
460774
482207
433393
416225
373292
1.12439e+06
666991
681648
173096
461175
215185
616535
594106
685789
660885
397661
385627
763748
736481
349080
337412
848700
818152
291196
300675
243399
251937
303128
294187
45380
50375.6
785880
366270
363545
159820
90661.5
208959
167057
408295
237948
288951
955459
675618
171362
632671
787034
165643
108383
102857
120157
171660
196296
765753
473866
126965
126112
131016
297695
293522
392613
387118
751903
772374
105712
696748
507521
641264
107459
234863
122613
130885
853879
117460
100516
396366
188741
145687
125951
234478
213800
254496
155976
818548
150093
33260.9
426386
160264
173363
543430
679900
693298
520035
523304
79693.9
9579.32
79155.9
619608
308075
334803
175974
1.29397e+06
1.10325e+06
786156
332841
369565
408959
193776
149105
258413
845143
351810
156415
105004
1.08394e+06
98846.5
96890.2
102227
410774
426959
566894
590609
467081
485437
540671
522492
425770
411533
603148
579913
993625
100663
189101
1.18721e+06
155403
182867
375569
34652
860.083
899824
131365
170608
747037
78319.5
78436.7
1.10769e+06
979681
467926
294980
283479
1.09249e+06
326015
52851
107832
835926
637841
101207
75663.7
737162
919340
925737
1.12129e+06
105572
161268
121917
1.10976e+06
86683.1
318671
148187
392165
126679
476199
468660
537358
546283
108145
118807
594789
296218
954160
148261
122848
217233
142538
401553
384055
142803
26638.8
79171.6
12029.1
124077
123119
8709.9
445063
421514
551749
613378
527700
302279
586202
495745
474320
290785
201178
213546
620329
193574
889211
802156
830437
318107
322040
403044
335612
1.13272e+06
361867
215280
313750
779843
701995
629853
568110
656401
98164.1
102530
95418.3
239568
250749
593799
680198
924728
172508
593346
536673
482685
244494
614847
109496
667715
101186
95193.1
91618.6
105146
124504
294658
267527
733181
362590
254620
197612
80467.3
559705
194407
38571.7
125991
141534
316045
84665.7
227048
147850
143174
129614
129401
164900
159983
327696
269181
64931.9
148218
127381
296352
272946
245357
280494
349897
688849
177908
158303
1.12859e+06
125897
119326
619329
225201
190560
415587
1.10312e+06
679338
723661
286607
490962
253301
198629
163629
55935.9
431168
360992
973590
109565
119636
229406
207323
187225
122202
138859
384148
180752
1.03884e+06
270150
268810
763624
355806
153093
375924
337728
696449
306657
376577
341273
183674
141867
867347
115235
113269
115558
794096
669369
973541
575186
612101
979837
110308
354560
475002
1.31735e+06
193560
101123
107007
484334
600845
537130
179516
254212
102204
630888
104349
100383
109773
105932
155371
102357
97455.9
108652
105783
255161
927934
1.05467e+06
273820
751097
235850
521801
517251
102442
466116
157367
85778.4
582941
1.09782e+06
135295
136028
544853
106778
947201
110296
109555
220905
702120
578238
466131
577138
448263
338329
209943
216029
209755
682392
137173
97134.9
141134
91803.9
101041
1.06569e+06
687500
131739
214418
258352
199349
208276
158356
166388
495257
484415
112292
100271
92673.2
103429
79911
1.06662e+06
132189
146692
754065
145739
103250
159303
122926
158344
92657.2
89782.1
1.0334e+06
891504
380871
278831
1.06297e+06
109302
419548
478242
454803
108185
369351
162590
110855
97054.9
562156
104267
111574
117729
1.1636e+06
103499
763236
338703
123210
115279
163405
714571
177598
180951
240570
299677
184916
105440
116673
505916
456127
1.0804e+06
105649
177360
163456
656720
785682
174620
109807
172333
160638
317495
165096
847449
796219
976275
1.00937e+06
160778
689550
945096
185019
178536
775047
729880
1.17172e+06
1.27022e+06
308805
600961
98487.3
99728.4
849836
117257
755187
95045.3
145836
155105
84149
99689.5
948135
780575
292718
95102.3
210619
675215
281727
1.10619e+06
426791
173365
100730
137115
100593
99477.2
595724
223518
124659
98395.3
563745
1.037e+06
224629
175404
1.14978e+06
126241
447791
164543
1.02955e+06
113806
116835
125300
282612
586912
472650
429687
524378
1.21765e+06
398128
436777
266148
274583
354031
365259
701829
729792
226993
218502
297307
309205
539079
90914.1
574997
617978
337734
131083
706737
724526
323492
276173
621201
559415
96708.6
101732
99635.3
96218.8
1.30418e+06
94849.2
934399
586132
1.12035e+06
104394
107296
596108
375411
223623
414485
462473
171300
561870
143552
683477
1.34404e+06
120438
163327
152828
171127
165395
186996
180839
206399
208451
242253
101040
130160
120290
101708
107505
93901
662413
855877
436660
503406
357750
415101
728342
70338.9
425135
432794
324352
310455
106350
1.10707e+06
69444.5
516454
446867
376345
346271
706654
165187
150801
667987
576935
150208
93047.5
107398
102137
109834
90338
639809
239907
312059
604200
1.24489e+06
1.03912e+06
636129
381177
107966
714639
690689
375022
477837
408824
189156
106918
1.18031e+06
103055
268126
251300
207234
218864
315551
365081
295948
342199
815500
764822
656678
614890
732208
591994
686203
553926
210348
217204
254416
264578
803759
824516
299598
309953
723694
742376
344288
357462
651816
668367
587052
601798
1.24201e+06
66124.6
1.08391e+06
125744
625040
419670
424010
466163
471773
374837
372930
154698
156469
479862
476256
663894
155822
130823
279438
967776
1.00652e+06
88310.3
97948.2
987185
964062
175371
523530
500697
108755
196614
808996
407586
102257
217397
341747
289925
395248
236093
888387
798690
715968
645330
233737
286731
898102
336131
809778
727749
388170
654754
149795
130615
220981
243369
269888
309347
398166
81900
83401.7
1.19191e+06
1.13632e+06
1.07557e+06
98328.8
102370
121251
113477
116163
383288
265086
109310
487368
94451.1
676284
121122
241973
271151
301503
954096
155426
485468
237543
211313
288319
324376
730303
646985
100636
681267
95775.5
167065
213652
1.08871e+06
210663
209469
286483
285687
620266
616522
555680
552447
500101
497075
105089
104927
784315
114553
124688
48407.7
156309
210627
482288
433759
392321
99088
108674
378360
510117
376641
516818
734790
346379
945105
88940.9
104455
146857
134514
126957
124377
861469
273087
102283
233227
228608
1.0207e+06
102771
97285.2
105974
292839
97980.8
93525.6
732137
1.34093e+06
161085
1.05613e+06
251689
150524
344094
1.21772e+06
105615
430665
447152
127170
121403
100301
1.32533e+06
90226.7
122881
102410
110573
87922.2
127691
707354
98618
88442.1
1.08525e+06
541664
279621
895661
378688
774936
847366
1.11088e+06
473016
402127
551033
106932
114038
107142
160163
95934.6
1.2503e+06
989188
976058
1.08924e+06
756835
525881
228377
809685
327861
727819
654417
45787
529744
331304
876190
817815
79737.4
819137
133753
465435
386745
55418.5
493782
292406
226829
557088
87278.4
436471
618460
623183
97009.8
812106
400472
1.2827e+06
886584
144686
169121
367691
768784
302920
1.02136e+06
1.09031e+06
153896
110140
119817
1.30175e+06
224640
309608
105964
260884
975086
254792
238355
426698
429257
303481
248017
353836
407279
794000
883217
711343
641366
247482
299290
894656
807282
350783
724952
402064
651756
84417.4
199531
688245
620433
282106
557441
1.0925e+06
199962
199136
88009.3
672670
462032
462477
192644
841036
778963
1.07438e+06
521637
1.02932e+06
403188
786281
88439.5
107058
1.20097e+06
187723
368078
486085
100785
12146.6
100103
153335
162361
109171
170463
470495
1.00745e+06
141740
283448
388495
117645
612507
1.13495e+06
607998
189206
187788
19418.4
15113.1
489585
543685
605536
279209
197575
360029
147909
184149
113336
1.35877e+06
622015
25795.8
454517
452398
409878
372539
373540
407662
91151.3
105810
151099
119661
159866
162369
54104.3
129459
182232
106390
111729
111418
357845
10455.1
355131
34350.8
638073
1.11879e+06
1.01291e+06
974670
84416.2
150795
87621.6
55286.9
144977
129942
1.09552e+06
1.07201e+06
1.12605e+06
1.24019e+06
41580.3
183865
261921
259991
736517
345187
108486
107600
852288
913855
162818
47124.8
95052.7
150431
1.12587e+06
190761
1.26721e+06
52072.6
101481
100944
1.30914e+06
316447
949365
571216
552383
498159
514977
110134
527503
585375
652792
308413
222575
122745
101973
101723
611183
387770
679870
757467
338960
843482
290825
241899
657418
593058
733946
817988
390429
338926
293834
244730
179426
183075
886357
160360
74313.8
107909
99806.4
89263.4
600986
235314
1.00751e+06
173145
135364
633770
109769
135485
172813
406362
237614
976950
62291.1
1.08872e+06
1.13608e+06
619765
1.1088e+06
152077
1.12405e+06
1.07114e+06
1.09135e+06
94553.4
1.01458e+06
114854
118509
106818
1.071e+06
97712.9
618117
103531
110687
109949
119442
103326
98410.3
96721.1
101931
209302
139594
347252
313496
386917
814686
1.0748e+06
315867
1.22887e+06
971291
693264
130050
393333
353269
320594
143523
473487
159456
199723
63044.4
118294
655142
369347
430008
1.00872e+06
183556
830070
102490
134184
136923
246477
226079
284967
1.26467e+06
300312
351934
200598
1.04124e+06
1.03706e+06
104298
564146
118522
266531
135505
61874.4
59885.5
102498
257337
334820
642695
130730
681167
109559
140792
123024
103687
230469
255304
282649
334569
1.19976e+06
158575
670355
1.14524e+06
1.12992e+06
90541.5
146054
1.07866e+06
966617
104661
103894
97802.6
229824
301399
607073
139409
136440
379572
307055
341084
99038.3
1.01775e+06
107305
101457
171122
585905
99692.4
97716.5
110372
189092
190775
262340
264318
561196
564065
506942
504381
453603
456010
346805
340444
377433
385313
145056
136588
78188.3
109429
103669
969687
198418
182470
489649
1.06972e+06
613624
103965
126275
1.08276e+06
122207
113813
44771.9
1.23226e+06
745877
105267
95054.6
453836
1.11646e+06
1.04588e+06
99313.1
136116
1.18108e+06
120744
62844
145024
588886
1.23248e+06
117938
116400
141399
131524
254746
174105
1.04727e+06
1.04681e+06
74479.7
95992.9
65533.2
138646
99657.6
460800
449524
204648
201410
152468
157863
187976
1.19268e+06
111740
89152.9
843912
180629
179679
226487
227039
434839
444142
82742.6
101848
1.02029e+06
157128
180173
398663
190812
122761
172034
141942
121410
271729
300575
334156
419377
934308
573916
91733.8
89420.1
111652
81619.4
110130
125717
96644.4
80115.4
99581.1
84585.2
97735.9
178900
181179
170524
107250
927190
101685
107298
1.11187e+06
98829.8
120989
139542
1.06912e+06
1.00908e+06
338983
94122.8
117697
107040
109536
90876.9
970942
962684
81618.7
1.09839e+06
1.24404e+06
1.07858e+06
97821.1
1.22228e+06
662776
746637
709725
139112
99138.4
716291
995822
84933.8
95158.7
246547
997145
160019
476193
411946
767118
831565
178832
146911
420775
1.07464e+06
186598
581405
525387
427716
368434
82425.3
94516.2
487909
985138
222266
856342
616896
193616
247601
87233.6
116866
977379
858667
125586
800589
974953
1.00916e+06
212811
775358
697617
628722
100917
434287
1.06523e+06
301082
421240
97717.3
111009
228439
744035
143880
323913
373928
581221
516262
971703
468359
982175
746041
484758
481187
181214
1.29423e+06
419656
289821
805722
1.0806e+06
405518
170096
774033
159119
155445
125643
391988
180341
182477
234066
238144
568045
574357
1.01886e+06
205267
263604
510031
592553
657537
733424
349213
248653
1.28811e+06
11591.4
98316.5
97606
1.28398e+06
671576
699131
776116
1.11955e+06
438645
16955.5
163056
161836
14556.3
636619
462734
505544
585053
461310
625854
506351
593635
267456
100871
102822
235574
256672
22465.3
1.27783e+06
387298
104532
621291
121812
148534
646385
651240
1.08694e+06
235844
181902
151566
390001
431508
480745
586324
80297.3
550484
190840
551276
1.12231e+06
206358
162988
698185
195949
1.04615e+06
104017
92286.1
398821
502036
213314
183941
18778.4
182555
13270
1.14124e+06
306955
29816.1
9844.17
304626
100421
92784.7
338730
456186
336362
460979
145009
141664
110375
1.15343e+06
1.08254e+06
681760
196636
180364
94038
746943
999033
1.13808e+06
25063.6
131230
166372
220881
485470
436292
394224
102652
108102
980187
496700
1.05893e+06
107500
1.05417e+06
637409
455436
577128
508114
629498
454686
312948
158160
421070
205451
243379
769625
325802
446895
346091
9424.79
33401.6
343463
86736.6
1.14437e+06
114137
1.35512e+06
150287
203475
118094
109057
348069
214402
40827.7
395650
500071
105372
125192
1.3446e+06
112615
106708
1.08447e+06
180311
572106
531060
118189
1.11181e+06
167477
69553.6
627321
254416
192551
1.12685e+06
984501
222183
108661
99745.5
1.05492e+06
125743
108909
149063
123924
289736
98472.7
1.2172e+06
444236
403409
492990
89915.2
53303.8
164131
106805
104006
365579
351395
242976
483154
639491
9236.29
99212.2
98429
11696.2
105852
693626
411773
771152
859106
357287
952267
303639
247816
683681
758465
846526
941507
249827
418332
307955
362418
134035
642457
453209
514522
574747
628522
454152
786238
78712.8
72577.3
136478
380970
342152
310076
521132
201944
238454
269449
502248
140715
103022
92944.6
99031.4
782175
184777
144790
92666.2
571544
519256
79590.5
1.45821e+06
82221.4
197814
1.09268e+06
542458
105566
105771
254838
466945
1.17409e+06
582785
779531
487875
422146
660611
717936
96368.8
91863
102306
491315
78640.7
87028.4
120250
132782
277507
265283
96587.1
150497
266558
101428
10465.3
100661
15469.7
295097
114084
11621.8
113209
13873.5
1.1762e+06
181308
237559
489139
13370.8
120499
119621
18989.5
14581.7
135112
134117
17211.3
98189.2
211378
697558
1.44076e+06
1.16523e+06
907237
776669
745897
326878
148962
327223
585073
510122
1.14761e+06
788457
94734.3
565539
138146
1.18379e+06
375404
171921
115520
1.1506e+06
1.15826e+06
106961
438114
678140
113328
122245
574494
570123
24999.4
253662
10902.7
251743
22519.8
225937
11671.1
224226
102937
110537
879202
101718
9171.44
55154.2
726199
1.1009e+06
81981
85026.7
1.31016e+06
114232
136423
425691
256468
282322
198233
182654
654590
589845
586828
528009
528970
475964
202461
665003
1.06254e+06
488395
166550
220598
414779
465576
518760
159783
1.18834e+06
972458
161563
122580
123275
575481
435160
271426
885984
632983
484837
497562
613989
125857
700735
30459
1.03142e+06
108555
124805
276160
159943
284547
340359
449409
394055
713304
883182
794459
637476
282765
337676
895006
804213
390208
723076
447975
644791
468201
465316
336520
337504
9028.97
45591.8
781707
1.02668e+06
1.09246e+06
320867
406349
1.14573e+06
1.02355e+06
33891.2
248948
473528
469936
165935
580600
102679
95246.6
171785
742418
584902
421429
430957
375036
365387
213848
219714
1.14569e+06
9084.47
423891
420670
40744.8
1.0208e+06
286741
230588
774913
145378
304826
1.24151e+06
211254
20663.8
8160.05
209644
678196
189676
18495.3
8866.82
188232
129597
159332
336010
213946
106701
114640
1.20002e+06
1.08604e+06
589895
408047
103846
725348
626587
82917.9
1.13848e+06
92015.6
104994
1.07562e+06
108066
105172
103682
152234
1.48768e+06
464865
419670
651451
586702
464202
417996
596613
661445
140365
136000
668323
103854
98791.3
115647
101894
1.1682e+06
372780
373575
318453
282371
520863
80252.2
279412
279549
819436
184701
6393.29
38871.5
1.05421e+06
156923
180626
113225
715871
368698
314978
800102
105007
115426
135438
166437
153021
125136
1.1874e+06
1.11742e+06
100701
105864
752946
490387
260184
737703
258214
343668
1.47523e+06
401866
398829
113790
97074.2
158411
494495
102254
1.01289e+06
310370
456048
269492
506690
237513
565807
632208
200097
87250.6
102366
503949
379813
1.01466e+06
1.09883e+06
106175
34770.1
2458.34
518009
528851
1.32193e+06
315764
374782
187574
204240
225448
112225
1.23229e+06
706733
1.01829e+06
107272
245065
25232.2
393671
396173
1.15329e+06
140810
115110
100831
907848
106074
564399
1.04708e+06
1.06544e+06
317743
188881
153552
99262.1
1.1284e+06
721519
389815
384676
551963
566443
333703
337680
631981
614476
291649
295493
703662
684266
244044
246973
781483
760379
104331
107046
28902.4
572747
98747.9
1.11982e+06
100851
321807
272918
278848
380018
327959
373107
222089
225718
849061
869520
779779
762671
615931
683569
630650
699688
219763
226287
278351
269703
879705
859039
324482
793838
774152
316432
696189
713690
376136
366219
642476
626757
114312
152917
139063
127615
104283
121518
217973
761989
615853
682746
848194
399088
346143
93531.1
87827.9
824946
121264
571550
118658
1.25623e+06
679648
103018
696714
421449
775003
863205
367244
956526
312743
257198
685389
760139
848746
943877
259410
316272
427561
371042
940918
548364
224293
168989
146726
980041
658856
270223
204946
273302
99663.7
115991
100825
356121
6447.36
34061.6
353424
110169
110162
115871
119641
248101
137337
116532
1.13794e+06
233580
223946
295576
296749
541051
546305
106360
728988
464717
1.00971e+06
744336
307861
229605
107968
850098
835904
586742
981482
92472.2
89821.4
1.0074e+06
174306
125055
103037
87512.6
81466.3
132992
974269
116073
104295
309805
249980
519701
527120
620961
605314
218787
213792
285589
279867
921485
1.09958e+06
225830
266768
92504.7
110236
619017
1.04421e+06
106423
104548
588269
451047
108871
139921
180390
103710
99925.7
235101
216011
258845
237386
192660
211842
122414
120132
112744
131115
220919
100362
874978
1.07836e+06
47767.3
7504.72
129190
207889
282308
523245
84473.5
94532.7
105903
230815
223413
130207
161625
132519
165452
851075
649662
143058
92472
93901.2
89414
186158
191208
283802
312884
137048
117739
120149
142704
1.07286e+06
1.05982e+06
715137
385356
523191
383186
530354
323210
991422
1.00492e+06
192290
1.17448e+06
834722
138915
539322
290087
293241
264883
320838
235770
260510
920431
116838
85932.9
971008
1.15419e+06
1.19943e+06
1.07027e+06
18746
194700
4754.21
193217
556659
314402
471347
275860
523674
584536
239862
648597
204260
3027.39
44605.6
245399
250730
344902
351559
675260
733493
657104
753620
592191
609198
360995
399380
537890
594844
598251
662191
667228
737547
739782
818882
352749
392526
309934
342938
299390
268918
266783
296612
248161
226437
148077
583690
436632
106542
106683
96147
173246
220079
434567
116319
414424
455851
70124.2
65684.3
314102
1.17833e+06
285915
284539
680766
677040
213318
214204
1.00249e+06
1.00787e+06
126404
127875
664785
126203
438123
493028
548697
171090
141544
113741
130976
163878
121628
152126
339868
190625
449750
440031
502563
496430
539111
528368
598013
780625
188640
745397
1.08903e+06
739725
229012
252896
116228
619956
113156
106002
131788
116253
231536
153092
274397
214580
184740
811031
353484
240955
267262
295170
145759
123843
293905
259308
129947
1.05894e+06
487455
483765
1.01582e+06
1.14314e+06
376773
400356
395098
108861
685835
1.05274e+06
520380
104764
80560.1
1.33942e+06
215368
299588
672054
603189
543131
327581
742259
105502
499334
1.14212e+06
107313
57018.3
126579
1.0419e+06
130269
292912
263945
272892
549829
612424
680897
273121
192272
430485
444190
810044
850770
1.27011e+06
106048
54820.2
97883
506742
534895
457122
482341
435332
411619
723109
107690
137942
163236
174823
381529
113193
71940.9
270283
356434
700126
735609
246089
1.2262e+06
131898
166621
378499
895751
1.12328e+06
298194
1.11354e+06
328493
1.08791e+06
841082
834702
91530.3
366418
9419.24
61625.9
44011.4
61948.9
824890
106022
540079
389895
402968
200856
198959
163233
159587
94230.8
106035
114410
82530.5
104661
106716
1.11435e+06
293075
227381
575538
522485
562515
236671
133272
467143
483687
102749
297549
307663
357592
373801
61765.3
776960
133730
324699
357684
398661
140813
121095
217466
241473
263461
97785.4
123458
521366
610056
1.08313e+06
41309.7
7455.06
502022
116891
134290
250727
171147
721996
141072
342638
1.11641e+06
522751
205081
1.01384e+06
108972
1.31334e+06
688369
101846
118518
594.118
27537.8
292502
290294
974178
313188
244626
610066
1.06817e+06
116182
559929
102656
923833
126111
333384
301168
81462
103050
124569
77602.3
85312.3
143745
1.18439e+06
102233
92182.4
655989
651000
1.22625e+06
116634
76706.2
1.20497e+06
514122
1.21596e+06
588369
26064.5
1.18109e+06
955263
649166
924559
680169
130618
296444
108434
156378
136128
333118
711584
208365
215266
288008
297671
372660
382618
164076
96537.8
87224.1
100791
369716
366936
232103
230440
128230
130397
161655
129258
277157
303259
246419
100503
151622
1.30455e+06
752046
1.16711e+06
1.10393e+06
243414
178627
513544
415646
462177
916384
292857
664534
653378
365223
369440
739445
727207
809214
822519
321368
317531
914059
898153
269040
265867
220248
217321
262258
370834
270352
321367
363536
317957
813941
797321
719870
662365
735571
648175
396425
406424
814544
840391
339847
335315
693425
676309
545500
559883
623265
608540
1.04615e+06
89716.6
72722.1
74457.3
176001
184210
738159
1.32444e+06
359173
6874.18
80618.4
13815.7
80005.2
103317
682765
631406
445114
415313
703244
761443
782848
847280
363225
389023
870164
942157
313872
335235
261036
277598
676067
625174
750448
693499
837749
773917
930857
859211
449761
421539
393681
367418
339747
317567
260463
278672
493055
497926
553081
548035
255259
610496
605834
254255
180594
181551
177792
212570
196020
710812
1.3166e+06
297746
196742
560379
690807
621559
106557
172147
156359
105458
88730.4
969204
113026
120357
368519
393889
277092
204037
190408
258496
632602
667386
129532
328156
298084
267823
118809
110451
353837
335220
1.10692e+06
464904
277853
169740
311698
135555
121197
97289
450193
213597
219445
884939
908399
353468
319377
261323
94621.6
89941.4
508390
107525
138158
431589
428338
1.10402e+06
841384
179903
108189
89593.9
102518
614594
1.11295e+06
1.04216e+06
135254
474500
810617
1.18571e+06
1.08122e+06
100625
167002
486419
108905
582338
385009
217657
234441
290124
340349
391696
858793
772213
691629
623255
235621
284428
869327
335323
784259
384145
704455
633667
1.15783e+06
192693
188449
10105.3
63706.8
864678
846655
445574
454924
162166
759589
373518
660733
116310
117282
593801
408062
664093
354276
739114
821396
307724
257633
585712
655975
729886
812103
357362
409831
258945
310854
1.06136e+06
646782
145926
791863
171679
63948.6
435673
1.16834e+06
425973
114478
98897
1.0624e+06
1.07762e+06
108492
539980
224745
138788
84717.6
149440
89947.9
126435
82129.8
97411.3
106674
617053
614206
474932
483637
603763
1.20334e+06
870793
367396
267462
990691
603799
1.51722e+06
92371.8
105637
151548
130321
136002
101788
715294
644604
577765
222930
519168
264411
304190
348123
849398
2320.73
42037.9
20504.2
44381.6
57948.8
365618
610080
422625
681737
367634
758690
843496
320083
267556
832684
602031
750490
674492
370367
269188
322240
424482
731202
780549
568325
124549
147341
589034
107515
817374
310051
128613
158434
1.22992e+06
163406
479231
98619.4
444709
460356
353418
360840
482798
152941
770199
456486
446514
355740
369188
899628
93252.7
124258
114172
458803
468114
443557
423972
518182
1.31333e+06
155959
410139
454401
369198
210958
414555
174591
145216
892791
980242
830814
118460
58794
1.1049e+06
122859
114920
1.07023e+06
84503.6
10350.9
85147.4
7202.63
463601
159681
196543
339138
923169
99771.2
101188
70919.8
91752.3
775867
154087
14613.4
155270
4618.18
92761.8
569221
521964
998410
218311
1.08404e+06
106698
788060
1.09545e+06
474033
119036
748684
107698
392940
605399
748663
671240
832902
337539
388643
1.01194e+06
108165
235353
658243
309416
1.21535e+06
90845.8
111458
112870
491478
35505.4
259041
107228
100461
841147
117312
998847
343047
557364
1.23176e+06
138458
333552
367883
410066
521316
429243
214567
165998
213805
89964.4
134638
157111
146256
52595.8
231589
111383
1.04481e+06
81218.4
209305
126616
109813
214207
138033
529951
98754.7
91455.7
386804
422375
101000
101505
1.05943e+06
1.06259e+06
99848.3
127910
106396
137098
110612
101281
491904
529929
573475
603984
1.14286e+06
649777
342054
263595
611080
128549
446111
551484
495988
187531
257927
91571.3
236002
1.41482e+06
381475
608163
218007
92802.1
605541
1.2082e+06
233365
215477
419641
399089
1.06294e+06
1.40118e+06
1.31265e+06
414481
422177
1.01547e+06
555061
536728
1.04846e+06
120784
100109
1.26863e+06
98317.3
102119
102074
95538.6
91921.5
116671
153273
104851
148352
45013.6
107338
86905.4
89988
1.00649e+06
111207
126164
110530
135530
148466
103878
166895
108798
142122
169568
335546
205473
49631.6
126723
166411
181208
121313
110069
140866
128271
275273
258713
684683
339795
197188
157772
132350
318260
351515
391576
477034
1.05761e+06
1.13003e+06
125772
131459
90575.5
100458
94615.2
110261
117213
126670
142366
996018
116453
1.50307e+06
1.154e+06
107246
83726.5
113120
81430.1
120940
88879.6
84952.1
96651.8
1.22762e+06
144275
125549
253108
276600
227935
104985
1.00935e+06
994029
917731
233867
986505
385225
1.10922e+06
141982
105095
102376
104563
107547
466171
152367
189635
707726
122757
114375
200761
203632
839246
859698
728823
1.18662e+06
837602
873964
481435
77214.1
831246
1.2324e+06
1.3115e+06
989257
417559
423407
309461
319995
70737.8
331992
302270
272158
128155
159003
549414
416967
476032
107804
73300.1
589894
385644
1.0225e+06
89480.9
71080.4
176033
101538
1.1188e+06
139634
903732
408418
386202
328384
343139
1.10228e+06
103352
103257
97137.3
910855
584463
281964
212911
261601
320075
372792
428974
930689
836636
749071
675358
260418
316062
945471
369630
852422
765239
423752
687557
997477
106931
742312
66726.1
316758
686082
240335
677500
120910
1.21563e+06
473545
364637
91205.7
166646
109599
66175.3
1.41932e+06
490761
496540
165023
1.15182e+06
202277
16511.9
172671
171353
6778.6
97349.6
38171
1.07978e+06
355797
424731
256090
305586
240367
246011
117029
127356
115910
131352
1.08592e+06
8750.74
59260.8
98727.2
481049
240300
188667
120647
109820
98769.5
101236
1.40769e+06
100163
1.02055e+06
72218.3
663308
99015.7
1.21067e+06
1.34269e+06
148012
190564
102149
539958
379620
344340
307942
103033
149258
152219
100189
109422
1.28026e+06
497637
548180
59001.3
8722.65
66592.1
6241.6
303249
300942
28894.7
716370
988796
66563.9
183549
614497
1.20745e+06
267111
292036
266680
238443
123558
438483
339814
129515
692660
400604
787861
1.00833e+06
188744
150884
370142
213281
820935
106009
541340
620126
224030
257762
194865
172416
236351
287257
338512
390655
860017
693229
773486
624805
233205
282405
867115
782615
332495
703492
381465
632868
100520
244417
302015
227504
282707
362905
415705
340215
390530
986810
799608
889891
934405
843573
758743
720521
683305
245908
230586
282232
300636
937815
996991
334634
357329
848498
901791
761984
808903
387365
414911
685337
727982
326020
405596
813011
57786.5
110843
1.11181e+06
345537
333294
1.07195e+06
1.16898e+06
883992
1.31749e+06
111106
162956
146288
1.08498e+06
85132.6
21375
108367
115485
199556
167286
184484
342460
417623
4805.88
51880
22545.3
52965.7
123759
996727
931971
155797
194533
365632
1.07388e+06
665294
158697
160567
159337
15654.1
9686.53
1.10205e+06
200943
323871
280212
679571
492041
608444
546426
1.12488e+06
484782
423869
1.21542e+06
248181
117480
118604
743335
670569
601479
540520
230290
271980
358744
314507
248874
767905
1.10676e+06
103995
665184
882706
184294
712695
369452
275649
433722
335215
130687
142830
662904
363318
130265
938506
480122
523057
913181
325796
1.08299e+06
108824
534827
530771
330616
380724
161012
170789
142153
145809
58100.2
1.18366e+06
99468.3
941537
896199
232045
130508
1.21655e+06
191785
491724
554464
870497
1.20581e+06
427941
329487
465849
464384
195718
202303
163852
156485
137012
168249
311966
283938
254647
657747
730365
814974
905775
275141
335668
443624
387867
275149
916608
331639
824297
384070
740618
439234
663950
804720
1.43967e+06
96771.4
180895
121590
136845
319355
120673
228216
209078
187128
974382
1.15108e+06
865268
67355.1
962660
1.03935e+06
574772
539345
549278
505416
100737
1.00405e+06
307469
727728
722205
112762
375366
986087
552062
547210
174242
901124
643093
778659
199044
165492
970601
183969
809080
345596
251491
104697
645218
153553
206171
240606
60972.5
1.16095e+06
123532
637805
100936
104271
632949
106165
250985
1.44459e+06
76400.8
682187
104395
556019
900806
819358
1.3027e+06
137869
166808
282808
126630
267070
242426
218516
8432.4
51282.3
103845
87542.3
450820
625929
120314
1.35464e+06
98809.1
94425
527942
572169
1.00544e+06
510130
540878
971381
5277.43
304449
29394.4
302132
920760
474157
209844
529081
907284
220987
347154
165099
133906
1.17485e+06
790514
744470
1.15432e+06
50917.4
162622
15834.6
161375
7961.05
120026
114924
229337
185170
210071
203581
167563
189255
1.14762e+06
168344
150433
167169
206760
234590
487128
557816
443339
505943
399311
455246
1.17322e+06
548947
609064
679405
321443
229835
313858
86030
88632.8
101647
694657
291489
251825
536282
614482
224723
194161
109191
102758
96718.7
976337
551551
518126
579409
500003
214465
225558
993593
950741
781392
107385
108342
462673
418710
513216
559006
218579
933127
170091
8242.92
70843.3
70085.5
154125
186286
351486
215517
21736.7
95517.2
1.09459e+06
1.11032e+06
1.2871e+06
1.42617e+06
256998
315770
369935
425869
941978
847019
758427
683710
256834
311016
952188
366516
859138
770966
419644
692985
1.19059e+06
1.2244e+06
880838
107908
135277
1.0609e+06
1.13538e+06
1.11989e+06
1.05596e+06
105475
111011
115012
125196
156288
119259
138533
360237
277691
212444
184803
684170
1.11706e+06
128837
116169
46655.7
105278
86858
1.20463e+06
86132.8
89427.6
412107
528287
325649
4145.4
30715.8
323182
94516.4
322338
244947
625610
106407
102816
186603
988018
379806
104903
139945
15276
138927
19793
315408
238046
670240
241455
1.23004e+06
1.43145e+06
719701
404868
799902
891550
348936
986230
293183
238084
353706
405959
235755
293676
975650
710721
878477
789261
188314
150954
358534
436570
941410
100416
114039
181338
54839.8
332835
141335
117618
103553
52110.3
906835
143053
89048.4
92155.2
138208
170212
315537
99279.5
109975
108063
102890
138049
173501
158791
181369
725902
102274
129097
7469.71
367543
364757
35414.7
992931
533337
566721
1.01295e+06
187614
308347
504982
301333
164153
104356
99110.4
79836.7
73128.5
79979.6
91220.9
224722
710220
640371
266310
574381
304829
515664
350175
237463
140422
175773
380002
349467
91414.4
147632
119320
25969.5
263612
12319.4
261619
347669
632074
612540
168201
109174
106867
605102
101194
26471.9
483138
111625
483972
1.03888e+06
232858
464147
514410
572394
255776
188259
1.10179e+06
176014
113522
98710.6
102645
752575
306892
334824
372306
131299
202640
1.18639e+06
297828
359484
1.30153e+06
895736
160383
134490
178828
253909
328309
514145
595011
351977
31258.7
293340
35141.3
875354
613143
194589
196079
10092.7
19417.5
83107.4
76591.3
943730
982804
93848.6
375790
22747.8
9040.65
232126
233904
970932
853273
687541
739139
388212
410266
764544
821224
851337
915352
336421
352770
941994
1.01264e+06
296275
281431
239665
230958
728409
808928
900358
756043
681018
841298
282101
297335
358468
411103
389224
339291
222023
999920
521540
575506
118829
166967
153539
516580
397494
439868
489346
220865
165259
249747
1.29263e+06
349873
88782
691911
109502
578647
539827
223945
1.0372e+06
1.30336e+06
202211
222191
307040
354940
755818
677378
607568
547925
987509
93526.3
79719.7
1.09584e+06
81526.9
82044.1
9867.99
492847
489110
46936
90055.5
123179
303582
273622
12957.1
124690
123749
14683.2
80241.7
74110.5
314049
346804
385958
466029
182020
144577
122777
105228
11300.9
17153.7
104460
1.014e+06
1.1523e+06
72573.2
703163
114981
85811.8
84647.2
577158
558607
1.04565e+06
88577.3
101290
102900
150920
1.0645e+06
728736
124564
133858
138574
132133
107823
745261
780412
213710
584327
282614
96899.2
324980
206731
214728
224301
1.02624e+06
953701
535079
495952
546086
585887
111700
97540.4
107284
383722
313877
350129
293986
205747
167059
420840
262737
1.03984e+06
93468.3
102029
1.03443e+06
709135
92933.8
110273
150983
142377
130543
162484
138976
152920
98169
103603
876323
792849
526737
518278
543938
928698
608246
134864
172016
213725
414496
240158
104403
1.06242e+06
97216.1
88853.9
124377
1.0514e+06
957032
215006
362704
156167
125372
1.09678e+06
633302
196388
153732
325390
219803
138592
124121
119794
112113
277472
977462
242298
264038
170383
154542
216806
184729
121607
118559
1.49949e+06
440684
351029
278628
107254
1.10282e+06
545217
258115
739907
342710
397670
641008
342729
264812
538735
51287.3
357582
209050
297927
269232
243744
132511
70015.6
448648
88180.4
95091.6
802282
237354
343682
291933
396574
889180
799574
716382
645571
235299
287078
899943
338061
810566
728205
389459
655158
932831
932727
921132
1.48576e+06
665089
96556.1
767839
376849
578910
106963
110422
826670
84598.8
91705.2
7093.33
53544.6
440716
354206
667535
91854.9
319202
728839
1.51346e+06
308137
852106
322501
83975.1
52066.6
122301
140018
195386
336249
1.3396e+06
223900
798349
322380
717739
645264
66124
70640.1
142991
1.36208e+06
1.00203e+06
227014
937209
238330
44001.1
662902
124730
312623
750340
232858
196156
209954
1.12215e+06
103694
382524
262329
1.4998e+06
122602
218489
116835
907992
106567
119220
107916
142072
127139
210614
210225
157132
906463
103334
156898
145111
172166
119059
113281
131262
484056
1.30788e+06
107745
454555
503525
559537
245757
179726
669688
324053
108716
98037.8
87046.7
120959
90589.4
128476
142917
174323
106730
188443
525772
1.05835e+06
273270
882570
371214
99478.1
789429
213625
203000
201714
718987
143560
583890
602930
181112
245560
557791
501761
452801
895332
87367.8
101092
542773
604195
670427
271115
190437
601812
889633
8000.56
56032.8
145244
626160
91868
88442.7
1.25801e+06
300252
250068
100979
314082
217941
267212
362815
585112
806262
649338
724694
215598
261150
818610
736067
662224
307962
596261
354453
287942
299643
103357
55866.1
100979
101056
62818.6
620337
165748
63836.1
7956.46
331298
138859
63887.8
980879
1.13441e+06
98481.3
1.21971e+06
785755
139525
145147
110666
791377
80275
88302.7
411499
338915
1.32378e+06
1.14406e+06
104705
99042.7
79511.9
12313.5
112128
111311
18028.9
13772.3
129413
128455
15902.4
99020.2
341055
678668
254947
553560
558477
1.24577e+06
208782
105696
107319
95923.5
987064
1.16147e+06
23805.7
242352
9968.67
240514
20853.1
210433
10902
208840
162936
92970.6
102768
304339
327734
422643
390510
104062
101835
43779.8
8292.33
1.12503e+06
215688
924949
28284.9
454292
450848
1.19995e+06
107923
8332.5
396331
393334
37810
32599
195349
158827
147487
173641
183606
93656.3
94629.3
96477.1
1.25942e+06
102847
623462
693611
771165
310661
216365
794588
274790
119746
539323
794728
1.19249e+06
94125.6
95061.2
144192
923065
1.04204e+06
358975
853427
265087
80856.8
200003
274113
605790
542906
489190
116241
890514
324299
269233
98883.4
916428
1.14045e+06
278534
352466
260669
1.16201e+06
1.36608e+06
117410
901025
47320.6
800312
75240.6
87378
93630.2
154159
115935
104690
302505
275592
472397
111253
1.35562e+06
364925
9847.45
108671
107833
9878.24
91288.3
220770
137144
110580
107561
894507
916560
741212
597836
233674
303234
417355
351709
326081
305544
136040
143934
152449
162243
380528
77012.3
625153
491429
487642
617634
73094.6
183458
1.07848e+06
738215
107411
661926
840964
162161
395736
279452
205660
745948
1.11728e+06
97544.2
234695
232268
110823
106397
146241
154328
850740
163979
499852
255492
199010
499727
618416
554725
289494
207190
103171
109549
192088
397551
154860
82847.2
492560
541128
1.0813e+06
1.04258e+06
113515
106721
100346
957916
784520
778410
139199
151394
163504
111070
350941
198341
108765
100828
251204
306083
355011
408470
886915
797386
714407
644124
301977
249586
354225
906342
405982
818187
734918
660769
816703
1.17731e+06
171017
93329
125047
135695
258234
100764
88055.9
89469.4
1.16802e+06
104286
122060
1.00898e+06
205184
101633
377149
331700
614590
256405
193456
1.00005e+06
728194
122085
168408
193248
110061
96338.4
513731
84539
102242
310407
220067
595674
664756
537016
190478
356683
737278
81934.3
155173
132003
257172
205954
112573
127071
152300
308254
199547
88643.2
89741.7
173333
997877
128041
153660
541402
165316
485917
434988
213721
269318
399190
610762
635387
116300
122009
88809.1
99901.7
661305
200368
265012
56639.4
230825
87935.4
358681
875376
262511
158091
132538
89258.7
183269
109517
108996
97420
113244
121803
102568
129654
109083
90417.8
909505
70297.5
69618.2
7347.34
94839.5
686688
504659
353898
108751
99416.3
104467
120260
131819
115128
235117
222424
197136
207791
569438
93923.2
306291
324783
103126
123629
203507
217451
390299
263308
516939
507787
298447
233098
167002
450403
500506
552469
487826
548513
95891.1
313551
316179
915671
367606
261987
193109
174990
143532
337471
67297.5
401462
113323
122746
111743
204994
223474
245988
106856
473214
469667
144882
123651
124231
115523
185837
211227
184071
111667
120595
193603
201500
175947
182208
161076
167056
103072
478006
570215
153385
115233
721606
1.22978e+06
707166
651816
467590
519260
591898
642290
466891
75561.8
77574.3
106930
6548.83
45318.9
111249
142751
96507.7
475194
194252
325586
144677
118466
803748
775081
467423
225179
175709
117867
142713
322111
189836
326719
1.30493e+06
130388
102309
175401
207984
191221
97693.5
127423
871413
529497
530453
132070
123149
115784
98162.3
50038
522672
416986
478153
450218
174564
141346
321483
100059
92325.9
112220
118218
402575
116348
138206
227458
130931
158797
293202
98698.9
102573
790004
216227
762827
515597
242942
561957
502437
452949
176255
133818
150085
322560
527116
146937
106238
111410
117648
112999
236501
254234
153342
159204
113752
111304
190388
210767
176265
194153
176325
160139
165728
115290
138325
385849
261571
321573
289039
392260
340266
817095
102581
259075
609919
545604
492108
184172
376369
625600
121766
380489
197336
268268
829415
636700
103974
84198.9
288775
299754
158656
105231
294434
109823
163012
331992
501615
290785
557708
622512
252487
692705
213795
164440
208744
212837
168385
412324
412879
132716
124262
322761
369887
406996
559547
513855
521220
566288
371289
406106
730406
98374.9
276045
95766.2
135068
144028
1.09308e+06
116952
232284
91611.7
94735.1
210467
167951
505478
642953
381386
268282
197416
298241
1.07625e+06
209566
161129
172614
922585
912203
481265
566843
107678
443347
491947
549044
168794
233205
230410
77810.1
85688.4
111028
103529
356490
146471
1.05499e+06
227961
121217
956574
918668
1.14701e+06
505447
567728
95873.9
84362.3
100874
107187
115377
109240
195379
178453
164966
89518.1
183536
247729
515594
417161
464294
148679
1.17085e+06
977483
1.05943e+06
94334.4
125117
109491
114240
965232
225725
119195
250490
958057
756757
534998
107095
86764.1
98491.6
98866.1
96260.9
102307
107485
114089
115359
101163
1.10917e+06
256505
191635
234632
152927
95428.3
94517
117792
131393
113930
107178
182392
830506
651903
1.04362e+06
229955
596279
362150
662391
315166
736419
821484
268371
323570
222001
275868
373089
734142
816038
657876
592815
222689
837774
163427
106389
113869
74730.2
1.18151e+06
104393
88685.3
952686
723784
754617
164973
170033
828229
639681
103474
97247.5
103326
661162
573075
104053
98734.2
223673
135460
761603
273789
359947
272360
565505
286157
313695
97496.4
101207
1.08608e+06
91676.7
1.05568e+06
1.03167e+06
143681
598985
528882
111310
128150
104418
103697
530260
587832
921169
594451
144825
455862
409017
369288
105158
349813
297915
302396
623874
620087
556470
481852
461982
150740
178785
138687
190694
365478
358349
705553
563141
245250
326377
277223
508156
482521
563824
627698
536009
596026
305553
289280
211863
223647
309436
306800
128573
141405
157815
140157
773300
448077
949492
239612
402453
139232
945377
56646.3
57822.2
5926.56
110564
114135
422031
101827
175066
226989
555993
103870
412215
261627
425610
488456
6367.81
51982.4
127394
497509
116293
245204
223169
201737
272095
260362
417349
469399
1.13235e+06
400414
413694
99911.9
132093
125081
76775.7
171611
141238
118781
282820
312914
347776
422064
251369
1.10396e+06
725622
246717
329641
95464.1
132226
132030
1.25553e+06
100458
154554
141012
122265
104741
102289
116502
106715
241875
163528
113000
1.17295e+06
407694
137457
115955
244014
543634
74962.5
295700
102524
102433
384495
700797
350050
348897
97679.9
587923
437089
223153
304200
733748
881805
592621
480394
534268
391797
132286
139002
256963
186047
1.07989e+06
1.22445e+06
1.16016e+06
108132
1.0038e+06
1.09869e+06
462572
107464
229311
635328
595253
570430
663246
513867
536296
305398
222360
315939
166574
78025.6
86427.6
746256
91439.4
96898.5
299801
275337
129656
156079
96234.7
104901
94831.1
1.09183e+06
96482.6
150032
102354
160357
349663
290863
705466
700160
101230
108665
121381
87136.1
88865.4
94001
843187
1.10724e+06
113997
120591
120097
122789
553572
615724
316933
686679
231497
82875.2
453879
513974
133376
775147
786914
212879
116142
135609
579993
774438
160167
117890
115624
263071
229347
105506
105899
389196
442590
485975
346513
1.20276e+06
98623.4
109566
165272
152580
241090
150301
367601
322732
108513
201801
258025
483169
196115
466449
363478
242761
149925
106849
108535
117364
303950
235978
577497
100718
108957
661863
188196
225130
101882
84270.3
108623
526436
240534
85758.1
107824
143398
100415
110530
834712
574782
460296
444937
572744
163169
207225
129296
256367
346948
171066
145525
126656
123318
500135
1.11873e+06
742396
328562
103565
855513
1.137e+06
74654.2
109760
128090
638315
992296
781103
119770
102710
100623
99772.6
98753.5
695328
118730
542200
390111
123865
102626
111256
1.12016e+06
1.06223e+06
713028
1.12682e+06
92917
104979
104250
97190
98763.9
71714.7
117534
152923
108872
954199
813991
103047
102277
108103
98977.2
123768
110787
178390
188658
112727
234278
104221
408738
380196
714911
1.12521e+06
104273
103583
210068
163034
148128
190416
175381
136199
94279.5
96727.4
85921.8
568836
1.15633e+06
764692
367553
291547
330235
765950
86491.5
544473
143461
154257
104423
110391
103382
83459.7
79152.5
82875.8
99400.1
399197
105475
103409
103482
448827
880139
708998
1.13854e+06
935079
110605
113869
119443
961651
181856
109356
620915
140047
1.02134e+06
125966
610599
206098
180542
160805
151297
138058
324464
342465
207214
197535
759545
144031
115374
133546
114788
234107
285898
102262
103491
95201.6
98448
1.03653e+06
709802
365177
357696
332014
757821
407190
104936
169916
144709
157477
638065
95114.8
104664
209449
83530
1.15294e+06
127496
153649
247090
139679
108840
88460.7
158450
119724
614911
84819.3
605000
221376
173170
953340
95406.5
89714.6
129931
139333
149468
133355
107183
103576
313342
146497
93256.1
99143
97952
104208
82062.7
90203.3
85375.6
443547
104629
448259
760583
106697
105266
105239
1.07441e+06
59076.8
6838.77
60123.7
99921.3
118628
1.14831e+06
809473
90211.9
113442
101865
100743
444515
107398
135509
591289
594961
107350
80935.6
118008
127930
138390
148462
108079
174474
103053
431109
)
;

boundaryField
{
    frontAndBack
    {
        type            empty;
    }
    topAndBottom
    {
        type            calculated;
        value           nonuniform List<scalar> 
452
(
1.03914e+06
30429.7
1.11533e+06
81023.7
1.20818e+06
1.22e+06
197377
1.0201e+06
1.17882e+06
276970
386055
333293
440753
886627
797734
715533
643345
275037
330601
897871
807572
382147
725914
438735
649624
538239
544965
47581.4
1.2681e+06
1.19252e+06
126376
220328
1.19134e+06
622522
459655
491770
581035
616217
460146
497104
591813
1.105e+06
72005.4
1.13918e+06
133341
106211
791510
797509
1.28932e+06
695620
406586
773176
861503
350305
953907
299138
241110
687252
762463
946109
850202
241596
354359
409521
300462
1.15005e+06
1.29139e+06
51763.7
99444
1.29956e+06
61046.6
1.08666e+06
1.10602e+06
75531.8
203289
1.24483e+06
145587
41520.8
112941
1.29587e+06
73117.2
60798
106279
1.26632e+06
38661.1
46220
1.23812e+06
1.31265e+06
30097.7
155765
611534
483865
476429
606083
269797
328835
381368
437403
906885
815384
730232
658058
269385
324687
918888
826338
377117
742191
430603
666110
591795
485886
620984
468784
8719.29
98846
98092.5
8248.29
1.04544e+06
121623
204835
1.02177e+06
562357
528293
214714
1.01233e+06
1.11333e+06
1.15116e+06
1.2361e+06
1.02149e+06
555283
545964
267516
326008
375502
431519
917180
824380
738150
665348
266238
321102
936276
842740
375584
756391
428730
679080
705408
402847
783953
873667
346801
965774
294064
236753
294435
405081
351654
697877
862402
958220
774533
235765
12202.3
69772.6
69054.8
5503.52
346177
398135
287436
878467
710250
789170
230999
287111
985326
891111
342356
799849
397091
719545
232062
975306
1.2448e+06
46697.7
1.18208e+06
1.14303e+06
1.16966e+06
1.29445e+06
227154
983440
615458
468820
494223
601521
174060
16484.3
3504.84
172735
1.30457e+06
164912
113059
69487.6
993706
1.11818e+06
369264
366511
173280
35083.5
860.654
1.09631e+06
27030.2
38451.8
64926.1
226122
1.10166e+06
166176
84438.5
1.3088e+06
217824
1.19681e+06
1.08117e+06
679844
684861
1.09449e+06
89047.7
1.25377e+06
55195.5
1.2879e+06
1.30596e+06
153506
162552
1.27288e+06
123272
174396
1.23224e+06
200701
1.04462e+06
135864
78036.3
43950.9
1.23522e+06
1.18709e+06
1.05103e+06
180172
160338
100861
583205
517697
484628
481057
638178
463836
506778
586337
462646
627622
508408
595819
191712
197144
1.05189e+06
213784
196408
1.14223e+06
1.06258e+06
638955
457049
578998
509185
630998
456401
1.13223e+06
1.22204e+06
695656
413373
773484
861843
358728
955278
304955
248908
686021
761053
849427
944741
250618
419400
309098
363365
134253
645270
454842
516796
577111
631848
455812
573488
520694
587980
513032
1.16237e+06
1.19183e+06
285711
341814
451164
395646
715952
886471
797459
640038
283912
339089
898405
807239
391804
725816
449738
647217
91961.1
147051
983133
975932
1.08343e+06
192991
1.07392e+06
1.06204e+06
56942
1.22973e+06
526.728
27830.4
294574
292349
1.07089e+06
151546
1.30857e+06
1.32087e+06
170513
180388
616236
476904
484476
605229
2303.6
42141.1
20727.9
44518.7
1.31729e+06
85009.1
10406.9
85656.7
7243.37
154741
14684.4
155930
4641.01
571396
524057
1.0037e+06
218971
35737.9
89959
128948
1.21205e+06
1.01933e+06
558137
538927
1.27141e+06
45266.3
906022
913147
262746
321049
373927
430330
933110
838845
750983
677093
261306
317110
948045
370855
854737
767293
425054
689369
66242.7
37730
102083
1.28321e+06
183696
1.20809e+06
659169
731998
816759
907804
275679
336348
444505
388763
275689
918595
332374
826070
384902
742242
440225
665381
67253.3
553492
548474
1.3081e+06
1.17819e+06
170463
1.09683e+06
1.11276e+06
46722
721226
405568
801567
893455
349391
988334
293749
238270
354343
406729
236134
294241
977691
712114
880272
790834
534995
567977
1.01577e+06
119393
202921
1.18927e+06
134505
515380
596316
222117
1.00243e+06
523083
576835
1.29544e+06
109699
1.30615e+06
1.15454e+06
)
;
    }
    right
    {
        type            calculated;
        value           nonuniform List<scalar> 
20
(
88792.2
90226.3
86346.6
93023.8
93394.9
88348.6
88350.3
87847.4
90864.5
86785.7
87390.2
91727.8
86093.3
93865.2
89287.1
91597.9
92574.4
86164.9
92371.9
89562
)
;
    }
    left
    {
        type            calculated;
        value           nonuniform List<scalar> 
120
(
87320.5
11241.8
86709.6
1.45441e+06
1.44245e+06
633626
881193
1.3928e+06
1.40346e+06
55321.3
13621.2
119467
118619
22830.9
17371.3
164932
163710
17352
311756
30209.4
11308.5
309396
224612
22517.1
13696.9
222918
30172.1
41124.7
9899.16
54943.4
574764
570407
424259
10119.9
40369.8
421042
619195
1.04192e+06
1.41365e+06
1.40229e+06
1.2132e+06
1.20399e+06
1.04989e+06
625980
10617.8
75000.9
75353.9
693596
1.34491e+06
689974
101823
12273.5
101140
191083
189652
19606.8
15259.8
1.35987e+06
26031.8
361386
10553
358647
34671
47555.9
1.13617e+06
1.12444e+06
937358
930206
743438
745454
806401
1.29375e+06
1.28355e+06
1.36283e+06
1.35205e+06
1.46139e+06
1.44326e+06
1.03524e+06
1.02732e+06
1.49275e+06
1.48004e+06
1.13181e+06
1.12318e+06
748934
743233
843844
837440
659133
654119
10173.6
64139.3
64446.5
1.51775e+06
1.50351e+06
1.2108e+06
812006
975488
1.28797e+06
1.22414e+06
987880
141049
15395.7
140023
19950.4
26172.2
265760
12415.8
263751
1.30209e+06
35373.5
9937.36
496444
492679
47250.9
1.50007e+06
1.4865e+06
665325
1.51554e+06
1.5017e+06
906717
)
;
    }
}


// ************************************************************************* //
