/*--------------------------------*- C++ -*----------------------------------*\
| =========                 |                                                 |
| \\      /  F ield         | OpenFOAM: The Open Source CFD Toolbox           |
|  \\    /   O peration     | Version:  2.3.1                                 |
|   \\  /    A nd           | Web:      www.OpenFOAM.org                      |
|    \\/     M anipulation  |                                                 |
\*---------------------------------------------------------------------------*/
FoamFile
{
    version     2.0;
    format      ascii;
    class       labelList;
    note        "nPoints: 18642 nCells: 9100 nFaces: 36620 nInternalFaces: 17980";
    location    "constant/polyMesh";
    object      neighbour;
}
// * * * * * * * * * * * * * * * * * * * * * * * * * * * * * * * * * * * * * //


17980
(
1
60
3540
2
61
3541
3
62
3542
4
63
3543
5
64
3544
6
65
3545
7
66
3546
8
67
3547
9
68
3548
10
69
3549
11
70
3550
12
71
3551
13
72
3552
14
73
3553
15
74
3554
16
75
3555
17
76
3556
18
77
3557
19
78
3558
20
79
3559
21
80
3560
22
81
3561
23
82
3562
24
83
3563
25
84
3564
26
85
3565
27
86
3566
28
87
3567
29
88
3568
30
89
3569
31
90
3570
32
91
3571
33
92
3572
34
93
3573
35
94
3574
36
95
3575
37
96
3576
38
97
3577
39
98
3578
40
99
3579
41
100
3580
42
101
3581
43
102
3582
44
103
3583
45
104
3584
46
105
3585
47
106
3586
48
107
3587
49
108
3588
50
109
3589
51
110
3590
52
111
3591
53
112
3592
54
113
3593
55
114
3594
56
115
3595
57
116
3596
58
117
3597
59
118
3598
119
3599
7629
61
120
62
121
63
122
64
123
65
124
66
125
67
126
68
127
69
128
70
129
71
130
72
131
73
132
74
133
75
134
76
135
77
136
78
137
79
138
80
139
81
140
82
141
83
142
84
143
85
144
86
145
87
146
88
147
89
148
90
149
91
150
92
151
93
152
94
153
95
154
96
155
97
156
98
157
99
158
100
159
101
160
102
161
103
162
104
163
105
164
106
165
107
166
108
167
109
168
110
169
111
170
112
171
113
172
114
173
115
174
116
175
117
176
118
177
119
178
179
7628
121
180
122
181
123
182
124
183
125
184
126
185
127
186
128
187
129
188
130
189
131
190
132
191
133
192
134
193
135
194
136
195
137
196
138
197
139
198
140
199
141
200
142
201
143
202
144
203
145
204
146
205
147
206
148
207
149
208
150
209
151
210
152
211
153
212
154
213
155
214
156
215
157
216
158
217
159
218
160
219
161
220
162
221
163
222
164
223
165
224
166
225
167
226
168
227
169
228
170
229
171
230
172
231
173
232
174
233
175
234
176
235
177
236
178
237
179
238
239
7627
181
240
182
241
183
242
184
243
185
244
186
245
187
246
188
247
189
248
190
249
191
250
192
251
193
252
194
253
195
254
196
255
197
256
198
257
199
258
200
259
201
260
202
261
203
262
204
263
205
264
206
265
207
266
208
267
209
268
210
269
211
270
212
271
213
272
214
273
215
274
216
275
217
276
218
277
219
278
220
279
221
280
222
281
223
282
224
283
225
284
226
285
227
286
228
287
229
288
230
289
231
290
232
291
233
292
234
293
235
294
236
295
237
296
238
297
239
298
299
7626
241
300
242
301
243
302
244
303
245
304
246
305
247
306
248
307
249
308
250
309
251
310
252
311
253
312
254
313
255
314
256
315
257
316
258
317
259
318
260
319
261
320
262
321
263
322
264
323
265
324
266
325
267
326
268
327
269
328
270
329
271
330
272
331
273
332
274
333
275
334
276
335
277
336
278
337
279
338
280
339
281
340
282
341
283
342
284
343
285
344
286
345
287
346
288
347
289
348
290
349
291
350
292
351
293
352
294
353
295
354
296
355
297
356
298
357
299
358
359
7625
301
360
302
361
303
362
304
363
305
364
306
365
307
366
308
367
309
368
310
369
311
370
312
371
313
372
314
373
315
374
316
375
317
376
318
377
319
378
320
379
321
380
322
381
323
382
324
383
325
384
326
385
327
386
328
387
329
388
330
389
331
390
332
391
333
392
334
393
335
394
336
395
337
396
338
397
339
398
340
399
341
400
342
401
343
402
344
403
345
404
346
405
347
406
348
407
349
408
350
409
351
410
352
411
353
412
354
413
355
414
356
415
357
416
358
417
359
418
419
7624
361
420
362
421
363
422
364
423
365
424
366
425
367
426
368
427
369
428
370
429
371
430
372
431
373
432
374
433
375
434
376
435
377
436
378
437
379
438
380
439
381
440
382
441
383
442
384
443
385
444
386
445
387
446
388
447
389
448
390
449
391
450
392
451
393
452
394
453
395
454
396
455
397
456
398
457
399
458
400
459
401
460
402
461
403
462
404
463
405
464
406
465
407
466
408
467
409
468
410
469
411
470
412
471
413
472
414
473
415
474
416
475
417
476
418
477
419
478
479
7623
421
480
422
481
423
482
424
483
425
484
426
485
427
486
428
487
429
488
430
489
431
490
432
491
433
492
434
493
435
494
436
495
437
496
438
497
439
498
440
499
441
500
442
501
443
502
444
503
445
504
446
505
447
506
448
507
449
508
450
509
451
510
452
511
453
512
454
513
455
514
456
515
457
516
458
517
459
518
460
519
461
520
462
521
463
522
464
523
465
524
466
525
467
526
468
527
469
528
470
529
471
530
472
531
473
532
474
533
475
534
476
535
477
536
478
537
479
538
539
7622
481
540
482
541
483
542
484
543
485
544
486
545
487
546
488
547
489
548
490
549
491
550
492
551
493
552
494
553
495
554
496
555
497
556
498
557
499
558
500
559
501
560
502
561
503
562
504
563
505
564
506
565
507
566
508
567
509
568
510
569
511
570
512
571
513
572
514
573
515
574
516
575
517
576
518
577
519
578
520
579
521
580
522
581
523
582
524
583
525
584
526
585
527
586
528
587
529
588
530
589
531
590
532
591
533
592
534
593
535
594
536
595
537
596
538
597
539
598
599
7621
541
600
542
601
543
602
544
603
545
604
546
605
547
606
548
607
549
608
550
609
551
610
552
611
553
612
554
613
555
614
556
615
557
616
558
617
559
618
560
619
561
620
562
621
563
622
564
623
565
624
566
625
567
626
568
627
569
628
570
629
571
630
572
631
573
632
574
633
575
634
576
635
577
636
578
637
579
638
580
639
581
640
582
641
583
642
584
643
585
644
586
645
587
646
588
647
589
648
590
649
591
650
592
651
593
652
594
653
595
654
596
655
597
656
598
657
599
658
659
7620
601
660
602
661
603
662
604
663
605
664
606
665
607
666
608
667
609
668
610
669
611
670
612
671
613
672
614
673
615
674
616
675
617
676
618
677
619
678
620
679
621
680
622
681
623
682
624
683
625
684
626
685
627
686
628
687
629
688
630
689
631
690
632
691
633
692
634
693
635
694
636
695
637
696
638
697
639
698
640
699
641
700
642
701
643
702
644
703
645
704
646
705
647
706
648
707
649
708
650
709
651
710
652
711
653
712
654
713
655
714
656
715
657
716
658
717
659
718
719
7619
661
720
662
721
663
722
664
723
665
724
666
725
667
726
668
727
669
728
670
729
671
730
672
731
673
732
674
733
675
734
676
735
677
736
678
737
679
738
680
739
681
740
682
741
683
742
684
743
685
744
686
745
687
746
688
747
689
748
690
749
691
750
692
751
693
752
694
753
695
754
696
755
697
756
698
757
699
758
700
759
701
760
702
761
703
762
704
763
705
764
706
765
707
766
708
767
709
768
710
769
711
770
712
771
713
772
714
773
715
774
716
775
717
776
718
777
719
778
779
7618
721
780
722
781
723
782
724
783
725
784
726
785
727
786
728
787
729
788
730
789
731
790
732
791
733
792
734
793
735
794
736
795
737
796
738
797
739
798
740
799
741
800
742
801
743
802
744
803
745
804
746
805
747
806
748
807
749
808
750
809
751
810
752
811
753
812
754
813
755
814
756
815
757
816
758
817
759
818
760
819
761
820
762
821
763
822
764
823
765
824
766
825
767
826
768
827
769
828
770
829
771
830
772
831
773
832
774
833
775
834
776
835
777
836
778
837
779
838
839
7617
781
840
782
841
783
842
784
843
785
844
786
845
787
846
788
847
789
848
790
849
791
850
792
851
793
852
794
853
795
854
796
855
797
856
798
857
799
858
800
859
801
860
802
861
803
862
804
863
805
864
806
865
807
866
808
867
809
868
810
869
811
870
812
871
813
872
814
873
815
874
816
875
817
876
818
877
819
878
820
879
821
880
822
881
823
882
824
883
825
884
826
885
827
886
828
887
829
888
830
889
831
890
832
891
833
892
834
893
835
894
836
895
837
896
838
897
839
898
899
7616
841
900
842
901
843
902
844
903
845
904
846
905
847
906
848
907
849
908
850
909
851
910
852
911
853
912
854
913
855
914
856
915
857
916
858
917
859
918
860
919
861
920
862
921
863
922
864
923
865
924
866
925
867
926
868
927
869
928
870
929
871
930
872
931
873
932
874
933
875
934
876
935
877
936
878
937
879
938
880
939
881
940
882
941
883
942
884
943
885
944
886
945
887
946
888
947
889
948
890
949
891
950
892
951
893
952
894
953
895
954
896
955
897
956
898
957
899
958
959
7615
901
960
902
961
903
962
904
963
905
964
906
965
907
966
908
967
909
968
910
969
911
970
912
971
913
972
914
973
915
974
916
975
917
976
918
977
919
978
920
979
921
980
922
981
923
982
924
983
925
984
926
985
927
986
928
987
929
988
930
989
931
990
932
991
933
992
934
993
935
994
936
995
937
996
938
997
939
998
940
999
941
1000
942
1001
943
1002
944
1003
945
1004
946
1005
947
1006
948
1007
949
1008
950
1009
951
1010
952
1011
953
1012
954
1013
955
1014
956
1015
957
1016
958
1017
959
1018
1019
7614
961
1020
962
1021
963
1022
964
1023
965
1024
966
1025
967
1026
968
1027
969
1028
970
1029
971
1030
972
1031
973
1032
974
1033
975
1034
976
1035
977
1036
978
1037
979
1038
980
1039
981
1040
982
1041
983
1042
984
1043
985
1044
986
1045
987
1046
988
1047
989
1048
990
1049
991
1050
992
1051
993
1052
994
1053
995
1054
996
1055
997
1056
998
1057
999
1058
1000
1059
1001
1060
1002
1061
1003
1062
1004
1063
1005
1064
1006
1065
1007
1066
1008
1067
1009
1068
1010
1069
1011
1070
1012
1071
1013
1072
1014
1073
1015
1074
1016
1075
1017
1076
1018
1077
1019
1078
1079
7613
1021
1080
1022
1081
1023
1082
1024
1083
1025
1084
1026
1085
1027
1086
1028
1087
1029
1088
1030
1089
1031
1090
1032
1091
1033
1092
1034
1093
1035
1094
1036
1095
1037
1096
1038
1097
1039
1098
1040
1099
1041
1100
1042
1101
1043
1102
1044
1103
1045
1104
1046
1105
1047
1106
1048
1107
1049
1108
1050
1109
1051
1110
1052
1111
1053
1112
1054
1113
1055
1114
1056
1115
1057
1116
1058
1117
1059
1118
1060
1119
1061
1120
1062
1121
1063
1122
1064
1123
1065
1124
1066
1125
1067
1126
1068
1127
1069
1128
1070
1129
1071
1130
1072
1131
1073
1132
1074
1133
1075
1134
1076
1135
1077
1136
1078
1137
1079
1138
1139
7612
1081
1140
1082
1141
1083
1142
1084
1143
1085
1144
1086
1145
1087
1146
1088
1147
1089
1148
1090
1149
1091
1150
1092
1151
1093
1152
1094
1153
1095
1154
1096
1155
1097
1156
1098
1157
1099
1158
1100
1159
1101
1160
1102
1161
1103
1162
1104
1163
1105
1164
1106
1165
1107
1166
1108
1167
1109
1168
1110
1169
1111
1170
1112
1171
1113
1172
1114
1173
1115
1174
1116
1175
1117
1176
1118
1177
1119
1178
1120
1179
1121
1180
1122
1181
1123
1182
1124
1183
1125
1184
1126
1185
1127
1186
1128
1187
1129
1188
1130
1189
1131
1190
1132
1191
1133
1192
1134
1193
1135
1194
1136
1195
1137
1196
1138
1197
1139
1198
1199
7611
1141
1200
1142
1201
1143
1202
1144
1203
1145
1204
1146
1205
1147
1206
1148
1207
1149
1208
1150
1209
1151
1210
1152
1211
1153
1212
1154
1213
1155
1214
1156
1215
1157
1216
1158
1217
1159
1218
1160
1219
1161
1220
1162
1221
1163
1222
1164
1223
1165
1224
1166
1225
1167
1226
1168
1227
1169
1228
1170
1229
1171
1230
1172
1231
1173
1232
1174
1233
1175
1234
1176
1235
1177
1236
1178
1237
1179
1238
1180
1239
1181
1240
1182
1241
1183
1242
1184
1243
1185
1244
1186
1245
1187
1246
1188
1247
1189
1248
1190
1249
1191
1250
1192
1251
1193
1252
1194
1253
1195
1254
1196
1255
1197
1256
1198
1257
1199
1258
1259
7610
1201
1260
1202
1261
1203
1262
1204
1263
1205
1264
1206
1265
1207
1266
1208
1267
1209
1268
1210
1269
1211
1270
1212
1271
1213
1272
1214
1273
1215
1274
1216
1275
1217
1276
1218
1277
1219
1278
1220
1279
1221
1280
1222
1281
1223
1282
1224
1283
1225
1284
1226
1285
1227
1286
1228
1287
1229
1288
1230
1289
1231
1290
1232
1291
1233
1292
1234
1293
1235
1294
1236
1295
1237
1296
1238
1297
1239
1298
1240
1299
1241
1300
1242
1301
1243
1302
1244
1303
1245
1304
1246
1305
1247
1306
1248
1307
1249
1308
1250
1309
1251
1310
1252
1311
1253
1312
1254
1313
1255
1314
1256
1315
1257
1316
1258
1317
1259
1318
1319
7609
1261
1320
1262
1321
1263
1322
1264
1323
1265
1324
1266
1325
1267
1326
1268
1327
1269
1328
1270
1329
1271
1330
1272
1331
1273
1332
1274
1333
1275
1334
1276
1335
1277
1336
1278
1337
1279
1338
1280
1339
1281
1340
1282
1341
1283
1342
1284
1343
1285
1344
1286
1345
1287
1346
1288
1347
1289
1348
1290
1349
1291
1350
1292
1351
1293
1352
1294
1353
1295
1354
1296
1355
1297
1356
1298
1357
1299
1358
1300
1359
1301
1360
1302
1361
1303
1362
1304
1363
1305
1364
1306
1365
1307
1366
1308
1367
1309
1368
1310
1369
1311
1370
1312
1371
1313
1372
1314
1373
1315
1374
1316
1375
1317
1376
1318
1377
1319
1378
1379
7608
1321
1380
1322
1381
1323
1382
1324
1383
1325
1384
1326
1385
1327
1386
1328
1387
1329
1388
1330
1389
1331
1390
1332
1391
1333
1392
1334
1393
1335
1394
1336
1395
1337
1396
1338
1397
1339
1398
1340
1399
1341
1400
1342
1401
1343
1402
1344
1403
1345
1404
1346
1405
1347
1406
1348
1407
1349
1408
1350
1409
1351
1410
1352
1411
1353
1412
1354
1413
1355
1414
1356
1415
1357
1416
1358
1417
1359
1418
1360
1419
1361
1420
1362
1421
1363
1422
1364
1423
1365
1424
1366
1425
1367
1426
1368
1427
1369
1428
1370
1429
1371
1430
1372
1431
1373
1432
1374
1433
1375
1434
1376
1435
1377
1436
1378
1437
1379
1438
1439
7607
1381
1440
1382
1441
1383
1442
1384
1443
1385
1444
1386
1445
1387
1446
1388
1447
1389
1448
1390
1449
1391
1450
1392
1451
1393
1452
1394
1453
1395
1454
1396
1455
1397
1456
1398
1457
1399
1458
1400
1459
1401
1460
1402
1461
1403
1462
1404
1463
1405
1464
1406
1465
1407
1466
1408
1467
1409
1468
1410
1469
1411
1470
1412
1471
1413
1472
1414
1473
1415
1474
1416
1475
1417
1476
1418
1477
1419
1478
1420
1479
1421
1480
1422
1481
1423
1482
1424
1483
1425
1484
1426
1485
1427
1486
1428
1487
1429
1488
1430
1489
1431
1490
1432
1491
1433
1492
1434
1493
1435
1494
1436
1495
1437
1496
1438
1497
1439
1498
1499
7606
1441
1500
1442
1501
1443
1502
1444
1503
1445
1504
1446
1505
1447
1506
1448
1507
1449
1508
1450
1509
1451
1510
1452
1511
1453
1512
1454
1513
1455
1514
1456
1515
1457
1516
1458
1517
1459
1518
1460
1519
1461
1520
1462
1521
1463
1522
1464
1523
1465
1524
1466
1525
1467
1526
1468
1527
1469
1528
1470
1529
1471
1530
1472
1531
1473
1532
1474
1533
1475
1534
1476
1535
1477
1536
1478
1537
1479
1538
1480
1539
1481
1540
1482
1541
1483
1542
1484
1543
1485
1544
1486
1545
1487
1546
1488
1547
1489
1548
1490
1549
1491
1550
1492
1551
1493
1552
1494
1553
1495
1554
1496
1555
1497
1556
1498
1557
1499
1558
1559
7605
1501
1560
1502
1561
1503
1562
1504
1563
1505
1564
1506
1565
1507
1566
1508
1567
1509
1568
1510
1569
1511
1570
1512
1571
1513
1572
1514
1573
1515
1574
1516
1575
1517
1576
1518
1577
1519
1578
1520
1579
1521
1580
1522
1581
1523
1582
1524
1583
1525
1584
1526
1585
1527
1586
1528
1587
1529
1588
1530
1589
1531
1590
1532
1591
1533
1592
1534
1593
1535
1594
1536
1595
1537
1596
1538
1597
1539
1598
1540
1599
1541
1600
1542
1601
1543
1602
1544
1603
1545
1604
1546
1605
1547
1606
1548
1607
1549
1608
1550
1609
1551
1610
1552
1611
1553
1612
1554
1613
1555
1614
1556
1615
1557
1616
1558
1617
1559
1618
1619
7604
1561
1620
1562
1621
1563
1622
1564
1623
1565
1624
1566
1625
1567
1626
1568
1627
1569
1628
1570
1629
1571
1630
1572
1631
1573
1632
1574
1633
1575
1634
1576
1635
1577
1636
1578
1637
1579
1638
1580
1639
1581
1640
1582
1641
1583
1642
1584
1643
1585
1644
1586
1645
1587
1646
1588
1647
1589
1648
1590
1649
1591
1650
1592
1651
1593
1652
1594
1653
1595
1654
1596
1655
1597
1656
1598
1657
1599
1658
1600
1659
1601
1660
1602
1661
1603
1662
1604
1663
1605
1664
1606
1665
1607
1666
1608
1667
1609
1668
1610
1669
1611
1670
1612
1671
1613
1672
1614
1673
1615
1674
1616
1675
1617
1676
1618
1677
1619
1678
1679
7603
1621
1680
1622
1681
1623
1682
1624
1683
1625
1684
1626
1685
1627
1686
1628
1687
1629
1688
1630
1689
1631
1690
1632
1691
1633
1692
1634
1693
1635
1694
1636
1695
1637
1696
1638
1697
1639
1698
1640
1699
1641
1700
1642
1701
1643
1702
1644
1703
1645
1704
1646
1705
1647
1706
1648
1707
1649
1708
1650
1709
1651
1710
1652
1711
1653
1712
1654
1713
1655
1714
1656
1715
1657
1716
1658
1717
1659
1718
1660
1719
1661
1720
1662
1721
1663
1722
1664
1723
1665
1724
1666
1725
1667
1726
1668
1727
1669
1728
1670
1729
1671
1730
1672
1731
1673
1732
1674
1733
1675
1734
1676
1735
1677
1736
1678
1737
1679
1738
1739
7602
1681
1740
1682
1741
1683
1742
1684
1743
1685
1744
1686
1745
1687
1746
1688
1747
1689
1748
1690
1749
1691
1750
1692
1751
1693
1752
1694
1753
1695
1754
1696
1755
1697
1756
1698
1757
1699
1758
1700
1759
1701
1760
1702
1761
1703
1762
1704
1763
1705
1764
1706
1765
1707
1766
1708
1767
1709
1768
1710
1769
1711
1770
1712
1771
1713
1772
1714
1773
1715
1774
1716
1775
1717
1776
1718
1777
1719
1778
1720
1779
1721
1780
1722
1781
1723
1782
1724
1783
1725
1784
1726
1785
1727
1786
1728
1787
1729
1788
1730
1789
1731
1790
1732
1791
1733
1792
1734
1793
1735
1794
1736
1795
1737
1796
1738
1797
1739
1798
1799
7601
1741
1742
1743
1744
1745
1746
1747
1748
1749
1750
1751
1752
1753
1754
1755
1756
1757
1758
1759
1760
1761
1762
1763
1764
1765
1766
1767
1768
1769
1770
1771
1772
1773
1774
1775
1776
1777
1778
1779
1780
1781
1782
1783
1784
1785
1786
1787
1788
1789
1790
1791
1792
1793
1794
1795
1796
1797
1798
1799
7600
1801
1860
1802
1861
1803
1862
1804
1863
1805
1864
1806
1865
1807
1866
1808
1867
1809
1868
1810
1869
1811
1870
1812
1871
1813
1872
1814
1873
1815
1874
1816
1875
1817
1876
1818
1877
1819
1878
1820
1879
1821
1880
1822
1881
1823
1882
1824
1883
1825
1884
1826
1885
1827
1886
1828
1887
1829
1888
1830
1889
1831
1890
1832
1891
1833
1892
1834
1893
1835
1894
1836
1895
1837
1896
1838
1897
1839
1898
1840
1899
1841
1900
1842
1901
1843
1902
1844
1903
1845
1904
1846
1905
1847
1906
1848
1907
1849
1908
1850
1909
1851
1910
1852
1911
1853
1912
1854
1913
1855
1914
1856
1915
1857
1916
1858
1917
1859
1918
1919
3600
1861
1920
1862
1921
1863
1922
1864
1923
1865
1924
1866
1925
1867
1926
1868
1927
1869
1928
1870
1929
1871
1930
1872
1931
1873
1932
1874
1933
1875
1934
1876
1935
1877
1936
1878
1937
1879
1938
1880
1939
1881
1940
1882
1941
1883
1942
1884
1943
1885
1944
1886
1945
1887
1946
1888
1947
1889
1948
1890
1949
1891
1950
1892
1951
1893
1952
1894
1953
1895
1954
1896
1955
1897
1956
1898
1957
1899
1958
1900
1959
1901
1960
1902
1961
1903
1962
1904
1963
1905
1964
1906
1965
1907
1966
1908
1967
1909
1968
1910
1969
1911
1970
1912
1971
1913
1972
1914
1973
1915
1974
1916
1975
1917
1976
1918
1977
1919
1978
1979
3650
1921
1980
1922
1981
1923
1982
1924
1983
1925
1984
1926
1985
1927
1986
1928
1987
1929
1988
1930
1989
1931
1990
1932
1991
1933
1992
1934
1993
1935
1994
1936
1995
1937
1996
1938
1997
1939
1998
1940
1999
1941
2000
1942
2001
1943
2002
1944
2003
1945
2004
1946
2005
1947
2006
1948
2007
1949
2008
1950
2009
1951
2010
1952
2011
1953
2012
1954
2013
1955
2014
1956
2015
1957
2016
1958
2017
1959
2018
1960
2019
1961
2020
1962
2021
1963
2022
1964
2023
1965
2024
1966
2025
1967
2026
1968
2027
1969
2028
1970
2029
1971
2030
1972
2031
1973
2032
1974
2033
1975
2034
1976
2035
1977
2036
1978
2037
1979
2038
2039
3700
1981
2040
1982
2041
1983
2042
1984
2043
1985
2044
1986
2045
1987
2046
1988
2047
1989
2048
1990
2049
1991
2050
1992
2051
1993
2052
1994
2053
1995
2054
1996
2055
1997
2056
1998
2057
1999
2058
2000
2059
2001
2060
2002
2061
2003
2062
2004
2063
2005
2064
2006
2065
2007
2066
2008
2067
2009
2068
2010
2069
2011
2070
2012
2071
2013
2072
2014
2073
2015
2074
2016
2075
2017
2076
2018
2077
2019
2078
2020
2079
2021
2080
2022
2081
2023
2082
2024
2083
2025
2084
2026
2085
2027
2086
2028
2087
2029
2088
2030
2089
2031
2090
2032
2091
2033
2092
2034
2093
2035
2094
2036
2095
2037
2096
2038
2097
2039
2098
2099
3750
2041
2100
2042
2101
2043
2102
2044
2103
2045
2104
2046
2105
2047
2106
2048
2107
2049
2108
2050
2109
2051
2110
2052
2111
2053
2112
2054
2113
2055
2114
2056
2115
2057
2116
2058
2117
2059
2118
2060
2119
2061
2120
2062
2121
2063
2122
2064
2123
2065
2124
2066
2125
2067
2126
2068
2127
2069
2128
2070
2129
2071
2130
2072
2131
2073
2132
2074
2133
2075
2134
2076
2135
2077
2136
2078
2137
2079
2138
2080
2139
2081
2140
2082
2141
2083
2142
2084
2143
2085
2144
2086
2145
2087
2146
2088
2147
2089
2148
2090
2149
2091
2150
2092
2151
2093
2152
2094
2153
2095
2154
2096
2155
2097
2156
2098
2157
2099
2158
2159
3800
2101
2160
2102
2161
2103
2162
2104
2163
2105
2164
2106
2165
2107
2166
2108
2167
2109
2168
2110
2169
2111
2170
2112
2171
2113
2172
2114
2173
2115
2174
2116
2175
2117
2176
2118
2177
2119
2178
2120
2179
2121
2180
2122
2181
2123
2182
2124
2183
2125
2184
2126
2185
2127
2186
2128
2187
2129
2188
2130
2189
2131
2190
2132
2191
2133
2192
2134
2193
2135
2194
2136
2195
2137
2196
2138
2197
2139
2198
2140
2199
2141
2200
2142
2201
2143
2202
2144
2203
2145
2204
2146
2205
2147
2206
2148
2207
2149
2208
2150
2209
2151
2210
2152
2211
2153
2212
2154
2213
2155
2214
2156
2215
2157
2216
2158
2217
2159
2218
2219
3850
2161
2220
2162
2221
2163
2222
2164
2223
2165
2224
2166
2225
2167
2226
2168
2227
2169
2228
2170
2229
2171
2230
2172
2231
2173
2232
2174
2233
2175
2234
2176
2235
2177
2236
2178
2237
2179
2238
2180
2239
2181
2240
2182
2241
2183
2242
2184
2243
2185
2244
2186
2245
2187
2246
2188
2247
2189
2248
2190
2249
2191
2250
2192
2251
2193
2252
2194
2253
2195
2254
2196
2255
2197
2256
2198
2257
2199
2258
2200
2259
2201
2260
2202
2261
2203
2262
2204
2263
2205
2264
2206
2265
2207
2266
2208
2267
2209
2268
2210
2269
2211
2270
2212
2271
2213
2272
2214
2273
2215
2274
2216
2275
2217
2276
2218
2277
2219
2278
2279
3900
2221
2280
2222
2281
2223
2282
2224
2283
2225
2284
2226
2285
2227
2286
2228
2287
2229
2288
2230
2289
2231
2290
2232
2291
2233
2292
2234
2293
2235
2294
2236
2295
2237
2296
2238
2297
2239
2298
2240
2299
2241
2300
2242
2301
2243
2302
2244
2303
2245
2304
2246
2305
2247
2306
2248
2307
2249
2308
2250
2309
2251
2310
2252
2311
2253
2312
2254
2313
2255
2314
2256
2315
2257
2316
2258
2317
2259
2318
2260
2319
2261
2320
2262
2321
2263
2322
2264
2323
2265
2324
2266
2325
2267
2326
2268
2327
2269
2328
2270
2329
2271
2330
2272
2331
2273
2332
2274
2333
2275
2334
2276
2335
2277
2336
2278
2337
2279
2338
2339
3950
2281
2340
2282
2341
2283
2342
2284
2343
2285
2344
2286
2345
2287
2346
2288
2347
2289
2348
2290
2349
2291
2350
2292
2351
2293
2352
2294
2353
2295
2354
2296
2355
2297
2356
2298
2357
2299
2358
2300
2359
2301
2360
2302
2361
2303
2362
2304
2363
2305
2364
2306
2365
2307
2366
2308
2367
2309
2368
2310
2369
2311
2370
2312
2371
2313
2372
2314
2373
2315
2374
2316
2375
2317
2376
2318
2377
2319
2378
2320
2379
2321
2380
2322
2381
2323
2382
2324
2383
2325
2384
2326
2385
2327
2386
2328
2387
2329
2388
2330
2389
2331
2390
2332
2391
2333
2392
2334
2393
2335
2394
2336
2395
2337
2396
2338
2397
2339
2398
2399
4000
2341
2400
2342
2401
2343
2402
2344
2403
2345
2404
2346
2405
2347
2406
2348
2407
2349
2408
2350
2409
2351
2410
2352
2411
2353
2412
2354
2413
2355
2414
2356
2415
2357
2416
2358
2417
2359
2418
2360
2419
2361
2420
2362
2421
2363
2422
2364
2423
2365
2424
2366
2425
2367
2426
2368
2427
2369
2428
2370
2429
2371
2430
2372
2431
2373
2432
2374
2433
2375
2434
2376
2435
2377
2436
2378
2437
2379
2438
2380
2439
2381
2440
2382
2441
2383
2442
2384
2443
2385
2444
2386
2445
2387
2446
2388
2447
2389
2448
2390
2449
2391
2450
2392
2451
2393
2452
2394
2453
2395
2454
2396
2455
2397
2456
2398
2457
2399
2458
2459
4050
2401
2460
2402
2461
2403
2462
2404
2463
2405
2464
2406
2465
2407
2466
2408
2467
2409
2468
2410
2469
2411
2470
2412
2471
2413
2472
2414
2473
2415
2474
2416
2475
2417
2476
2418
2477
2419
2478
2420
2479
2421
2480
2422
2481
2423
2482
2424
2483
2425
2484
2426
2485
2427
2486
2428
2487
2429
2488
2430
2489
2431
2490
2432
2491
2433
2492
2434
2493
2435
2494
2436
2495
2437
2496
2438
2497
2439
2498
2440
2499
2441
2500
2442
2501
2443
2502
2444
2503
2445
2504
2446
2505
2447
2506
2448
2507
2449
2508
2450
2509
2451
2510
2452
2511
2453
2512
2454
2513
2455
2514
2456
2515
2457
2516
2458
2517
2459
2518
2519
4100
2461
2520
2462
2521
2463
2522
2464
2523
2465
2524
2466
2525
2467
2526
2468
2527
2469
2528
2470
2529
2471
2530
2472
2531
2473
2532
2474
2533
2475
2534
2476
2535
2477
2536
2478
2537
2479
2538
2480
2539
2481
2540
2482
2541
2483
2542
2484
2543
2485
2544
2486
2545
2487
2546
2488
2547
2489
2548
2490
2549
2491
2550
2492
2551
2493
2552
2494
2553
2495
2554
2496
2555
2497
2556
2498
2557
2499
2558
2500
2559
2501
2560
2502
2561
2503
2562
2504
2563
2505
2564
2506
2565
2507
2566
2508
2567
2509
2568
2510
2569
2511
2570
2512
2571
2513
2572
2514
2573
2515
2574
2516
2575
2517
2576
2518
2577
2519
2578
2579
4150
2521
2580
2522
2581
2523
2582
2524
2583
2525
2584
2526
2585
2527
2586
2528
2587
2529
2588
2530
2589
2531
2590
2532
2591
2533
2592
2534
2593
2535
2594
2536
2595
2537
2596
2538
2597
2539
2598
2540
2599
2541
2600
2542
2601
2543
2602
2544
2603
2545
2604
2546
2605
2547
2606
2548
2607
2549
2608
2550
2609
2551
2610
2552
2611
2553
2612
2554
2613
2555
2614
2556
2615
2557
2616
2558
2617
2559
2618
2560
2619
2561
2620
2562
2621
2563
2622
2564
2623
2565
2624
2566
2625
2567
2626
2568
2627
2569
2628
2570
2629
2571
2630
2572
2631
2573
2632
2574
2633
2575
2634
2576
2635
2577
2636
2578
2637
2579
2638
2639
4200
2581
2640
2582
2641
2583
2642
2584
2643
2585
2644
2586
2645
2587
2646
2588
2647
2589
2648
2590
2649
2591
2650
2592
2651
2593
2652
2594
2653
2595
2654
2596
2655
2597
2656
2598
2657
2599
2658
2600
2659
2601
2660
2602
2661
2603
2662
2604
2663
2605
2664
2606
2665
2607
2666
2608
2667
2609
2668
2610
2669
2611
2670
2612
2671
2613
2672
2614
2673
2615
2674
2616
2675
2617
2676
2618
2677
2619
2678
2620
2679
2621
2680
2622
2681
2623
2682
2624
2683
2625
2684
2626
2685
2627
2686
2628
2687
2629
2688
2630
2689
2631
2690
2632
2691
2633
2692
2634
2693
2635
2694
2636
2695
2637
2696
2638
2697
2639
2698
2699
4250
2641
2700
2642
2701
2643
2702
2644
2703
2645
2704
2646
2705
2647
2706
2648
2707
2649
2708
2650
2709
2651
2710
2652
2711
2653
2712
2654
2713
2655
2714
2656
2715
2657
2716
2658
2717
2659
2718
2660
2719
2661
2720
2662
2721
2663
2722
2664
2723
2665
2724
2666
2725
2667
2726
2668
2727
2669
2728
2670
2729
2671
2730
2672
2731
2673
2732
2674
2733
2675
2734
2676
2735
2677
2736
2678
2737
2679
2738
2680
2739
2681
2740
2682
2741
2683
2742
2684
2743
2685
2744
2686
2745
2687
2746
2688
2747
2689
2748
2690
2749
2691
2750
2692
2751
2693
2752
2694
2753
2695
2754
2696
2755
2697
2756
2698
2757
2699
2758
2759
4300
2701
2760
2702
2761
2703
2762
2704
2763
2705
2764
2706
2765
2707
2766
2708
2767
2709
2768
2710
2769
2711
2770
2712
2771
2713
2772
2714
2773
2715
2774
2716
2775
2717
2776
2718
2777
2719
2778
2720
2779
2721
2780
2722
2781
2723
2782
2724
2783
2725
2784
2726
2785
2727
2786
2728
2787
2729
2788
2730
2789
2731
2790
2732
2791
2733
2792
2734
2793
2735
2794
2736
2795
2737
2796
2738
2797
2739
2798
2740
2799
2741
2800
2742
2801
2743
2802
2744
2803
2745
2804
2746
2805
2747
2806
2748
2807
2749
2808
2750
2809
2751
2810
2752
2811
2753
2812
2754
2813
2755
2814
2756
2815
2757
2816
2758
2817
2759
2818
2819
4350
2761
2820
2762
2821
2763
2822
2764
2823
2765
2824
2766
2825
2767
2826
2768
2827
2769
2828
2770
2829
2771
2830
2772
2831
2773
2832
2774
2833
2775
2834
2776
2835
2777
2836
2778
2837
2779
2838
2780
2839
2781
2840
2782
2841
2783
2842
2784
2843
2785
2844
2786
2845
2787
2846
2788
2847
2789
2848
2790
2849
2791
2850
2792
2851
2793
2852
2794
2853
2795
2854
2796
2855
2797
2856
2798
2857
2799
2858
2800
2859
2801
2860
2802
2861
2803
2862
2804
2863
2805
2864
2806
2865
2807
2866
2808
2867
2809
2868
2810
2869
2811
2870
2812
2871
2813
2872
2814
2873
2815
2874
2816
2875
2817
2876
2818
2877
2819
2878
2879
4400
2821
2880
2822
2881
2823
2882
2824
2883
2825
2884
2826
2885
2827
2886
2828
2887
2829
2888
2830
2889
2831
2890
2832
2891
2833
2892
2834
2893
2835
2894
2836
2895
2837
2896
2838
2897
2839
2898
2840
2899
2841
2900
2842
2901
2843
2902
2844
2903
2845
2904
2846
2905
2847
2906
2848
2907
2849
2908
2850
2909
2851
2910
2852
2911
2853
2912
2854
2913
2855
2914
2856
2915
2857
2916
2858
2917
2859
2918
2860
2919
2861
2920
2862
2921
2863
2922
2864
2923
2865
2924
2866
2925
2867
2926
2868
2927
2869
2928
2870
2929
2871
2930
2872
2931
2873
2932
2874
2933
2875
2934
2876
2935
2877
2936
2878
2937
2879
2938
2939
4450
2881
2940
2882
2941
2883
2942
2884
2943
2885
2944
2886
2945
2887
2946
2888
2947
2889
2948
2890
2949
2891
2950
2892
2951
2893
2952
2894
2953
2895
2954
2896
2955
2897
2956
2898
2957
2899
2958
2900
2959
2901
2960
2902
2961
2903
2962
2904
2963
2905
2964
2906
2965
2907
2966
2908
2967
2909
2968
2910
2969
2911
2970
2912
2971
2913
2972
2914
2973
2915
2974
2916
2975
2917
2976
2918
2977
2919
2978
2920
2979
2921
2980
2922
2981
2923
2982
2924
2983
2925
2984
2926
2985
2927
2986
2928
2987
2929
2988
2930
2989
2931
2990
2932
2991
2933
2992
2934
2993
2935
2994
2936
2995
2937
2996
2938
2997
2939
2998
2999
4500
2941
3000
2942
3001
2943
3002
2944
3003
2945
3004
2946
3005
2947
3006
2948
3007
2949
3008
2950
3009
2951
3010
2952
3011
2953
3012
2954
3013
2955
3014
2956
3015
2957
3016
2958
3017
2959
3018
2960
3019
2961
3020
2962
3021
2963
3022
2964
3023
2965
3024
2966
3025
2967
3026
2968
3027
2969
3028
2970
3029
2971
3030
2972
3031
2973
3032
2974
3033
2975
3034
2976
3035
2977
3036
2978
3037
2979
3038
2980
3039
2981
3040
2982
3041
2983
3042
2984
3043
2985
3044
2986
3045
2987
3046
2988
3047
2989
3048
2990
3049
2991
3050
2992
3051
2993
3052
2994
3053
2995
3054
2996
3055
2997
3056
2998
3057
2999
3058
3059
4550
3001
3060
3002
3061
3003
3062
3004
3063
3005
3064
3006
3065
3007
3066
3008
3067
3009
3068
3010
3069
3011
3070
3012
3071
3013
3072
3014
3073
3015
3074
3016
3075
3017
3076
3018
3077
3019
3078
3020
3079
3021
3080
3022
3081
3023
3082
3024
3083
3025
3084
3026
3085
3027
3086
3028
3087
3029
3088
3030
3089
3031
3090
3032
3091
3033
3092
3034
3093
3035
3094
3036
3095
3037
3096
3038
3097
3039
3098
3040
3099
3041
3100
3042
3101
3043
3102
3044
3103
3045
3104
3046
3105
3047
3106
3048
3107
3049
3108
3050
3109
3051
3110
3052
3111
3053
3112
3054
3113
3055
3114
3056
3115
3057
3116
3058
3117
3059
3118
3119
4600
3061
3120
3062
3121
3063
3122
3064
3123
3065
3124
3066
3125
3067
3126
3068
3127
3069
3128
3070
3129
3071
3130
3072
3131
3073
3132
3074
3133
3075
3134
3076
3135
3077
3136
3078
3137
3079
3138
3080
3139
3081
3140
3082
3141
3083
3142
3084
3143
3085
3144
3086
3145
3087
3146
3088
3147
3089
3148
3090
3149
3091
3150
3092
3151
3093
3152
3094
3153
3095
3154
3096
3155
3097
3156
3098
3157
3099
3158
3100
3159
3101
3160
3102
3161
3103
3162
3104
3163
3105
3164
3106
3165
3107
3166
3108
3167
3109
3168
3110
3169
3111
3170
3112
3171
3113
3172
3114
3173
3115
3174
3116
3175
3117
3176
3118
3177
3119
3178
3179
4650
3121
3180
3122
3181
3123
3182
3124
3183
3125
3184
3126
3185
3127
3186
3128
3187
3129
3188
3130
3189
3131
3190
3132
3191
3133
3192
3134
3193
3135
3194
3136
3195
3137
3196
3138
3197
3139
3198
3140
3199
3141
3200
3142
3201
3143
3202
3144
3203
3145
3204
3146
3205
3147
3206
3148
3207
3149
3208
3150
3209
3151
3210
3152
3211
3153
3212
3154
3213
3155
3214
3156
3215
3157
3216
3158
3217
3159
3218
3160
3219
3161
3220
3162
3221
3163
3222
3164
3223
3165
3224
3166
3225
3167
3226
3168
3227
3169
3228
3170
3229
3171
3230
3172
3231
3173
3232
3174
3233
3175
3234
3176
3235
3177
3236
3178
3237
3179
3238
3239
4700
3181
3240
3182
3241
3183
3242
3184
3243
3185
3244
3186
3245
3187
3246
3188
3247
3189
3248
3190
3249
3191
3250
3192
3251
3193
3252
3194
3253
3195
3254
3196
3255
3197
3256
3198
3257
3199
3258
3200
3259
3201
3260
3202
3261
3203
3262
3204
3263
3205
3264
3206
3265
3207
3266
3208
3267
3209
3268
3210
3269
3211
3270
3212
3271
3213
3272
3214
3273
3215
3274
3216
3275
3217
3276
3218
3277
3219
3278
3220
3279
3221
3280
3222
3281
3223
3282
3224
3283
3225
3284
3226
3285
3227
3286
3228
3287
3229
3288
3230
3289
3231
3290
3232
3291
3233
3292
3234
3293
3235
3294
3236
3295
3237
3296
3238
3297
3239
3298
3299
4750
3241
3300
3242
3301
3243
3302
3244
3303
3245
3304
3246
3305
3247
3306
3248
3307
3249
3308
3250
3309
3251
3310
3252
3311
3253
3312
3254
3313
3255
3314
3256
3315
3257
3316
3258
3317
3259
3318
3260
3319
3261
3320
3262
3321
3263
3322
3264
3323
3265
3324
3266
3325
3267
3326
3268
3327
3269
3328
3270
3329
3271
3330
3272
3331
3273
3332
3274
3333
3275
3334
3276
3335
3277
3336
3278
3337
3279
3338
3280
3339
3281
3340
3282
3341
3283
3342
3284
3343
3285
3344
3286
3345
3287
3346
3288
3347
3289
3348
3290
3349
3291
3350
3292
3351
3293
3352
3294
3353
3295
3354
3296
3355
3297
3356
3298
3357
3299
3358
3359
4800
3301
3360
3302
3361
3303
3362
3304
3363
3305
3364
3306
3365
3307
3366
3308
3367
3309
3368
3310
3369
3311
3370
3312
3371
3313
3372
3314
3373
3315
3374
3316
3375
3317
3376
3318
3377
3319
3378
3320
3379
3321
3380
3322
3381
3323
3382
3324
3383
3325
3384
3326
3385
3327
3386
3328
3387
3329
3388
3330
3389
3331
3390
3332
3391
3333
3392
3334
3393
3335
3394
3336
3395
3337
3396
3338
3397
3339
3398
3340
3399
3341
3400
3342
3401
3343
3402
3344
3403
3345
3404
3346
3405
3347
3406
3348
3407
3349
3408
3350
3409
3351
3410
3352
3411
3353
3412
3354
3413
3355
3414
3356
3415
3357
3416
3358
3417
3359
3418
3419
4850
3361
3420
3362
3421
3363
3422
3364
3423
3365
3424
3366
3425
3367
3426
3368
3427
3369
3428
3370
3429
3371
3430
3372
3431
3373
3432
3374
3433
3375
3434
3376
3435
3377
3436
3378
3437
3379
3438
3380
3439
3381
3440
3382
3441
3383
3442
3384
3443
3385
3444
3386
3445
3387
3446
3388
3447
3389
3448
3390
3449
3391
3450
3392
3451
3393
3452
3394
3453
3395
3454
3396
3455
3397
3456
3398
3457
3399
3458
3400
3459
3401
3460
3402
3461
3403
3462
3404
3463
3405
3464
3406
3465
3407
3466
3408
3467
3409
3468
3410
3469
3411
3470
3412
3471
3413
3472
3414
3473
3415
3474
3416
3475
3417
3476
3418
3477
3419
3478
3479
4900
3421
3480
3422
3481
3423
3482
3424
3483
3425
3484
3426
3485
3427
3486
3428
3487
3429
3488
3430
3489
3431
3490
3432
3491
3433
3492
3434
3493
3435
3494
3436
3495
3437
3496
3438
3497
3439
3498
3440
3499
3441
3500
3442
3501
3443
3502
3444
3503
3445
3504
3446
3505
3447
3506
3448
3507
3449
3508
3450
3509
3451
3510
3452
3511
3453
3512
3454
3513
3455
3514
3456
3515
3457
3516
3458
3517
3459
3518
3460
3519
3461
3520
3462
3521
3463
3522
3464
3523
3465
3524
3466
3525
3467
3526
3468
3527
3469
3528
3470
3529
3471
3530
3472
3531
3473
3532
3474
3533
3475
3534
3476
3535
3477
3536
3478
3537
3479
3538
3539
4950
3481
3540
3482
3541
3483
3542
3484
3543
3485
3544
3486
3545
3487
3546
3488
3547
3489
3548
3490
3549
3491
3550
3492
3551
3493
3552
3494
3553
3495
3554
3496
3555
3497
3556
3498
3557
3499
3558
3500
3559
3501
3560
3502
3561
3503
3562
3504
3563
3505
3564
3506
3565
3507
3566
3508
3567
3509
3568
3510
3569
3511
3570
3512
3571
3513
3572
3514
3573
3515
3574
3516
3575
3517
3576
3518
3577
3519
3578
3520
3579
3521
3580
3522
3581
3523
3582
3524
3583
3525
3584
3526
3585
3527
3586
3528
3587
3529
3588
3530
3589
3531
3590
3532
3591
3533
3592
3534
3593
3535
3594
3536
3595
3537
3596
3538
3597
3539
3598
3599
5000
3541
3542
3543
3544
3545
3546
3547
3548
3549
3550
3551
3552
3553
3554
3555
3556
3557
3558
3559
3560
3561
3562
3563
3564
3565
3566
3567
3568
3569
3570
3571
3572
3573
3574
3575
3576
3577
3578
3579
3580
3581
3582
3583
3584
3585
3586
3587
3588
3589
3590
3591
3592
3593
3594
3595
3596
3597
3598
3599
5050
3601
3650
3602
3651
3603
3652
3604
3653
3605
3654
3606
3655
3607
3656
3608
3657
3609
3658
3610
3659
3611
3660
3612
3661
3613
3662
3614
3663
3615
3664
3616
3665
3617
3666
3618
3667
3619
3668
3620
3669
3621
3670
3622
3671
3623
3672
3624
3673
3625
3674
3626
3675
3627
3676
3628
3677
3629
3678
3630
3679
3631
3680
3632
3681
3633
3682
3634
3683
3635
3684
3636
3685
3637
3686
3638
3687
3639
3688
3640
3689
3641
3690
3642
3691
3643
3692
3644
3693
3645
3694
3646
3695
3647
3696
3648
3697
3649
3698
3699
3651
3700
3652
3701
3653
3702
3654
3703
3655
3704
3656
3705
3657
3706
3658
3707
3659
3708
3660
3709
3661
3710
3662
3711
3663
3712
3664
3713
3665
3714
3666
3715
3667
3716
3668
3717
3669
3718
3670
3719
3671
3720
3672
3721
3673
3722
3674
3723
3675
3724
3676
3725
3677
3726
3678
3727
3679
3728
3680
3729
3681
3730
3682
3731
3683
3732
3684
3733
3685
3734
3686
3735
3687
3736
3688
3737
3689
3738
3690
3739
3691
3740
3692
3741
3693
3742
3694
3743
3695
3744
3696
3745
3697
3746
3698
3747
3699
3748
3749
3701
3750
3702
3751
3703
3752
3704
3753
3705
3754
3706
3755
3707
3756
3708
3757
3709
3758
3710
3759
3711
3760
3712
3761
3713
3762
3714
3763
3715
3764
3716
3765
3717
3766
3718
3767
3719
3768
3720
3769
3721
3770
3722
3771
3723
3772
3724
3773
3725
3774
3726
3775
3727
3776
3728
3777
3729
3778
3730
3779
3731
3780
3732
3781
3733
3782
3734
3783
3735
3784
3736
3785
3737
3786
3738
3787
3739
3788
3740
3789
3741
3790
3742
3791
3743
3792
3744
3793
3745
3794
3746
3795
3747
3796
3748
3797
3749
3798
3799
3751
3800
3752
3801
3753
3802
3754
3803
3755
3804
3756
3805
3757
3806
3758
3807
3759
3808
3760
3809
3761
3810
3762
3811
3763
3812
3764
3813
3765
3814
3766
3815
3767
3816
3768
3817
3769
3818
3770
3819
3771
3820
3772
3821
3773
3822
3774
3823
3775
3824
3776
3825
3777
3826
3778
3827
3779
3828
3780
3829
3781
3830
3782
3831
3783
3832
3784
3833
3785
3834
3786
3835
3787
3836
3788
3837
3789
3838
3790
3839
3791
3840
3792
3841
3793
3842
3794
3843
3795
3844
3796
3845
3797
3846
3798
3847
3799
3848
3849
3801
3850
3802
3851
3803
3852
3804
3853
3805
3854
3806
3855
3807
3856
3808
3857
3809
3858
3810
3859
3811
3860
3812
3861
3813
3862
3814
3863
3815
3864
3816
3865
3817
3866
3818
3867
3819
3868
3820
3869
3821
3870
3822
3871
3823
3872
3824
3873
3825
3874
3826
3875
3827
3876
3828
3877
3829
3878
3830
3879
3831
3880
3832
3881
3833
3882
3834
3883
3835
3884
3836
3885
3837
3886
3838
3887
3839
3888
3840
3889
3841
3890
3842
3891
3843
3892
3844
3893
3845
3894
3846
3895
3847
3896
3848
3897
3849
3898
3899
3851
3900
3852
3901
3853
3902
3854
3903
3855
3904
3856
3905
3857
3906
3858
3907
3859
3908
3860
3909
3861
3910
3862
3911
3863
3912
3864
3913
3865
3914
3866
3915
3867
3916
3868
3917
3869
3918
3870
3919
3871
3920
3872
3921
3873
3922
3874
3923
3875
3924
3876
3925
3877
3926
3878
3927
3879
3928
3880
3929
3881
3930
3882
3931
3883
3932
3884
3933
3885
3934
3886
3935
3887
3936
3888
3937
3889
3938
3890
3939
3891
3940
3892
3941
3893
3942
3894
3943
3895
3944
3896
3945
3897
3946
3898
3947
3899
3948
3949
3901
3950
3902
3951
3903
3952
3904
3953
3905
3954
3906
3955
3907
3956
3908
3957
3909
3958
3910
3959
3911
3960
3912
3961
3913
3962
3914
3963
3915
3964
3916
3965
3917
3966
3918
3967
3919
3968
3920
3969
3921
3970
3922
3971
3923
3972
3924
3973
3925
3974
3926
3975
3927
3976
3928
3977
3929
3978
3930
3979
3931
3980
3932
3981
3933
3982
3934
3983
3935
3984
3936
3985
3937
3986
3938
3987
3939
3988
3940
3989
3941
3990
3942
3991
3943
3992
3944
3993
3945
3994
3946
3995
3947
3996
3948
3997
3949
3998
3999
3951
4000
3952
4001
3953
4002
3954
4003
3955
4004
3956
4005
3957
4006
3958
4007
3959
4008
3960
4009
3961
4010
3962
4011
3963
4012
3964
4013
3965
4014
3966
4015
3967
4016
3968
4017
3969
4018
3970
4019
3971
4020
3972
4021
3973
4022
3974
4023
3975
4024
3976
4025
3977
4026
3978
4027
3979
4028
3980
4029
3981
4030
3982
4031
3983
4032
3984
4033
3985
4034
3986
4035
3987
4036
3988
4037
3989
4038
3990
4039
3991
4040
3992
4041
3993
4042
3994
4043
3995
4044
3996
4045
3997
4046
3998
4047
3999
4048
4049
4001
4050
4002
4051
4003
4052
4004
4053
4005
4054
4006
4055
4007
4056
4008
4057
4009
4058
4010
4059
4011
4060
4012
4061
4013
4062
4014
4063
4015
4064
4016
4065
4017
4066
4018
4067
4019
4068
4020
4069
4021
4070
4022
4071
4023
4072
4024
4073
4025
4074
4026
4075
4027
4076
4028
4077
4029
4078
4030
4079
4031
4080
4032
4081
4033
4082
4034
4083
4035
4084
4036
4085
4037
4086
4038
4087
4039
4088
4040
4089
4041
4090
4042
4091
4043
4092
4044
4093
4045
4094
4046
4095
4047
4096
4048
4097
4049
4098
4099
4051
4100
4052
4101
4053
4102
4054
4103
4055
4104
4056
4105
4057
4106
4058
4107
4059
4108
4060
4109
4061
4110
4062
4111
4063
4112
4064
4113
4065
4114
4066
4115
4067
4116
4068
4117
4069
4118
4070
4119
4071
4120
4072
4121
4073
4122
4074
4123
4075
4124
4076
4125
4077
4126
4078
4127
4079
4128
4080
4129
4081
4130
4082
4131
4083
4132
4084
4133
4085
4134
4086
4135
4087
4136
4088
4137
4089
4138
4090
4139
4091
4140
4092
4141
4093
4142
4094
4143
4095
4144
4096
4145
4097
4146
4098
4147
4099
4148
4149
4101
4150
4102
4151
4103
4152
4104
4153
4105
4154
4106
4155
4107
4156
4108
4157
4109
4158
4110
4159
4111
4160
4112
4161
4113
4162
4114
4163
4115
4164
4116
4165
4117
4166
4118
4167
4119
4168
4120
4169
4121
4170
4122
4171
4123
4172
4124
4173
4125
4174
4126
4175
4127
4176
4128
4177
4129
4178
4130
4179
4131
4180
4132
4181
4133
4182
4134
4183
4135
4184
4136
4185
4137
4186
4138
4187
4139
4188
4140
4189
4141
4190
4142
4191
4143
4192
4144
4193
4145
4194
4146
4195
4147
4196
4148
4197
4149
4198
4199
4151
4200
4152
4201
4153
4202
4154
4203
4155
4204
4156
4205
4157
4206
4158
4207
4159
4208
4160
4209
4161
4210
4162
4211
4163
4212
4164
4213
4165
4214
4166
4215
4167
4216
4168
4217
4169
4218
4170
4219
4171
4220
4172
4221
4173
4222
4174
4223
4175
4224
4176
4225
4177
4226
4178
4227
4179
4228
4180
4229
4181
4230
4182
4231
4183
4232
4184
4233
4185
4234
4186
4235
4187
4236
4188
4237
4189
4238
4190
4239
4191
4240
4192
4241
4193
4242
4194
4243
4195
4244
4196
4245
4197
4246
4198
4247
4199
4248
4249
4201
4250
4202
4251
4203
4252
4204
4253
4205
4254
4206
4255
4207
4256
4208
4257
4209
4258
4210
4259
4211
4260
4212
4261
4213
4262
4214
4263
4215
4264
4216
4265
4217
4266
4218
4267
4219
4268
4220
4269
4221
4270
4222
4271
4223
4272
4224
4273
4225
4274
4226
4275
4227
4276
4228
4277
4229
4278
4230
4279
4231
4280
4232
4281
4233
4282
4234
4283
4235
4284
4236
4285
4237
4286
4238
4287
4239
4288
4240
4289
4241
4290
4242
4291
4243
4292
4244
4293
4245
4294
4246
4295
4247
4296
4248
4297
4249
4298
4299
4251
4300
4252
4301
4253
4302
4254
4303
4255
4304
4256
4305
4257
4306
4258
4307
4259
4308
4260
4309
4261
4310
4262
4311
4263
4312
4264
4313
4265
4314
4266
4315
4267
4316
4268
4317
4269
4318
4270
4319
4271
4320
4272
4321
4273
4322
4274
4323
4275
4324
4276
4325
4277
4326
4278
4327
4279
4328
4280
4329
4281
4330
4282
4331
4283
4332
4284
4333
4285
4334
4286
4335
4287
4336
4288
4337
4289
4338
4290
4339
4291
4340
4292
4341
4293
4342
4294
4343
4295
4344
4296
4345
4297
4346
4298
4347
4299
4348
4349
4301
4350
4302
4351
4303
4352
4304
4353
4305
4354
4306
4355
4307
4356
4308
4357
4309
4358
4310
4359
4311
4360
4312
4361
4313
4362
4314
4363
4315
4364
4316
4365
4317
4366
4318
4367
4319
4368
4320
4369
4321
4370
4322
4371
4323
4372
4324
4373
4325
4374
4326
4375
4327
4376
4328
4377
4329
4378
4330
4379
4331
4380
4332
4381
4333
4382
4334
4383
4335
4384
4336
4385
4337
4386
4338
4387
4339
4388
4340
4389
4341
4390
4342
4391
4343
4392
4344
4393
4345
4394
4346
4395
4347
4396
4348
4397
4349
4398
4399
4351
4400
4352
4401
4353
4402
4354
4403
4355
4404
4356
4405
4357
4406
4358
4407
4359
4408
4360
4409
4361
4410
4362
4411
4363
4412
4364
4413
4365
4414
4366
4415
4367
4416
4368
4417
4369
4418
4370
4419
4371
4420
4372
4421
4373
4422
4374
4423
4375
4424
4376
4425
4377
4426
4378
4427
4379
4428
4380
4429
4381
4430
4382
4431
4383
4432
4384
4433
4385
4434
4386
4435
4387
4436
4388
4437
4389
4438
4390
4439
4391
4440
4392
4441
4393
4442
4394
4443
4395
4444
4396
4445
4397
4446
4398
4447
4399
4448
4449
4401
4450
4402
4451
4403
4452
4404
4453
4405
4454
4406
4455
4407
4456
4408
4457
4409
4458
4410
4459
4411
4460
4412
4461
4413
4462
4414
4463
4415
4464
4416
4465
4417
4466
4418
4467
4419
4468
4420
4469
4421
4470
4422
4471
4423
4472
4424
4473
4425
4474
4426
4475
4427
4476
4428
4477
4429
4478
4430
4479
4431
4480
4432
4481
4433
4482
4434
4483
4435
4484
4436
4485
4437
4486
4438
4487
4439
4488
4440
4489
4441
4490
4442
4491
4443
4492
4444
4493
4445
4494
4446
4495
4447
4496
4448
4497
4449
4498
4499
4451
4500
4452
4501
4453
4502
4454
4503
4455
4504
4456
4505
4457
4506
4458
4507
4459
4508
4460
4509
4461
4510
4462
4511
4463
4512
4464
4513
4465
4514
4466
4515
4467
4516
4468
4517
4469
4518
4470
4519
4471
4520
4472
4521
4473
4522
4474
4523
4475
4524
4476
4525
4477
4526
4478
4527
4479
4528
4480
4529
4481
4530
4482
4531
4483
4532
4484
4533
4485
4534
4486
4535
4487
4536
4488
4537
4489
4538
4490
4539
4491
4540
4492
4541
4493
4542
4494
4543
4495
4544
4496
4545
4497
4546
4498
4547
4499
4548
4549
4501
4550
4502
4551
4503
4552
4504
4553
4505
4554
4506
4555
4507
4556
4508
4557
4509
4558
4510
4559
4511
4560
4512
4561
4513
4562
4514
4563
4515
4564
4516
4565
4517
4566
4518
4567
4519
4568
4520
4569
4521
4570
4522
4571
4523
4572
4524
4573
4525
4574
4526
4575
4527
4576
4528
4577
4529
4578
4530
4579
4531
4580
4532
4581
4533
4582
4534
4583
4535
4584
4536
4585
4537
4586
4538
4587
4539
4588
4540
4589
4541
4590
4542
4591
4543
4592
4544
4593
4545
4594
4546
4595
4547
4596
4548
4597
4549
4598
4599
4551
4600
4552
4601
4553
4602
4554
4603
4555
4604
4556
4605
4557
4606
4558
4607
4559
4608
4560
4609
4561
4610
4562
4611
4563
4612
4564
4613
4565
4614
4566
4615
4567
4616
4568
4617
4569
4618
4570
4619
4571
4620
4572
4621
4573
4622
4574
4623
4575
4624
4576
4625
4577
4626
4578
4627
4579
4628
4580
4629
4581
4630
4582
4631
4583
4632
4584
4633
4585
4634
4586
4635
4587
4636
4588
4637
4589
4638
4590
4639
4591
4640
4592
4641
4593
4642
4594
4643
4595
4644
4596
4645
4597
4646
4598
4647
4599
4648
4649
4601
4650
4602
4651
4603
4652
4604
4653
4605
4654
4606
4655
4607
4656
4608
4657
4609
4658
4610
4659
4611
4660
4612
4661
4613
4662
4614
4663
4615
4664
4616
4665
4617
4666
4618
4667
4619
4668
4620
4669
4621
4670
4622
4671
4623
4672
4624
4673
4625
4674
4626
4675
4627
4676
4628
4677
4629
4678
4630
4679
4631
4680
4632
4681
4633
4682
4634
4683
4635
4684
4636
4685
4637
4686
4638
4687
4639
4688
4640
4689
4641
4690
4642
4691
4643
4692
4644
4693
4645
4694
4646
4695
4647
4696
4648
4697
4649
4698
4699
4651
4700
4652
4701
4653
4702
4654
4703
4655
4704
4656
4705
4657
4706
4658
4707
4659
4708
4660
4709
4661
4710
4662
4711
4663
4712
4664
4713
4665
4714
4666
4715
4667
4716
4668
4717
4669
4718
4670
4719
4671
4720
4672
4721
4673
4722
4674
4723
4675
4724
4676
4725
4677
4726
4678
4727
4679
4728
4680
4729
4681
4730
4682
4731
4683
4732
4684
4733
4685
4734
4686
4735
4687
4736
4688
4737
4689
4738
4690
4739
4691
4740
4692
4741
4693
4742
4694
4743
4695
4744
4696
4745
4697
4746
4698
4747
4699
4748
4749
4701
4750
4702
4751
4703
4752
4704
4753
4705
4754
4706
4755
4707
4756
4708
4757
4709
4758
4710
4759
4711
4760
4712
4761
4713
4762
4714
4763
4715
4764
4716
4765
4717
4766
4718
4767
4719
4768
4720
4769
4721
4770
4722
4771
4723
4772
4724
4773
4725
4774
4726
4775
4727
4776
4728
4777
4729
4778
4730
4779
4731
4780
4732
4781
4733
4782
4734
4783
4735
4784
4736
4785
4737
4786
4738
4787
4739
4788
4740
4789
4741
4790
4742
4791
4743
4792
4744
4793
4745
4794
4746
4795
4747
4796
4748
4797
4749
4798
4799
4751
4800
4752
4801
4753
4802
4754
4803
4755
4804
4756
4805
4757
4806
4758
4807
4759
4808
4760
4809
4761
4810
4762
4811
4763
4812
4764
4813
4765
4814
4766
4815
4767
4816
4768
4817
4769
4818
4770
4819
4771
4820
4772
4821
4773
4822
4774
4823
4775
4824
4776
4825
4777
4826
4778
4827
4779
4828
4780
4829
4781
4830
4782
4831
4783
4832
4784
4833
4785
4834
4786
4835
4787
4836
4788
4837
4789
4838
4790
4839
4791
4840
4792
4841
4793
4842
4794
4843
4795
4844
4796
4845
4797
4846
4798
4847
4799
4848
4849
4801
4850
4802
4851
4803
4852
4804
4853
4805
4854
4806
4855
4807
4856
4808
4857
4809
4858
4810
4859
4811
4860
4812
4861
4813
4862
4814
4863
4815
4864
4816
4865
4817
4866
4818
4867
4819
4868
4820
4869
4821
4870
4822
4871
4823
4872
4824
4873
4825
4874
4826
4875
4827
4876
4828
4877
4829
4878
4830
4879
4831
4880
4832
4881
4833
4882
4834
4883
4835
4884
4836
4885
4837
4886
4838
4887
4839
4888
4840
4889
4841
4890
4842
4891
4843
4892
4844
4893
4845
4894
4846
4895
4847
4896
4848
4897
4849
4898
4899
4851
4900
4852
4901
4853
4902
4854
4903
4855
4904
4856
4905
4857
4906
4858
4907
4859
4908
4860
4909
4861
4910
4862
4911
4863
4912
4864
4913
4865
4914
4866
4915
4867
4916
4868
4917
4869
4918
4870
4919
4871
4920
4872
4921
4873
4922
4874
4923
4875
4924
4876
4925
4877
4926
4878
4927
4879
4928
4880
4929
4881
4930
4882
4931
4883
4932
4884
4933
4885
4934
4886
4935
4887
4936
4888
4937
4889
4938
4890
4939
4891
4940
4892
4941
4893
4942
4894
4943
4895
4944
4896
4945
4897
4946
4898
4947
4899
4948
4949
4901
4950
4902
4951
4903
4952
4904
4953
4905
4954
4906
4955
4907
4956
4908
4957
4909
4958
4910
4959
4911
4960
4912
4961
4913
4962
4914
4963
4915
4964
4916
4965
4917
4966
4918
4967
4919
4968
4920
4969
4921
4970
4922
4971
4923
4972
4924
4973
4925
4974
4926
4975
4927
4976
4928
4977
4929
4978
4930
4979
4931
4980
4932
4981
4933
4982
4934
4983
4935
4984
4936
4985
4937
4986
4938
4987
4939
4988
4940
4989
4941
4990
4942
4991
4943
4992
4944
4993
4945
4994
4946
4995
4947
4996
4948
4997
4949
4998
4999
4951
5000
4952
5001
4953
5002
4954
5003
4955
5004
4956
5005
4957
5006
4958
5007
4959
5008
4960
5009
4961
5010
4962
5011
4963
5012
4964
5013
4965
5014
4966
5015
4967
5016
4968
5017
4969
5018
4970
5019
4971
5020
4972
5021
4973
5022
4974
5023
4975
5024
4976
5025
4977
5026
4978
5027
4979
5028
4980
5029
4981
5030
4982
5031
4983
5032
4984
5033
4985
5034
4986
5035
4987
5036
4988
5037
4989
5038
4990
5039
4991
5040
4992
5041
4993
5042
4994
5043
4995
5044
4996
5045
4997
5046
4998
5047
4999
5048
5049
5001
5050
5002
5051
5003
5052
5004
5053
5005
5054
5006
5055
5007
5056
5008
5057
5009
5058
5010
5059
5011
5060
5012
5061
5013
5062
5014
5063
5015
5064
5016
5065
5017
5066
5018
5067
5019
5068
5020
5069
5021
5070
5022
5071
5023
5072
5024
5073
5025
5074
5026
5075
5027
5076
5028
5077
5029
5078
5030
5079
5031
5080
5032
5081
5033
5082
5034
5083
5035
5084
5036
5085
5037
5086
5038
5087
5039
5088
5040
5089
5041
5090
5042
5091
5043
5092
5044
5093
5045
5094
5046
5095
5047
5096
5048
5097
5049
5098
5099
5051
5100
5052
5101
5053
5102
5054
5103
5055
5104
5056
5105
5057
5106
5058
5107
5059
5108
5060
5109
5061
5110
5062
5111
5063
5112
5064
5113
5065
5114
5066
5115
5067
5116
5068
5117
5069
5118
5070
5119
5071
5120
5072
5121
5073
5122
5074
5123
5075
5124
5076
5125
5077
5126
5078
5127
5079
5128
5080
5129
5081
5130
5082
5131
5083
5132
5084
5133
5085
5134
5086
5135
5087
5136
5088
5137
5089
5138
5090
5139
5091
5140
5092
5141
5093
5142
5094
5143
5095
5144
5096
5145
5097
5146
5098
5147
5099
5148
5149
5101
5150
7629
5102
5151
5103
5152
5104
5153
5105
5154
5106
5155
5107
5156
5108
5157
5109
5158
5110
5159
5111
5160
5112
5161
5113
5162
5114
5163
5115
5164
5116
5165
5117
5166
5118
5167
5119
5168
5120
5169
5121
5170
5122
5171
5123
5172
5124
5173
5125
5174
5126
5175
5127
5176
5128
5177
5129
5178
5130
5179
5131
5180
5132
5181
5133
5182
5134
5183
5135
5184
5136
5185
5137
5186
5138
5187
5139
5188
5140
5189
5141
5190
5142
5191
5143
5192
5144
5193
5145
5194
5146
5195
5147
5196
5148
5197
5149
5198
5199
5151
5200
7659
5152
5201
5153
5202
5154
5203
5155
5204
5156
5205
5157
5206
5158
5207
5159
5208
5160
5209
5161
5210
5162
5211
5163
5212
5164
5213
5165
5214
5166
5215
5167
5216
5168
5217
5169
5218
5170
5219
5171
5220
5172
5221
5173
5222
5174
5223
5175
5224
5176
5225
5177
5226
5178
5227
5179
5228
5180
5229
5181
5230
5182
5231
5183
5232
5184
5233
5185
5234
5186
5235
5187
5236
5188
5237
5189
5238
5190
5239
5191
5240
5192
5241
5193
5242
5194
5243
5195
5244
5196
5245
5197
5246
5198
5247
5199
5248
5249
5201
5250
7689
5202
5251
5203
5252
5204
5253
5205
5254
5206
5255
5207
5256
5208
5257
5209
5258
5210
5259
5211
5260
5212
5261
5213
5262
5214
5263
5215
5264
5216
5265
5217
5266
5218
5267
5219
5268
5220
5269
5221
5270
5222
5271
5223
5272
5224
5273
5225
5274
5226
5275
5227
5276
5228
5277
5229
5278
5230
5279
5231
5280
5232
5281
5233
5282
5234
5283
5235
5284
5236
5285
5237
5286
5238
5287
5239
5288
5240
5289
5241
5290
5242
5291
5243
5292
5244
5293
5245
5294
5246
5295
5247
5296
5248
5297
5249
5298
5299
5251
5300
7719
5252
5301
5253
5302
5254
5303
5255
5304
5256
5305
5257
5306
5258
5307
5259
5308
5260
5309
5261
5310
5262
5311
5263
5312
5264
5313
5265
5314
5266
5315
5267
5316
5268
5317
5269
5318
5270
5319
5271
5320
5272
5321
5273
5322
5274
5323
5275
5324
5276
5325
5277
5326
5278
5327
5279
5328
5280
5329
5281
5330
5282
5331
5283
5332
5284
5333
5285
5334
5286
5335
5287
5336
5288
5337
5289
5338
5290
5339
5291
5340
5292
5341
5293
5342
5294
5343
5295
5344
5296
5345
5297
5346
5298
5347
5299
5348
5349
5301
5350
7749
5302
5351
5303
5352
5304
5353
5305
5354
5306
5355
5307
5356
5308
5357
5309
5358
5310
5359
5311
5360
5312
5361
5313
5362
5314
5363
5315
5364
5316
5365
5317
5366
5318
5367
5319
5368
5320
5369
5321
5370
5322
5371
5323
5372
5324
5373
5325
5374
5326
5375
5327
5376
5328
5377
5329
5378
5330
5379
5331
5380
5332
5381
5333
5382
5334
5383
5335
5384
5336
5385
5337
5386
5338
5387
5339
5388
5340
5389
5341
5390
5342
5391
5343
5392
5344
5393
5345
5394
5346
5395
5347
5396
5348
5397
5349
5398
5399
5351
5400
7779
5352
5401
5353
5402
5354
5403
5355
5404
5356
5405
5357
5406
5358
5407
5359
5408
5360
5409
5361
5410
5362
5411
5363
5412
5364
5413
5365
5414
5366
5415
5367
5416
5368
5417
5369
5418
5370
5419
5371
5420
5372
5421
5373
5422
5374
5423
5375
5424
5376
5425
5377
5426
5378
5427
5379
5428
5380
5429
5381
5430
5382
5431
5383
5432
5384
5433
5385
5434
5386
5435
5387
5436
5388
5437
5389
5438
5390
5439
5391
5440
5392
5441
5393
5442
5394
5443
5395
5444
5396
5445
5397
5446
5398
5447
5399
5448
5449
5401
5450
7809
5402
5451
5403
5452
5404
5453
5405
5454
5406
5455
5407
5456
5408
5457
5409
5458
5410
5459
5411
5460
5412
5461
5413
5462
5414
5463
5415
5464
5416
5465
5417
5466
5418
5467
5419
5468
5420
5469
5421
5470
5422
5471
5423
5472
5424
5473
5425
5474
5426
5475
5427
5476
5428
5477
5429
5478
5430
5479
5431
5480
5432
5481
5433
5482
5434
5483
5435
5484
5436
5485
5437
5486
5438
5487
5439
5488
5440
5489
5441
5490
5442
5491
5443
5492
5444
5493
5445
5494
5446
5495
5447
5496
5448
5497
5449
5498
5499
5451
5500
7839
5452
5501
5453
5502
5454
5503
5455
5504
5456
5505
5457
5506
5458
5507
5459
5508
5460
5509
5461
5510
5462
5511
5463
5512
5464
5513
5465
5514
5466
5515
5467
5516
5468
5517
5469
5518
5470
5519
5471
5520
5472
5521
5473
5522
5474
5523
5475
5524
5476
5525
5477
5526
5478
5527
5479
5528
5480
5529
5481
5530
5482
5531
5483
5532
5484
5533
5485
5534
5486
5535
5487
5536
5488
5537
5489
5538
5490
5539
5491
5540
5492
5541
5493
5542
5494
5543
5495
5544
5496
5545
5497
5546
5498
5547
5499
5548
5549
5501
5550
7869
5502
5551
5503
5552
5504
5553
5505
5554
5506
5555
5507
5556
5508
5557
5509
5558
5510
5559
5511
5560
5512
5561
5513
5562
5514
5563
5515
5564
5516
5565
5517
5566
5518
5567
5519
5568
5520
5569
5521
5570
5522
5571
5523
5572
5524
5573
5525
5574
5526
5575
5527
5576
5528
5577
5529
5578
5530
5579
5531
5580
5532
5581
5533
5582
5534
5583
5535
5584
5536
5585
5537
5586
5538
5587
5539
5588
5540
5589
5541
5590
5542
5591
5543
5592
5544
5593
5545
5594
5546
5595
5547
5596
5548
5597
5549
5598
5599
5551
5600
7899
5552
5601
5553
5602
5554
5603
5555
5604
5556
5605
5557
5606
5558
5607
5559
5608
5560
5609
5561
5610
5562
5611
5563
5612
5564
5613
5565
5614
5566
5615
5567
5616
5568
5617
5569
5618
5570
5619
5571
5620
5572
5621
5573
5622
5574
5623
5575
5624
5576
5625
5577
5626
5578
5627
5579
5628
5580
5629
5581
5630
5582
5631
5583
5632
5584
5633
5585
5634
5586
5635
5587
5636
5588
5637
5589
5638
5590
5639
5591
5640
5592
5641
5593
5642
5594
5643
5595
5644
5596
5645
5597
5646
5598
5647
5599
5648
5649
5601
5650
7929
5602
5651
5603
5652
5604
5653
5605
5654
5606
5655
5607
5656
5608
5657
5609
5658
5610
5659
5611
5660
5612
5661
5613
5662
5614
5663
5615
5664
5616
5665
5617
5666
5618
5667
5619
5668
5620
5669
5621
5670
5622
5671
5623
5672
5624
5673
5625
5674
5626
5675
5627
5676
5628
5677
5629
5678
5630
5679
5631
5680
5632
5681
5633
5682
5634
5683
5635
5684
5636
5685
5637
5686
5638
5687
5639
5688
5640
5689
5641
5690
5642
5691
5643
5692
5644
5693
5645
5694
5646
5695
5647
5696
5648
5697
5649
5698
5699
5651
5700
7959
5652
5701
5653
5702
5654
5703
5655
5704
5656
5705
5657
5706
5658
5707
5659
5708
5660
5709
5661
5710
5662
5711
5663
5712
5664
5713
5665
5714
5666
5715
5667
5716
5668
5717
5669
5718
5670
5719
5671
5720
5672
5721
5673
5722
5674
5723
5675
5724
5676
5725
5677
5726
5678
5727
5679
5728
5680
5729
5681
5730
5682
5731
5683
5732
5684
5733
5685
5734
5686
5735
5687
5736
5688
5737
5689
5738
5690
5739
5691
5740
5692
5741
5693
5742
5694
5743
5695
5744
5696
5745
5697
5746
5698
5747
5699
5748
5749
5701
5750
7989
5702
5751
5703
5752
5704
5753
5705
5754
5706
5755
5707
5756
5708
5757
5709
5758
5710
5759
5711
5760
5712
5761
5713
5762
5714
5763
5715
5764
5716
5765
5717
5766
5718
5767
5719
5768
5720
5769
5721
5770
5722
5771
5723
5772
5724
5773
5725
5774
5726
5775
5727
5776
5728
5777
5729
5778
5730
5779
5731
5780
5732
5781
5733
5782
5734
5783
5735
5784
5736
5785
5737
5786
5738
5787
5739
5788
5740
5789
5741
5790
5742
5791
5743
5792
5744
5793
5745
5794
5746
5795
5747
5796
5748
5797
5749
5798
5799
5751
5800
8019
5752
5801
5753
5802
5754
5803
5755
5804
5756
5805
5757
5806
5758
5807
5759
5808
5760
5809
5761
5810
5762
5811
5763
5812
5764
5813
5765
5814
5766
5815
5767
5816
5768
5817
5769
5818
5770
5819
5771
5820
5772
5821
5773
5822
5774
5823
5775
5824
5776
5825
5777
5826
5778
5827
5779
5828
5780
5829
5781
5830
5782
5831
5783
5832
5784
5833
5785
5834
5786
5835
5787
5836
5788
5837
5789
5838
5790
5839
5791
5840
5792
5841
5793
5842
5794
5843
5795
5844
5796
5845
5797
5846
5798
5847
5799
5848
5849
5801
5850
8049
5802
5851
5803
5852
5804
5853
5805
5854
5806
5855
5807
5856
5808
5857
5809
5858
5810
5859
5811
5860
5812
5861
5813
5862
5814
5863
5815
5864
5816
5865
5817
5866
5818
5867
5819
5868
5820
5869
5821
5870
5822
5871
5823
5872
5824
5873
5825
5874
5826
5875
5827
5876
5828
5877
5829
5878
5830
5879
5831
5880
5832
5881
5833
5882
5834
5883
5835
5884
5836
5885
5837
5886
5838
5887
5839
5888
5840
5889
5841
5890
5842
5891
5843
5892
5844
5893
5845
5894
5846
5895
5847
5896
5848
5897
5849
5898
5899
5851
5900
8079
5852
5901
5853
5902
5854
5903
5855
5904
5856
5905
5857
5906
5858
5907
5859
5908
5860
5909
5861
5910
5862
5911
5863
5912
5864
5913
5865
5914
5866
5915
5867
5916
5868
5917
5869
5918
5870
5919
5871
5920
5872
5921
5873
5922
5874
5923
5875
5924
5876
5925
5877
5926
5878
5927
5879
5928
5880
5929
5881
5930
5882
5931
5883
5932
5884
5933
5885
5934
5886
5935
5887
5936
5888
5937
5889
5938
5890
5939
5891
5940
5892
5941
5893
5942
5894
5943
5895
5944
5896
5945
5897
5946
5898
5947
5899
5948
5949
5901
5950
8109
5902
5951
5903
5952
5904
5953
5905
5954
5906
5955
5907
5956
5908
5957
5909
5958
5910
5959
5911
5960
5912
5961
5913
5962
5914
5963
5915
5964
5916
5965
5917
5966
5918
5967
5919
5968
5920
5969
5921
5970
5922
5971
5923
5972
5924
5973
5925
5974
5926
5975
5927
5976
5928
5977
5929
5978
5930
5979
5931
5980
5932
5981
5933
5982
5934
5983
5935
5984
5936
5985
5937
5986
5938
5987
5939
5988
5940
5989
5941
5990
5942
5991
5943
5992
5944
5993
5945
5994
5946
5995
5947
5996
5948
5997
5949
5998
5999
5951
6000
8139
5952
6001
5953
6002
5954
6003
5955
6004
5956
6005
5957
6006
5958
6007
5959
6008
5960
6009
5961
6010
5962
6011
5963
6012
5964
6013
5965
6014
5966
6015
5967
6016
5968
6017
5969
6018
5970
6019
5971
6020
5972
6021
5973
6022
5974
6023
5975
6024
5976
6025
5977
6026
5978
6027
5979
6028
5980
6029
5981
6030
5982
6031
5983
6032
5984
6033
5985
6034
5986
6035
5987
6036
5988
6037
5989
6038
5990
6039
5991
6040
5992
6041
5993
6042
5994
6043
5995
6044
5996
6045
5997
6046
5998
6047
5999
6048
6049
6001
6050
8169
6002
6051
6003
6052
6004
6053
6005
6054
6006
6055
6007
6056
6008
6057
6009
6058
6010
6059
6011
6060
6012
6061
6013
6062
6014
6063
6015
6064
6016
6065
6017
6066
6018
6067
6019
6068
6020
6069
6021
6070
6022
6071
6023
6072
6024
6073
6025
6074
6026
6075
6027
6076
6028
6077
6029
6078
6030
6079
6031
6080
6032
6081
6033
6082
6034
6083
6035
6084
6036
6085
6037
6086
6038
6087
6039
6088
6040
6089
6041
6090
6042
6091
6043
6092
6044
6093
6045
6094
6046
6095
6047
6096
6048
6097
6049
6098
6099
6051
6100
8199
6052
6101
6053
6102
6054
6103
6055
6104
6056
6105
6057
6106
6058
6107
6059
6108
6060
6109
6061
6110
6062
6111
6063
6112
6064
6113
6065
6114
6066
6115
6067
6116
6068
6117
6069
6118
6070
6119
6071
6120
6072
6121
6073
6122
6074
6123
6075
6124
6076
6125
6077
6126
6078
6127
6079
6128
6080
6129
6081
6130
6082
6131
6083
6132
6084
6133
6085
6134
6086
6135
6087
6136
6088
6137
6089
6138
6090
6139
6091
6140
6092
6141
6093
6142
6094
6143
6095
6144
6096
6145
6097
6146
6098
6147
6099
6148
6149
6101
6150
8229
6102
6151
6103
6152
6104
6153
6105
6154
6106
6155
6107
6156
6108
6157
6109
6158
6110
6159
6111
6160
6112
6161
6113
6162
6114
6163
6115
6164
6116
6165
6117
6166
6118
6167
6119
6168
6120
6169
6121
6170
6122
6171
6123
6172
6124
6173
6125
6174
6126
6175
6127
6176
6128
6177
6129
6178
6130
6179
6131
6180
6132
6181
6133
6182
6134
6183
6135
6184
6136
6185
6137
6186
6138
6187
6139
6188
6140
6189
6141
6190
6142
6191
6143
6192
6144
6193
6145
6194
6146
6195
6147
6196
6148
6197
6149
6198
6199
6151
6200
8259
6152
6201
6153
6202
6154
6203
6155
6204
6156
6205
6157
6206
6158
6207
6159
6208
6160
6209
6161
6210
6162
6211
6163
6212
6164
6213
6165
6214
6166
6215
6167
6216
6168
6217
6169
6218
6170
6219
6171
6220
6172
6221
6173
6222
6174
6223
6175
6224
6176
6225
6177
6226
6178
6227
6179
6228
6180
6229
6181
6230
6182
6231
6183
6232
6184
6233
6185
6234
6186
6235
6187
6236
6188
6237
6189
6238
6190
6239
6191
6240
6192
6241
6193
6242
6194
6243
6195
6244
6196
6245
6197
6246
6198
6247
6199
6248
6249
6201
6250
8289
6202
6251
6203
6252
6204
6253
6205
6254
6206
6255
6207
6256
6208
6257
6209
6258
6210
6259
6211
6260
6212
6261
6213
6262
6214
6263
6215
6264
6216
6265
6217
6266
6218
6267
6219
6268
6220
6269
6221
6270
6222
6271
6223
6272
6224
6273
6225
6274
6226
6275
6227
6276
6228
6277
6229
6278
6230
6279
6231
6280
6232
6281
6233
6282
6234
6283
6235
6284
6236
6285
6237
6286
6238
6287
6239
6288
6240
6289
6241
6290
6242
6291
6243
6292
6244
6293
6245
6294
6246
6295
6247
6296
6248
6297
6249
6298
6299
6251
6300
8319
6252
6301
6253
6302
6254
6303
6255
6304
6256
6305
6257
6306
6258
6307
6259
6308
6260
6309
6261
6310
6262
6311
6263
6312
6264
6313
6265
6314
6266
6315
6267
6316
6268
6317
6269
6318
6270
6319
6271
6320
6272
6321
6273
6322
6274
6323
6275
6324
6276
6325
6277
6326
6278
6327
6279
6328
6280
6329
6281
6330
6282
6331
6283
6332
6284
6333
6285
6334
6286
6335
6287
6336
6288
6337
6289
6338
6290
6339
6291
6340
6292
6341
6293
6342
6294
6343
6295
6344
6296
6345
6297
6346
6298
6347
6299
6348
6349
6301
6350
8349
6302
6351
6303
6352
6304
6353
6305
6354
6306
6355
6307
6356
6308
6357
6309
6358
6310
6359
6311
6360
6312
6361
6313
6362
6314
6363
6315
6364
6316
6365
6317
6366
6318
6367
6319
6368
6320
6369
6321
6370
6322
6371
6323
6372
6324
6373
6325
6374
6326
6375
6327
6376
6328
6377
6329
6378
6330
6379
6331
6380
6332
6381
6333
6382
6334
6383
6335
6384
6336
6385
6337
6386
6338
6387
6339
6388
6340
6389
6341
6390
6342
6391
6343
6392
6344
6393
6345
6394
6346
6395
6347
6396
6348
6397
6349
6398
6399
6351
6400
8379
6352
6401
6353
6402
6354
6403
6355
6404
6356
6405
6357
6406
6358
6407
6359
6408
6360
6409
6361
6410
6362
6411
6363
6412
6364
6413
6365
6414
6366
6415
6367
6416
6368
6417
6369
6418
6370
6419
6371
6420
6372
6421
6373
6422
6374
6423
6375
6424
6376
6425
6377
6426
6378
6427
6379
6428
6380
6429
6381
6430
6382
6431
6383
6432
6384
6433
6385
6434
6386
6435
6387
6436
6388
6437
6389
6438
6390
6439
6391
6440
6392
6441
6393
6442
6394
6443
6395
6444
6396
6445
6397
6446
6398
6447
6399
6448
6449
6401
6450
8409
6402
6451
6403
6452
6404
6453
6405
6454
6406
6455
6407
6456
6408
6457
6409
6458
6410
6459
6411
6460
6412
6461
6413
6462
6414
6463
6415
6464
6416
6465
6417
6466
6418
6467
6419
6468
6420
6469
6421
6470
6422
6471
6423
6472
6424
6473
6425
6474
6426
6475
6427
6476
6428
6477
6429
6478
6430
6479
6431
6480
6432
6481
6433
6482
6434
6483
6435
6484
6436
6485
6437
6486
6438
6487
6439
6488
6440
6489
6441
6490
6442
6491
6443
6492
6444
6493
6445
6494
6446
6495
6447
6496
6448
6497
6449
6498
6499
6451
6500
8439
6452
6501
6453
6502
6454
6503
6455
6504
6456
6505
6457
6506
6458
6507
6459
6508
6460
6509
6461
6510
6462
6511
6463
6512
6464
6513
6465
6514
6466
6515
6467
6516
6468
6517
6469
6518
6470
6519
6471
6520
6472
6521
6473
6522
6474
6523
6475
6524
6476
6525
6477
6526
6478
6527
6479
6528
6480
6529
6481
6530
6482
6531
6483
6532
6484
6533
6485
6534
6486
6535
6487
6536
6488
6537
6489
6538
6490
6539
6491
6540
6492
6541
6493
6542
6494
6543
6495
6544
6496
6545
6497
6546
6498
6547
6499
6548
6549
6501
6550
8469
6502
6551
6503
6552
6504
6553
6505
6554
6506
6555
6507
6556
6508
6557
6509
6558
6510
6559
6511
6560
6512
6561
6513
6562
6514
6563
6515
6564
6516
6565
6517
6566
6518
6567
6519
6568
6520
6569
6521
6570
6522
6571
6523
6572
6524
6573
6525
6574
6526
6575
6527
6576
6528
6577
6529
6578
6530
6579
6531
6580
6532
6581
6533
6582
6534
6583
6535
6584
6536
6585
6537
6586
6538
6587
6539
6588
6540
6589
6541
6590
6542
6591
6543
6592
6544
6593
6545
6594
6546
6595
6547
6596
6548
6597
6549
6598
6599
6551
6600
8499
6552
6601
6553
6602
6554
6603
6555
6604
6556
6605
6557
6606
6558
6607
6559
6608
6560
6609
6561
6610
6562
6611
6563
6612
6564
6613
6565
6614
6566
6615
6567
6616
6568
6617
6569
6618
6570
6619
6571
6620
6572
6621
6573
6622
6574
6623
6575
6624
6576
6625
6577
6626
6578
6627
6579
6628
6580
6629
6581
6630
6582
6631
6583
6632
6584
6633
6585
6634
6586
6635
6587
6636
6588
6637
6589
6638
6590
6639
6591
6640
6592
6641
6593
6642
6594
6643
6595
6644
6596
6645
6597
6646
6598
6647
6599
6648
6649
6601
6650
8529
6602
6651
6603
6652
6604
6653
6605
6654
6606
6655
6607
6656
6608
6657
6609
6658
6610
6659
6611
6660
6612
6661
6613
6662
6614
6663
6615
6664
6616
6665
6617
6666
6618
6667
6619
6668
6620
6669
6621
6670
6622
6671
6623
6672
6624
6673
6625
6674
6626
6675
6627
6676
6628
6677
6629
6678
6630
6679
6631
6680
6632
6681
6633
6682
6634
6683
6635
6684
6636
6685
6637
6686
6638
6687
6639
6688
6640
6689
6641
6690
6642
6691
6643
6692
6644
6693
6645
6694
6646
6695
6647
6696
6648
6697
6649
6698
6699
6651
6700
8559
6652
6701
6653
6702
6654
6703
6655
6704
6656
6705
6657
6706
6658
6707
6659
6708
6660
6709
6661
6710
6662
6711
6663
6712
6664
6713
6665
6714
6666
6715
6667
6716
6668
6717
6669
6718
6670
6719
6671
6720
6672
6721
6673
6722
6674
6723
6675
6724
6676
6725
6677
6726
6678
6727
6679
6728
6680
6729
6681
6730
6682
6731
6683
6732
6684
6733
6685
6734
6686
6735
6687
6736
6688
6737
6689
6738
6690
6739
6691
6740
6692
6741
6693
6742
6694
6743
6695
6744
6696
6745
6697
6746
6698
6747
6699
6748
6749
6701
6750
8589
6702
6751
6703
6752
6704
6753
6705
6754
6706
6755
6707
6756
6708
6757
6709
6758
6710
6759
6711
6760
6712
6761
6713
6762
6714
6763
6715
6764
6716
6765
6717
6766
6718
6767
6719
6768
6720
6769
6721
6770
6722
6771
6723
6772
6724
6773
6725
6774
6726
6775
6727
6776
6728
6777
6729
6778
6730
6779
6731
6780
6732
6781
6733
6782
6734
6783
6735
6784
6736
6785
6737
6786
6738
6787
6739
6788
6740
6789
6741
6790
6742
6791
6743
6792
6744
6793
6745
6794
6746
6795
6747
6796
6748
6797
6749
6798
6799
6751
6800
8619
6752
6801
6753
6802
6754
6803
6755
6804
6756
6805
6757
6806
6758
6807
6759
6808
6760
6809
6761
6810
6762
6811
6763
6812
6764
6813
6765
6814
6766
6815
6767
6816
6768
6817
6769
6818
6770
6819
6771
6820
6772
6821
6773
6822
6774
6823
6775
6824
6776
6825
6777
6826
6778
6827
6779
6828
6780
6829
6781
6830
6782
6831
6783
6832
6784
6833
6785
6834
6786
6835
6787
6836
6788
6837
6789
6838
6790
6839
6791
6840
6792
6841
6793
6842
6794
6843
6795
6844
6796
6845
6797
6846
6798
6847
6799
6848
6849
6801
6850
8649
6802
6851
6803
6852
6804
6853
6805
6854
6806
6855
6807
6856
6808
6857
6809
6858
6810
6859
6811
6860
6812
6861
6813
6862
6814
6863
6815
6864
6816
6865
6817
6866
6818
6867
6819
6868
6820
6869
6821
6870
6822
6871
6823
6872
6824
6873
6825
6874
6826
6875
6827
6876
6828
6877
6829
6878
6830
6879
6831
6880
6832
6881
6833
6882
6834
6883
6835
6884
6836
6885
6837
6886
6838
6887
6839
6888
6840
6889
6841
6890
6842
6891
6843
6892
6844
6893
6845
6894
6846
6895
6847
6896
6848
6897
6849
6898
6899
6851
6900
8679
6852
6901
6853
6902
6854
6903
6855
6904
6856
6905
6857
6906
6858
6907
6859
6908
6860
6909
6861
6910
6862
6911
6863
6912
6864
6913
6865
6914
6866
6915
6867
6916
6868
6917
6869
6918
6870
6919
6871
6920
6872
6921
6873
6922
6874
6923
6875
6924
6876
6925
6877
6926
6878
6927
6879
6928
6880
6929
6881
6930
6882
6931
6883
6932
6884
6933
6885
6934
6886
6935
6887
6936
6888
6937
6889
6938
6890
6939
6891
6940
6892
6941
6893
6942
6894
6943
6895
6944
6896
6945
6897
6946
6898
6947
6899
6948
6949
6901
6950
8709
6902
6951
6903
6952
6904
6953
6905
6954
6906
6955
6907
6956
6908
6957
6909
6958
6910
6959
6911
6960
6912
6961
6913
6962
6914
6963
6915
6964
6916
6965
6917
6966
6918
6967
6919
6968
6920
6969
6921
6970
6922
6971
6923
6972
6924
6973
6925
6974
6926
6975
6927
6976
6928
6977
6929
6978
6930
6979
6931
6980
6932
6981
6933
6982
6934
6983
6935
6984
6936
6985
6937
6986
6938
6987
6939
6988
6940
6989
6941
6990
6942
6991
6943
6992
6944
6993
6945
6994
6946
6995
6947
6996
6948
6997
6949
6998
6999
6951
7000
8739
6952
7001
6953
7002
6954
7003
6955
7004
6956
7005
6957
7006
6958
7007
6959
7008
6960
7009
6961
7010
6962
7011
6963
7012
6964
7013
6965
7014
6966
7015
6967
7016
6968
7017
6969
7018
6970
7019
6971
7020
6972
7021
6973
7022
6974
7023
6975
7024
6976
7025
6977
7026
6978
7027
6979
7028
6980
7029
6981
7030
6982
7031
6983
7032
6984
7033
6985
7034
6986
7035
6987
7036
6988
7037
6989
7038
6990
7039
6991
7040
6992
7041
6993
7042
6994
7043
6995
7044
6996
7045
6997
7046
6998
7047
6999
7048
7049
7001
7050
8769
7002
7051
7003
7052
7004
7053
7005
7054
7006
7055
7007
7056
7008
7057
7009
7058
7010
7059
7011
7060
7012
7061
7013
7062
7014
7063
7015
7064
7016
7065
7017
7066
7018
7067
7019
7068
7020
7069
7021
7070
7022
7071
7023
7072
7024
7073
7025
7074
7026
7075
7027
7076
7028
7077
7029
7078
7030
7079
7031
7080
7032
7081
7033
7082
7034
7083
7035
7084
7036
7085
7037
7086
7038
7087
7039
7088
7040
7089
7041
7090
7042
7091
7043
7092
7044
7093
7045
7094
7046
7095
7047
7096
7048
7097
7049
7098
7099
7051
7100
8799
7052
7101
7053
7102
7054
7103
7055
7104
7056
7105
7057
7106
7058
7107
7059
7108
7060
7109
7061
7110
7062
7111
7063
7112
7064
7113
7065
7114
7066
7115
7067
7116
7068
7117
7069
7118
7070
7119
7071
7120
7072
7121
7073
7122
7074
7123
7075
7124
7076
7125
7077
7126
7078
7127
7079
7128
7080
7129
7081
7130
7082
7131
7083
7132
7084
7133
7085
7134
7086
7135
7087
7136
7088
7137
7089
7138
7090
7139
7091
7140
7092
7141
7093
7142
7094
7143
7095
7144
7096
7145
7097
7146
7098
7147
7099
7148
7149
7101
7150
8829
7102
7151
7103
7152
7104
7153
7105
7154
7106
7155
7107
7156
7108
7157
7109
7158
7110
7159
7111
7160
7112
7161
7113
7162
7114
7163
7115
7164
7116
7165
7117
7166
7118
7167
7119
7168
7120
7169
7121
7170
7122
7171
7123
7172
7124
7173
7125
7174
7126
7175
7127
7176
7128
7177
7129
7178
7130
7179
7131
7180
7132
7181
7133
7182
7134
7183
7135
7184
7136
7185
7137
7186
7138
7187
7139
7188
7140
7189
7141
7190
7142
7191
7143
7192
7144
7193
7145
7194
7146
7195
7147
7196
7148
7197
7149
7198
7199
7151
7200
8859
7152
7201
7153
7202
7154
7203
7155
7204
7156
7205
7157
7206
7158
7207
7159
7208
7160
7209
7161
7210
7162
7211
7163
7212
7164
7213
7165
7214
7166
7215
7167
7216
7168
7217
7169
7218
7170
7219
7171
7220
7172
7221
7173
7222
7174
7223
7175
7224
7176
7225
7177
7226
7178
7227
7179
7228
7180
7229
7181
7230
7182
7231
7183
7232
7184
7233
7185
7234
7186
7235
7187
7236
7188
7237
7189
7238
7190
7239
7191
7240
7192
7241
7193
7242
7194
7243
7195
7244
7196
7245
7197
7246
7198
7247
7199
7248
7249
7201
7250
8889
7202
7251
7203
7252
7204
7253
7205
7254
7206
7255
7207
7256
7208
7257
7209
7258
7210
7259
7211
7260
7212
7261
7213
7262
7214
7263
7215
7264
7216
7265
7217
7266
7218
7267
7219
7268
7220
7269
7221
7270
7222
7271
7223
7272
7224
7273
7225
7274
7226
7275
7227
7276
7228
7277
7229
7278
7230
7279
7231
7280
7232
7281
7233
7282
7234
7283
7235
7284
7236
7285
7237
7286
7238
7287
7239
7288
7240
7289
7241
7290
7242
7291
7243
7292
7244
7293
7245
7294
7246
7295
7247
7296
7248
7297
7249
7298
7299
7251
7300
8919
7252
7301
7253
7302
7254
7303
7255
7304
7256
7305
7257
7306
7258
7307
7259
7308
7260
7309
7261
7310
7262
7311
7263
7312
7264
7313
7265
7314
7266
7315
7267
7316
7268
7317
7269
7318
7270
7319
7271
7320
7272
7321
7273
7322
7274
7323
7275
7324
7276
7325
7277
7326
7278
7327
7279
7328
7280
7329
7281
7330
7282
7331
7283
7332
7284
7333
7285
7334
7286
7335
7287
7336
7288
7337
7289
7338
7290
7339
7291
7340
7292
7341
7293
7342
7294
7343
7295
7344
7296
7345
7297
7346
7298
7347
7299
7348
7349
7301
7350
8949
7302
7351
7303
7352
7304
7353
7305
7354
7306
7355
7307
7356
7308
7357
7309
7358
7310
7359
7311
7360
7312
7361
7313
7362
7314
7363
7315
7364
7316
7365
7317
7366
7318
7367
7319
7368
7320
7369
7321
7370
7322
7371
7323
7372
7324
7373
7325
7374
7326
7375
7327
7376
7328
7377
7329
7378
7330
7379
7331
7380
7332
7381
7333
7382
7334
7383
7335
7384
7336
7385
7337
7386
7338
7387
7339
7388
7340
7389
7341
7390
7342
7391
7343
7392
7344
7393
7345
7394
7346
7395
7347
7396
7348
7397
7349
7398
7399
7351
7400
8979
7352
7401
7353
7402
7354
7403
7355
7404
7356
7405
7357
7406
7358
7407
7359
7408
7360
7409
7361
7410
7362
7411
7363
7412
7364
7413
7365
7414
7366
7415
7367
7416
7368
7417
7369
7418
7370
7419
7371
7420
7372
7421
7373
7422
7374
7423
7375
7424
7376
7425
7377
7426
7378
7427
7379
7428
7380
7429
7381
7430
7382
7431
7383
7432
7384
7433
7385
7434
7386
7435
7387
7436
7388
7437
7389
7438
7390
7439
7391
7440
7392
7441
7393
7442
7394
7443
7395
7444
7396
7445
7397
7446
7398
7447
7399
7448
7449
7401
7450
9009
7402
7451
7403
7452
7404
7453
7405
7454
7406
7455
7407
7456
7408
7457
7409
7458
7410
7459
7411
7460
7412
7461
7413
7462
7414
7463
7415
7464
7416
7465
7417
7466
7418
7467
7419
7468
7420
7469
7421
7470
7422
7471
7423
7472
7424
7473
7425
7474
7426
7475
7427
7476
7428
7477
7429
7478
7430
7479
7431
7480
7432
7481
7433
7482
7434
7483
7435
7484
7436
7485
7437
7486
7438
7487
7439
7488
7440
7489
7441
7490
7442
7491
7443
7492
7444
7493
7445
7494
7446
7495
7447
7496
7448
7497
7449
7498
7499
7451
7500
9039
7452
7501
7453
7502
7454
7503
7455
7504
7456
7505
7457
7506
7458
7507
7459
7508
7460
7509
7461
7510
7462
7511
7463
7512
7464
7513
7465
7514
7466
7515
7467
7516
7468
7517
7469
7518
7470
7519
7471
7520
7472
7521
7473
7522
7474
7523
7475
7524
7476
7525
7477
7526
7478
7527
7479
7528
7480
7529
7481
7530
7482
7531
7483
7532
7484
7533
7485
7534
7486
7535
7487
7536
7488
7537
7489
7538
7490
7539
7491
7540
7492
7541
7493
7542
7494
7543
7495
7544
7496
7545
7497
7546
7498
7547
7499
7548
7549
7501
7550
9069
7502
7551
7503
7552
7504
7553
7505
7554
7506
7555
7507
7556
7508
7557
7509
7558
7510
7559
7511
7560
7512
7561
7513
7562
7514
7563
7515
7564
7516
7565
7517
7566
7518
7567
7519
7568
7520
7569
7521
7570
7522
7571
7523
7572
7524
7573
7525
7574
7526
7575
7527
7576
7528
7577
7529
7578
7530
7579
7531
7580
7532
7581
7533
7582
7534
7583
7535
7584
7536
7585
7537
7586
7538
7587
7539
7588
7540
7589
7541
7590
7542
7591
7543
7592
7544
7593
7545
7594
7546
7595
7547
7596
7548
7597
7549
7598
7599
7551
9099
7552
7553
7554
7555
7556
7557
7558
7559
7560
7561
7562
7563
7564
7565
7566
7567
7568
7569
7570
7571
7572
7573
7574
7575
7576
7577
7578
7579
7580
7581
7582
7583
7584
7585
7586
7587
7588
7589
7590
7591
7592
7593
7594
7595
7596
7597
7598
7599
7601
7630
7602
7631
7603
7632
7604
7633
7605
7634
7606
7635
7607
7636
7608
7637
7609
7638
7610
7639
7611
7640
7612
7641
7613
7642
7614
7643
7615
7644
7616
7645
7617
7646
7618
7647
7619
7648
7620
7649
7621
7650
7622
7651
7623
7652
7624
7653
7625
7654
7626
7655
7627
7656
7628
7657
7629
7658
7659
7631
7660
7632
7661
7633
7662
7634
7663
7635
7664
7636
7665
7637
7666
7638
7667
7639
7668
7640
7669
7641
7670
7642
7671
7643
7672
7644
7673
7645
7674
7646
7675
7647
7676
7648
7677
7649
7678
7650
7679
7651
7680
7652
7681
7653
7682
7654
7683
7655
7684
7656
7685
7657
7686
7658
7687
7659
7688
7689
7661
7690
7662
7691
7663
7692
7664
7693
7665
7694
7666
7695
7667
7696
7668
7697
7669
7698
7670
7699
7671
7700
7672
7701
7673
7702
7674
7703
7675
7704
7676
7705
7677
7706
7678
7707
7679
7708
7680
7709
7681
7710
7682
7711
7683
7712
7684
7713
7685
7714
7686
7715
7687
7716
7688
7717
7689
7718
7719
7691
7720
7692
7721
7693
7722
7694
7723
7695
7724
7696
7725
7697
7726
7698
7727
7699
7728
7700
7729
7701
7730
7702
7731
7703
7732
7704
7733
7705
7734
7706
7735
7707
7736
7708
7737
7709
7738
7710
7739
7711
7740
7712
7741
7713
7742
7714
7743
7715
7744
7716
7745
7717
7746
7718
7747
7719
7748
7749
7721
7750
7722
7751
7723
7752
7724
7753
7725
7754
7726
7755
7727
7756
7728
7757
7729
7758
7730
7759
7731
7760
7732
7761
7733
7762
7734
7763
7735
7764
7736
7765
7737
7766
7738
7767
7739
7768
7740
7769
7741
7770
7742
7771
7743
7772
7744
7773
7745
7774
7746
7775
7747
7776
7748
7777
7749
7778
7779
7751
7780
7752
7781
7753
7782
7754
7783
7755
7784
7756
7785
7757
7786
7758
7787
7759
7788
7760
7789
7761
7790
7762
7791
7763
7792
7764
7793
7765
7794
7766
7795
7767
7796
7768
7797
7769
7798
7770
7799
7771
7800
7772
7801
7773
7802
7774
7803
7775
7804
7776
7805
7777
7806
7778
7807
7779
7808
7809
7781
7810
7782
7811
7783
7812
7784
7813
7785
7814
7786
7815
7787
7816
7788
7817
7789
7818
7790
7819
7791
7820
7792
7821
7793
7822
7794
7823
7795
7824
7796
7825
7797
7826
7798
7827
7799
7828
7800
7829
7801
7830
7802
7831
7803
7832
7804
7833
7805
7834
7806
7835
7807
7836
7808
7837
7809
7838
7839
7811
7840
7812
7841
7813
7842
7814
7843
7815
7844
7816
7845
7817
7846
7818
7847
7819
7848
7820
7849
7821
7850
7822
7851
7823
7852
7824
7853
7825
7854
7826
7855
7827
7856
7828
7857
7829
7858
7830
7859
7831
7860
7832
7861
7833
7862
7834
7863
7835
7864
7836
7865
7837
7866
7838
7867
7839
7868
7869
7841
7870
7842
7871
7843
7872
7844
7873
7845
7874
7846
7875
7847
7876
7848
7877
7849
7878
7850
7879
7851
7880
7852
7881
7853
7882
7854
7883
7855
7884
7856
7885
7857
7886
7858
7887
7859
7888
7860
7889
7861
7890
7862
7891
7863
7892
7864
7893
7865
7894
7866
7895
7867
7896
7868
7897
7869
7898
7899
7871
7900
7872
7901
7873
7902
7874
7903
7875
7904
7876
7905
7877
7906
7878
7907
7879
7908
7880
7909
7881
7910
7882
7911
7883
7912
7884
7913
7885
7914
7886
7915
7887
7916
7888
7917
7889
7918
7890
7919
7891
7920
7892
7921
7893
7922
7894
7923
7895
7924
7896
7925
7897
7926
7898
7927
7899
7928
7929
7901
7930
7902
7931
7903
7932
7904
7933
7905
7934
7906
7935
7907
7936
7908
7937
7909
7938
7910
7939
7911
7940
7912
7941
7913
7942
7914
7943
7915
7944
7916
7945
7917
7946
7918
7947
7919
7948
7920
7949
7921
7950
7922
7951
7923
7952
7924
7953
7925
7954
7926
7955
7927
7956
7928
7957
7929
7958
7959
7931
7960
7932
7961
7933
7962
7934
7963
7935
7964
7936
7965
7937
7966
7938
7967
7939
7968
7940
7969
7941
7970
7942
7971
7943
7972
7944
7973
7945
7974
7946
7975
7947
7976
7948
7977
7949
7978
7950
7979
7951
7980
7952
7981
7953
7982
7954
7983
7955
7984
7956
7985
7957
7986
7958
7987
7959
7988
7989
7961
7990
7962
7991
7963
7992
7964
7993
7965
7994
7966
7995
7967
7996
7968
7997
7969
7998
7970
7999
7971
8000
7972
8001
7973
8002
7974
8003
7975
8004
7976
8005
7977
8006
7978
8007
7979
8008
7980
8009
7981
8010
7982
8011
7983
8012
7984
8013
7985
8014
7986
8015
7987
8016
7988
8017
7989
8018
8019
7991
8020
7992
8021
7993
8022
7994
8023
7995
8024
7996
8025
7997
8026
7998
8027
7999
8028
8000
8029
8001
8030
8002
8031
8003
8032
8004
8033
8005
8034
8006
8035
8007
8036
8008
8037
8009
8038
8010
8039
8011
8040
8012
8041
8013
8042
8014
8043
8015
8044
8016
8045
8017
8046
8018
8047
8019
8048
8049
8021
8050
8022
8051
8023
8052
8024
8053
8025
8054
8026
8055
8027
8056
8028
8057
8029
8058
8030
8059
8031
8060
8032
8061
8033
8062
8034
8063
8035
8064
8036
8065
8037
8066
8038
8067
8039
8068
8040
8069
8041
8070
8042
8071
8043
8072
8044
8073
8045
8074
8046
8075
8047
8076
8048
8077
8049
8078
8079
8051
8080
8052
8081
8053
8082
8054
8083
8055
8084
8056
8085
8057
8086
8058
8087
8059
8088
8060
8089
8061
8090
8062
8091
8063
8092
8064
8093
8065
8094
8066
8095
8067
8096
8068
8097
8069
8098
8070
8099
8071
8100
8072
8101
8073
8102
8074
8103
8075
8104
8076
8105
8077
8106
8078
8107
8079
8108
8109
8081
8110
8082
8111
8083
8112
8084
8113
8085
8114
8086
8115
8087
8116
8088
8117
8089
8118
8090
8119
8091
8120
8092
8121
8093
8122
8094
8123
8095
8124
8096
8125
8097
8126
8098
8127
8099
8128
8100
8129
8101
8130
8102
8131
8103
8132
8104
8133
8105
8134
8106
8135
8107
8136
8108
8137
8109
8138
8139
8111
8140
8112
8141
8113
8142
8114
8143
8115
8144
8116
8145
8117
8146
8118
8147
8119
8148
8120
8149
8121
8150
8122
8151
8123
8152
8124
8153
8125
8154
8126
8155
8127
8156
8128
8157
8129
8158
8130
8159
8131
8160
8132
8161
8133
8162
8134
8163
8135
8164
8136
8165
8137
8166
8138
8167
8139
8168
8169
8141
8170
8142
8171
8143
8172
8144
8173
8145
8174
8146
8175
8147
8176
8148
8177
8149
8178
8150
8179
8151
8180
8152
8181
8153
8182
8154
8183
8155
8184
8156
8185
8157
8186
8158
8187
8159
8188
8160
8189
8161
8190
8162
8191
8163
8192
8164
8193
8165
8194
8166
8195
8167
8196
8168
8197
8169
8198
8199
8171
8200
8172
8201
8173
8202
8174
8203
8175
8204
8176
8205
8177
8206
8178
8207
8179
8208
8180
8209
8181
8210
8182
8211
8183
8212
8184
8213
8185
8214
8186
8215
8187
8216
8188
8217
8189
8218
8190
8219
8191
8220
8192
8221
8193
8222
8194
8223
8195
8224
8196
8225
8197
8226
8198
8227
8199
8228
8229
8201
8230
8202
8231
8203
8232
8204
8233
8205
8234
8206
8235
8207
8236
8208
8237
8209
8238
8210
8239
8211
8240
8212
8241
8213
8242
8214
8243
8215
8244
8216
8245
8217
8246
8218
8247
8219
8248
8220
8249
8221
8250
8222
8251
8223
8252
8224
8253
8225
8254
8226
8255
8227
8256
8228
8257
8229
8258
8259
8231
8260
8232
8261
8233
8262
8234
8263
8235
8264
8236
8265
8237
8266
8238
8267
8239
8268
8240
8269
8241
8270
8242
8271
8243
8272
8244
8273
8245
8274
8246
8275
8247
8276
8248
8277
8249
8278
8250
8279
8251
8280
8252
8281
8253
8282
8254
8283
8255
8284
8256
8285
8257
8286
8258
8287
8259
8288
8289
8261
8290
8262
8291
8263
8292
8264
8293
8265
8294
8266
8295
8267
8296
8268
8297
8269
8298
8270
8299
8271
8300
8272
8301
8273
8302
8274
8303
8275
8304
8276
8305
8277
8306
8278
8307
8279
8308
8280
8309
8281
8310
8282
8311
8283
8312
8284
8313
8285
8314
8286
8315
8287
8316
8288
8317
8289
8318
8319
8291
8320
8292
8321
8293
8322
8294
8323
8295
8324
8296
8325
8297
8326
8298
8327
8299
8328
8300
8329
8301
8330
8302
8331
8303
8332
8304
8333
8305
8334
8306
8335
8307
8336
8308
8337
8309
8338
8310
8339
8311
8340
8312
8341
8313
8342
8314
8343
8315
8344
8316
8345
8317
8346
8318
8347
8319
8348
8349
8321
8350
8322
8351
8323
8352
8324
8353
8325
8354
8326
8355
8327
8356
8328
8357
8329
8358
8330
8359
8331
8360
8332
8361
8333
8362
8334
8363
8335
8364
8336
8365
8337
8366
8338
8367
8339
8368
8340
8369
8341
8370
8342
8371
8343
8372
8344
8373
8345
8374
8346
8375
8347
8376
8348
8377
8349
8378
8379
8351
8380
8352
8381
8353
8382
8354
8383
8355
8384
8356
8385
8357
8386
8358
8387
8359
8388
8360
8389
8361
8390
8362
8391
8363
8392
8364
8393
8365
8394
8366
8395
8367
8396
8368
8397
8369
8398
8370
8399
8371
8400
8372
8401
8373
8402
8374
8403
8375
8404
8376
8405
8377
8406
8378
8407
8379
8408
8409
8381
8410
8382
8411
8383
8412
8384
8413
8385
8414
8386
8415
8387
8416
8388
8417
8389
8418
8390
8419
8391
8420
8392
8421
8393
8422
8394
8423
8395
8424
8396
8425
8397
8426
8398
8427
8399
8428
8400
8429
8401
8430
8402
8431
8403
8432
8404
8433
8405
8434
8406
8435
8407
8436
8408
8437
8409
8438
8439
8411
8440
8412
8441
8413
8442
8414
8443
8415
8444
8416
8445
8417
8446
8418
8447
8419
8448
8420
8449
8421
8450
8422
8451
8423
8452
8424
8453
8425
8454
8426
8455
8427
8456
8428
8457
8429
8458
8430
8459
8431
8460
8432
8461
8433
8462
8434
8463
8435
8464
8436
8465
8437
8466
8438
8467
8439
8468
8469
8441
8470
8442
8471
8443
8472
8444
8473
8445
8474
8446
8475
8447
8476
8448
8477
8449
8478
8450
8479
8451
8480
8452
8481
8453
8482
8454
8483
8455
8484
8456
8485
8457
8486
8458
8487
8459
8488
8460
8489
8461
8490
8462
8491
8463
8492
8464
8493
8465
8494
8466
8495
8467
8496
8468
8497
8469
8498
8499
8471
8500
8472
8501
8473
8502
8474
8503
8475
8504
8476
8505
8477
8506
8478
8507
8479
8508
8480
8509
8481
8510
8482
8511
8483
8512
8484
8513
8485
8514
8486
8515
8487
8516
8488
8517
8489
8518
8490
8519
8491
8520
8492
8521
8493
8522
8494
8523
8495
8524
8496
8525
8497
8526
8498
8527
8499
8528
8529
8501
8530
8502
8531
8503
8532
8504
8533
8505
8534
8506
8535
8507
8536
8508
8537
8509
8538
8510
8539
8511
8540
8512
8541
8513
8542
8514
8543
8515
8544
8516
8545
8517
8546
8518
8547
8519
8548
8520
8549
8521
8550
8522
8551
8523
8552
8524
8553
8525
8554
8526
8555
8527
8556
8528
8557
8529
8558
8559
8531
8560
8532
8561
8533
8562
8534
8563
8535
8564
8536
8565
8537
8566
8538
8567
8539
8568
8540
8569
8541
8570
8542
8571
8543
8572
8544
8573
8545
8574
8546
8575
8547
8576
8548
8577
8549
8578
8550
8579
8551
8580
8552
8581
8553
8582
8554
8583
8555
8584
8556
8585
8557
8586
8558
8587
8559
8588
8589
8561
8590
8562
8591
8563
8592
8564
8593
8565
8594
8566
8595
8567
8596
8568
8597
8569
8598
8570
8599
8571
8600
8572
8601
8573
8602
8574
8603
8575
8604
8576
8605
8577
8606
8578
8607
8579
8608
8580
8609
8581
8610
8582
8611
8583
8612
8584
8613
8585
8614
8586
8615
8587
8616
8588
8617
8589
8618
8619
8591
8620
8592
8621
8593
8622
8594
8623
8595
8624
8596
8625
8597
8626
8598
8627
8599
8628
8600
8629
8601
8630
8602
8631
8603
8632
8604
8633
8605
8634
8606
8635
8607
8636
8608
8637
8609
8638
8610
8639
8611
8640
8612
8641
8613
8642
8614
8643
8615
8644
8616
8645
8617
8646
8618
8647
8619
8648
8649
8621
8650
8622
8651
8623
8652
8624
8653
8625
8654
8626
8655
8627
8656
8628
8657
8629
8658
8630
8659
8631
8660
8632
8661
8633
8662
8634
8663
8635
8664
8636
8665
8637
8666
8638
8667
8639
8668
8640
8669
8641
8670
8642
8671
8643
8672
8644
8673
8645
8674
8646
8675
8647
8676
8648
8677
8649
8678
8679
8651
8680
8652
8681
8653
8682
8654
8683
8655
8684
8656
8685
8657
8686
8658
8687
8659
8688
8660
8689
8661
8690
8662
8691
8663
8692
8664
8693
8665
8694
8666
8695
8667
8696
8668
8697
8669
8698
8670
8699
8671
8700
8672
8701
8673
8702
8674
8703
8675
8704
8676
8705
8677
8706
8678
8707
8679
8708
8709
8681
8710
8682
8711
8683
8712
8684
8713
8685
8714
8686
8715
8687
8716
8688
8717
8689
8718
8690
8719
8691
8720
8692
8721
8693
8722
8694
8723
8695
8724
8696
8725
8697
8726
8698
8727
8699
8728
8700
8729
8701
8730
8702
8731
8703
8732
8704
8733
8705
8734
8706
8735
8707
8736
8708
8737
8709
8738
8739
8711
8740
8712
8741
8713
8742
8714
8743
8715
8744
8716
8745
8717
8746
8718
8747
8719
8748
8720
8749
8721
8750
8722
8751
8723
8752
8724
8753
8725
8754
8726
8755
8727
8756
8728
8757
8729
8758
8730
8759
8731
8760
8732
8761
8733
8762
8734
8763
8735
8764
8736
8765
8737
8766
8738
8767
8739
8768
8769
8741
8770
8742
8771
8743
8772
8744
8773
8745
8774
8746
8775
8747
8776
8748
8777
8749
8778
8750
8779
8751
8780
8752
8781
8753
8782
8754
8783
8755
8784
8756
8785
8757
8786
8758
8787
8759
8788
8760
8789
8761
8790
8762
8791
8763
8792
8764
8793
8765
8794
8766
8795
8767
8796
8768
8797
8769
8798
8799
8771
8800
8772
8801
8773
8802
8774
8803
8775
8804
8776
8805
8777
8806
8778
8807
8779
8808
8780
8809
8781
8810
8782
8811
8783
8812
8784
8813
8785
8814
8786
8815
8787
8816
8788
8817
8789
8818
8790
8819
8791
8820
8792
8821
8793
8822
8794
8823
8795
8824
8796
8825
8797
8826
8798
8827
8799
8828
8829
8801
8830
8802
8831
8803
8832
8804
8833
8805
8834
8806
8835
8807
8836
8808
8837
8809
8838
8810
8839
8811
8840
8812
8841
8813
8842
8814
8843
8815
8844
8816
8845
8817
8846
8818
8847
8819
8848
8820
8849
8821
8850
8822
8851
8823
8852
8824
8853
8825
8854
8826
8855
8827
8856
8828
8857
8829
8858
8859
8831
8860
8832
8861
8833
8862
8834
8863
8835
8864
8836
8865
8837
8866
8838
8867
8839
8868
8840
8869
8841
8870
8842
8871
8843
8872
8844
8873
8845
8874
8846
8875
8847
8876
8848
8877
8849
8878
8850
8879
8851
8880
8852
8881
8853
8882
8854
8883
8855
8884
8856
8885
8857
8886
8858
8887
8859
8888
8889
8861
8890
8862
8891
8863
8892
8864
8893
8865
8894
8866
8895
8867
8896
8868
8897
8869
8898
8870
8899
8871
8900
8872
8901
8873
8902
8874
8903
8875
8904
8876
8905
8877
8906
8878
8907
8879
8908
8880
8909
8881
8910
8882
8911
8883
8912
8884
8913
8885
8914
8886
8915
8887
8916
8888
8917
8889
8918
8919
8891
8920
8892
8921
8893
8922
8894
8923
8895
8924
8896
8925
8897
8926
8898
8927
8899
8928
8900
8929
8901
8930
8902
8931
8903
8932
8904
8933
8905
8934
8906
8935
8907
8936
8908
8937
8909
8938
8910
8939
8911
8940
8912
8941
8913
8942
8914
8943
8915
8944
8916
8945
8917
8946
8918
8947
8919
8948
8949
8921
8950
8922
8951
8923
8952
8924
8953
8925
8954
8926
8955
8927
8956
8928
8957
8929
8958
8930
8959
8931
8960
8932
8961
8933
8962
8934
8963
8935
8964
8936
8965
8937
8966
8938
8967
8939
8968
8940
8969
8941
8970
8942
8971
8943
8972
8944
8973
8945
8974
8946
8975
8947
8976
8948
8977
8949
8978
8979
8951
8980
8952
8981
8953
8982
8954
8983
8955
8984
8956
8985
8957
8986
8958
8987
8959
8988
8960
8989
8961
8990
8962
8991
8963
8992
8964
8993
8965
8994
8966
8995
8967
8996
8968
8997
8969
8998
8970
8999
8971
9000
8972
9001
8973
9002
8974
9003
8975
9004
8976
9005
8977
9006
8978
9007
8979
9008
9009
8981
9010
8982
9011
8983
9012
8984
9013
8985
9014
8986
9015
8987
9016
8988
9017
8989
9018
8990
9019
8991
9020
8992
9021
8993
9022
8994
9023
8995
9024
8996
9025
8997
9026
8998
9027
8999
9028
9000
9029
9001
9030
9002
9031
9003
9032
9004
9033
9005
9034
9006
9035
9007
9036
9008
9037
9009
9038
9039
9011
9040
9012
9041
9013
9042
9014
9043
9015
9044
9016
9045
9017
9046
9018
9047
9019
9048
9020
9049
9021
9050
9022
9051
9023
9052
9024
9053
9025
9054
9026
9055
9027
9056
9028
9057
9029
9058
9030
9059
9031
9060
9032
9061
9033
9062
9034
9063
9035
9064
9036
9065
9037
9066
9038
9067
9039
9068
9069
9041
9070
9042
9071
9043
9072
9044
9073
9045
9074
9046
9075
9047
9076
9048
9077
9049
9078
9050
9079
9051
9080
9052
9081
9053
9082
9054
9083
9055
9084
9056
9085
9057
9086
9058
9087
9059
9088
9060
9089
9061
9090
9062
9091
9063
9092
9064
9093
9065
9094
9066
9095
9067
9096
9068
9097
9069
9098
9099
9071
9072
9073
9074
9075
9076
9077
9078
9079
9080
9081
9082
9083
9084
9085
9086
9087
9088
9089
9090
9091
9092
9093
9094
9095
9096
9097
9098
9099
)


// ************************************************************************* //
