/*--------------------------------*- C++ -*----------------------------------*\
| =========                 |                                                 |
| \\      /  F ield         | OpenFOAM: The Open Source CFD Toolbox           |
|  \\    /   O peration     | Version:  2.3.1                                 |
|   \\  /    A nd           | Web:      www.OpenFOAM.org                      |
|    \\/     M anipulation  |                                                 |
\*---------------------------------------------------------------------------*/
FoamFile
{
    version     2.0;
    format      ascii;
    class       volScalarField;
    location    "0.05";
    object      epsilon;
}
// * * * * * * * * * * * * * * * * * * * * * * * * * * * * * * * * * * * * * //

dimensions      [0 2 -3 0 0 0 0];

internalField   nonuniform List<scalar> 
9648
(
2505.43
2452.46
2380.08
2322.95
2279.82
2248.32
2224.81
2206.1
2189.58
2173.49
2156.47
2137.46
2116.02
2092.08
2065.36
2035.91
2004.01
1970.07
1934.33
1897.07
1858.76
1819.82
1780.58
1741.52
1702.98
1665.24
1628.53
1593.11
1559.21
1526.94
1496.42
1467.75
1440.98
1416.11
1393.19
1372.17
1353.01
1335.68
1320.2
1306.5
1294.47
1284.1
1275.32
1268.02
1262.21
1257.86
1254.86
1253.08
1252.54
1253.25
1255.11
1257.97
1261.95
1266.96
1272.94
1279.85
1287.74
1296.7
1306.59
1317.35
1329.01
808.276
769.163
731.213
700.22
676.029
658.734
647.911
642.161
640.313
641.136
643.607
646.898
650.591
654.366
657.984
661.192
663.879
666.042
667.667
668.667
669.114
669.033
668.427
667.392
666.037
664.407
662.546
660.532
658.457
656.379
654.329
652.38
650.588
648.956
647.531
646.352
645.416
644.726
644.303
644.181
644.349
644.792
645.522
646.548
647.85
649.46
651.37
653.553
655.995
658.717
661.661
664.834
668.212
671.859
675.692
679.743
683.932
688.406
693.091
697.947
702.955
454.986
428.62
406.062
388.165
375.469
367.993
365.689
367.66
373.147
381.051
390.717
401.407
412.639
424.019
435.257
446.138
456.499
466.245
475.298
483.606
491.153
497.92
503.934
509.234
513.871
517.89
521.342
524.291
526.789
528.892
530.654
532.123
533.344
534.358
535.206
535.915
536.52
537.04
537.5
537.92
538.322
538.73
539.15
539.601
540.098
540.645
541.252
541.913
542.635
543.411
544.245
545.152
546.109
547.18
548.273
549.488
550.745
552.164
553.607
555.106
556.645
337.524
318.972
303.467
291.616
283.878
280.471
281.325
285.984
293.816
304.039
315.984
329.01
342.621
356.395
370.015
383.224
395.833
407.707
418.744
428.885
438.085
446.327
453.625
460.011
465.537
470.259
474.234
477.529
480.198
482.311
483.924
485.097
485.891
486.351
486.528
486.468
486.211
485.788
485.234
484.578
483.85
483.079
482.292
481.51
480.751
480.031
479.362
478.751
478.209
477.738
477.329
477.015
476.775
476.624
476.519
476.511
476.592
476.751
476.964
477.232
477.576
288.865
274.756
263.163
254.617
249.56
248.249
250.699
256.655
265.621
276.961
290.035
304.229
319.025
333.983
348.755
363.04
376.632
389.365
401.126
411.849
421.48
429.99
437.397
443.729
449.055
453.44
456.954
459.673
461.658
462.987
463.732
463.959
463.742
463.139
462.205
460.998
459.571
457.959
456.203
454.336
452.388
450.399
448.398
446.414
444.464
442.566
440.737
438.983
437.307
435.719
434.21
432.786
431.454
430.207
429.037
427.939
426.932
425.988
425.089
424.239
423.434
267.32
255.996
246.842
240.323
236.859
236.743
240.072
246.699
256.243
268.155
281.823
296.638
312.067
327.642
342.993
357.77
371.741
384.734
396.61
407.323
416.808
425.016
431.984
437.723
442.334
445.898
448.489
450.209
451.114
451.302
450.857
449.842
448.358
446.471
444.23
441.716
439
436.106
433.09
429.983
426.811
423.622
420.449
417.323
414.257
411.271
408.378
405.598
402.923
400.346
397.872
395.491
393.206
391.017
388.906
386.898
384.974
383.109
381.289
379.521
377.778
259.064
249.623
242.092
236.895
234.432
235.015
238.802
245.743
255.527
267.665
281.585
296.654
312.34
328.144
343.707
358.582
372.542
385.409
397.006
407.338
416.331
423.889
430.108
434.937
438.546
441.02
442.435
442.946
442.564
441.431
439.659
437.27
434.416
431.16
427.527
423.639
419.597
415.389
411.109
406.777
402.403
398.055
393.762
389.563
385.445
381.442
377.57
373.83
370.229
366.752
363.391
360.136
357.001
353.945
350.985
348.129
345.367
342.691
340.06
337.454
334.898
258.394
250.257
243.837
239.492
237.635
238.55
242.492
249.479
259.227
271.315
285.207
300.23
315.867
331.575
347.073
361.751
375.417
387.909
398.934
408.602
416.864
423.514
428.823
432.535
434.951
436.16
436.237
435.422
433.602
431.032
427.876
424.047
419.784
415.109
410.037
404.741
399.321
393.708
388.119
382.535
376.92
371.383
365.988
360.725
355.558
350.567
345.718
341.053
336.546
332.196
327.981
323.893
319.917
316.006
312.211
308.557
304.984
301.523
298.08
294.667
291.365
262.549
255.27
249.604
245.71
244.187
245.11
248.904
255.727
265.128
276.931
290.536
305.302
320.618
335.933
351.111
365.401
378.631
390.515
400.928
409.872
417.138
422.79
426.866
429.493
430.745
430.506
429.312
427.162
423.672
419.605
414.888
409.716
404.286
398.14
391.451
384.927
377.942
370.736
363.835
356.788
349.733
342.673
336.296
330
323.607
317.783
311.714
306.188
300.489
295.238
289.881
285.021
280.249
275.299
270.514
266.211
261.679
257.636
253.17
248.705
244.724
1341.9
1356.06
1371.34
1387.82
1405.73
1425.51
1447.3
1470.44
1494.16
1518.74
1543.8
1569.57
1596.15
1623.52
1651.54
1680.36
1710.05
1740.58
1771.86
1804.07
1837.15
1871.16
1906.26
1942.37
1979.36
2017.36
2056.49
2096.8
2138.29
2181
2225.11
2270.59
2317.49
2365.96
2416.09
2467.87
2521.39
2576.84
2634.34
2693.88
2755.48
2819.42
2885.73
2954.35
3025.6
3099.5
3175.96
3254.97
3336.74
3421.45
3508.95
3599.02
3692.1
3787.93
3886.53
3987.69
4091.99
4199.88
4311.2
4425.67
4543.37
708.108
713.745
719.588
725.562
731.663
737.975
744.607
751.332
758.153
764.907
771.758
778.594
785.4
792.158
798.855
805.509
812.111
818.688
825.242
831.778
838.31
844.826
851.313
857.729
864.072
870.365
876.601
882.802
888.96
895.099
901.237
907.36
913.488
919.647
925.839
932.072
938.371
944.736
951.179
957.709
964.345
971.115
977.998
985.005
992.161
999.458
1006.89
1014.43
1022.12
1029.95
1037.88
1045.9
1054
1062.31
1070.59
1079.12
1087.84
1097.04
1106.48
1116.42
1127.09
558.303
560.047
561.931
563.885
565.894
567.853
569.88
571.852
573.795
575.652
577.491
579.29
581.069
582.767
584.396
585.958
587.449
588.873
590.225
591.506
592.71
593.849
594.92
595.926
596.864
597.734
598.532
599.267
599.937
600.553
601.109
601.613
602.069
602.477
602.853
603.193
603.505
603.788
604.048
604.287
604.513
604.734
604.96
605.181
605.411
605.643
605.867
606.074
606.271
606.457
606.599
606.732
606.809
606.838
606.729
606.577
606.389
606.204
606.07
606.084
606.322
477.961
478.396
478.845
479.327
479.806
480.249
480.697
481.111
481.443
481.71
481.918
482.073
482.163
482.178
482.141
482.036
481.864
481.621
481.303
480.904
480.427
479.87
479.24
478.538
477.768
476.927
476.021
475.049
474.014
472.922
471.776
470.572
469.316
468.017
466.684
465.317
463.92
462.496
461.043
459.57
458.085
456.603
455.129
453.675
452.246
450.843
449.451
448.074
446.707
445.369
444.031
442.698
441.374
440.025
438.609
437.117
435.588
434.009
432.454
430.989
429.625
422.667
421.901
421.132
420.349
419.548
418.708
417.891
417.07
416.233
415.343
414.423
413.46
412.441
411.374
410.253
409.069
407.856
406.578
405.238
403.832
402.363
400.833
399.246
397.61
395.924
394.19
392.407
390.576
388.706
386.8
384.858
382.875
380.858
378.814
376.757
374.687
372.606
370.512
368.405
366.291
364.187
362.099
360.044
358.037
356.089
354.207
352.361
350.586
348.849
347.177
345.551
343.963
342.434
340.927
339.406
337.834
336.226
334.547
332.901
331.302
329.751
376.073
374.377
372.692
370.976
369.249
367.5
365.748
363.988
362.204
360.398
358.553
356.684
354.781
352.831
350.843
348.82
346.775
344.676
342.523
340.321
338.073
335.783
333.46
331.112
328.738
326.338
323.914
321.466
319.012
316.554
314.09
311.607
309.113
306.609
304.119
301.642
299.171
296.715
294.261
291.812
289.387
286.994
284.655
282.391
280.222
278.162
276.163
274.273
272.454
270.76
269.138
267.58
266.137
264.739
263.398
261.995
260.595
259.115
257.687
256.244
254.852
332.378
329.879
327.382
324.876
322.336
319.755
317.181
314.614
312.024
309.399
306.763
304.116
301.439
298.746
296.017
293.271
290.523
287.741
284.92
282.056
279.162
276.261
273.346
270.445
267.544
264.643
261.749
258.848
255.988
253.17
250.412
247.655
244.927
242.202
239.534
236.891
234.256
231.668
229.102
226.551
224.031
221.537
219.115
216.786
214.56
212.498
210.49
208.654
206.898
205.35
203.89
202.47
201.218
200.026
198.95
197.768
196.68
195.467
194.371
193.181
192.079
288.095
284.884
281.677
278.499
275.289
272.065
268.84
265.66
262.461
259.184
255.924
252.679
249.414
246.135
242.823
239.561
236.343
233.098
229.839
226.481
223.124
219.82
216.506
213.254
210.052
206.87
203.736
200.547
197.446
194.45
191.664
188.888
186.235
183.582
181.071
178.586
176.039
173.536
171.119
168.764
166.405
164.021
161.734
159.547
157.434
155.56
153.658
152.008
150.408
149.172
148.007
146.792
145.806
144.862
144.103
143.129
142.373
141.44
140.763
139.864
139.091
240.483
236.592
232.513
228.919
225.118
221.75
218.064
214.794
211.445
207.876
204.364
201.114
197.632
194.066
190.375
186.824
183.582
180.412
177.299
173.863
170.28
166.945
163.524
160.206
156.992
153.898
151.056
147.839
144.615
141.514
138.937
136.353
134.076
131.774
129.947
128.093
125.935
123.682
121.625
119.812
118.008
115.874
113.904
112.104
110.292
108.806
107.021
105.662
104.165
103.448
102.688
101.68
101.057
100.388
100.009
99.149
98.7032
97.9452
97.7796
97.2022
96.7356
4665.64
4793.34
4925.66
5059.39
5199.14
5368.43
5537.6
5700.48
5867.26
6038.02
6213.34
6392.56
6576.34
6765.09
6958.15
7155.21
7356.67
7562.69
7772.58
7985.82
8202.35
8421.86
8643.91
8868.7
9095.77
9324.16
9553.48
9783.54
10014
10243.8
10472.8
10700.4
10925.5
11147.6
11366.3
11580.1
11787.9
11989.7
12184.5
12369.8
12544
12705.4
12842
12950.3
13032.6
13089.7
13120.5
13123.8
13099.8
13048.5
12967.8
12855.1
12710.2
12530.8
12314.2
12057.5
11759.2
11417.7
11028.2
10586.1
10088.4
1138.67
1151.45
1164.73
1174.25
1184.34
1196.01
1209.59
1224.14
1238.73
1253.74
1269.2
1285.07
1301.34
1318.03
1335.14
1352.59
1370.41
1388.57
1407.01
1425.71
1444.62
1463.79
1483.18
1502.82
1522.67
1542.67
1562.88
1583.26
1603.85
1624.67
1645.69
1666.94
1688.49
1710.34
1732.52
1755.12
1778.15
1801.79
1826.18
1851.35
1877.39
1904.32
1938.95
1980.31
2026.6
2076.39
2126.34
2177.61
2230.89
2285.97
2342.7
2400.9
2461.65
2524.08
2588.66
2655.01
2724.76
2796.92
2870.62
2945.3
3020.31
606.737
607.771
607.568
605.307
604.31
604.272
605.277
606.82
608.352
609.896
611.459
613.113
614.818
616.594
618.438
620.321
622.22
624.116
626.005
627.868
629.715
631.534
633.318
635.062
636.765
638.42
640.036
641.612
643.168
644.69
646.198
647.706
649.209
650.741
652.304
653.924
655.611
657.403
659.327
661.416
663.702
666.239
669.292
673.068
678.811
688.299
699.745
713.454
729.476
747.964
769.134
793.127
821.007
852.021
887.88
928.284
975.244
1027.97
1088.12
1156.64
1235.09
428.252
427.101
424.605
421.481
419.412
418.048
417.369
417.081
416.887
416.737
416.609
416.513
416.445
416.437
416.467
416.518
416.558
416.587
416.604
416.614
416.605
416.569
416.491
416.37
416.201
415.993
415.747
415.463
415.147
414.802
414.429
414.03
413.614
413.181
412.735
412.286
411.843
411.412
411.001
410.617
410.277
409.992
409.8
409.733
409.901
410.583
412.451
415.227
418.994
423.818
429.967
437.497
446.767
457.841
471.398
487.834
507.796
531.936
561.191
596.893
640.225
328.109
326.5
323.999
321.432
319.584
318.258
317.395
316.873
316.501
316.247
316.025
315.837
315.687
315.61
315.568
315.562
315.525
315.483
315.439
315.401
315.356
315.273
315.153
314.995
314.8
314.576
314.329
314.061
313.771
313.463
313.136
312.792
312.428
312.048
311.654
311.249
310.838
310.428
310.021
309.621
309.235
308.872
308.542
308.253
308.025
307.905
308.05
308.716
309.775
311.266
313.297
315.985
319.447
323.808
329.279
336.21
344.867
355.678
369.282
386.428
408.048
253.305
251.807
249.831
248.024
246.624
245.617
244.899
244.484
244.249
244.199
244.163
244.172
244.225
244.393
244.607
244.863
245.066
245.279
245.502
245.747
245.99
246.181
246.344
246.486
246.604
246.725
246.84
246.962
247.074
247.185
247.289
247.39
247.477
247.555
247.623
247.688
247.752
247.818
247.882
247.952
248.031
248.126
248.242
248.386
248.558
248.767
249.061
249.551
250.251
251.141
252.262
253.686
255.489
257.729
260.546
264.057
268.44
273.948
280.91
289.679
300.86
190.726
189.531
188.138
187.042
186.074
185.408
184.859
184.623
184.561
184.783
184.917
185.103
185.323
185.735
186.184
186.703
187.116
187.586
188.059
188.557
189.057
189.463
189.883
190.33
190.77
191.263
191.761
192.304
192.841
193.407
193.967
194.545
195.114
195.697
196.278
196.88
197.49
198.117
198.745
199.39
200.046
200.735
201.448
202.195
202.963
203.762
204.606
205.502
206.578
207.722
208.968
210.355
211.91
213.7
215.771
218.212
221.126
224.627
228.885
234.131
240.654
137.952
137.054
136.163
135.63
134.997
134.604
134.123
134.037
134.114
134.601
134.779
135.009
135.245
135.803
136.348
137.018
137.463
138.081
138.629
139.181
139.755
140.158
140.685
141.362
142.01
142.777
143.509
144.368
145.183
146.081
146.926
147.838
148.735
149.707
150.677
151.728
152.777
153.87
154.961
156.107
157.277
158.523
159.838
161.197
162.602
164.042
165.493
166.957
168.511
170.145
171.811
173.531
175.357
177.301
179.41
181.724
184.311
187.238
190.596
194.519
199.138
95.8297
95.1052
94.6197
94.4405
94.0376
93.7827
93.1801
93.2373
93.4036
94.1747
94.1788
94.312
94.3708
95.0082
95.4466
96.1907
96.4373
97.132
97.479
97.7674
98.2409
98.34
98.8895
99.8491
100.492
101.361
102
103.037
103.858
104.899
105.613
106.614
107.571
108.727
109.865
111.202
112.367
113.614
114.91
116.31
117.866
119.509
121.337
123.306
125.269
127.193
129.046
130.755
132.618
134.37
136.341
138.235
140.506
142.756
145.288
147.839
150.745
153.738
157.052
160.854
164.914
9535.14
8922.39
8244.88
7500.41
6683.92
5463.84
4676.7
4371.17
4320.43
4386.34
4406.5
4332.96
4220.79
4083.83
3936.81
3790.38
3648.27
3513.58
3388.91
3275.92
3176.26
3090.92
3020.3
2964.56
2923.49
2896.49
2883.14
2883.06
2895.91
2920.96
2957.45
3004.33
3060.47
3124.59
3195.69
3270.35
3346
3420.68
3492.59
3559.88
3620.76
3674.25
3719.4
3755.12
3781.13
3796.63
3800.96
3793.24
3773.2
3740
3693.07
3631.44
3555.65
3465
3360.44
3243.69
3119.16
2992.44
2867.13
2743.31
2621.86
3095.85
3167.95
3234.67
3295.16
3339.2
3367.35
3387.75
3446.22
3547.64
3680.53
3560.28
3248.75
2905.11
2585.07
2321.47
2098.63
1911.1
1752.82
1618.05
1503.45
1406.43
1325.42
1258.79
1205.06
1163.02
1131.42
1108.99
1094.57
1087.12
1085.61
1089.11
1096.94
1108.55
1123.64
1142.3
1161.93
1182.26
1202.35
1221.42
1238.83
1254.12
1267.01
1277.18
1284.39
1288.46
1289.18
1286.33
1279.69
1269.06
1254.21
1234.94
1211.1
1182.67
1149.71
1112.35
1071.51
1028.43
984.936
941.245
896.422
852.321
1323.8
1424.29
1536.85
1663.07
1801.15
1946.99
2091.69
2246.92
2433.32
2699.44
2939.02
3024.81
2924.02
2647.52
2337.16
2046.9
1793.04
1583.53
1407.26
1260.29
1138.06
1037.16
954.66
887.942
834.914
793.5
761.825
738.301
721.592
710.594
704.486
702.613
704.338
709.182
716.612
725.708
735.33
745.074
754.398
762.873
770.158
775.981
780.129
782.43
782.77
781.025
777.075
770.793
762.071
750.78
736.831
720.177
700.745
678.619
653.948
627.189
598.843
569.578
540.016
510.683
482.222
692.898
756.388
832.652
923.104
1028.22
1145.83
1271.44
1406.36
1559.95
1756.43
1996.8
2245.29
2458.44
2558.91
2495.1
2292.79
2024.24
1771.04
1539.78
1343.49
1179.77
1044.14
933.532
843.722
771.595
714.104
668.616
632.965
605.479
584.856
570.217
560.916
556.218
555.291
557.312
561.446
566.639
572.337
578.036
583.301
587.778
591.197
593.352
594.109
593.366
591.043
587.053
581.318
573.758
564.314
552.924
539.574
524.254
507.042
488.08
467.644
446.075
423.755
401.164
378.816
357.374
435.293
469.697
512.935
566.65
631.992
708.947
796.139
892.633
1001.17
1130.73
1291.93
1487.88
1714.26
1945.82
2128.99
2218.28
2181.62
2036.61
1811.03
1584.23
1377.56
1196.3
1046.39
922.518
821.707
740.129
674.345
621.477
579.361
546.212
520.966
502.926
491.144
484.422
481.604
481.685
483.761
486.885
490.454
493.945
496.951
499.163
500.373
500.446
499.293
496.85
493.058
487.863
481.193
473.017
463.316
452.074
439.316
425.119
409.619
393.015
375.552
357.532
339.335
321.383
304.291
315.119
333.41
356.782
386.624
424.107
470.06
524.78
588.293
661.107
746.223
848.897
975.284
1131.39
1318.41
1524.59
1726.04
1884.43
1961.08
1936.34
1817.99
1637.34
1434.1
1251.05
1088.01
950.936
837.229
743.633
667.096
605.155
555.225
515.913
486.567
466.009
452.492
444.396
440.395
439.325
440.09
441.858
443.944
445.854
447.208
447.776
447.414
446.036
443.578
440.004
435.261
429.301
422.093
413.644
403.951
393.021
380.934
367.811
353.813
339.149
324.07
308.89
293.968
279.852
248.835
259.177
272.32
289.045
310.257
336.865
369.568
408.931
455.616
510.714
576.584
656.605
755.346
877.788
1026.27
1198.37
1382.6
1556.27
1689.06
1749.63
1725.43
1626.68
1480.46
1304.13
1140.71
993.968
867.172
760.602
673.299
601.529
543.644
499.388
467.537
445.425
430.783
421.836
416.996
415.021
414.8
415.392
416.191
416.687
416.63
415.836
414.229
411.733
408.33
403.962
398.575
392.134
384.681
376.195
366.669
356.177
344.821
332.754
320.148
307.239
294.263
281.552
269.574
204.686
211.4
219.629
229.821
242.521
258.327
277.899
301.874
330.943
365.904
407.938
458.801
521.148
598.224
693.622
810.262
948.557
1104.45
1266.6
1411.34
1514.87
1559.15
1537.8
1454.95
1330.91
1180
1029.98
894.029
779.438
682.144
601.331
538.197
492.152
458.938
435.723
420.336
410.578
404.91
402.102
400.747
400.154
399.551
398.702
397.327
395.39
392.731
389.414
385.305
380.4
374.559
367.935
360.45
352.042
342.809
332.834
322.287
311.308
300.116
288.851
277.843
267.442
169.718
175.107
181.129
188.433
196.987
207.396
219.802
235.001
253.332
275.589
302.321
334.833
374.408
423.105
483.083
557.47
648.588
758.099
887.46
1024.99
1158.12
1271.92
1350.38
1384.12
1363.75
1292.67
1177.04
1038.78
907.899
789.69
686.454
602.821
540.81
493.275
458.876
434.699
418.361
407.316
400.946
396.688
394.165
391.897
389.997
387.7
385.278
382.187
378.88
374.816
370.358
364.889
359.016
352.41
344.909
336.743
327.827
318.595
308.877
299.248
289.31
279.786
270.526
8.78131
266.194
247.701
8.69892
12.6749
0.0704379
0.000753938
79.5823
0.000761206
0.0162914
376.712
3.16696
0.000753842
308.132
0.0538934
70.2994
0.0007589
81.8501
326.566
0.000755673
9.27262
310.057
259.057
0.000779563
0.000757481
0.279443
0.000755775
20.186
0.000757417
0.000760144
31.1935
0.000752982
0.0107544
332.791
1.75996
372.796
842.676
11.4184
0.000751639
61.7947
118.636
61.1567
0.000749688
48.1587
251.409
0.350603
0.000749921
0.00184773
0.0466148
3.61867
331.19
361.685
0.000749404
0.000769862
0.174152
0.00074932
0.00075992
20.0124
802.824
307.374
101.949
0.000797708
5.0423
0.00451599
228.199
0.000749618
801.298
67.8444
0.00114433
0.000750237
0.021226
30.731
100.794
0.000748635
0.105033
308.199
275.501
27.4548
0.000748856
2.65075
0.00114056
63.2212
0.0127588
50.2369
0.000751153
7.88935
0.000760198
363.257
0.0236935
0.000885014
0.0360613
0.000748653
0.000784677
328.493
140.184
0.000770548
0.854889
11.4944
0.00175959
159.763
0.000749559
27.3297
7.52691
0.000748395
0.000748627
0.000748956
1.74087
0.131558
0.000767421
136.193
173.768
0.00653006
279.461
334.874
89.1737
363.319
442.274
0.000983938
0.0271717
0.000755746
0.000748563
253.545
0.000801928
242.044
414.082
43.4538
0.000749177
1.47739
1.70212
0.000749342
0.0454048
0.00472367
91.4086
0.000776633
363.777
0.000749915
0.000748597
389.443
367.133
0.000749771
5.22088
128.808
0.282353
0.99666
355.695
152.962
0.0421802
366.469
0.00306645
303.367
0.217306
0.000750022
35.5406
48.7664
170.463
0.00075196
0.000751445
0.10209
0.000748822
905.969
0.317739
0.00138333
0.000751956
0.000748999
0.000757783
16.423
70.6388
70.7676
0.000784136
306.481
281.799
228.374
176.082
0.0100113
293.912
307.155
418.651
0.000750191
0.00113234
123.464
401.003
67.3801
65.1774
0.000748929
0.000764921
289.865
0.0053596
1.84367
0.000757516
0.00074947
0.248496
0.000797061
357.577
0.591821
0.000748606
0.126158
85.3846
208.008
0.00116401
1129.06
0.000749209
0.000750874
176.801
8.05735
317.191
0.00118805
0.000760558
0.00303324
16.4965
1297.38
9.79856
180.207
0.425112
178.657
1.03789
30.3682
43.8635
69.8296
5.15774
366.847
0.000761411
0.0215793
0.000749632
0.000751314
445.874
0.00237266
0.00260418
0.000762187
0.00885537
33.6717
307.78
0.0171276
229.31
1.81775
3.56505
0.000750376
2.43293
9.84251
1.50635
0.00106114
33.7846
49.7643
1.58184
0.0219844
220.072
11.5512
10.8286
59.9677
0.000907312
0.00074882
0.000825295
0.00523355
388.372
0.000753819
0.000779316
0.000751076
2.30019
129.84
292.435
444.922
0.487385
4.52965
316.672
0.00115685
971.684
161.112
0.000749187
268.845
0.000750996
776.507
2.32253
284.75
0.0010485
0.000749457
11.4218
20.7355
0.000759002
0.000750078
0.000753031
0.000760021
1.07842
72.0558
11.0049
0.0220038
0.000759857
0.000749815
0.000748569
43.2963
7.93008
0.000870386
9.68188
0.0764329
0.345243
0.00074873
1.11054
0.00075991
0.513461
82.7051
274.045
0.222704
0.000756089
0.000914415
28.0805
0.301173
116.775
302.742
0.000794305
0.000749062
0.000750301
84.188
0.000754955
134.482
0.00075012
30.6954
1.33882
0.0344088
265.383
437.979
0.000896317
452.043
68.3536
113.125
141.527
0.906683
367.712
433.014
118.384
395.279
39.8845
101.502
0.0577566
346.433
242.96
398.108
368.784
0.000918338
301.001
268.476
162.461
0.0111822
0.000785279
0.00074909
0.000765464
0.907788
1.27507
31.7457
0.0299003
0.000752736
138.153
0.000749086
330.456
6.04159
133.03
109.454
3.75427
0.000851181
0.000822875
2.07462
324.248
0.00131285
14.1135
291.473
652.639
36.0843
252.656
83.6713
0.000761159
238.516
142.076
128.837
0.000751131
215.731
134.409
0.000758124
362.387
0.000752046
354.958
282.92
370.417
28.0083
266.533
106.162
0.000776696
98.2459
0.00080693
320.795
37.0326
411.306
233.115
0.899208
0.465176
2.65977
0.000818504
283.318
4.76294
0.00222042
0.000986896
269.591
0.000806613
40.8917
0.000750773
0.000754092
0.0018476
54.1321
0.0409892
5.25595
0.000758808
28.8865
0.088358
266.344
173.722
10.2461
311.448
0.000809581
227.941
17.3335
0.000748601
35.4161
6.03753
0.000749077
0.000748643
389.775
0.00225644
85.123
1.82201
308.043
0.0119383
0.574585
14.0185
211.34
7.82482
167.379
36.127
0.000906124
0.124035
436.997
63.9173
302.211
316.755
210.713
0.0136321
89.3067
90.0797
4.5875
92.585
23.1852
6.29031
0.000818096
36.7135
392.792
0.000895395
160.953
8.90086
24.6865
0.00427946
0.0143972
306.232
0.000840202
299.788
0.000859399
4.87358
0.000754372
7.70132
126.494
0.320024
0.000869298
0.00093297
330.752
357.886
0.000757502
19.9911
300.828
330.405
0.000995244
3.92285
363.182
358.838
349.152
289.692
416.511
272.289
20.8089
0.000864496
0.00226477
261.135
106.809
342.945
112.649
0.00208021
262.187
359.694
0.000805354
84.2836
331.755
0.935209
0.0139716
153.331
79.2546
0.604886
104.511
0.00152036
0.000749265
0.000749187
21.5
187.076
796.95
0.00075005
0.000755354
0.000748653
374.589
0.0437662
0.000749126
0.0395857
166.925
281.064
0.00143668
0.0014956
0.000748551
0.000753798
0.000831197
49.6734
131.286
59.2873
2.10477
327.975
339.198
0.00149186
141.465
407.487
396.392
24.5064
425.849
0.000808918
0.00130402
0.000750222
231.403
0.112411
0.000749562
4.19455
0.0599776
278.902
0.00075864
350.669
1.57686
0.11396
151.481
0.000749718
0.000748866
0.00077283
407.065
21.9474
83.0175
289.564
26.6864
461.7
0.000748638
0.000989792
2.32599
0.000767819
0.00803897
164.213
730.028
0.000750283
54.6744
1004.44
177.727
408.896
0.0013294
410.339
0.000921213
0.00801246
298.411
0.00074936
76.0014
0.000759142
0.000758252
0.041754
363.452
1.9005
206.452
114.61
0.000763304
386.754
491.795
0.000753267
9.09538
0.0496412
0.000755135
0.000752209
0.00206741
65.3494
12.1769
0.000810212
291.07
303.563
178.846
0.000749391
1224.87
0.00112145
7.24908
2.74939
0.023001
1240.42
492.584
140.384
115.176
0.000770779
0.00074865
0.00123034
124.144
110.251
1.65224
0.00186898
0.000751045
0.000750144
0.00112334
0.00074857
0.00108114
1276.57
15.0362
0.00637315
351.25
151.125
0.000760406
485.882
0.000755987
3.90928
0.000762284
0.00916111
99.0172
0.00574364
0.000749661
1.0065
379.269
302.46
0.000755782
0.000749331
0.231342
0.000748795
0.000749356
175.123
0.000782391
598.553
387.577
13.66
90.3195
194.862
338.928
308.866
0.000749571
0.00236903
0.0244569
371.568
80.0407
231.147
0.288274
15.3497
246.415
282.114
182.51
0.000940074
103.019
0.00075083
0.254233
312.861
15.3854
770.078
64.9994
7.74636
30.2516
0.262783
0.00627375
317.47
0.000750168
272.12
0.000762146
4.65542
248.084
120.626
0.438719
0.00171609
10.7837
0.00075316
0.000749956
0.0486666
0.00327504
303.417
0.00181702
382.01
0.000750409
0.00503108
0.000749638
40.712
0.00104959
254.83
198.371
0.00283094
157.128
362.301
0.000751702
129.962
280.096
0.000798445
239.138
1.30151
0.000831383
0.00075035
311.611
0.00074911
0.000820814
0.0216559
0.264244
402.639
233.947
0.000752234
0.000750873
0.0756756
6.28695
0.00194866
0.0111318
10.2792
0.000749023
0.000804848
0.000750919
106.404
217.506
4.69763
312.175
0.00371958
345.539
0.000798563
0.00247807
0.0035523
0.0656988
0.000750925
309.337
0.000749058
0.00731604
0.000752737
0.000754148
0.00286746
0.000748869
4.31271
6.57769
404.978
4.41069
9.05811
412.313
152.937
0.000785811
323.284
333.974
17.5486
24.536
0.000765848
286.791
91.6041
0.000748856
388.292
1045.69
0.000751725
0.000748383
88.7483
90.1792
0.000994348
305.758
383.448
3.02148
409.64
298.687
70.7504
1101.74
68.244
45.6864
259.481
319.923
0.00284519
325.528
71.1888
667.35
0.000795584
2.0066
2.15439
159.192
158.322
0.00477131
292.992
123.816
24.3368
0.174497
4.38994
428.796
0.00096925
430.859
410.212
0.0435867
154.112
11.4154
42.0751
140.523
0.000752088
0.00159025
1.6365
6.80384
0.0173887
0.000749546
1.18133
4.16663
0.000967442
0.000758665
155.7
1.23099
42.3841
14.9267
0.00129583
0.000814288
0.000903211
359.782
0.000770798
4.47897
335.297
1.12202
125.902
0.000855026
0.686698
0.000749848
0.000748702
31.3313
0.000748411
0.146383
758.945
233.39
0.258996
64.0192
7.91462
0.106455
0.000903968
9.81652
356.804
0.000750109
0.00075019
96.1843
0.00610955
0.000757875
35.2861
0.00402503
163.478
430.178
73.0408
0.0470622
10.0463
792.498
216.382
269.568
0.000756499
297.213
0.000763685
70.28
0.000817521
0.00075107
871.667
0.00232119
590.614
0.0131057
0.00922514
93.807
13.1317
0.250265
0.000787156
175.322
0.000783879
0.000750012
362.109
127.167
18.1811
372.383
0.000762191
0.00074836
8.34228
101.895
0.000748779
270.673
77.9096
0.00075198
96.6349
0.000749723
9.19665
6.25836
4.87057
0.275153
108.024
7.23074
0.000749595
255.305
332.278
0.000748768
0.025071
441.73
0.000750252
173.279
281.552
342.826
0.000748919
0.000749322
251.621
0.396776
0.000813968
49.5267
120.411
261.877
0.000748505
0.000790457
0.00598349
0.0183961
0.000749027
0.00220354
58.5509
412.169
0.000751661
5.14006
0.000749165
22.0127
0.00108267
0.000782105
6.07072
0.000749217
1.67006
0.00074916
51.0242
2.90452
11.3619
114.02
347.179
303.581
0.895009
8.24652
0.000758535
1.52066
239.09
323.872
0.0363548
0.000774301
80.6046
0.00074907
0.334263
0.000749918
418.724
31.5944
7.90045
215.375
101.016
11.6139
26.7714
13.5564
154.125
67.4245
0.000755775
0.000781375
0.0010374
0.000757445
0.00291388
151.587
0.000934122
287.995
0.000909021
0.032997
0.466595
326.497
0.00144243
15.3649
0.0281562
115.145
6.74712
405.552
0.000813884
0.000965072
0.000763257
64.9195
67.0948
27.0204
0.312281
0.00564698
28.0042
0.0858684
39.9843
0.000764261
526.301
0.000750353
649.961
0.392736
32.1356
0.000755914
31.5896
33.035
0.000748733
112.871
7.66973
0.0136966
0.000752334
0.000749027
309.19
32.9661
3.81358
0.000748739
0.0023146
1077.65
116.529
0.00112315
0.00169572
0.000748877
173.157
98.0582
628.288
7.8704
0.000748671
339.72
424.09
0.00075033
0.000750087
36.0984
0.000749157
0.00203611
0.00134596
97.1479
0.00107881
553.447
332.77
0.000764664
0.000816612
0.000748563
0.000753353
20.2758
498.195
357.139
0.00771762
13.0394
851.524
0.194881
12.1409
0.000826893
580.886
0.589101
405.629
6.87486
116.267
322.426
0.000749066
0.000758501
95.4702
163.725
273.561
1.31609
343.021
0.655351
71.9077
0.00244133
0.000894952
284.651
99.5357
0.126542
0.0213316
0.000753293
0.0186358
5.06435
0.0501671
25.558
0.000766255
220.144
355.169
1.88317
304.368
69.6991
410.815
3.24592
284.965
633.056
3.87565
19.2666
0.000749424
31.4927
21.9019
0.000749206
0.000750429
1.88016
0.000750177
0.000794825
402.488
186.095
0.000753718
373.982
0.000748716
0.000749757
0.000748996
0.000777589
0.00142745
362.907
80.9991
197.168
0.000753909
0.000749439
1.18604
0.000771988
0.0415006
0.000762313
0.00075191
317.513
0.000836216
0.0014693
120.639
0.00247699
0.000749817
282.181
0.000749728
0.000755474
0.000749658
0.000770446
0.0012064
0.00127635
0.00426827
0.00074964
0.000763559
285.166
417.52
47.9837
0.0325547
304.98
2.77912
0.00135441
370.264
527.506
167.75
437.611
0.000750053
84.4866
78.8776
0.0729815
395.818
197.674
0.319599
367.435
0.000748443
408.883
0.0236405
5.93987
0.000756691
255.04
0.000764537
465.703
6.98351
0.000749496
0.472838
0.00118022
0.000796648
0.000753478
1.8589
0.000789894
0.000762573
427.445
0.000748406
0.051258
161.608
158.976
0.000833049
0.000968928
6.73847
233.228
0.000748966
0.000754441
0.495916
49.3268
76.1238
0.00195413
3.23319
0.00075112
0.000767187
0.00074867
0.00532293
46.0106
0.00542096
306.48
346.401
226.138
148.507
0.000769717
318.549
20.4164
0.000748824
0.000755124
0.000753735
0.000800558
0.000750354
331.025
0.00074956
0.000750189
324.414
0.167685
0.00122994
0.00101689
304.992
7.93017
0.00257008
0.000780456
132.517
0.000762252
0.0165439
0.000769939
0.000776974
126.692
221.212
0.00118764
0.000853301
1.43803
0.000749208
335.13
0.000767933
184.243
0.060497
16.9434
0.000750075
7.18981
0.000749085
61.6452
0.000760252
0.000777286
0.00171967
89.3887
0.704628
276.913
0.000749106
0.00127933
0.00093455
222.481
72.3517
159.444
0.00211568
0.0042945
1.00475
0.000751062
25.5747
26.6689
0.00227928
304.853
106.497
54.7347
0.00116869
0.261457
115.246
220.469
397.874
0.0109995
299.53
0.140453
154.112
0.0227219
0.486159
70.0337
0.000761833
383.289
0.000804813
0.00243148
0.000750126
0.0151632
0.000788885
7.80232
0.000755651
64.9317
0.101207
0.000752956
0.000756493
0.000757784
0.224499
0.0397749
577.863
6.36281
204.497
0.139473
0.000749643
0.000748536
0.000805053
0.0525229
11.2373
232.66
0.000751501
109.364
8.28464
0.00446416
104.355
23.6895
424.052
350.755
0.315357
0.000978563
421.438
98.7703
89.9748
0.000749425
344.051
0.000749002
0.201547
463.092
344.269
2.89278
379.782
0.0162902
0.269859
0.000751217
7.09718
1.58468
0.000841581
243.936
416.45
0.000753092
0.44272
0.00655188
0.00103424
338.695
0.000749722
0.000750428
0.0073038
7.85089
0.00075147
268.628
7.42074
0.000748711
382.863
7.52671
21.7116
309.378
0.000754841
1.23057
0.820804
51.595
0.176387
0.000750744
0.0113663
81.0401
0.000765579
301.453
176.408
22.9361
6.82903
0.462774
0.000753381
373.03
249.976
211.769
0.422173
0.00343373
0.000791161
144.154
0.428143
203.951
208.924
0.000748896
330.325
0.00074905
266.835
0.000759391
0.000751947
0.628732
204.124
0.0017435
16.2107
4.69819
0.000750376
0.000749922
0.00341393
398.778
259.18
97.3448
0.000751774
4.63816
213.33
0.00480622
0.563229
0.00270564
0.000822655
0.00074916
0.00115349
0.000753285
0.000750256
0.000749234
0.000750272
129.009
334.033
334.848
1.28128
0.000755696
0.000752609
0.000756577
0.000791099
309.619
182.401
0.0509758
0.00235697
2.70427
0.000807276
0.000749342
0.000749262
1.36435
0.000749408
0.000792807
0.00254848
375.762
516.75
0.00302642
0.193923
17.1233
11.3321
146.001
0.000750863
1.06934
0.000749134
134.765
0.000749438
0.118246
0.00075583
90.7259
162.528
0.000749365
425.729
202.395
0.000866518
0.260669
0.00105499
3.57708
0.542772
0.000749499
0.00110259
372.825
23.2249
12.1478
318.182
59.7137
0.0830537
0.000758721
0.000853012
0.000784256
0.000749455
14.465
0.00075612
0.000748901
0.0174499
78.7396
32.4727
562.637
78.0509
0.000759508
404.404
381.268
0.000758611
0.00075602
0.00119304
383.551
159.964
21.5805
0.000749228
107.496
100.439
396.512
0.000749745
0.00108811
28.2892
16.3667
350.755
44.3481
165.881
367.62
0.000753438
0.000763262
100.326
192.921
0.227384
0.000774343
525.355
0.0158236
85.2388
0.000749465
0.00498426
0.0013998
0.373955
0.000748514
260.878
2.40708
328.103
1145.26
0.000844766
0.000752893
0.000752486
4.3399
0.000748917
127.599
39.2022
0.00074929
0.00108272
0.00112038
0.0020667
0.000757371
0.0007509
386.866
0.000790283
331.264
110.973
152.666
313.736
0.000754287
41.1581
335.337
111.788
0.000766816
0.118283
0.211009
0.000755781
46.4405
0.000808086
97.5353
29.619
0.00075095
92.1527
0.0522874
24.5783
0.141905
0.00269495
37.2445
0.000752206
149.851
65.3783
0.000751926
0.001413
335.669
0.000752614
0.000753847
0.000751985
225.568
319.646
0.0129007
250.012
0.00074905
290.876
0.000809768
0.000751092
0.379219
0.000752086
0.0827219
44.5557
0.000748449
0.000756828
0.000760271
0.000764598
0.000878016
3.28399
0.000755119
0.00350804
267.687
406.113
0.0221459
0.000752916
401.17
0.000749692
0.00074839
33.2669
117.287
48.6045
177.402
4.37992
0.000922131
0.000751432
0.000753608
4.49598
0.00103103
320.947
16.6366
349.976
0.149959
0.00161732
0.173301
88.2344
0.00074846
0.0110399
33.8012
0.000749749
0.789968
0.000752195
0.0407026
5.23454
0.000749586
0.000757625
0.000795936
0.000751868
0.000822103
45.5153
29.197
247.435
0.0020079
404.816
0.00151881
382.376
146.528
0.99178
110.419
8.09771
4.33693
0.000749678
0.000768168
304.762
11.7987
0.00592893
0.000748483
333.578
0.000786358
249.333
388.759
0.00075251
0.000750503
0.000754861
390.717
0.106733
0.000748303
0.000757761
107.719
0.00233851
0.000750474
147.581
0.00145844
0.477238
47.8727
0.00137749
55.3015
0.00237838
24.0694
0.000754645
335.614
225.465
399.784
0.000749445
327.239
88.1673
0.00075414
42.7672
30.7799
25.1904
0.000798346
94.3805
6.85903
323.404
324.92
0.00076545
0.0430481
21.3322
0.00753738
0.0145822
0.000750839
15.3413
193.642
1.27807
1081.89
236.933
66.8806
74.1683
0.00075121
213.704
112.581
160.544
40.3091
20.914
368.591
288.004
1.02196
0.00580118
0.00118904
16.3107
0.000768209
390.828
4.00254
343.904
0.000809781
0.000795296
0.11284
47.1113
0.201865
0.00234949
274.232
0.00107113
29.3946
478.655
0.0007488
0.00120445
29.8542
0.00388169
0.0933754
0.00077601
29.698
0.000755642
3.18825
0.000750639
0.00115928
0.000846075
0.00144702
0.00105744
18.6322
0.320614
24.3213
0.000861152
0.00080461
0.001475
0.000756278
25.1655
123.354
0.00074887
299.719
0.000751114
131.906
196.594
234.208
0.000794131
0.000749014
218.108
105.055
147.971
1.88882
0.0126883
1.03203
0.000749142
119.845
0.000751814
12.1785
0.00190572
0.000751164
0.0603376
333.835
180.216
111.019
2.46655
0.00250662
0.000751446
0.000844587
64.9767
0.0149088
0.00074998
0.000780986
40.5236
31.8212
55.3688
1.71754
25.2905
27.1028
12.6676
352.054
0.00337249
0.00122738
321.257
0.000765653
0.000749073
727.514
0.000817566
323.817
0.00078888
93.2468
100.369
0.000757016
0.000749012
300.994
0.000751701
0.000749148
357.031
8.39077
76.7754
52.7157
25.5645
982.819
0.000809694
283.201
0.0587025
0.163525
5.76632
308.489
0.000759012
266.911
274.006
0.00076283
247.198
0.484337
281.876
0.000752726
168.581
0.0100841
25.0503
784.703
0.00190378
21.2446
0.000937862
0.00322639
0.050839
33.0587
48.5904
31.2615
0.000762285
133.347
284.733
0.00074875
0.000749263
0.000749149
0.000757132
244.579
0.000748512
2.95442
177.933
0.00077804
0.00197589
13.05
0.0169363
0.00078697
0.000751091
268.917
3.95642
0.000762294
162.249
289.98
574.168
2.40602
318.2
0.00185216
0.0192933
0.000751193
0.000852698
40.2602
323.018
0.000754155
0.00414945
330.466
0.744341
78.5826
313.949
81.725
33.6474
90.7083
1.78664
56.0138
0.069652
0.00101595
2.61505
0.000750909
16.7885
148.593
0.00156446
0.000762799
682.138
10.2898
165.674
287.68
0.00074911
0.00480606
0.00566925
0.240284
207.379
0.000748801
0.000749029
0.000755931
0.418925
0.000750861
26.6685
0.000758528
0.000748813
0.000806706
0.000801812
7.96468
0.000771732
66.1729
306.192
22.0569
3.15487
12.9542
0.00565845
0.000851921
0.00278672
0.00187183
123.439
250.641
66.7538
566.303
13.3069
0.000749418
7.87433
160.015
0.00335606
0.000750206
0.000757629
89.1376
0.000787638
237.169
2.30688
27.797
316.931
0.000798238
382.171
0.000763779
3.59838
0.000773455
0.176937
44.0572
531.555
0.000750936
0.191458
718.228
377.499
66.2055
4.73832
3.64118
370.966
304.352
1.51022
305.238
224.986
0.000756026
0.149592
0.000751978
0.0013954
0.00108014
134.326
0.0865602
0.00074885
0.00122256
1.01418
390.261
66.712
0.000749702
305.54
1.94374
0.98491
0.000748492
403.446
314.867
310.583
149.467
0.000748468
42.5943
52.2877
16.3292
56.9682
1.40247
202.389
0.000769966
0.888748
152.23
115.699
0.149855
62.0344
0.00075251
272.476
0.000893004
47.1208
305.444
3.5446
106.113
163.843
344.554
0.000748637
242.285
0.000750041
116.101
0.00180703
2.67938
0.000749667
174.903
0.00074939
456.557
249.359
163.242
0.000753145
0.000762848
0.00447784
0.000749266
6.46719
0.000751577
2.67087
0.0420789
0.218973
0.000761417
0.000748596
240.556
31.2664
0.0193401
11.9135
0.000748552
0.000752949
0.00085791
0.00198626
0.000753228
0.000749
56.5628
0.00204111
528.383
0.000756181
155.66
0.000749612
0.000748668
0.196474
0.0007613
159.592
0.00149091
447.079
0.000749253
0.00129498
3.47326
0.00323211
0.000748562
0.000750553
44.3718
0.000754322
0.000751163
6.16399
0.0803658
0.000748604
131.344
273.861
0.00460362
0.237511
0.000796857
22.0872
214.723
11.774
0.00238727
988.076
0.00223303
0.00168073
292.8
0.000788519
280.662
45.1604
134.038
44.8271
95.0577
0.00074941
3.4164
6.05885
23.714
0.00829384
6.58194
0.000802753
0.000980658
50.8938
0.834549
0.000773769
70.7049
54.2245
0.000769577
95.8367
114.592
0.000867281
0.275894
0.000752211
301.954
231.002
319.175
186.973
3.09633
0.000797524
435.745
0.000749515
387.037
214.741
247.936
170.673
264.79
274.524
310.774
0.0133214
0.000749934
380.773
54.8945
0.00075962
0.00075219
181.219
344.494
37.0558
99.8142
0.000751527
325.741
0.000751099
225.708
0.00492092
221.685
71.1054
0.00108295
0.000784586
130.95
0.000846149
85.6552
0.000811605
1.42403
325.055
0.000749086
0.366417
0.000984601
0.000995935
293.058
455.524
0.00172858
150.897
348.888
0.05048
0.000876101
14.949
0.470756
3.4688
459.688
356.432
0.000779069
46.675
233.916
229.091
289.149
0.00477816
1.74978
0.000749324
100.006
326.835
0.0412716
139.036
19.9464
61.1381
315.634
0.140841
0.0380976
0.00188566
152.108
0.000751427
0.0390564
0.000902108
0.000749066
0.000749387
4.21463
14.9116
218.682
259.38
223.883
299.097
0.000750489
0.00104715
136.745
461.241
328.688
0.00075184
346.896
140.805
176.906
77.3025
41.7976
26.4778
408.391
0.0581879
0.613242
0.654707
347.521
7.11942
0.00129505
0.000751155
199.384
348.65
304.589
76.293
0.000748406
68.8343
0.000749151
328.28
0.000774716
20.5086
107.74
0.000749239
0.762015
278.968
53.0424
0.000760664
131.709
0.000749151
0.00079797
0.000751728
19.8172
0.000748937
0.00171684
11.7696
13.5293
298.408
0.00075154
371.838
20.3068
0.000749407
0.000749529
375.719
399.683
6.06414
0.0227793
342.158
19.8888
312.995
28.2759
1.86168
0.000751203
64.5968
0.200877
252.058
0.0739474
0.000761797
74.4225
384.242
61.3276
77.6871
4.90754
101.098
333.132
0.000749245
0.000758537
323.503
8.74102
0.000750281
0.000749756
203.714
172.503
72.1305
0.00245658
97.893
424.033
0.000820902
0.0201701
0.00090358
1.20795
23.8502
0.00766056
0.000748785
13.0997
0.000930951
60.8215
0.00293464
0.000762275
0.329513
0.765735
2.1639
0.0011573
0.00110957
0.530612
0.00078936
0.000748584
353.919
0.15316
0.0371594
2.80339
68.6062
1.96671
94.7855
0.000850104
5.13567
317.202
0.000891055
0.000750546
442.684
0.0032768
8.60534
368.52
0.502291
347.788
65.0948
0.000981523
214.463
237.68
0.00075035
12.9465
16.309
133.469
0.000748972
0.000749566
0.624744
28.7786
0.00075563
0.00435865
1.88443
0.000785244
0.000777752
284.044
9.10013
41.1299
0.0124293
0.000753381
28.1377
291.766
0.000751296
318.819
2.75703
2.09759
245.719
42.3853
0.000748449
344.029
0.000750194
3.2291
915.723
123.725
239.116
43.4743
0.000750847
367.104
31.982
0.000748585
0.000748964
5.13077
0.00148883
0.202841
7.61997
65.765
0.0013468
279.527
159.063
0.00153911
46.7896
108.443
30.5274
290.23
76.0901
7.59613
0.000759566
0.000749306
0.0454513
87.85
0.00088665
393.584
0.117078
6.71885
0.000753611
84.5205
0.860596
0.000845095
0.00075442
0.000971033
0.00157329
286.782
0.000831408
126.928
6.43293
0.000748533
0.000822677
0.151755
1.4846
65.2205
0.00223249
0.00588456
512.258
0.000760402
16.7169
73.0341
2.01403
0.000755142
1172.57
13.1257
0.00176161
21.8566
0.000748991
27.0644
0.000925894
0.00159958
0.000749106
66.69
43.3896
14.3896
314.886
32.7857
0.00144733
0.00105572
145.644
31.4329
306.431
0.00104373
1223.43
194.669
151.069
201.648
0.254652
111.552
326.324
0.0359671
56.6025
255.742
61.8356
119.577
308.235
338.778
0.00075041
0.00897158
0.055253
0.000780647
279.404
2.91267
277.098
0.000753507
95.0854
2.465
347.5
0.000749015
60.4506
295.893
21.4403
32.6584
0.000750242
44.2886
0.00100974
3.90853
0.000756948
0.000752649
385.677
1.38128
0.000770774
249.696
0.00143688
369.317
246.076
0.00151041
363.687
262.884
0.000754074
0.00120438
42.4422
27.48
0.00748496
319.532
4.7401
279.435
0.000755241
30.0388
330.46
0.0201237
0.000753213
101.425
0.000751411
113.159
377.873
181.189
11.5023
0.000757519
33.9564
0.763255
0.000754466
3.03393
0.00874985
0.00272373
0.000799331
1.64975
353.897
0.00075864
0.794284
14.5541
0.00074851
0.00182931
386.744
0.000808843
141.981
0.000748637
208.933
347.902
69.4125
357.831
0.00074865
0.0150748
324.936
1.91639
199.758
0.000750377
40.3368
61.9389
0.00802385
321.554
361.014
41.4981
311.889
58.6517
2.10957
0.000755393
0.000966511
101.08
25.5455
215.645
1.38277
0.00117619
0.0513578
0.0150674
0.3641
486.116
562.328
2.06054
0.000797156
282.215
30.805
0.000754951
356.28
0.00119536
342.889
0.000760353
238.39
0.000749735
0.0007634
6.4171
307.53
0.000856547
0.0198282
0.0986435
28.4831
43.9566
0.0011097
0.00151245
0.000751667
0.00414476
0.000786808
101.378
291.541
0.000751304
0.000751224
306.248
0.000764177
35.4412
143.331
0.854526
0.00075583
29.3453
116.323
100.578
58.7493
4.20398
395.1
0.00100432
0.000749418
89.1353
0.00357004
0.000754042
0.000748896
118.238
0.000767494
360.237
0.00074887
9.08898
95.6431
5.49095
357.543
309.329
0.000748926
19.6311
329.345
22.3975
287.844
0.000748431
0.000795409
0.0118499
386.302
270.491
0.00075797
0.00107444
0.00953182
360.407
331.391
348.453
0.000755614
0.0890031
171.204
0.0473495
0.000749493
0.0296228
136.262
0.000783397
45.0424
8.91095
0.000749229
14.1151
0.00150201
621.848
0.000749412
0.000748393
346.166
260.913
393.894
136.105
168.262
317.1
54.5085
265.936
254.987
25.0565
0.000793372
49.1347
260.26
0.00222478
0.000751896
0.000819066
0.258952
0.000847069
243.433
348.593
260.054
0.0340257
538.776
0.00198598
116.22
45.4921
0.000779568
0.212378
77.7305
0.000768353
284.64
0.0211027
0.00075002
59.4568
0.000759637
0.000782313
0.00129371
23.9068
7.77651
2.66625
0.000749092
20.2506
12.9414
111.577
0.00136345
4.56087
0.000759583
34.9381
0.591031
0.000748313
0.00188399
75.2663
0.00249341
58.9152
0.00164236
0.0330257
0.000904406
0.00096475
5.3553
165.952
29.8375
0.000751748
0.000763979
0.000761164
0.000855971
0.00074915
121.567
0.0715051
355.047
120.836
0.000748313
105.648
0.000751289
318.412
327.537
129.257
294.837
0.0127417
49.8987
0.025181
0.000756064
0.363391
448.715
2.54959
0.00154781
1.04635
0.000748696
0.000753608
230.736
0.0323857
0.000750143
0.00917385
166.196
20.5342
309.132
374.391
171.551
0.0983977
95.138
0.0330118
192.993
5.22415
0.000843923
0.000757059
43.0272
0.000776391
10.5823
89.1099
19.296
38.9255
260.193
0.000749311
82.4399
0.00830806
0.000844286
232.408
308.464
0.0257419
78.886
260.29
206.299
0.000921003
0.000796448
0.00140666
0.000748901
56.2393
1173.45
0.000749421
0.000751683
0.239569
0.000764776
42.5259
0.00263785
53.0889
0.000757296
25.1576
0.00732891
375.41
0.000752634
0.00111238
286.118
0.0663161
267.627
22.6195
393.516
0.0921502
175.6
131.483
0.00076879
0.000974718
0.000752443
226.761
0.020888
8.62934
0.00161688
375.75
9.95617
0.00211154
0.00120188
6.03901
0.000750065
6.20482
0.000811962
316.983
217.5
0.00084244
14.9287
0.000753201
25.7671
0.054375
178.245
429.708
0.00532298
420.127
165.256
0.000749691
729.9
111.869
0.000749604
0.00225055
62.4313
601.387
82.0686
1.502
59.2452
3.55512
292.181
212.027
16.9159
0.000751218
1.74003
0.000862915
1.16603
18.3613
104.327
343.953
133.546
146.54
21.102
0.00083097
3.18643
0.00569237
0.00158002
2.88337
0.000762749
1231.71
0.000752412
340.011
0.0103891
323.308
204.355
6.77984
87.2537
50.9796
0.000872101
300.115
20.2294
65.9086
80.2156
0.00223376
13.5069
0.000999455
333.939
0.508264
419.663
0.000748966
289.852
232.095
1067.97
0.000776597
0.000822597
0.000755522
0.0940488
0.0332454
1268.63
45.1292
0.855197
66.2106
0.0353165
28.0246
0.000748526
0.0209463
0.153273
341.224
250.819
256.707
0.577211
0.275532
0.000751254
25.0507
0.704407
11.954
348.529
570.11
313.8
160.453
0.000758862
0.794545
0.000896495
0.00216319
0.104733
0.00111787
0.000827359
1.05458
0.00307399
126.533
294.666
22.1426
0.00143588
400.058
170.928
0.000801147
0.0017785
152.256
0.462263
0.000748566
383.948
186.944
407.497
3.48293
0.00247011
0.0774628
202.966
0.00304804
14.4637
90.9561
104.152
40.6504
41.0067
0.000748608
0.0439602
201.162
0.0893801
0.262505
0.000893347
0.0103087
0.00590625
29.0843
0.000753457
0.000758886
9.53682
0.0606385
310.521
0.00423418
301.392
637.418
0.11318
154.905
0.00113804
140.739
197.601
280.54
0.000748503
555.878
0.000790304
0.000749664
0.00128416
0.000748314
613.764
0.000756348
144.929
0.0016432
400.431
5.81218
0.000771099
0.0041171
0.000750663
47.3012
0.000748567
0.0837145
122.849
387.251
0.000749193
399.054
26.2704
44.4327
104.955
8.47809
72.3103
0.0012341
53.8136
0.108725
58.4014
215.684
394.441
0.000854256
0.000888343
0.000821172
70.5682
20.4645
0.167845
0.000792958
0.000820366
0.000754371
172.242
0.14436
0.000758825
220.509
0.00074942
55.6928
51.6292
19.3583
0.000749266
20.0693
100.612
111.439
11.6956
16.7179
0.000760505
56.0206
47.6512
292.432
0.000953908
0.798246
89.197
2.75506
0.058476
122.273
29.7344
300.719
55.7881
932.015
15.5903
0.000782452
0.000748574
0.00848297
0.0737316
74.771
0.282501
77.431
103.758
0.000787655
0.0919443
0.000782309
27.7675
331.679
0.212368
0.000749195
0.000749644
158.152
18.1725
12.7777
319.098
0.000765741
194.517
0.000839892
0.000786032
389.423
223.316
0.000749209
15.4379
49.7585
106.717
0.00134669
0.00114531
19.1995
0.00074853
730.451
12.1492
23.3763
0.000752415
0.000751322
347.331
30.9788
184.318
0.000755139
57.165
146.022
0.0063045
0.000807031
484.919
1109.96
339.931
141.104
22.9479
1.53203
60.1226
0.000914606
161.18
187.88
52.9367
0.00744287
317.588
0.00449903
0.00075036
348.108
16.5771
0.0007537
58.4449
24.0753
0.000748906
0.0446804
296.742
0.00181277
24.6496
0.000754932
0.000824394
509.611
0.00165633
0.000749058
0.106267
0.00075121
70.0395
10.305
4.78493
78.7029
16.1736
4.82857
73.7559
3.32313
0.000767209
0.000792771
38.4379
9.02493
0.127886
348.339
38.0198
12.6225
0.00436666
0.000749121
0.000749644
0.000759862
52.113
0.00363006
331.523
34.7816
281.194
14.2457
253.615
0.860433
0.000756936
0.00104754
96.1429
1.76593
99.1687
270.14
312.954
0.0215161
0.000758501
295.762
29.8464
2.70839
0.00143967
305.009
50.5315
40.8806
0.00189306
0.000752252
0.00194862
11.1705
356.971
0.00103855
353.903
0.0363906
572.311
0.0797678
0.000845443
0.000762062
0.0471373
1123.91
0.000748458
1.22743
0.0313656
172.63
0.000748465
86.7934
9.1539
0.000749315
0.000754538
116.904
260.23
71.2325
344.829
54.0524
1116.45
326.609
0.00102122
18.2146
0.000751266
0.000752596
0.00105831
307.499
40.1293
146.622
0.0489011
68.6776
3.37786
296.38
543.872
357.243
0.00122392
357.427
370.565
82.5985
0.00227505
126.952
0.00125682
0.012341
50.4335
295.967
67.8661
66.9668
0.00567054
159.215
0.000989191
318.55
71.258
265.299
0.000748511
107.39
66.6732
0.00267156
367.76
382.183
328.772
22.0798
0.00083615
247.145
14.9873
0.000792564
0.000750235
360.06
0.15517
34.4794
0.000749398
0.21571
193.96
367.301
20.0293
0.000757453
135.719
70.1815
16.3996
0.000760865
0.127884
0.723258
244.187
209.513
40.933
311.76
0.000774585
21.4993
2.29064
669.655
0.000792406
0.0291612
18.7602
0.000750472
21.2141
239.866
57.3651
0.000749081
0.000748557
5.79344
383.861
312.133
366.186
24.0878
0.000749529
0.000911333
0.000930442
124.028
300.724
13.3181
43.3772
383.803
515.939
65.156
286.134
0.000748613
3.07297
28.4192
714.362
134.035
2.82146
43.8309
200.644
289.929
1069.02
0.00075381
380.593
75.7923
40.2143
217.474
230.442
12.0033
0.000777794
50.4403
396.736
108.242
413.25
59.4031
49.5536
306.514
112.91
343.542
315.419
312.465
131.859
146.894
0.000749613
48.0502
0.153058
0.797758
0.000791869
298.536
277.394
0.000894553
13.4183
604.821
347.961
0.00186084
0.000767347
416.297
979.047
0.00075249
176.301
0.000749548
30.1734
0.0237557
322.156
321.078
1106.51
0.000750025
265.266
260.868
0.001327
0.000748385
275.402
5.31786
11.2207
14.3324
53.8155
10.6147
62.7349
2.11289
0.290019
0.000753133
0.000782287
258.643
42.8442
22.1645
875.43
0.671697
0.00075017
0.000748988
294.793
45.9789
1.20638
0.0011312
0.00076369
348.097
68.2982
39.1943
0.000751036
473.236
0.65753
197.994
15.1362
29.4764
0.00118165
0.000815394
0.00079458
0.000798992
78.8128
0.000750515
84.0563
287.94
17.6731
0.00831918
20.0446
0.00142272
65.3431
1.75206
0.00258598
0.00102223
355.511
41.8497
0.000759872
49.8577
0.000902543
13.2598
0.000749827
0.000770908
397.062
0.00094289
97.1337
0.000751729
0.000943902
292.987
24.4224
3.31181
0.0498331
0.000753175
11.7985
0.000748802
372.657
0.000777141
0.00240464
0.000748758
0.0332649
41.4169
70.4134
361.796
69.5622
368.592
16.3985
4.80902
218.303
0.000941816
190.287
10.539
0.00099372
0.095159
0.000785412
26.1225
382.9
413.511
2.26603
0.52552
1.75333
0.000922663
308.102
37.4274
51.1228
93.3053
0.000749511
44.742
0.000750436
36.9047
15.0614
13.9488
449.216
0.000749407
270.291
3.46273
127.103
1305.75
124.316
65.8238
1.10707
7.79145
2.14306
0.252959
0.000801166
399.343
0.0132834
0.00127774
348.513
3.24159
33.9133
173.492
49.1432
236.841
351.913
4.41987
0.000748439
0.00075379
0.000748624
37.0908
135.328
381.685
0.0114297
0.00259428
0.000752351
75.4198
390.159
0.46331
0.000752607
10.9617
0.000834483
0.00144092
392.728
255.509
63.5348
0.17642
197.398
0.00079534
278.94
20.366
4.11399
0.00075347
37.2999
3.65501
108.24
76.914
297.063
40.4445
353.43
0.00680472
0.0868611
35.855
3.54875
0.000749773
20.9749
0.000759486
0.000749114
272.666
0.000753699
20.3367
100.161
0.000754264
0.000870066
86.5026
501.565
295.561
310.139
0.000842583
0.00075223
0.00074874
64.5431
418.965
8.04098
0.00075493
0.00112157
18.6099
1.57694
40.2501
0.000752598
43.0579
691.108
100.53
231.256
491.264
15.2117
0.000752219
6.19759
0.000912591
79.9572
340.42
0.000778251
0.00100475
0.000750856
0.000963355
0.00154132
0.0105054
78.969
52.4915
0.000934557
885.539
231.545
0.00179575
2.85369
0.0899495
716.199
0.821386
73.2994
0.000759858
139.136
0.000795356
23.4656
32.2174
0.000807591
0.00076042
0.00342824
0.134126
309.375
462.918
168.352
359.347
0.444248
0.000753799
254.115
449.686
301.596
46.2432
0.00131027
0.000755011
298.314
5.53562
0.590647
323.375
176.344
18.1406
8.91469
63.0763
0.0111157
2.90811
66.9223
0.0013042
0.0171676
5.71762
0.000787204
88.7425
0.000816907
23.9658
6.1035
0.0236883
0.000924609
0.000781882
56.7527
2.89269
26.5879
0.000749671
0.00121491
35.5835
18.09
0.00226854
0.0349109
316.491
390.266
401.371
91.9511
0.00260614
103.336
0.000751436
0.000755942
0.000769317
42.5618
0.000750328
0.000754984
0.000749522
414.113
0.843823
0.000755241
122.091
0.000754251
70.3094
0.000797029
137.843
0.000748385
0.0149083
280.992
0.136104
190.793
36.3237
18.8205
0.000749167
61.3892
88.4035
21.2706
293.141
0.000755993
92.3145
0.000750086
0.0373878
0.00489419
0.00493592
0.690557
477.819
0.000749199
0.116409
0.157654
274.291
0.000754064
2.82219
0.000749293
0.0277781
35.6771
113.758
0.0217862
340.314
0.057866
0.000752082
267.546
0.0218094
92.4223
260.981
0.00651582
332.885
9.27779
36.5989
29.143
3.28964
0.000748727
0.000752358
440.168
0.000749546
106.913
41.1688
0.000828315
603.701
0.000750164
419.55
0.00250448
0.000748657
0.000759129
142.015
8.35806
0.00076713
0.00293119
136.617
338.171
0.000749189
0.981026
138.644
0.000769729
0.00136807
0.0007981
69.0399
21.2693
0.000757233
93.1885
0.000757489
70.004
1.73497
0.491886
0.000749707
335.281
5.80448
37.2808
0.00125786
0.00075021
371.698
0.0826665
0.397438
0.000760682
0.143309
0.000750162
0.0365814
24.6996
0.00971575
66.3295
0.000749859
378.442
48.5289
185.175
113.377
0.000748389
40.7507
270.328
371.006
0.0384013
0.0120347
0.0661309
29.5647
0.000750518
0.0674372
427.183
179.13
0.00370341
57.3041
0.0421819
0.000781547
89.6676
227.144
33.9962
273.533
0.000761435
332.501
0.0170823
0.216401
200.048
0.000775961
168.738
0.0941751
253.56
0.000753192
169.79
0.00075818
637.577
0.000916731
24.4737
111.619
0.00141356
17.0351
0.000749274
0.000817747
2.96279
19.0442
388.22
0.000771484
0.000750055
0.000748802
358.08
63.9966
0.000749162
0.000748964
0.000759202
183.703
394.252
84.3814
296.505
161.244
158.504
145.318
31.6138
73.0246
0.000749465
12.1394
352.675
49.3492
0.000848556
154.546
407.273
314.487
306.49
92.7007
1.22746
57.1679
0.635859
46.7138
0.000863213
0.000931471
368.299
0.000748622
0.000749024
358.3
0.001061
123.515
0.000759571
0.00105651
98.6809
57.217
0.000891125
23.763
0.000749119
32.1521
82.618
41.91
269.478
363.398
117.733
0.000748643
14.8569
1.23177
0.00074877
363.038
0.000789678
0.000764374
0.000748911
81.2515
362.3
0.000752685
1206.02
147.881
0.00110745
0.0318018
0.000913627
258.914
315.8
0.00133295
0.0735833
0.0714117
0.0012873
327.307
292.391
28.0233
0.00078285
0.000874874
1.14626
0.00116704
0.000750101
0.745738
194.89
74.263
0.00559861
201.302
0.119806
0.000951215
0.000750187
0.000775352
1.80737
359.23
378.503
30.6176
491.815
60.4311
0.000765982
0.0011074
0.00075668
0.00075142
0.0076318
444.127
227.3
0.000767699
62.9661
63.7344
383.82
0.00512506
186.968
0.00114329
0.000756541
1172.42
0.000832372
0.000783865
244.697
5.02876
0.0014554
0.00143961
0.0012131
71.7275
0.00131202
0.201209
25.1797
330.193
0.288054
563.462
15.6317
0.0506456
0.000748297
0.000750819
0.000770221
379.52
0.000816353
140.222
0.00583775
24.7194
12.6864
0.000748313
349.482
210.069
35.436
306.678
0.466794
315.042
1.92772
157.511
0.000974481
9.20544
0.0106975
280.623
27.7214
0.787161
0.118066
652.945
254.692
390.504
403.591
0.000765756
322.197
253.779
183.59
0.000748928
129.956
381.019
163.994
42.0704
510.81
11.1877
0.000922557
12.2969
0.000754383
390.562
0.000752158
141.545
288.172
0.0022078
68.3748
963.765
478.809
0.000749103
2.9379
426.779
101.784
70
202.502
129.657
27.4003
0.000771025
11.7184
0.00133553
0.000754589
0.406419
0.000754443
0.000883409
0.225946
202.268
52.4549
0.000752823
0.0158001
124.591
905.551
0.000788882
0.000760447
615.963
0.163304
0.000750223
0.000988157
5.05821
308.934
0.565483
0.0348508
0.273334
0.00075728
364.863
6.18938
214.106
0.000790057
0.000761281
0.000824654
13.6497
116.594
289.179
8.14086
0.00408991
414.121
253.369
0.0124002
0.000762085
0.834886
324.032
48.953
314.083
259.031
0.000791321
652.274
7.7424
483.629
53.543
4.9778
0.00112855
216.758
0.000760663
584.624
0.000748827
0.110298
169.794
0.000758677
0.239289
290.925
0.000789136
19.1195
128.61
394.813
0.94513
146.93
189.405
0.00079845
106.621
0.00075014
18.3442
0.000754128
289.537
1.0107
4.63237
30.9052
0.000750297
71.7268
0.0401097
287.385
0.00178076
10.7161
1.83018
273.7
230.222
0.000759918
0.000751125
54.2333
0.786297
0.000770628
328.578
0.00311511
104.071
0.000902862
318.155
22.9087
0.109536
4.15133
127.225
16.8992
23.154
0.094608
21.9727
0.42906
0.0234121
0.000757424
0.134192
21.1301
0.0724039
0.000751468
362.231
363.701
10.2974
0.00904826
0.000748782
322.991
644.222
387.751
0.000748641
5.50415
185.624
0.0152302
2.73092
393.9
324.153
45.3547
180.992
0.00074974
1190.6
0.000785047
104.707
79.2734
422.492
213.136
16.1452
0.00123341
0.000753337
39.35
401.911
72.8803
0.000982811
0.000750749
0.0232936
246.508
0.000752071
0.473319
7.67659
0.13071
0.000759757
363.976
51.8246
202.761
0.145204
332.953
377.855
58.0199
0.000761796
0.948295
256.428
520.004
0.12111
0.0128443
334.987
0.000750211
270.681
48.4915
0.00124744
0.00076656
283.254
326.43
54.9356
198.444
20.3647
340.322
0.00572506
235.102
226.519
0.433497
0.291356
32.8354
0.00191023
204.716
25.0013
0.702423
0.00384366
0.000759345
389.743
92.3853
311.668
0.000749232
397.455
300.965
33.8734
294.399
0.000772929
0.000829281
100.64
13.0737
0.00087636
0.000946735
15.5189
98.9172
133.416
199.717
12.4858
0.000748973
709.309
0.135531
419.025
21.4516
54.9784
0.000750622
378.7
0.000996541
0.000804699
287.528
0.367027
0.000757229
4.87317
76.3476
22.2682
349.531
0.00435736
0.000770278
390.48
6.34893
58.8297
0.00127095
143.573
0.000748996
49.4568
0.000819167
0.00258017
307.011
0.000757424
0.00161068
749.596
0.000795769
0.000772388
0.00074864
0.000749171
26.511
357.421
0.000751739
1.40899
2.2767
4.54971
71.0631
0.000956987
0.000753672
0.00100393
109.725
145.474
144.702
0.0012849
0.00938671
0.000844293
130.62
3.68814
95.3427
6.37963
0.000754827
277.966
10.5771
0.00104312
158.501
290.684
0.000749282
1.02088
0.0122886
0.000759859
371.688
0.290678
0.296057
3.68402
0.000749178
0.00167472
42.9652
62.3307
0.000751178
0.000751101
413.697
0.000788413
0.000769701
0.000750309
0.000765569
161.832
0.000748889
78.6764
4.38283
96.0783
70.8313
132.663
303.764
0.0348939
507.935
0.0873584
25.1912
15.5091
91.6542
400.219
5.07579
55.4522
0.000748799
0.00096835
0.0299488
0.000754018
0.0801468
0.137734
0.000754253
66.4001
0.0119203
14.2162
288.601
45.0067
0.000750935
0.0166608
61.4134
0.00847322
0.0142003
0.000755869
1048.79
2.09598
1140.03
14.4975
0.477465
48.5931
0.0315021
400.501
249.203
0.000749674
0.101559
13.0772
0.023017
443.041
804.826
421.38
68.1181
107.238
0.000759909
0.000761651
0.000751606
117.654
2.61987
19.2333
0.000748858
0.0010886
59.829
0.000793095
0.000859802
240.589
65.2568
0.000818949
0.170416
75.4058
0.000777962
0.175455
0.000748675
62.8848
0.00101546
0.000749108
335.929
9.75635
0.000757303
4.18303
0.245658
0.000749006
0.0466078
0.677553
0.000831125
0.000750007
56.4806
0.0135885
0.000755888
0.000757154
2.48801
0.000931761
207.933
0.00112236
113.533
0.000748779
268.005
104.647
0.107514
36.4779
263.273
269.018
977.535
70.316
2.9298
0.000750184
0.00075505
0.000749025
2.77668
67.3551
328.979
0.000748859
0.00109166
0.193765
0.000763354
70.7509
0.309079
0.000776499
391.18
24.3911
31.1461
36.526
0.961612
1.3803
0.980374
68.4964
27.0457
0.00567511
0.000777905
0.000751513
2.15461
0.000749677
17.749
98.4871
60.9964
176.16
0.000750217
35.2105
0.000803778
374.931
300.826
49.9733
164.849
0.00525787
7.52594
0.66884
17.3606
1.60199
0.594579
315.066
67.5789
133.065
0.000931317
355.079
0.0516784
0.000990033
0.00168457
0.00123287
1.50487
0.870962
248.573
260.251
2.43419
0.00107534
221.617
370.492
415.4
0.000808039
0.00104669
0.000756033
87.5017
29.7339
2.09555
22.6966
1.22128
63.4392
128.076
7.82591
263.253
0.000878671
0.00102755
305.688
0.000753157
156.68
295.592
44.7057
26.6936
260.368
275.403
303.312
38.7752
415.721
0.00117682
0.000752565
0.000748432
0.00272148
149.203
0.00166797
2.79854
136.028
0.0294439
0.000751186
0.00075405
0.000778338
0.000853898
118.827
0.000785152
0.0202307
250.026
0.000750499
0.629088
121.256
51.8695
515.376
131.656
37.1152
454.307
1.33196
281.999
353.545
495.928
370.352
18.9193
43.6249
1.22816
58.6416
258.529
0.000764602
0.000751248
173.669
35.7859
1003.45
0.131326
0.000749725
0.000751306
49.2114
35.3859
0.0311113
1.22431
0.0319608
0.000876531
0.0295177
0.000770355
0.000751587
307.1
261.757
79.8873
0.000780671
0.00082795
0.000761473
103.886
83.9675
0.000779327
0.00843143
165.666
0.000749352
0.000750406
0.294593
0.88666
3.38237
487.524
0.000748734
0.113439
0.000748803
0.00120745
1.44851
0.000751637
0.000760539
0.0672876
0.000880989
0.0867329
0.000750183
0.00075051
0.0215468
81.3305
94.701
18.9274
374.198
33.1006
24.7923
342.815
49.2185
150.44
1.13792
0.00106243
0.000878191
97.609
401.253
0.933852
0.00153827
0.397588
192.278
19.1987
59.027
0.000754193
22.6532
0.00555214
0.000789427
89.7046
0.00107243
6.45356
153.475
376.159
339.086
77.9397
416.385
82.9401
68.802
46.3894
190.603
10.8717
0.00195032
0.000757591
0.00311927
87.7545
0.636109
0.0709584
345.095
0.000750604
271.937
0.000750826
133.552
1.23952
380.765
912.718
0.000751542
68.1109
5.82906
381.896
0.000775325
76.4047
0.0974822
469.452
0.000754997
0.000764799
161.43
0.0229962
110.237
58.3043
7.5238
0.983312
0.00159679
0.000749152
30.3883
1.07023
41.8974
0.000753733
660.366
0.000902972
0.00143508
0.000783648
20.5406
261.196
0.00235896
100.535
0.087733
1.48872
424.584
0.518336
0.00181687
9.02638
191.031
335.457
0.000757223
359.778
70.0999
19.8359
0.000755422
1.16748
0.000920177
1.97701
351.761
0.011353
0.000831218
0.927589
344.58
0.65662
0.000750573
0.0051185
297.826
0.000823719
255.723
48.1703
612.645
290.71
0.521793
10.9274
36.4328
357.695
0.000801199
0.000775243
0.00103487
134.856
0.000762135
0.000765918
66.6907
0.000763116
0.000765969
29.7821
92.651
75.5193
376.246
353.445
0.000951316
130.012
109.555
0.000749364
643.411
20.951
0.000931084
0.00158975
193.212
73.8913
276.012
407.65
0.000750408
337.709
58.0185
97.347
93.3127
129.541
3.14891
414.5
114.168
0.000778538
72.5753
364.791
58.6987
18.1772
0.00314277
288.053
48.7515
0.61373
0.000953036
359.8
35.1202
156.874
0.00275808
0.000768361
319.014
952.218
8.3707
599.931
57.4907
307.777
13.8128
0.00129385
399.341
116.118
9.08554
0.000788533
0.000749228
425.165
3.7954
5.64552
201.013
0.0013155
306.115
397.389
227.228
0.000755193
0.00075269
19.5159
199.765
0.00228012
37.3471
31.7295
0.000876906
0.000753339
1.38965
204.877
26.5257
75.5371
363.085
27.7197
0.000749052
0.061292
144.14
0.000907333
616.178
0.000749624
0.000763155
0.000753213
66.634
284.256
285.784
97.0224
338.051
0.00186433
207.886
62.607
102.006
135.167
0.103707
329.192
0.000751115
97.0695
111.014
116.862
0.00198344
0.00100398
285.656
0.0086799
0.746529
0.000749913
378.557
0.000753295
91.2104
2.85876
5.07218
0.381397
0.0959396
12.2601
0.000752597
0.000818788
0.0817995
0.000768326
72.8221
0.000763128
36.1177
113.392
70.6379
105.15
0.000753699
140.714
0.413915
5.72291
0.00281607
122.252
0.270372
237.016
11.7422
0.00075119
12.6532
0.00076225
44.2548
0.0116283
364.135
61.4361
8.10868
22.2286
181.278
0.237163
295.093
1.28014
0.000866153
0.000749237
318.906
106.143
342.833
355.789
61.4306
225.36
46.5728
0.000748468
434.817
298.521
0.0394861
0.00128969
65.2094
244.267
149.522
89.3268
388.298
60.7651
0.209136
0.000972302
0.000748674
50.8962
0.409637
264.878
0.00664794
46.4976
770.2
0.000749358
0.000770852
53.7514
26.1971
186.223
0.000771269
0.0196509
362.972
0.000750783
42.3216
15.1088
0.0254006
376.431
235.823
0.000750196
104.503
404.543
0.000749155
0.00298992
0.475252
0.00105039
0.0639433
0.000836878
0.000748457
0.0995483
221.015
332.593
248.284
5.36322
76.4239
1.09657
0.000770122
10.5131
409.301
182.797
0.00434121
0.0971537
148.811
194.773
0.0007502
31.1549
27.725
0.000905434
341.885
0.761722
338.331
19.4256
0.00076314
0.93087
60.4215
0.00098953
0.000751239
0.000751031
305.203
0.0417094
0.00075051
35.1798
8.16642
41.5306
36.0704
59.8748
75.5491
10.3084
0.000766564
345.315
99.9069
0.000756398
66.2671
0.089231
9.13937
64.9032
36.1278
6.01764
357.178
0.000952449
0.842752
28.6809
0.753589
125.326
0.000819047
9.72924
51.5854
0.000754385
0.000749588
372.1
0.430368
0.010386
0.000750995
286.472
0.00074863
0.000801977
74.2608
0.0032602
18.0481
58.9292
58.52
146.264
3.73482
0.00176801
0.000748992
0.00112108
0.00074879
293.674
331.122
63.505
13.1513
0.00084163
84.2744
361.605
0.000882829
391.687
209.379
27.1376
0.000755688
248.165
43.2611
0.000850955
120.028
292.064
8.00187
57.8204
2.16365
0.000753349
266.486
0.000751658
14.2476
0.000749091
57.232
355.055
1.07383
0.00076192
390.914
0.000787915
0.00227876
0.000759317
1.65397
114.084
62.1897
304.538
1.28547
90.4141
0.000754159
0.000749259
0.0025414
0.00104611
0.000769676
36.383
0.000748315
69.3873
369.95
0.000753834
389.098
0.0465193
21.0388
61.0295
0.000772361
0.000749402
230.13
0.000752785
0.0155286
11.763
72.904
40.7295
0.00141201
103.236
0.0379812
0.000773532
375.17
4.64916
8.40526
690.097
14.6515
0.0736872
8.04244
15.1437
289.494
13.3947
0.00075227
0.000992017
3.18899
63.6374
99.7893
111.19
0.663725
373.415
133.823
0.00639061
282.273
37.1315
232.488
172.666
0.000749865
379.787
0.000776818
0.0051661
94.675
0.000748596
0.626467
0.000752872
437.323
136.926
0.00340581
9.15593
0.000759707
63.8567
0.000759756
0.000803779
13.9424
32.1344
0.000749839
30.4124
0.00121261
0.000756035
0.0223558
0.000748409
0.000748937
50.2284
730.959
3.78496
43.2852
284.137
259.625
0.000750119
448.514
0.000750014
0.00453487
71.9714
132.503
63.4721
0.123893
0.759212
35.4559
181.653
0.162419
70.646
348.798
69.9109
0.000757102
0.000789255
1.61408
367.468
310.283
0.00107919
120.77
0.00635469
0.000748594
0.0007553
301.07
0.34092
0.0007536
36.0705
0.000748344
0.0582106
0.000753959
0.000832
0.000845681
152.931
73.3405
46.0612
5.88171
179.925
189.625
210.307
1.63898
123.647
491.211
11.1567
0.0192898
0.000774474
374.076
1180.25
24.3346
339.949
0.000750654
415.415
1.48739
3.3155
949.063
11.7533
41.3566
0.000749281
1.05109
290.81
258.59
0.000752861
48.6939
269.098
0.00237644
0.000750758
421.526
138.53
299.849
0.000760616
9.4969
0.00646213
0.000757864
69.545
255.112
164.733
3.51965
40.2274
12.2331
69.1357
57.7258
248.941
0.0319346
77.07
295.188
54.5913
0.00236464
0.00480616
0.0388128
45.4168
199.981
25.4521
72.3766
66.5488
70.4361
0.00088385
0.00138565
0.000749967
0.000762776
283.215
0.000774467
100.004
0.000759812
0.000945213
378.504
2.64352
45.6377
394.986
28.6017
0.0614187
0.000757493
4.0473
3.97749
0.000752137
18.717
267.941
11.4564
771.99
16.5824
85.346
17.7998
0.000748702
329.202
0.00084965
25.018
1.06933
114.354
0.000751083
45.9083
280.909
0.145409
23.6214
525.682
177.719
0.000934439
0.0165308
148.823
0.000768581
69.4428
0.000825916
0.000939092
41.6016
21.8418
0.0216842
1129.95
0.626617
0.981632
764.736
25.9533
0.000749199
70.0449
153.624
0.000758389
8.43715
60.3442
171.708
160.991
0.00193246
784.213
297.233
65.9641
0.0253692
0.000748997
0.00115637
0.000748523
0.720442
0.000759743
0.000758423
0.00119302
1.5524
0.000748866
0.00920769
148.463
60.3167
0.000755241
51.6109
157.185
20.6807
59.1187
85.351
294.513
0.000748619
122.441
0.00314207
142.558
371.025
279.725
39.1284
0.00136692
64.2564
31.6053
58.8138
320.367
340.038
0.49907
31.5974
0.000764058
0.000749313
0.000774489
52.4254
0.000822167
52.2722
0.000755706
0.363634
0.000753293
95.06
92.8597
335.735
159.524
174.602
0.000815544
59.7986
274.407
39.8988
73.0268
0.000775535
199.317
0.000753212
0.000888932
269.964
0.00124135
97.739
0.00175227
31.4053
0.000776845
0.00075009
501.011
0.000839456
0.000748939
233
124.458
0.00306652
30.5422
391.572
0.000933872
0.000858725
161.403
0.441806
0.000749122
8.53453
0.00401276
30.3449
0.000857422
0.55801
210.333
317.124
0.000782954
123.873
0.00108957
0.000751697
0.00156282
178.844
184.283
457.254
0.000770249
416.384
71.554
0.000751485
0.000748762
81.4385
256.977
125.336
98.2994
0.000754802
0.000766834
458.062
0.000905243
0.000805699
0.000749521
256.168
0.000801816
0.000809238
62.7319
15.6866
100.574
63.3597
1311.44
0.000772881
1.79108
459.56
0.000760669
21.6438
6.41904
33.5572
148.956
0.00074925
87.2598
1.12017
0.00074937
0.000796789
16.0267
336.95
81.2894
0.000750523
112.787
0.00434439
94.982
9.31799
0.0105566
18.5749
0.000754001
39.8119
180.752
0.000748695
293.586
132.301
161.912
0.327141
42.8726
356.666
0.000863109
0.000975896
152.735
0.000752813
9.12598
0.000948903
0.0125746
0.000763186
10.8541
309.74
32.7878
0.000791809
155.371
3.30395
314.549
0.000748592
5.93352
1.6166
57.7745
0.460878
0.000760275
251.778
311.408
22.2384
7.6119
276.631
66.2507
0.00102975
319.935
30.2787
204.877
86.4223
82.7134
68.8553
4.86374
81.0984
185.857
14.6201
68.264
0.00150383
0.000760326
69.1899
0.213092
0.00075155
442.524
46.855
0.00075043
213.789
3.26528
0.000755994
174.204
0.000748389
0.0154584
27.0148
0.000904133
0.000768889
100.702
567.967
31.9073
1.69458
102.843
443.796
126.813
48.555
65.1373
40.8153
200.346
0.189374
149.971
387.313
377.257
47.926
0.000865734
325.264
323.972
0.0010311
965.641
1.33988
0.000749725
0.000835565
420.058
85.3448
133.602
71.3958
0.000797271
0.0151423
101.34
0.000811451
130.925
315.912
0.000754668
0.000825118
101.356
0.000988972
0.000750648
87.0933
8.29148
0.00237826
0.000752541
0.0101723
0.00110911
81.3549
0.00095595
0.213361
236.773
0.00128037
68.786
0.00075755
83.301
101.096
0.00141142
102.338
0.00131975
0.0518847
0.000755932
90.9588
21.4239
0.00238804
375.129
138.221
403.992
0.00074899
27.22
0.000753922
132.954
0.000763112
0.000749249
340.379
392.374
47.0575
0.0546638
397.327
0.000971166
327.074
0.00133348
235.612
0.919596
339.721
553.424
86.0953
0.000750405
0.00188992
0.000756735
0.00110211
0.00510157
0.00317171
0.000756207
174.552
44.9655
296.604
0.00324977
0.02572
11.9663
282.726
2.11166
11.8035
0.000831937
92.7702
0.000750931
314.638
0.000749309
0.000821784
28.7657
0.00075339
0.0213483
0.000781892
396.54
0.0232663
78.5297
155.84
258.364
353.05
0.000764095
0.0840761
15.518
261.249
29.9113
151.925
360.564
0.000749889
96.1679
0.977847
178.942
0.000755314
100.538
363.38
5.60481
0.00233078
0.000749801
3.05784
0.000752502
0.00173247
331.258
90.3303
0.260098
31.6578
348.547
973.889
0.799175
1.03863
0.000760422
45.6472
9.45782
0.000753087
184.297
276.075
2.32798
4.57267
0.00129836
117.078
226.194
0.0534357
0.010025
825.016
89.9591
409.221
1.62977
0.470704
79.2195
591.286
4.33553
298.943
197.46
28.5304
0.00726127
66.4267
151.045
494.658
0.00155738
12.4538
0.000762312
16.3078
12.7315
0.369782
219.788
33.641
0.000749111
0.000750706
0.000748612
0.000749556
154.291
16.2399
3.89422
25.949
162.428
276.741
115.187
0.338768
0.000842672
0.0266521
114.596
148.987
318.492
0.00883869
0.00335136
0.000750576
136.835
0.0723608
225.835
0.000812344
31.7707
315.841
11.7263
32.7254
0.000753072
0.000754027
0.0368383
0.667091
1.92123
70.1294
83.3841
20.0954
0.000751745
0.000768987
584.424
0.000763205
0.467295
239.05
0.000748298
265.881
35.1021
265.602
140.252
5.5981
229.508
5.39652
0.0051647
325.21
0.71405
91.9979
726.927
232.198
0.000940488
111.315
0.000750972
2.90087
0.000751276
130.82
68.6241
0.000861774
0.00566109
263.987
0.000915704
0.000804218
140.487
788.889
0.000748672
25.5337
111.507
41.347
0.0635607
5.78998
128.144
197.397
127.651
0.000914664
10.5652
0.292474
0.192892
8.03931
97.0493
122.498
0.0591052
0.000748387
0.000761879
62.6977
42.3137
159.893
324.737
178.721
192.456
0.00479762
138.554
134.037
108.555
69.1593
33.0697
18.5084
66.72
17.216
21.511
0.00075639
0.00235863
0.00119714
300.346
0.000749522
159.476
17.2263
68.438
53.8632
186.284
0.000760684
281.609
335.433
0.000749523
17.3604
66.6902
0.000823156
309.966
79.9628
0.00079835
0.00207812
54.5411
0.00307345
71.6006
525.7
0.000749145
0.000748453
0.000754966
0.00111838
49.0524
129.772
51.1057
0.00279584
178.856
8.75301
60.6975
0.000751971
9.83899
32.4911
61.8383
386.4
184.186
0.000752665
35.4069
0.000748749
217.456
0.000890477
0.310654
0.000756848
0.0007866
0.00314527
0.000762757
0.0205012
0.000749555
0.000753001
434.306
34.5618
12.4041
22.0653
284.559
329.925
32.2283
5.68056
28.0932
0.000778983
0.000752174
38.2736
316.185
71.3952
146.659
0.00074938
0.00473766
0.000751577
0.000752746
0.00366564
0.00125025
391.409
66.2969
284.337
124.515
0.993313
0.000758485
1.2537
30.668
269.509
5.07529
106.556
0.000754227
64.3718
737.065
373.467
0.00847095
40.3183
0.000756376
0.000748853
129.957
0.000763141
0.0022753
109.164
0.000755521
106.331
123.907
0.000762071
4.31654
2.09758
516.495
1.20397
54.7597
10.5378
4.26916
1.07263
0.00412902
13.4685
9.10316
414.811
64.1269
271.178
303.074
122.65
55.3417
0.000751433
0.0054828
377.638
0.00106219
115.678
311.509
8.6581
0.000749204
0.00191211
231.883
232.89
372.951
0.00102331
352.725
0.441292
2.72999
0.000749197
0.0395954
171.573
396.615
0.000751193
0.000751556
115.442
0.000863452
466.22
0.000777654
91.937
0.147777
0.000990223
0.000749737
324.618
0.000901416
569.416
81.6297
0.00152179
0.000748553
17.104
98.2478
0.000935752
301.256
1.56087
28.2314
0.000760495
3.89148
82.3849
0.000749048
0.0105922
2.06109
451.272
0.000928941
63.8373
13.4714
83.3422
1034.56
0.000748455
103.216
0.000870169
0.289132
85.0621
17.1521
0.000768493
10.8645
26.3058
34.6587
339.646
278.693
3.49434
0.000752932
5.88552
0.000753492
18.0233
26.5646
346.507
0.00075201
8.82945
0.000760006
181.167
10.198
104.601
0.00267019
0.000756953
371.968
351.944
0.000755998
142.012
0.0364669
0.00105536
0.00075501
0.000781186
313.807
25.684
0.0172823
0.000751605
0.261669
354.254
0.00119205
0.00418004
0.000783374
0.000748844
0.000754348
38.9094
0.463724
0.0662641
0.000753406
340.954
66.785
0.000765297
0.000748322
222.258
378.576
25.7267
204.445
79.4588
0.000780749
0.00075322
0.000763473
0.11197
194.072
0.000749551
106.679
359.785
0.0435073
94.716
0.000751751
0.205323
0.00151416
268.51
3.51251
93.0861
0.0494879
8.20027
0.002131
0.000752217
927.259
0.000750071
38.5377
386.824
0.00373176
349.102
294.288
9.13621
1.44941
0.00135723
229.938
0.000774684
0.0007488
0.00103615
0.000748247
127.868
375.165
266.3
56.5986
0.000909611
0.000754099
50.8827
53.1702
0.00106747
0.00913632
0.0103335
0.538643
0.000749056
309.468
17.6693
0.000757008
158.512
391.07
79.7019
338.192
163.578
0.00074899
0.00237371
13.0165
15.0642
214.026
278.88
325.178
0.000759378
394.298
780.008
10.6346
2.67329
39.6215
0.000763146
184.042
220.603
141.864
31.7179
15.2258
15.7592
259.967
0.0701066
0.000761133
342.045
966.109
55.8923
45.4522
0.0555325
1.44049
488.865
146.25
0.154602
2.22919
101.836
0.000839289
0.000749847
0.000761496
269.917
0.000772262
809.01
11.8753
379.956
33.2487
162.777
0.000750369
0.163992
0.0752729
0.0712169
3.49269
0.000865344
166.607
45.3415
0.405189
0.000771301
455.872
75.4225
203.894
0.00075612
139.576
334.944
81.1702
0.000760616
0.000754527
163.017
0.00074948
338.224
1.90112
0.00074898
116.491
503.96
528.309
203.46
5.74197
171.309
0.000749548
0.000817692
64.2925
14.0253
19.3461
167.202
0.000776851
118.58
0.000837584
0.000761541
20.8585
0.000758897
0.115196
313.168
371.583
189.545
113.275
342.394
51.1333
3.24428
0.00228504
0.0741148
0.474373
6.36496
0.0240801
34.33
140.647
382.581
39.6568
67.8498
0.000759896
38.7863
0.000755025
48.1284
38.2107
166.306
142.532
8.28862
0.000949805
0.0437056
0.0157656
57.1579
318.693
187.639
110.428
0.000924641
12.8042
134.342
0.000749849
94.5801
0.000757794
368.054
0.433242
0.00862521
95.8068
0.00077151
221.649
330.062
0.000748652
0.000766745
0.905201
0.00102128
32.417
0.000757954
0.00254115
79.306
361.499
23.2649
303.464
0.000756007
51.9108
186.194
125.069
17.7104
0.000842568
59.7322
0.000749142
0.401294
85.0298
0.000796837
376.057
120.3
0.00316678
9.34762
3.14205
0.00666079
329.579
341.743
0.000752419
336.867
0.0279867
0.00754679
0.0122765
0.00314511
79.6825
354.257
601.373
0.000769605
0.468313
0.044681
49.3578
39.0301
396.684
294.41
1.02791
61.7709
29.1015
301.541
13.5181
0.000749918
6.41482
0.000754624
73.6874
0.000820357
313.205
27.2858
0.000748891
235.963
59.9397
0.000751484
305.887
5.97231
79.3826
5.73146
2.58687
873.86
0.000749643
0.46166
339.545
0.000803382
1236.34
162.807
0.000749216
0.000760044
94.8338
0.000770972
0.00185481
656.007
121.875
0.00074972
6.88866
210.667
150.573
115.989
51.619
244.677
962.226
0.00075434
76.5614
628.421
0.285381
75.1708
0.000822158
72.7615
0.000749561
26.3893
869.086
1.60633
0.00106352
36.2486
0.0245009
93.5091
0.00075146
3.07308
74.7432
0.017067
313.411
422.94
0.000749362
289.452
0.000750849
56.7276
0.318833
400.663
373.213
44.053
214.293
25.806
28.6316
307.402
215.53
0.00074906
121.351
97.7944
0.000753201
72.2688
404.32
168.959
424.764
0.0007661
0.0299739
48.7758
76.4401
60.3868
1.4701
0.0179682
0.00506392
116.543
0.0297035
0.000775633
3.42326
0.000770685
50.0845
0.000748963
338.22
0.182946
0.000764336
0.000782564
49.2855
0.000934602
1042.67
59.687
307.693
47.8234
40.1505
10.6319
0.00185721
16.0922
23.5726
24.8757
173.825
0.00424565
0.0397445
353.695
176.891
252.132
0.0135947
255.449
0.000749314
328.359
58.1939
89.1288
2.62157
0.00264619
2.33521
255.737
74.6337
290.855
0.0017142
0.000767764
4.49411
91.6274
25.6786
0.0010141
304.356
0.00254516
71.2368
6.82741
0.00775971
370.656
372.342
87.4297
95.3457
15.265
236.53
12.1335
0.511268
0.000761673
23.1069
135.371
7.12786
0.000751898
0.0800527
66.0237
339.899
0.000774291
62.8199
296.076
410.71
351.233
18.2891
0.251602
95.3091
9.21043
90.9205
29.8699
2.92081
0.000785058
191.016
347.425
963.288
298.923
303.852
0.00770871
0.747464
32.3429
385.346
231.224
0.341894
0.000750717
401.625
0.143543
0.18236
190.609
0.281649
0.0129798
0.00720966
41.2582
27.3295
0.000892661
33.1473
0.00366824
0.00080664
196.597
0.000763042
74.0621
0.000783955
108.754
3.96688
41.4661
0.000800965
410.895
0.000785111
48.4597
40.4798
0.000756323
0.00742597
0.00087999
86.311
0.000759404
400.952
0.00075423
181.501
0.00074871
41.1183
0.854093
18.6815
0.0113132
79.0691
0.000750808
0.000749356
0.0160269
21.1303
293.125
75.0339
0.00226018
0.00076554
72.1022
213.423
0.000768045
0.00552941
0.000764037
0.000749276
0.00730588
13.9329
0.0007494
0.000778872
0.00381075
0.0316704
281.824
7.14208
19.6547
10.3278
0.7426
419.719
4.65395
416.293
510.114
0.757053
0.000757677
37.0472
166.631
45.3134
0.00103065
0.157839
0.000749026
0.000750477
92.5364
0.000757139
36.3857
3.0702
121.491
0.0459306
87.2006
0.000770793
80.2975
0.385819
14.813
0.000749219
339.895
364.941
0.000869848
363.146
351.018
0.0511122
0.000764156
323.562
90.5273
0.00214307
666.991
6.74145
29.7367
45.3252
31.6092
0.000783269
0.0196763
268.111
46.5142
26.829
0.000748803
70.074
163.699
0.000765665
0.0146112
10.8164
0.000806063
192.086
3.21347
0.000750544
27.0222
8.93186
0.000762623
488.147
239.671
237.928
2.47531
366.63
17.8238
0.000748944
45.4333
0.193973
81.6579
0.000749054
226.422
338.539
0.0007639
53.749
56.2001
63.2708
0.000752623
11.2057
0.00077176
0.000754605
32.6501
70.395
68.7058
147.542
1.42087
0.000863318
0.00446012
0.0236855
396.733
47.7081
0.00086749
0.0660663
0.344813
225.149
61.7044
303.142
0.000751153
0.000753107
0.000748883
0.17776
0.000750749
867.859
24.8558
16.4727
1.34925
0.000824097
38.0086
0.000767436
64.5387
0.000951391
0.000749894
0.00486327
0.00177152
0.0889601
0.00088918
0.000796706
38.6807
0.000758557
0.000749012
46.522
473.495
328.051
0.00154608
0.000749973
0.0798837
6.72421
0.0162735
533.617
14.0357
132.18
344.046
0.118679
299.3
1.34932
0.000776852
2.57497
0.000817035
331.673
5.64938
0.00726695
0.00681552
46.776
1.47854
0.000750571
0.000768457
11.7863
7.13535
0.00074909
12.7706
7.78296
56.7075
0.018503
3.13819
0.000749067
0.000749093
0.000749163
7.97595
0.00856186
40.4085
0.551861
0.132725
390.022
43.4207
5.36157
0.000749153
0.000748962
0.000946458
101.495
0.000749102
50.7641
49.4677
0.000753787
3.83873
0.000761043
30.0716
0.000750328
365.702
0.00929295
0.000757309
0.000828773
324.928
5.26513
0.000978922
5.71764
2.56776
48.3046
72.6631
122.546
0.00152887
329.295
40.9794
0.000873252
47.8829
0.00728516
243.568
0.000749338
46.869
281.136
0.00446424
380.738
51.3501
0.366336
236.006
72.6813
9.51515
47.0353
344.382
32.498
1.74208
159.485
146.9
283.97
8.66304
0.000749123
375.897
0.461394
573.656
0.00669397
1.00022
0.00649272
0.000750361
0.424669
0.000749221
33.0824
74.7816
325.041
66.5287
11.5007
338.062
79.3541
216.624
12.7865
0.000753172
1.25269
39.5124
392.925
41.1289
918.359
45.1459
0.000751082
10.0083
102.718
159.902
375.128
0.00100896
412.077
0.000759
288.385
68.8477
23.2198
0.000749329
181.96
0.000748951
414.056
72.5643
57.0541
47.4217
16.4279
99.2661
266.487
0.000749368
0.000851082
3.7065
286.14
0.000817838
0.0445273
0.000910048
0.000769181
0.000849888
180.03
37.1242
25.4876
0.000750169
0.0303071
114.075
8.63566
0.038224
98.9003
1.25893
312.516
0.0286831
0.0177664
0.306051
313.056
0.000756409
403.196
0.000748866
9.79958
0.000964178
2.4329
0.000749202
333.6
0.00100956
0.000756528
0.000756
0.000852068
0.000966033
0.00143742
0.000771152
9.85307
0.00157561
213.159
0.484797
0.00076365
0.000769462
60.3666
0.000781664
386.794
7.29688
0.00077446
259.936
265.73
0.000776724
1.42998
211.069
0.0485735
17.4531
4.69544
0.695147
317.848
341.452
287.931
882.13
66.0999
402.096
0.00497742
44.6866
317.81
0.51311
1.80311
0.000868098
15.0599
5.04796
0.00113867
320.119
350.965
19.8025
0.000749249
0.000750827
27.5375
0.000752119
37.1227
0.0124246
0.0102966
45.8081
14.7627
126.039
357.896
213.524
73.376
543.198
0.000911023
12.1568
37.0363
0.000750314
196.108
0.172861
0.000753072
68.0006
238.072
14.7732
369.316
0.000750622
1.09008
38.8232
0.000765748
14.1799
0.000779483
65.803
0.000754975
22.815
1134.45
957.278
0.286751
0.000748997
51.6374
0.216269
276.339
0.00560397
117.91
23.48
10.3414
3.51231
5.39737
348.861
85.1542
351.66
0.00508531
64.0751
5.58376
0.0369716
0.148777
322.439
47.2665
0.000768758
33.1928
0.000749053
0.00334434
55.6868
362.099
0.000896248
0.0064373
0.000757164
0.000877636
0.000822913
0.000761833
0.000931275
11.5496
584.187
47.2237
14.3096
40.4437
311.028
0.000749854
327.257
3.79163
83.8779
9.85395
204.53
0.000763455
0.298183
0.00074924
312.488
10.4714
0.0310803
0.000781906
0.000815451
0.250222
3.03403
6.92176
0.502643
6.94755
0.000760914
14.3468
0.000763447
220.759
43.9308
0.00076734
0.000828588
57.5706
0.000748856
0.00106133
307.955
0.00407747
300.785
0.000760853
316.36
0.000756612
0.00107844
0.318225
43.5976
7.14381
38.4214
55.3162
0.000768866
2.01172
35.4284
357.805
0.328239
0.000752037
0.559381
0.00074979
21.3053
196.31
0.0211924
90.7235
74.0713
7.83434
376.989
0.005233
0.026084
0.000748721
104.201
0.000750723
0.000892969
0.0427136
283.476
238.913
0.462529
0.000752837
0.000751407
66.2775
0.000751369
0.000750097
0.00207241
163.064
7.97005
181.613
11.0751
0.00269675
25.3664
249.601
0.00119411
86.7098
0.0107345
0.00074965
3.76046
24.6788
176.593
129.359
37.0933
0.0808122
0.000752755
0.00161903
67.2217
40.6861
404.769
0.000990434
24.2067
6.05963
0.474577
0.000874176
0.000775427
0.00696788
0.000875565
0.000763608
8.46805
303.912
22.3078
0.00074851
88.0208
0.00262765
0.00085407
138.794
5.22221
0.000750709
0.0251408
330.733
0.00103625
2.44194
0.000788946
0.000995996
18.8192
185.67
0.804815
0.00919476
0.000797292
0.399415
0.000757942
0.000751484
0.000757815
37.4183
8.31417
0.000749097
0.000757942
0.841534
66.4483
0.00120272
11.2254
335.346
323.632
3.38057
0.00359056
94.751
0.000814022
0.00079467
0.245276
2.41296
0.000829943
410.751
0.371419
0.0371984
116.889
0.0008526
0.000755687
10.3304
34.7984
0.000765535
290.912
271.103
5.64503
0.000752294
97.4655
38.0061
424.54
1.95639
8.39086
765.901
82.919
50.5815
95.734
0.00442648
0.000753733
304.002
65.7795
239.595
2.81293
188.479
47.935
0.000773214
120.872
52.5272
51.1505
342.263
50.3619
0.00124957
0.00102904
406.198
0.000749395
0.00944235
11.2609
561.225
0.00440906
145.489
628.172
6.91654
3.44939
117.037
102.248
0.00685274
0.000752805
167.018
0.000842888
16.0919
4.6067
336.257
308.61
0.000787345
0.000756705
0.00189096
392.87
0.000750256
7.94385
0.0151157
0.000748549
58.5962
0.000749265
0.000752131
3.42104
82.6462
22.4166
26.743
0.000754616
0.659835
0.659338
0.0034669
0.000962568
0.000749023
59.989
0.296082
162.703
0.000749276
0.178378
149.409
49.3004
0.00305807
0.000749165
0.000749065
36.4232
8.95242
0.0768482
0.000772301
0.000936832
0.000756242
4.78849
66.0338
23.2593
0.365959
10.4786
0.00271566
0.00190126
32.697
21.3016
174.809
163.678
71.3201
0.000754418
2.38776
54.9103
50.4143
0.00205715
73.7789
0.000750745
0.000753518
303.809
6.31323
354.932
0.000790607
334.518
47.9752
0.33696
0.000995124
349.588
138.06
139.101
0.00075047
0.000749475
0.000758386
0.00076819
96.5158
0.0230672
0.00074956
0.207528
78.7959
2.30759
338.514
363.113
50.4772
181.192
393.206
0.00092255
0.0152804
0.000975748
278.052
0.988077
17.3254
0.000835688
186.588
0.147633
0.000752256
0.00156148
0.000823178
46.7743
0.000761329
0.000749283
408.884
5.6068
36.9257
18.2428
0.000827423
87.7856
18.0087
0.000751868
80.9537
0.000761393
0.809672
291.517
0.00187306
77.2931
0.000750608
0.000750516
106.572
58.1795
0.23768
460.322
0.00186682
54.3154
7.66348
7.09477
0.000762312
0.00075555
42.599
0.000849135
113.436
0.447244
31.7227
0.204104
0.519055
6.23224
0.000762121
0.000756511
184.583
0.00080922
1.57495
42.607
0.000759688
0.000764504
0.000749597
13.1299
133.468
0.000749246
0.00244888
0.0340274
33.1445
10.5509
0.000759454
0.000803127
406.501
331.951
219.363
1.30534
0.000892785
0.00086096
62.1643
0.202056
57.2671
26.0489
0.000760142
0.000824989
6.7227
7.21351
0.0010746
193.783
0.00758925
8.34802
396.587
278.36
311.683
85.0412
0.00074936
0.000774424
36.7839
129.938
150.073
3.08678
0.000749303
0.000954493
0.197407
0.000753653
72.24
251.334
0.000749176
866.7
0.000749998
0.000774862
0.000757787
276.909
183.112
294.235
0.00108206
0.000758171
15.3728
0.00432042
0.405145
332.4
42.5106
99.2875
0.000752438
0.000759169
0.000768705
0.000749923
2.35825
313.63
0.000766987
142.233
18.0736
0.000770114
0.385039
0.000749295
2.1836
80.8924
323.954
0.00158176
6.0373
0.000749775
219.179
0.00128984
1.35663
135.182
0.000776415
190.353
1.84216
10.5221
8.73823
13.0127
74.5901
288.301
127.268
0.000829309
2.35968
140.814
0.000812134
48.8781
8.82697
189.414
201.757
0.000877514
73.9497
0.000966654
1.58014
0.000751325
0.000749777
241.074
0.000749408
81.1567
277.515
0.000749317
0.000881605
322.325
0.000749205
0.00157871
0.000749198
0.107866
414.508
115.217
0.324767
0.000751272
0.00289329
56.9878
2.3711
0.197841
185.049
133.988
0.193893
209.641
0.00414229
254.345
11.1514
0.000750327
397.562
0.0026219
72.7231
1.8512
1.79632
52.9773
0.271533
0.00118394
0.0978641
5.30431
327.611
0.00075592
1.22966
58.5001
0.00806844
69.4946
509.582
2.88001
1.83278
0.000760293
0.0114372
0.188175
0.000790531
71.6862
0.000749743
0.147501
80.9515
16.1396
50.5048
180.547
0.0260072
0.000757765
4.26197
0.000749262
288.019
7.205
94.2949
0.000749254
79.6984
54.1675
9.23954
105.087
0.000757271
0.17112
2.07552
274.167
4.54994
0.00075549
52.0847
1.24516
0.000750251
68.1872
389.938
0.000849295
23.7775
0.312396
118.184
3.0916
0.0699625
0.128998
0.0392177
326.289
67.5818
1.11774
1.89397
174.656
9.00393
1.66004
256.842
0.000753676
191.61
45.7139
0.435336
0.00079985
112.506
333.532
0.301178
279.034
0.000757478
393.028
23.9128
0.000752547
0.000749349
0.00194137
396.491
10.2784
0.000749919
301.997
121.351
154.328
51.9263
0.0952106
0.000749082
0.000749766
0.000749146
0.13277
10.4601
0.000998745
0.00074961
0.000769441
275.891
315.294
0.000807381
0.00654995
0.21106
5.55496
44.736
81.6198
41.7911
4.99479
254.235
22.1345
0.00154822
124.641
0.000752809
0.000763206
90.3546
382.821
0.000836708
62.856
0.000749507
0.00201482
370.147
0.000782479
851.708
0.0032854
47.7938
0.000756885
0.000749059
480.772
0.000750906
26.2182
29.9903
333.824
12.1691
110.642
0.0543713
0.000751751
0.0010452
403.845
156.648
71.7512
0.000767439
0.00336025
0.0820452
0.00300849
0.965272
0.000900639
5.72144
394.362
0.000846833
42.8292
0.000750803
186.321
0.000762885
0.000755257
206.485
100.867
117.828
0.00179727
0.000756428
0.000755133
0.00533532
13.6027
305.476
0.000800943
0.00300421
44.3819
107.509
6.01971
1.05138
0.000750906
42.5657
387.654
0.919091
1.03246
0.856702
0.000761573
131.67
283.937
21.8402
316.588
26.3361
0.00256167
0.000795738
404.344
0.000749492
323.645
0.000870812
102.464
11.3972
1.20002
272.9
316.815
48.9482
35.3263
293.751
0.000748864
114.139
128.302
0.00239802
0.000770787
1.12501
322.277
252.582
32.6372
245.131
0.000759088
0.000750391
406.86
1.73754
20.3627
0.117017
2.30372
0.000753454
0.000771075
0.000771526
0.210457
2.7275
46.7773
294.354
113.478
61.9486
9.20587
0.00251905
0.00356989
0.171375
0.56546
26.9457
0.00201662
1.61182
)
;

boundaryField
{
    frontAndBack
    {
        type            empty;
    }
    cylinder
    {
        type            epsilonWallFunction;
        value           nonuniform List<scalar> 
244
(
2505.43
2452.46
2380.08
2322.95
2279.82
2248.32
2224.81
2206.1
2189.58
2173.49
2156.47
2137.46
2116.02
2092.08
2065.36
2035.91
2004.01
1970.07
1934.33
1897.07
1858.76
1819.82
1780.58
1741.52
1702.98
1665.24
1628.53
1593.11
1559.21
1526.94
1496.42
1467.75
1440.98
1416.11
1393.19
1372.17
1353.01
1335.68
1320.2
1306.5
1294.47
1284.1
1275.32
1268.02
1262.21
1257.86
1254.86
1253.08
1252.54
1253.25
1255.11
1257.97
1261.95
1266.96
1272.94
1279.85
1287.74
1296.7
1306.59
1317.35
1329.01
1341.9
1356.06
1371.34
1387.82
1405.73
1425.51
1447.3
1470.44
1494.16
1518.74
1543.8
1569.57
1596.15
1623.52
1651.54
1680.36
1710.05
1740.58
1771.86
1804.07
1837.15
1871.16
1906.26
1942.37
1979.36
2017.36
2056.49
2096.8
2138.29
2181
2225.11
2270.59
2317.49
2365.96
2416.09
2467.87
2521.39
2576.84
2634.34
2693.88
2755.48
2819.42
2885.73
2954.35
3025.6
3099.5
3175.96
3254.97
3336.74
3421.45
3508.95
3599.02
3692.1
3787.93
3886.53
3987.69
4091.99
4199.88
4311.2
4425.67
4543.37
4665.64
4793.34
4925.66
5059.39
5199.14
5368.43
5537.6
5700.48
5867.26
6038.02
6213.34
6392.56
6576.34
6765.09
6958.15
7155.21
7356.67
7562.69
7772.58
7985.82
8202.35
8421.86
8643.91
8868.7
9095.77
9324.16
9553.48
9783.54
10014
10243.8
10472.8
10700.4
10925.5
11147.6
11366.3
11580.1
11787.9
11989.7
12184.5
12369.8
12544
12705.4
12842
12950.3
13032.6
13089.7
13120.5
13123.8
13099.8
13048.5
12967.8
12855.1
12710.2
12530.8
12314.2
12057.5
11759.2
11417.7
11028.2
10586.1
10088.4
9535.14
8922.39
8244.88
7500.41
6683.92
5463.84
4676.7
4371.17
4320.43
4386.34
4406.5
4332.96
4220.79
4083.83
3936.81
3790.38
3648.27
3513.58
3388.91
3275.92
3176.26
3090.92
3020.3
2964.56
2923.49
2896.49
2883.14
2883.06
2895.91
2920.96
2957.45
3004.33
3060.47
3124.59
3195.69
3270.35
3346
3420.68
3492.59
3559.88
3620.76
3674.25
3719.4
3755.12
3781.13
3796.63
3800.96
3793.24
3773.2
3740
3693.07
3631.44
3555.65
3465
3360.44
3243.69
3119.16
2992.44
2867.13
2743.31
2621.86
)
;
        Cmu             0.09;
        kappa           0.41;
        E               9.8;
    }
    domain_boundary
    {
        type            freestream;
        freestreamValue uniform 0.000765;
        value           nonuniform List<scalar> 
64
(
0.000750773
0.000748551
0.000748866
0.000765
0.000765
0.000748383
0.000748411
0.00074836
0.000765
0.000748443
0.000748406
0.000765
0.000765
0.000765
0.000748449
0.00074846
0.000748303
0.000765
0.000765
0.000765
0.000765
0.000765
0.000765
0.000765
0.000748449
0.000750377
0.000765
0.000748431
0.000748393
0.000765
0.000748313
0.000748313
0.000748314
0.000765
0.000748458
0.000765
0.000748297
0.000748313
0.000765
0.000765
0.000765
0.000749364
0.000753295
0.000765
0.000765
0.000748315
0.000748409
0.000748344
0.000748523
0.000765
0.000765
0.000765
0.000765
0.000765
0.000765
0.000765
0.000748453
0.000765
0.000748455
0.000756953
0.000748322
0.000748247
0.000765
0.000765
)
;
    }
}


// ************************************************************************* //
