/*--------------------------------*- C++ -*----------------------------------*\
| =========                 |                                                 |
| \\      /  F ield         | OpenFOAM: The Open Source CFD Toolbox           |
|  \\    /   O peration     | Version:  2.3.1                                 |
|   \\  /    A nd           | Web:      www.OpenFOAM.org                      |
|    \\/     M anipulation  |                                                 |
\*---------------------------------------------------------------------------*/
FoamFile
{
    version     2.0;
    format      ascii;
    class       volScalarField;
    location    "140";
    object      sigmaEq;
}
// * * * * * * * * * * * * * * * * * * * * * * * * * * * * * * * * * * * * * //

dimensions      [1 -1 -2 0 0 0 0];

internalField   nonuniform List<scalar> 
11800
(
73111.6
78429.6
49975
61434
74880.9
66118.3
75210.5
61911.7
79326.2
52032
73078.6
55702.8
16967.7
49651.4
63925.4
155895
73986.1
60613
87749.5
49185.8
63365.1
58616.1
148015
132989
124176
140836
52847.3
66625.8
63361
77255.8
68964.7
109031
121108
84211.6
82193.2
68326.5
79719.4
124021
77840.6
55086.4
56457.5
67023.6
71934.6
81292.2
71865.3
146719
133877
137783
77129
54643.9
56658.7
60077.8
85670.3
124305
156583
276355
49193.7
57368.4
61042
49296.6
241309
86502.9
54670.9
62322.8
123221
63842.3
56372.2
57501.7
52587.4
128366
85789.9
75644.9
72058.1
359291
235378
72634.2
108127
57160.2
75052.7
78316
165584
55976.2
72154.2
75863.5
58200
82239
73201.8
63349.7
58151.1
68151.3
80687.2
133139
76119.7
51315.5
53736.7
28927.5
3636.14
28308.1
82598.4
53079.5
62594.9
61326.9
123121
103654
82132.9
84143.7
60067.7
72769.2
200498
59278.2
72995.6
51647.7
71580.3
66821.1
47620.1
190728
56026.5
79683.2
182859
53750.6
80324.1
76370.9
60448.3
67087
74113.4
84419.7
81993.3
77753.8
73987.1
37896.6
350294
165992
67178.7
77456.9
59812.3
56548.5
51882.1
71524.9
74798
63094.3
55343.3
51592.1
90765
76241.2
60617.4
48416.6
57554.6
62406.3
60226.9
96702
77340.3
77409.7
79689.9
70962.3
63909.1
83935.9
69440.6
65890.6
88626.8
83526.2
225095
72633.3
106931
57709.4
62784.9
77870.2
65752.8
79917.9
278153
104191
71364.7
60419.4
75333.6
59587.7
62414.8
135459
138436
57534.1
49048.7
69908.6
64022.7
72296.1
64916.5
82855.2
56706.7
51400.8
88677.7
78160.4
61491.5
76305.1
72647.3
59940.6
74368.4
99377.5
47482.4
48766.8
340898
79901.4
54759.2
357517
70968.4
54845.7
58034.9
82642.5
82585.7
50607.4
54426
55693.2
56009.7
341915
102688
128093
483743
206273
410572
110664
74554.4
80228.2
63503.3
57638.3
77051
66966.4
71636.3
56631.9
85430.1
49501
238314
80665.9
59685.5
54037.5
76058.3
62572.6
73956.7
50211.2
51536.8
471814
232955
67203.3
72940.7
53201.6
65322
76709.4
69633.3
78902.5
64406.9
58002.8
84234.6
97950.9
68745.7
59056.9
56485.2
69394
81780.9
102160
47967.7
114402
400932
52558.6
54088.1
65054.3
65532.1
50648
59151.6
71589.3
64333.8
73134.6
82870.1
248864
65476.1
72107.1
82785
57489.6
40298.1
65423.3
360506
55376.1
56213.1
61945.7
65869.1
63676.7
67215.6
90970.9
89816.6
61314.7
63112.9
70187.2
69930.2
78837.3
82040.5
97264.3
134875
146371
182651
73357.9
58230.1
58600.2
124363
127038
56539.3
57519.8
59050.7
59325.2
77074.6
68150.6
58366
276048
78338.9
83356.1
59338.8
63062.1
52144.8
58742.1
50179.6
129531
422841
140749
52070.4
58629.4
62224.4
47562.4
53473.7
89768.7
87045.9
69146.5
73786.1
59743.5
64506.5
79912.3
63033.3
77523
82750.3
157462
63535.2
80084.4
297261
65603.4
79677.1
53061.4
55894.7
46722.3
50195.1
72280.8
72036.8
102802
109343
121954
216546
53265
83416.7
83582.3
65412.1
63424.9
67902.5
64125.4
66050.1
68156.3
50846.9
63770.4
77399.8
66061.7
82755.6
46270.7
51700.4
80094.1
62070.3
92323.2
76994.3
80000.3
67809.8
66757.7
64448.2
64535.2
96660.6
62894.1
74923
152785
66121.6
66971.4
150388
77861.9
79357.8
59805.9
59669.3
63658.5
67455.1
59745.7
60435.2
49507.6
49846.1
55740.3
51290.7
118059
70507.7
79866.5
89918.2
63295.5
64106.3
379694
81933.7
95804
66750.2
70274.6
209418
75114.2
100586
69246.7
137977
126581
117267
63204.4
15992.8
78370.6
434473
371142
93221.7
74515
60085.5
76945.3
50259.5
57962.4
59751
101559
255422
11575.9
53501.1
56717.6
313719
57714.8
59603.3
51672.1
83869.7
61741.7
76556.2
320574
98194.8
79709.3
65111.4
54429.9
48316
65135.5
103713
65793.5
58508.9
76334.7
150254
69779.2
231536
74759.3
79205
64706.1
54482.6
47917.8
148303
66114.1
77433.1
106308
72740.4
59306.5
64434.3
81279.8
66393
78432.7
45027.6
62862.9
61462.5
395617
53223.3
58098.6
53203.7
63671.3
53754.8
84871.2
50947.1
61219.1
76054.1
51895.2
61706.9
81646.7
87750.2
129151
80354.1
120730
112782
68374.6
62077
329680
76279.6
89411.5
75649.3
57987.9
272948
215831
51983.8
63041.4
82063.6
57834.5
75309.1
243723
178007
189740
317043
51818.1
54067.4
54979.7
72404.6
55282.1
64521.2
75088.6
56647.3
81708.5
79768.9
60278.9
53101.5
238259
68487.7
103429
243072
62588.7
67903.4
329905
175336
51394.3
60986.7
68833.1
63897
79894.7
62110
83610
78994.6
78822.4
85792.2
78852.4
66918.9
66296.4
53689.9
54709.9
46999
46167.9
58323.3
53720.7
75869.6
51521.6
279149
117122
67191
81972.9
150355
57526.9
79591.5
66784.4
54348.2
47573.3
67597.1
49900.8
87996
85510.2
102751
61028.4
73829.8
313903
52655.8
103502
61749.7
55967.4
60236.4
65632.1
76315.7
80447.5
63660.2
78817.3
244770
431874
59442.6
68230.8
55565
120612
62453
69102.9
72633.6
61767
53509.2
77317.6
54930.6
57171.3
70844.2
60828.8
55780.7
51847.2
52860.1
63053.6
79995
58215.2
48561.4
50006.8
58071.8
139455
136408
58701.3
284744
56731.1
76579.5
249020
49734.6
62229.7
55102.6
50128.6
61794
82026.5
127737
56603.7
53468.9
289564
76549.8
59463.9
90452.6
74240.2
96455.9
65579.3
148003
80357.5
76016.1
80438.6
65938
76177.4
67940.4
60202.3
285123
76532.5
70293.3
80413.2
224083
76511.9
319772
306222
233920
67653.3
73637.1
52092.4
239988
55253.3
66783.9
56551
136662
75475.2
51339
62906.6
81204.6
125697
58410
424298
193460
64678.5
91327.7
100058
64942.5
64991.5
80046.6
80780.8
186694
108164
58931.9
67842.6
82371.5
109003
74128.7
156874
85052
48388.8
47112.4
337934
58580.4
86432.7
68945.1
85335.4
65597.4
63889.8
80822.9
115269
127614
52835
71758.8
58671.5
83187.8
76319.9
162782
65165.4
66608.8
55501.3
56431.4
66398.4
46555.3
53307.7
57520.1
64586.3
80835.4
65353.6
67752.8
75182.6
55581.1
60473.1
70907.3
52353.5
60079.3
80880.2
52632.9
70182.4
60534.4
75128
284899
94792.5
78767.7
64685.2
77742.6
68229.8
63762.9
58607.4
74493.5
56380.4
52044.3
59088.1
59934.1
106715
62479.9
155489
244205
125718
78113.1
100390
64560.5
60250.9
109087
65953.7
17295.3
82969
391727
384120
55537.3
351624
71971.1
66426
73319.1
92370.7
61718.7
76817.1
122123
55356.3
66361.7
86222.1
118582
61763.4
68019.9
65716.3
69313.5
80449
76468.8
52993.7
148642
81117.7
84578.1
64236.2
78820
50386.9
55366.8
70499.1
127143
107735
49165.1
56661.3
54248.5
72207.8
65482.2
102849
65209.6
60577.7
83376.6
377202
76638.2
68421.4
55782.7
46773.6
71538.6
349924
64201
63293.9
278912
70281.9
91076.2
84773.3
378247
93770
64089.4
78633.9
212648
54487.7
57265.4
72499
61959.1
77569.8
52897.3
74768.9
58311.7
57538.6
154012
114421
77831.2
62257.1
56942.6
80795.3
61002.4
63686
67224.5
61755.4
82070.7
57500.3
43937.2
44399.2
60791.8
65267
95457.6
66893.5
61594.9
53789.1
62194.1
47509.6
136315
84581.3
80377.4
83224.9
68174.3
80797.4
213886
85509
59698.6
60547.8
66046.1
67033.1
83980.4
84025.5
59222.4
54744.6
73954.9
57022.1
52895.1
60063.9
65738
79888.8
59487.2
51255.7
85510.2
70213.9
59303.3
48651.5
52247.7
53832.4
60061.4
59733.6
82879.1
155364
74244.7
46069.4
70710.7
87301.4
62189
54170
86004
59335.6
53181.2
53379.5
59375.6
74116.5
79906.9
53703.3
62471.2
73898.9
75688.5
56059.3
55536.4
106951
67285.9
60427.3
130090
80692.3
70782.6
58451.6
49245.6
55973.9
75844.9
70776.6
57045.6
47143.8
66338
373842
64579.4
108546
205004
134904
130256
348834
60815.3
67723.3
50970.8
80429
57790.9
56107.2
62411.5
337761
68621.3
78273.7
60746.8
58288.7
60148.1
85038.7
60903.5
59009.6
58573.2
71911.6
50726.6
56172.6
94473.2
234568
341394
53747.7
79308
80365.8
67218.8
71383
50694.3
60622.6
409351
81840.8
61612.3
55041.6
77996.8
64855.1
76299.5
70911.9
69543.5
88647.9
60166
44963.1
44504.3
67058.7
74526.2
98759.4
68977.8
67728.4
55261.9
68265.4
49106.5
247138
251270
197348
56238.7
60933.3
239523
221577
61625.5
79693.3
76244.5
216683
253907
57430.9
59015.5
319645
209548
350933
355240
53981.3
59222.3
47678.3
58253.2
51399.6
119342
73131.1
58962.2
72160.2
61243.7
78028.7
55977
56730.4
243268
49875.4
61061.8
65804.4
61076
61569.8
188350
65162.7
65750.7
53473.3
51149.9
101556
55390.7
66845.4
247012
58700.6
49129.3
58186.8
75865.3
71641.1
55150.5
62465.5
122647
65091
60678.2
72904.1
76492.2
65190.4
61600.6
87159
89988.5
76388.7
69842.2
77253
67425.5
67937.2
49946.2
54269.6
38236.5
78316.5
79063.5
92407.3
96690.7
53666.3
56713.8
55738.5
50598.9
58344.9
60291.7
142186
201949
67223.2
342989
84261.1
67423
60997.3
66722.9
66625
78062.9
75241
81183.7
168848
55353.9
84294.5
66695.8
60771.5
77851.7
71403.6
71439.3
276006
146934
53342.9
78699.5
95550.9
73322.7
60580.1
51591.8
61306.2
73922.5
79147.2
66713.1
46814.9
151841
53712.8
136602
134230
110280
57820.8
58553.6
82048.3
75627.5
59948.3
81718.2
51904
72611.5
147722
58982.1
52039.5
59604.7
75794.7
81534.7
66232.3
69751.3
79105.7
80047.9
64199.5
62916.8
57788.4
59482.7
285507
78126.8
73279.3
80753.1
58039.6
91813.6
79015.4
60510.8
302977
62346.2
112236
75282.7
88187
64839.6
52986.9
54758
67239.3
65247
63527.5
62738.3
88856.3
66838.1
53863.5
47128.9
70475.2
105686
61725.7
224193
51504.6
51517.5
57555.3
72015.8
62916.7
83430.5
69313.8
159640
364928
58519.4
64664.8
53959.2
50863.5
54201
57499.8
72615
72455.2
59109.2
61562.1
74403.3
57364.2
56921.9
70948.8
59673.8
61135.5
66956
69981.8
51442.1
53548
124479
81242.1
60538.1
59931.7
59477.1
141999
141413
103595
357066
55425.4
57275.5
61615.6
76982.1
59551.8
79407.8
78852.4
94741.3
76631.1
166322
93920.7
81337.6
64218.7
47968.1
75609.5
299475
67567.8
65948.9
77275.9
61127.9
59404.3
54556.5
278138
203744
51115.3
58305.9
63297.6
102737
118759
55808.4
109637
45907.1
47244.9
57168.7
85798.1
86669
52548.8
430983
90768.3
63372.9
54188.5
73467.6
73467.4
59832.1
62202.5
69753.2
85097.3
306240
64921.1
110404
64199.3
164817
77167.9
63264.1
59161.2
86874.5
67553.9
61236
55625.2
51407
227562
49725.2
48502.2
57602.4
242221
231203
74887.6
68672.3
80889.8
66980.5
59473
250662
55370.7
60875.4
396479
423906
225730
102802
128951
117353
79128.1
62878.9
68907.8
52942.5
47917.5
50542.9
106099
68711.7
89535.6
54523.8
54040.9
61885.2
277983
310170
66286.7
84559.5
89580
381919
67336.9
65067.9
54455.3
53796.8
375793
388647
84869.8
110321
67878.6
55131.6
104488
65354.5
63682.6
105692
72737.2
82121.1
299419
80721.7
68093.3
73412.1
66190.9
74019.8
70421.4
62223
53502.2
83991.3
393636
107540
95114
54934
355519
112754
104951
53914.3
85396.1
68029
161573
56038.8
49040.3
75601.3
59656.9
55082.4
87382.7
52033.4
80846.1
80740
128101
370088
62528.5
57962.5
85534.7
258520
343565
127623
120808
63023.1
55997.4
46156.8
76758
63443.2
72150.1
61059.5
51506.8
336132
69300.7
60884.5
65401.1
59485.9
56959.3
79078.8
55933.4
80380.7
77005.5
111729
212195
64671.9
74331.2
61900.1
53565.8
73621.7
254433
62821.8
61387.5
50862.9
47758.3
119777
229565
125131
77102
214109
76987.7
52329
63137.9
58173.4
75662.4
73579.9
107726
71999.8
470979
154254
79164.5
196513
474497
413261
113319
83141.1
131528
53145.7
51070.6
79921.2
87739.7
75556.5
59441.5
74942
57910.4
161836
169501
74508.4
243524
68628.2
56590.2
78349.1
83210.4
51952.2
58607.1
60689.7
53691.7
58653.7
176436
90527.7
74514.8
58435.7
45539
64313.7
73023.4
83472.7
11310.6
66748.5
184016
59398.5
54230.1
41411.3
48657.4
59146.3
55994.2
59176.8
81985.8
59362.4
67174.7
351383
166071
83961.1
74877
102206
105795
61790.5
69969.8
91655.8
57400.6
83266.1
87732.6
72507.2
55407.2
75063.5
275646
66014.7
77225.2
63695.7
78465.2
470559
84571
344502
309623
60506.9
111149
71618.8
293430
64045
73871.5
196961
393029
67363.9
51290.4
71513.8
113374
73636.5
64432.8
68798
58075.4
48780.8
58503.3
83623
50197.3
48983.5
54999
49304.4
56762.2
57203.9
47310.4
73071.5
222047
51728.1
98551.1
208326
177183
310460
49236.4
57871.5
72700.2
64041.3
72690.1
79257.5
99441.2
326297
80689.3
61252.8
67086.5
58535.4
47326.7
82175.4
69267.1
58689.3
48652.9
138505
59148.2
314902
41915.1
61439.6
86124.8
343200
141426
58997.2
54191
360024
53446.1
53882.1
67552.9
52217.5
71456.3
49671.4
46916.7
72332.7
109420
58876.9
59273.5
397091
296923
359072
68241.5
58209
75739.6
98525.2
63268
233413
400452
65291.2
68164.6
76669
75053.4
59893.4
57412.2
59855.2
59830
216167
332814
61805.7
78414.4
72055.4
169539
85190.5
210758
131727
62259.2
121979
51806.2
70931.8
291184
82349.4
58271.3
77066.4
82757.6
256977
51824.7
73817.9
107626
56323.6
65650.3
61004.6
81489.5
54521.1
99308.1
208351
316338
63578
58721.4
55644.5
70843.8
72407.2
257192
72724.4
148818
74629.5
80434.6
62276.4
62530.9
185177
56512.4
92836
315314
57830.2
80583.9
58605.6
74989.5
84032.6
394973
188605
66290.3
54634.3
79540.1
56354.1
101457
72968.8
60150.8
69316.2
67395.1
69538.8
56216.9
48402.7
114608
60544.5
66710.4
286941
58212.3
309197
103335
58738.6
257593
489592
339713
60893.8
155675
103376
60017.7
72465.5
72198.5
102393
332433
73170.1
73266.9
264733
189026
349828
49425.6
43456.6
56060.4
57313.6
73361.2
58060.8
85545.6
51518.1
57913.3
62221.5
79804.6
62740.3
71484.6
99065.6
346884
73659.9
89275.6
78060.8
58953
53677
52702.1
95898.6
282606
373249
55893.7
62906.9
281210
311769
93746
185353
149133
128633
63671.9
61290.8
61661.9
143789
146083
161268
54621.3
77508.5
82486.5
66515
77595.4
206604
58316.9
114404
58157.9
54843.3
80335.8
62481
81279.9
69223.2
84686.3
7912.94
2305.69
82725.2
438801
61840.8
51331.9
81988.7
76435.7
83522.8
53228.2
63222
74384.6
84303.2
56036.8
71657.2
73873.3
83486.2
62733.5
50759.2
59973.1
377167
373424
71258.2
87097.9
71843.9
65351.7
128749
99780
345799
63045.4
57270.8
80467.4
51741.8
72439.4
67980.9
83607.5
84485.6
90628.8
64550.1
67385
53107.2
56745.4
161823
71449.7
52748.6
54012.5
80681.9
68460.6
348752
47833.4
282512
220508
134492
139884
78381.3
71990.9
80495.7
69294.4
61017.8
78482.9
126455
152749
81504.8
364375
84630.3
83608.9
65391.9
182960
64531.8
61911.3
138755
56735
68309.1
64428.5
64221.4
67899.8
67786.8
92617.9
67351.5
53016.3
47386
65567.9
103742
66312.8
76707.5
61134.2
60453
55780.1
58210
317720
75312.6
55338.8
54331.7
66166.4
69247.4
236731
57904
51819.8
54698
63347.8
57394.9
62160.3
58891.7
60646.1
68839.9
78270
79272.4
417911
82458.7
76781.8
352764
61874
55134.3
101322
137790
206339
75930.5
78140.6
63211.8
57925.6
72622.2
65930.4
211990
60551.2
66024.4
77496.1
76291.4
80800.9
69517.1
113067
73001.8
57854.7
71251.1
47092.8
62301.2
80917.3
79437.7
68405.7
68719
57422.5
48491.2
54081.9
61762
58440.6
152659
82276.6
81391.5
163130
199097
119762
457862
61973.3
68703.8
134191
427342
59612.1
61157.2
353229
129458
115895
62505.9
274794
76839.7
344645
56649.4
81308.7
52968.3
55859.2
60166.9
76556.4
65130.5
74840.2
156573
61316.8
60873.4
75048.9
59772.1
82864
53311.6
92082.9
102611
109152
352400
55742.9
83902.5
341022
80730.9
69868.8
65596.9
71531.2
70911.1
262376
202829
108126
113540
103492
198186
60432.9
59985.7
81505.3
78411
134305
296337
362009
228835
427541
75382.1
76451.5
51253.5
55011.7
47896.3
67797.5
63776
68206.4
219957
60981.8
58893
50220.9
64228.1
96278.9
154718
86800.5
56995
92131.6
75953.7
61412.7
305364
56596.5
70344.9
78823.8
67585.8
57736.4
69534.6
181553
151747
165288
97099.6
104640
51629.8
113133
58115.6
66789.8
104970
55690
458363
62799.4
370591
93151.3
107888
54219.9
109870
122475
73438
64624.8
64458
410882
61643.3
50365.1
69386.4
53986.5
65202.5
112280
48846.3
302301
68450.5
61186.3
86070.4
68758.3
70509.3
55236.4
55754.9
56878.3
47493.4
50170.5
51208.2
64920.2
53447.5
57021.7
97438.2
9139.01
79119.5
69821.7
66574
67216.1
70885.9
69246.2
96835.9
72409
55882.7
49401.1
71751.3
96973.2
60741.4
77384
55990.9
68805
84671.3
50451.3
48821.8
53993.8
65026.7
59074.1
142800
61677.4
56325.9
149799
199946
70464
78450.2
72475.2
64983.6
59506.5
154164
54105.1
51573.1
57042.2
166860
57489.3
79368.5
154469
61026.8
74008.9
60303.1
52096.3
69382.2
92730.5
85477.3
84847.1
95534.4
174290
346547
409490
61026.4
63445.6
114831
106226
159735
83172.5
190531
148546
400063
431923
319372
63471.8
73788.8
56444.3
202975
79637.5
70943
147307
68391.5
81239.1
165720
169961
75116.3
119825
351035
222580
186542
192752
428644
263181
153792
204862
74742.6
70609.9
109547
206050
132041
65260.3
60951.2
70632.2
67808.4
83389.8
80809.3
61183.1
55859.8
144572
100583
66078.9
56368.7
122551
78763
92438.9
108442
453084
60469.1
56952.9
129685
51935.2
93808.5
64935.3
81156.3
369149
2894.76
29364.2
28669
5957.79
57155.1
144087
50654.9
58390.8
72271.4
74341.3
181581
99393.6
75111.9
285046
278922
54775.1
103198
63140.2
107442
117741
66774.1
296907
61041.3
72831
66818.2
66402.5
86314.2
63513.2
46790.9
45201.6
65686
72061.8
99672.9
71342.6
63959.3
55980.4
65870.7
49429.7
57587.7
67645.9
82747
53853.2
46479.8
56017
48026.1
49907.1
71498.3
72836.8
52748.8
72778.5
60771.4
86098.9
115171
121112
60461.7
56780.7
57159.7
60232
125421
55734.1
61330.2
310270
142915
48855.2
40614.3
61794.6
80029.1
70671.6
50228.8
59983.4
80889.5
134359
104826
53079.8
58263.8
79711.1
70399.7
201435
76929.7
79281.9
81385.4
71917.8
102298
84489.8
119019
58098.8
48704.5
103459
54440.4
101940
66181.2
62120.3
403763
303153
55609.3
63549.2
51190.7
49572.9
220867
102866
82528.8
81202.3
58187.6
67170.6
61378.5
64398
383976
64272.1
83726.6
67030.8
60373.7
69200.5
73130.2
76289.6
56617.5
65416.1
392701
69015.2
82087.6
131439
128425
56499.7
71894.3
61027
79070.5
155160
213471
58174.4
59663.1
275061
140995
65835.1
58978.8
75532.3
58294.8
54105.2
55441.1
57695.9
107692
59666.8
47014.9
67436.6
54525.9
68243.8
67374
86618.8
345084
293267
80538.4
47441.9
53902.3
63012.5
77703.1
65856.8
189546
49292.3
52045.6
91329.6
87166.5
58835.3
63446.4
81460.2
76680.9
61299.7
58773
59246.1
51809
114204
331680
394727
165508
68195.1
46943.7
51206.7
60915.2
104890
173458
72684.5
212986
116556
60806.3
51447.9
68693.4
69399.8
61381.2
65221.5
69509.3
49658
76625.6
62377.9
50680.9
61991
77214.6
60193.4
58067.5
55636.7
57078.4
65545.9
63137.7
44055.8
50383
42364.4
49111.4
60276.9
68764
82766.4
74016.9
78535
60641.3
232977
52125.8
78291.2
53875.8
65391.3
48275.7
48680.9
76129.1
70848.2
88726.8
70491.8
67150.8
57671.5
63922.9
59036.1
114811
62636.1
69543
114110
117292
59463.4
57159.6
49339.6
72584.1
65582.5
69881.8
238264
55103.1
59895.9
202662
60267
60081.8
46817.6
81065.8
73132.3
60839.1
51945.2
147830
56051.3
102578
62493.8
54210.2
71209.2
57868.3
71419.1
164486
211801
76855.8
88844.2
62054.4
198569
308673
238152
60055.3
69169.9
82137.1
52560.2
49909.8
54465.9
56451
68674.1
85962.7
59788.1
48134.9
52368.2
90281.6
78370.4
62406.1
375660
62506.6
117179
60254
63045.1
54000.9
66489.5
79065
330718
45920.3
56565.2
69412.7
74596
70555.6
6567.54
2192.78
68921.6
119782
63979.8
82632.9
68383.2
120931
62290.2
64936.6
65631.3
101248
72953.2
77331.2
71069.8
59425.2
87811.2
58339.6
61584.6
65486.6
68963.6
59226.3
73919.8
338231
134147
71176.6
82671.8
68414.8
451040
188339
92051.2
57980.9
53713
60979.4
54665.5
61228.9
41638.5
48997.8
213060
154523
76248
215331
409260
206062
190784
173709
81422.7
303764
56555.2
68623.9
59724.6
84989.4
53369.1
74178.1
67174.1
96815.6
81633.8
47624.3
75267.9
167190
52355.4
64644.1
86104.1
120994
63958.7
67056.3
66592.1
67176.9
46190.7
73622.2
122082
4439.81
48789.1
47653.6
2461.53
83439.9
65492.9
63841.2
72928.4
54426.8
59183.6
84723.6
114136
329563
54979.7
58141.7
62070.7
55025.3
230496
238189
41395.7
111510
87942.8
83856.3
60844.3
56339
122492
251835
54333.7
57807.8
81837.3
210810
83352.1
55062.7
74483.8
64107
47044.4
59490
58567.3
156186
152615
58345.1
56502.6
136194
127430
106781
66673.8
56308.3
54784.4
84260.7
53645
52500.2
62055.6
111459
51532.7
62624.5
49596.9
58891.3
54247
60282.9
55171.6
107232
48778.7
60446
51457
63156.6
74960.2
112100
55206.9
57975.6
55479.7
64242.2
51208.4
64285.8
54883
65456.2
121125
442605
58505.9
60485
97486.6
99824.4
54819.4
79319.3
45240.7
4310.63
44183.6
3884.71
73163.4
67680.7
54875.5
47637.8
73284.5
66157.7
56412
278981
57028
78155.7
130587
270941
67102.7
85165.8
64638
356850
353214
319300
58473.4
133304
130877
53356.7
58702
106926
62783.4
53751.9
72213.1
71700
64053.1
442702
127674
354229
64483.1
78500.4
85317.9
57771.1
68200
340876
63929.9
176933
70310.9
127557
313514
52119.2
86939.5
77659.5
97186.7
88053.6
69090.2
59950.4
49102.8
61420.9
73403.3
74337
52532.8
56871.8
68154.2
71603
86545.9
68909.9
62386.5
263103
356947
400582
50817
58055.5
71392.8
75443.8
57144.5
48910
56742.4
352559
401341
195823
350914
12499.8
334189
244855
52693.7
48639.9
65655.4
53878
100581
168634
124718
54403.4
266889
62114
87407.5
68652.6
92272.5
64434.5
63653.9
68287.8
79226.6
83449.3
69333.5
72455.1
51466.6
56108.5
63735.8
60713.8
75425.8
79138
91479.8
99340
76807.4
79112.9
52535.5
66993.8
77250.9
51854.8
252979
272859
78624.2
94829.2
153037
66790.3
117065
65270.2
78853.9
277205
56188.5
64946
61563.3
143463
395207
192900
46252.7
365864
77416
63348.8
70466.4
154774
63719.9
194497
224169
54885
87829.3
79238.7
84804.7
59136.4
384088
55033.5
53783.2
62101.6
78132.1
101357
54811.5
65761.9
155944
57014.5
195715
70674
124384
54563.7
55994.8
153746
56040
60186.4
63638.2
88171.6
58740.7
120168
61944.2
53548.1
46674.1
50004.1
109456
72027.3
51877.5
60320.5
59464.3
59729.7
364842
90773.9
296652
54890.5
81917.1
60572.6
1594.1
12205.5
123022
44990
279241
60571.2
78487.9
64706.6
72192.2
56641.8
148488
62893.2
102861
62931.6
50647.2
163480
74958.5
52978.9
48952.7
64109.2
52917.1
46065.4
69876.8
60253.1
139822
61209.2
81115.6
59149.7
272858
62924.6
65215.5
58686.7
66153.9
133852
371115
120872
142836
353322
99236.3
150792
337830
159063
224746
106060
201746
68193.3
173867
48944.7
53300
75764.6
2799.91
29172.3
28476
4901.83
63951
309629
53567.2
137360
147279
54268.3
53033.9
50227.6
58256.4
54656.4
77924
73220.6
59733.2
57129.2
61851.3
60555.3
67474.1
71699
79913
65995
59028
49578.1
73925.7
60127.1
71497.4
66350.9
65723.6
76680.3
67355
62869.9
71853.2
60560.9
334462
177063
63041
57927.2
48075.5
76980.4
84937.4
210497
203455
144896
90080.8
87842.7
307542
165769
84517.8
51773.9
70125.8
58534
74381.5
74797.9
62674.2
50812.7
115651
440315
229006
88506.1
63363.5
65629.4
67940
73884.5
54681.4
63132.1
82982
86764.6
53379.4
55449.4
56816.9
72354.2
335414
311812
55388
113548
56150.1
83170.6
80211.3
64647.1
129571
301162
55615.3
55198.2
54455.9
47501.7
81323.1
50785.4
85657.4
74037.1
60117.9
57550
464733
357748
58184.2
66641.2
67609.4
63841.1
60427.2
69232.1
97178.8
47247.7
50889.8
184467
73101.8
56788.6
64114.3
79727.8
62451.6
291825
64198.3
157285
60618.8
318898
53152.2
60094.7
48538.5
453443
71152.8
53666.7
73256.6
48953.3
66350.4
65288.1
105119
56206.9
49401.4
58126.9
55092.3
74781.4
61554.2
106443
65563.7
63111.1
66396.3
59841.5
54976.4
63118.9
57801.1
55135.1
63000.3
76142.6
149375
132419
352602
345182
383932
125496
218392
192150
84564.8
58811.7
61368.4
224221
209659
67741.1
334495
164645
13084.2
54617.1
60616.4
36777.8
265606
105786
78312
43585.7
367078
317034
80399.1
57858.7
61189.9
106522
100758
64989.1
67766.1
62139.8
70338.9
69443.4
72156.8
74061
73469.7
49667.7
445858
206175
298347
350420
109537
63273.2
114202
47702.2
53413.6
63992.1
67136.2
280208
58731.4
175476
355558
112526
64602.5
351942
59095.8
62843
66538.6
72297.2
93919.4
91998.8
92320.6
77002.4
61307.6
75097.3
71579
83351.4
65237.2
54977.1
70280.5
435192
82553.3
59263.1
65058
52901.4
57711.4
55997.6
75206.8
56763.5
103565
61431.6
66723.6
46253
50005.1
94600.7
58090.5
68137.2
64246.3
64307.3
76079.1
86078.8
76854.4
60333.1
67915.8
49613.9
58901.9
192497
52962.1
47359.7
281640
83497.5
62675
77437.9
78531.9
79806
67436.3
70292.4
369483
84594.1
72819.4
82287.6
82795
77404.9
70608.5
117673
76189.7
81048.5
174529
243460
55484.1
52285.8
56355.7
81729.8
120952
341842
308867
229033
84410.4
51093.6
178129
83446.4
81169.6
406961
108492
228304
47050.6
132612
55276.9
86148.8
76809.1
236381
95728.5
63558.1
65954.8
69779.8
83365.4
59778
38586.9
49115.6
350311
59941.9
51359.3
145955
57854
64217.5
73712.4
91934.9
66355.1
73288
88357.6
54480.1
58096.9
5701.45
56749.3
3961.2
86762.9
172965
63960.1
63533.6
66572.4
52936.7
46268.3
65462.6
266205
182606
57937.7
133471
57335.8
62104.7
37321.6
3527.68
36444.3
3786.97
177244
151439
49287.8
68386.6
61904.7
67323.3
376314
56890.8
67329.3
47212.2
52530.4
77512.8
7767.72
209054
59297.8
256770
65549.3
62311.7
82244.9
59470.6
66895.8
56294.8
86129.9
76600.5
62663.2
72148.2
76567.7
92673.6
95069.4
63939.3
61417.5
66547.9
68244.3
89972.1
67577.4
69852.5
77707.3
109801
2745.94
10235.6
107259
52959.5
57198.2
54836.7
50069.2
64218.3
347647
401948
57589.1
78202.5
64166.7
71421.1
50502.3
5034.39
49332.2
4407.03
92666.7
62176.1
59275
375803
374474
178363
318689
56933.5
51746.5
58063.8
57825.5
337707
68840.4
77639.7
54852
56119.4
74391.2
60876
55513.4
51644.9
182076
198933
55715.3
40986.3
62767.3
70137.5
81414.4
91393.1
55391.7
64653.2
334441
68259.7
84282.8
87571.5
58788.9
57788.5
64541.7
52696.5
59223.7
55215.4
66348.1
54053.5
145495
62484.8
94205.9
35705.5
54108.4
57815.3
55408.4
110749
125060
82318.2
103668
61894.2
127507
1648.01
21313.2
6261.23
20940
58093.1
68346.2
71960.6
370273
6795.53
367326
95917.2
8943.95
2902.44
93698.6
55231.4
30938.1
3439.66
30230.4
61708.4
121632
55043.1
379810
304008
12576.3
48520.5
67672.4
60746.6
85937.2
57784.1
61971.2
122372
181933
48377.2
56612.9
55906.8
65156.2
59766.6
58224.1
61144.5
61670.7
316371
65380.1
65102.8
60252.2
61731.8
236419
83084.4
55269.1
196469
271936
167951
57108.1
55964
65522.7
79056.7
63410.9
83203.8
63279.5
51685
79132.9
56993.9
208756
264078
47217
50683.1
59260.2
69072.1
112159
65598.7
60508.7
81566.3
88863.5
150494
67791.7
58995.4
277880
253094
62943.3
65264.5
48450.3
68625.7
56098.3
71001.6
72521.5
55331.4
49387.4
236717
114173
52918.3
38863.6
15590.9
67314.2
70777.2
49332.8
68449.4
57917.3
74234.2
355774
364142
83632.8
62528.5
50914
45991.2
286810
69713.7
84176.4
99030.8
369247
351905
49174.2
82407.7
72744.1
61908.1
60124
50706.1
71984.9
61073.1
79478.1
74162.2
49949
359024
80743.4
59299.8
59997.5
131876
95138.2
92811.3
74084.1
70449.7
62240.1
65430.6
94266.1
49619.2
59474.5
61076.4
79341.6
48516.9
52761.2
286119
133080
51575.8
74140
202645
422793
69595.2
51441.9
66421.5
47079.4
49887.4
104683
80220.6
68597.1
108144
75400.1
96132.8
68055.3
59438.9
67471.4
166551
61081.6
65319.9
84826.1
61052.8
59817.1
61732.9
72688
44648.9
52029.3
76197.4
72005.7
82568.6
78372.1
74655.2
56192.7
58801.5
82591.6
59094.7
83994.6
52198.8
55886.9
364476
326124
283714
65257.5
81625.2
74650
64311.3
54666.4
66372.6
80977.8
40237.6
225625
59885.4
56154.3
57054
57581.3
129300
363044
57448.8
57274.4
53932.6
65564
321675
55103.6
88596.8
59862
57177.3
60138.1
53495.5
71300.6
58139.6
77000.3
240412
79151.4
29174
3510.78
28503.6
234893
165842
256052
333962
320612
87179.8
366812
170309
3175.99
23238.4
67841
82959.9
59999.7
64828.4
79535.9
114217
63742
120581
59415
63060.4
68605.8
58012.3
50519.1
70587.7
80938.4
62472.1
52540.4
186421
23770.6
232435
115562
41015.7
96215.4
54089.1
62478
58593.6
60046.9
51181.2
50468.2
103585
56876.5
116169
122346
51843.7
83188.6
54744.8
203093
70058.2
67776.9
78818.1
61928.7
78864.5
327404
63733.6
78609.6
103306
248781
113954
49236.4
63516.7
60890.9
70615.7
51844.9
64866.1
72939.1
74460.2
1866.49
14907.3
71114.4
63069.6
64906.7
86737.6
52105.8
63787
64985.2
66090.6
99243.3
70137
65151.4
59114.2
98528.9
55103.1
50000
93649.4
79513
72577.7
64599
92725
64598.8
80596.6
47310.3
72749.3
98788.6
64122.9
56729.6
56423.5
67070
74912.1
55616.3
49426.1
82344.7
72374.3
50002.4
116419
69029.5
65721.6
69584.5
66947
83520.8
77979.6
50672
56792.1
129925
60640.8
57354.5
100402
49715.8
52591.7
67595.2
60327.8
56488.7
74011.9
91585.3
76275
64470.7
47532.6
47548.7
69194.4
73962
53396.4
44513.8
162592
144381
73238
87947.3
325138
82453.8
81243.9
59077
59944.9
75416.1
73677.7
60915.8
50923.9
56329.3
49394.7
103435
72435.2
65028.7
71821.4
219024
70920.5
59056.3
74926.9
60446.3
53486.6
54676.3
61224.3
62040.1
254068
202740
57098.5
64007.7
82621.7
114336
111202
67656.1
61926.2
56695.8
85068.8
57742.6
70738.9
347285
58103
50658.7
60294.7
54873.2
56872
18304.1
47622.8
55838.6
76323.2
59535.6
75892
55752.3
63270.2
81239.8
345667
59158.6
97266.4
57582.5
270023
54687.5
53978.9
59499.2
69293.8
102696
65557.8
73738.7
63438.2
57009.3
57283.5
99269.7
53859.5
36127.2
40951
102750
68424.3
82205.6
60623.3
69948.5
57797.2
69861.6
76767.8
53255.5
62374.6
48392.4
47406.8
255263
58392.1
449922
49986.4
122086
244365
80142.2
75816.8
191606
54943
54411.4
191012
80982.3
63618.3
61430.3
51030.4
78296.1
76826.7
109338
49751.6
140093
133544
45735.8
67061.6
61020.6
61961.1
62995.5
66422.2
67661.2
63457.7
63376.8
92089.6
69976.3
91878
46354.2
51863.7
47539.7
53056.8
178751
147316
63100.5
341990
79972.7
81164.2
104304
330936
78182.3
58475.3
60890.6
74859.6
69121.8
86800
88543.2
60379.8
216790
69133
63376.3
78668.9
78533.3
108527
78165.7
103285
103294
145423
60941.3
74669.9
75616.3
63947.2
82288.9
66556.4
53958.7
49115.7
399648
99569.8
72126
60355.5
59014.6
67425.9
58932.4
54027.1
159116
54048.6
78933.3
82897.3
84758.5
43358.2
357396
56771.7
53875.2
100653
64272.2
80499
308774
160155
143086
62176.3
84722.9
282916
93089.5
98526.6
59341.6
121192
111608
46664.9
52361.1
224195
166682
208033
178798
242722
118674
53734.6
56153.9
45026.8
48529.6
225031
60692.2
76516.8
74586.9
76168.1
73350.8
65845.9
48459.6
49220
64667.8
89471.1
8372.49
1158.2
87408.6
83213.5
50511.2
167475
55966.9
61089.8
57163.1
61250.6
61251.6
61786.8
63156.5
74519.9
75473.6
59185
77451.6
54109.2
58303.2
62680.6
52203.5
253683
207399
54799.9
51527.4
56208.4
317686
57751.4
65494.9
64945.6
90409.7
65119.8
123348
69564.5
61838.2
49574.7
53354.9
75296.5
113134
64472.3
59327.2
63044.3
66087
75109.2
127574
57014.7
199282
194686
293327
72664.9
101570
130473
76084.5
68499.6
47330.9
56508.5
207409
62679.4
60782.8
114999
125072
287901
48959.9
60425
73260
68805
73696.7
59662.1
94089.5
114054
94257.6
78620.6
82980.3
77173.4
206002
60935.5
58877.9
132430
128028
63789.2
63444.5
61274
58371.9
80121.2
81215.3
135469
152000
50184.1
56983.2
73624.7
99686.6
70761.8
68310
69865.2
69960.3
111287
84026.2
66158
60711
70854.2
68757.3
66458.8
60039.1
68086.7
74999.1
114963
330396
55896.7
79721.4
61993.1
90912.3
67931.3
59482
48627.6
54811.7
63000.9
56231.4
459086
61874.8
72879.9
99723.8
304059
245857
59603.5
59601.8
84920.4
39430.5
63107
241099
112130
268761
67866.9
68068
136649
264338
77058.8
47910.1
59764.9
45887.5
340719
75213.2
65931
60140.9
115855
82258.7
63260
98647.8
95527.6
121161
49709.1
55446.4
69981.7
49565.5
68715.4
57370.3
92759.7
90525.1
317063
243434
110928
66993.7
309248
59939.9
67493.3
72036.1
64923.8
67891.8
86668.1
89000.3
63184.9
70390.8
72749.5
59510.9
50928.1
46048.8
59347.7
187011
195412
167629
81989.6
80316.9
158779
70359
67242.1
59170
53967.9
350432
57297.6
54289.6
60510
62059.4
70898.2
82434.7
88221.3
73239.6
56840.6
54861.6
372998
309303
64808.9
62399.3
50958.2
76010.5
70932.1
64998.3
57917.9
63855.5
79264.2
64066.1
79069.3
83532.3
74273.2
349816
38240.9
191898
60463.4
70990.8
52041.3
83604.1
75642.1
76446.7
252162
65594.3
462885
57102.2
59326.2
180715
59437.2
69546.7
50888.3
72428
67578
291714
70612.1
57267.6
82520
66634.4
93530.4
56912.2
430991
59686.2
51567.7
72188.5
63432
69071.6
84179.4
323619
356332
164414
128230
86225.1
51807.6
63006
60162.1
78928.2
323162
70600.5
92489.9
59041.2
220064
194355
105512
79356.2
59081.7
67120.5
207845
66103.1
81702.6
95228.5
300617
63255.3
80325.1
71431.4
61623.8
56765.1
64966.3
92787.6
60656.3
53644
58829.1
62519
47498.7
41843.2
75267.6
49563.7
53000
66915.2
57983.7
1607.52
14689.1
78442
298556
362342
79107.5
75030.5
103766
57547.6
51427.8
61908.1
70765.3
81000.5
63270.3
72165
75180.8
55263.3
114439
51238.2
57772.7
322298
58332.4
63660.2
61861.3
69183.5
279038
57860.5
310853
54953.5
58498.2
52768.2
77816.1
65777.3
98866.6
152122
58270.3
57323.4
49161.9
68359.3
63379.4
69598.8
66889.6
63177.2
14449.6
59832.1
143697
56388.1
73863.6
132772
72036
167248
69992
120873
55991
61385.9
90460.8
57619.1
190605
80082.3
60128.2
123220
157293
153726
85948.4
70284.2
62878.4
232178
65347.1
155659
152227
85155.5
51577
60158.9
61609.3
56314.3
64228
65345.1
59626.2
77145.6
59142.8
65188.2
86400.7
67856.6
56985.8
47330.6
85497.2
69044
57067.3
49295.4
62780.9
79419.5
103403
105160
76892.9
62305.1
62060.6
155915
148517
215111
385015
291306
94819.5
78178.1
63062.7
57272.6
60069
63565.5
66654.5
85020.6
64197.4
112195
274563
109811
83154.2
73818.7
78477.3
61137.1
67357.8
56132.1
61517.8
59017.4
59318.4
61184.8
374326
123978
49800.2
50831.7
55131.9
287963
150303
185868
57040.2
70024.2
76838.4
64204
74099.7
91694.6
77724.4
474165
180453
336575
215017
173668
54673.8
45935.6
62738.4
56087.4
57177.8
117838
84451.1
73964.8
38497.1
71615.4
64180.9
62548.7
62830.6
53121.7
53653.8
123377
59537
55741.2
59216.2
237397
80088.4
93317.2
62100.7
51928.4
49011.4
48536.4
60786.5
56349
54676
390863
331300
256518
78741.2
80801.9
58798
58265.6
46803.6
62025.3
64459.4
48578.6
44646.4
43809.1
57150.5
61767.4
274687
64006.5
61679.6
77091
59486.6
74159
357943
84851.4
81960.8
80264.1
74259.2
78632.6
48173.4
55020.1
52484
67849
62387
60271.4
56423
79140.8
74706
78067.4
71129.7
233723
64713.2
168935
83442.3
76180.5
423451
80853.5
279023
342098
265122
76111.1
83058.8
68643.1
46741.9
47396.5
59709.6
53848.5
51454.1
51742.6
70952.1
70661.7
67397
60319.4
61078.3
69695.6
68766.8
61134.8
135468
135688
255851
146864
287824
179006
74006.8
82466.5
81403.1
80467
58088.6
51985.8
64980.1
55090.3
44653.2
80594.4
75969.7
76711.1
65958.8
64342.3
146564
83850.5
62026.5
386979
212759
150521
79830.3
70775.2
324104
51012.2
51627.3
82749.6
75013.5
59432.3
84654
83451
115443
61817.8
56749.4
240413
72913.1
76975.2
60169.1
65605.7
55937.3
77894.8
78899.4
54036.7
56487.5
49203.2
52851.3
359233
54633.6
61517.2
49889.3
50947.2
76235.8
150528
88441.4
54028.6
14029.6
173087
58354.1
61213.6
60203.4
61152.7
103358
70072.7
46292.2
52210.3
63581.6
66929.8
113262
84986.4
64470.3
64999.7
63663
57063
84085.2
86899.9
59316.3
79572.7
86698.1
56883.3
53230.3
276689
115236
51026.2
82652.4
75856
60760.3
61130.7
69834.7
67531.8
67147.3
87155.4
57839.6
40842.5
42047.6
63101.2
67301.1
100808
69055.9
64727.3
52863.5
60852
47896.2
63627.6
344365
73301
76933.2
56216.3
58965.6
77264.6
59155.3
149393
48796.2
48166.8
63005.8
61157.1
55478.3
53872.3
70177
68645
58851.2
58556.1
96217.4
94934.1
67267.5
68138.8
61927.5
62694.4
63009.3
66643.8
68387.8
67504.6
81488.8
86735.6
60174.1
72685.3
52578.5
78486.1
59063.7
163451
49735.3
129938
340095
431453
78667.8
62927.6
90354.3
170289
47514.3
53937.6
68765.1
94621.1
67922.5
66661.3
65253.1
66914.4
109348
81823.7
65779.5
60117.7
68179.5
64846.2
64241.2
56746
57055.5
56352.3
61093.5
72594.9
332378
107562
74564.7
419767
56959.5
62639.6
58046.8
75031.3
55911.2
51620.7
81989.6
70680.7
176341
268378
49447.9
160579
95139.1
104943
83136.8
47087.2
54927.9
57481.2
55393.2
52565.1
125763
120236
64217.4
66989.3
312674
64280
118047
77784.6
80533.6
48612.7
78399.5
67267.5
51313.9
83878.1
59045.2
267487
81924.4
403894
333929
64746.9
52171
63708.2
59124.7
56452.7
241892
61949.3
64551.2
52914.4
53188.1
80251.7
81258.9
52233.8
83383.4
80058.7
61375.9
67662.6
60611.1
66696.6
65060
58198.6
47386.4
56247.5
218474
2839.03
33157.5
32388.2
2709.73
160838
58404.7
84977.8
81135.6
58305.5
328175
77943.7
71119.6
61804.5
54751.2
58692.6
61765.5
46369.3
60702.8
58409.1
94254
57861.6
88137
62936
199591
102113
94949.1
72596.3
57296.1
57140
66201.2
49511.4
204199
57069.2
64082.9
66980.8
67156.2
55484.6
53221
51232.3
50675.5
49674.8
49096.2
62665.3
60703.2
57371.1
57655.1
56610.9
58035.1
143971
79423.8
55554.1
61505.4
79943.4
69228.9
102835
80087.2
67991.5
56379.4
68085.6
193525
324881
219399
76847.2
60656.6
192933
55000.9
256376
66179.8
54818.7
63987.9
59073.9
59914
55669.4
64234.3
51928.7
43515.6
276717
215340
68934.9
55326.2
82001.3
205528
325210
250819
283146
48800.1
61094.2
76393.8
364544
71512.3
73245.1
89096.8
75001.5
50273.8
60668.8
67948.7
64550.4
81864
132333
60244.8
68189.1
67927.4
95902.5
67696.5
127699
68628.4
64751
62354.2
57813.6
64427.7
66668.7
51669.6
118800
77889.4
57042.5
239172
161191
65752.1
58791.6
54399.7
191179
136833
159545
83239
62872.2
68895.7
77646.7
71938.1
59987.6
81227.9
78262.5
80557.8
43842.6
238221
130141
377497
321596
81318.4
65935.3
76961.9
69570.9
48558.9
56691.9
65313.5
58697.5
66725.5
78447.3
240063
58900.6
44017.5
116422
83137.7
60893.6
79547.6
81736.4
90425.9
67199.8
76339.4
76626.8
57528.3
47697.4
147214
87531.5
57465.2
324262
363965
74313.8
73705
50908.8
60059.1
306889
347700
73181.8
53546.8
66661.6
197994
71444.6
75824.8
170590
213211
209721
48269.1
74556.6
72069.5
109224
105392
226331
84753.6
68847.8
61445.9
71817.9
50570.6
46835.1
55632.1
61028.4
56668.1
203836
137874
48587.8
80281.5
78726.7
78535
54540.1
83703.4
55849.6
73731
62510.4
61353.4
4420.46
39829.3
38925.8
7524.83
5644.97
55106.8
53837.7
5701.75
117988
152963
82264
67106.3
57554.8
55193.5
51495.3
149490
65641.2
109218
259719
66541.9
70622.3
79111
77010.2
329091
227566
51905.2
52880.3
63058.4
64905.8
79765.1
82513.2
170196
62868.6
45920.8
268177
72898.7
78272.9
274360
364728
61496.2
81042.5
49772.7
225226
295967
69799.3
261969
336152
58375.1
52883.8
73336.4
87224.6
67655
81860
76529.4
82599.5
82335.4
70244.3
69527.2
58279.7
57746.6
51255.9
50617.1
54063.5
56780.6
70616.3
51140.9
63609.1
80402.9
54908.8
155178
365206
69529.5
66785.9
168263
78264.5
73615.3
61260.3
61748
62910.8
71249.7
57792.4
51446.2
76546.9
48006.3
64008.5
56552.4
119424
1315.87
15441.7
104444
9840.86
3697.5
102030
75114.5
7321.77
4492.7
73378.8
218225
149175
57348.8
62009.4
80435.3
136940
56608.7
78745.9
125314
54612.3
145430
196907
147169
72299.2
66645.6
53356.6
45313.8
62636
70538.4
60104
54295.7
54191.4
63267.9
52052.3
56414.5
161713
134205
49979.8
65272.4
46655
53476.2
58787.5
69610.2
116594
67355.5
67830.8
66867.4
68510.2
58342.7
56451.4
49327.8
54187.7
248021
74142.9
71627.4
53563.2
75165.4
62863.3
80900.3
53252.9
73724.8
86752.2
60529.2
68417.2
79928.6
65347.2
66892.6
56270.2
55959.3
65157.6
62721.3
85100
84446.4
72368.3
72500.9
59911.8
57970.9
47488.2
56843
54140.2
50786.9
147212
147298
76499.1
67619.5
59399.9
60190.5
81087.9
49806
59963.9
62125.3
64980.8
88528.7
65169.1
61832.7
53603.8
63234.3
50243.3
55915.9
138016
9966.32
58747.3
62414.6
65848.3
44542.5
48590.4
56270.8
67714.5
59305.6
205642
65165.2
47064.2
59707.1
111812
58723
73332.6
167759
342643
338314
13614.9
53509.4
3228.51
17982.1
62533.3
124362
167408
110001
193560
189073
331020
65278.3
58539.8
58526.3
55152.6
57090.7
56566.3
84204.3
142337
3301.23
13165.9
139043
92274.7
55705.7
57976.9
47452.2
301337
171863
60158.1
294431
65420.6
48433.6
56529.2
69206.4
82477.5
135397
80587.8
79221.2
54981.7
85997.7
59914.5
73565.2
59632.1
102364
51939.4
76868.8
145212
80021
381466
67717.7
64291.4
63346.8
82820.7
60697.4
56079.2
76046.3
229165
188550
170547
194935
197113
103815
324099
233958
311997
53699.9
58918.1
77791.5
237392
418070
46518.2
56142.5
54846.4
301042
73780.8
47693.8
47469.9
57003.2
62018.4
76225.3
64734
44481.2
163239
56670.3
78839.9
10568.6
1172.11
59931.9
62725.6
94083.1
74053.8
61704.8
64694.4
76915.6
68880.7
77034.2
68501.4
81018.6
76603.7
368992
212358
149016
82408.6
214077
78890.5
92970.7
66549.3
57986.2
50833.2
140348
175311
56674.9
56137.4
46252.6
74487
76378.9
81484.2
82583.9
78819.9
79359.9
78211.7
93176.9
91858.5
421278
54139.9
87125.7
62442.4
5692.92
60952.1
1992.18
59538.6
64149.5
101328
129505
182030
224064
295984
302387
52452.5
149773
289147
53479
55553.7
66304.7
116142
116476
66803.7
87101.9
86730.5
63141.3
66731.5
67741.3
64739.5
64027.1
54041.3
50170.7
64246.6
58918.8
45443.5
44162.2
56963.4
58524.6
58056.7
383883
388204
94192
196995
233068
60594.8
187123
252366
139796
123172
150502
53777.8
60686.4
73782.5
67787.1
421379
135210
72147.7
60223.1
53311.5
50908.9
412441
80336.6
86373.3
61131.6
58905.1
174080
242281
218145
94809
57944.6
64507.9
49930.6
94778.2
79515.3
62782.3
81782.8
129955
54463.7
60332.1
74388.2
75135.5
141205
114391
68042.4
94396.5
64379.7
70782.4
71566.3
71848.9
97171.9
65493
44163
43707.8
63959.6
67077.4
112657
77575.2
65603.6
56115.4
60691.8
49412.4
113389
110799
8066.86
55742.5
51154.3
50558.2
54992
58561.3
64690.4
379303
75627.7
77632.1
49077.1
68164.6
58829.1
71412.8
64190
100036
70718.9
64469.2
48341
48761.3
64160
90858.9
66904.4
65465.3
65812.4
71710.1
142418
149219
83471.9
79236.6
353159
325963
63463.2
66936.3
78254.7
64966
111230
73939.1
59612.6
82078.6
95658.7
62714.6
70412
200741
418088
230200
55713.6
112097
62052
69952
66658.7
65941.7
91579.2
60271.2
41697.3
42005.4
62524.8
65982
105426
72173.2
65707.2
53405.8
61371.1
47657.6
380396
75558.1
60453.8
54916.9
87866
93171
67576.3
64420.2
83943.8
81069.1
76491.7
76990.3
383650
54798.8
71715
59026.6
88342.2
60900.6
61435
84734.8
56518.2
61739
65265.1
91847.7
60707.5
122914
61432.4
54520.4
58234
60150.9
62736.2
48262.4
75277.6
114600
53297.5
50104
235400
85047
8024.89
1005.57
83092.3
213955
52240.8
73281.1
58859.8
74492.8
309400
347668
201756
225963
245760
54667.3
282395
236950
56955.7
66049.6
54942.2
51487.2
50481.5
47070.1
53548.9
57771.7
74378.9
143420
77390.3
76597.9
68468
65984.2
238773
57613.4
56534.7
297117
302057
62023.8
65286.7
100559
77351
76106.8
368169
82089
66658
170977
87063.4
78181.2
72907.2
58297.9
50785.8
271589
76575.3
359304
305508
55667.1
65725.8
67398.8
61168.6
56723.2
90119.4
94294.4
54118.5
56560.2
82445.8
329805
419651
366362
77146
76042.9
84568.6
244873
202330
108012
333647
193642
77764.5
213596
361071
110014
66394.7
59052.2
56135.2
187967
58191.6
59001.8
84048.3
4047.7
23192.6
22589.1
1772.85
218444
61953.2
97070
80567.3
145576
64612.1
261697
410200
57204.7
338605
72275.7
58784.6
68152.3
77680.6
167868
82220.1
144122
84351.7
176733
72718.9
58866.8
74861.9
51923.3
76095.2
59055.6
418745
79336.5
75632.7
57620.6
56072.4
67693.2
67276.7
60231.9
78184.4
196922
51948.2
62835.4
65872.3
81602.6
81549.8
126820
67302.4
58247.8
56986
256929
126074
72641.9
74344
89138.8
69197.1
62711.9
50410.8
50024.9
219530
4318.19
47276.4
2280.08
46178.3
155404
123053
56318.1
55120.1
56258.3
47231.6
53457.5
213494
64229.1
58720.3
59872
75755.8
92755.7
65546.5
72829.5
69528.8
166905
158790
65937.8
61574.7
64347.5
60491.9
58109.5
81366.2
49570.8
57929.8
54835.5
59621.9
128292
94238.1
63112
65742.8
62312
55383.4
67422.4
79030.6
55208
60936.1
77506.5
110831
59867.6
66371.3
109081
59521.5
78226.5
54419.9
118763
87389.8
263311
73728
1458.03
19570.6
19123
6102.78
47034.5
68917.6
63713.6
298959
57374.7
132038
116137
54465.2
49834.5
58452.4
57715.5
76401.7
160682
155141
80898.6
118761
255536
276835
54505.8
137767
63885.4
64932.6
64520.5
65799.5
63767.4
65381.1
83996.1
85058.5
61587.4
61161.3
64402.6
61948.4
61728.7
74493.8
359796
54950.9
97294.1
61579.6
55326.9
57352.3
125477
121398
270561
70523.4
66597.4
87177.5
67090
66715.4
57651.9
61733.4
56110
76941.8
62967
79512.2
48436.8
46040.5
67962.5
63966.4
57378.9
57605.2
70996.5
51840
50248.3
51708.1
58117.7
59301.1
55873
324989
72259
59129.6
168263
352210
46415.2
61447.2
53337.6
67666.8
58598.1
92017.7
66248.2
62897.1
42119.9
47046.5
60583.1
82858.6
66103.6
57710.6
68839.1
62219.7
50066.4
55598.3
79172.4
80297.1
67037.2
101758
58181.2
57583
52108.1
51869.1
148101
276937
404517
46047.6
233740
70093.9
52700.1
63228.2
48210
58620.9
92856.1
73932.3
54255.2
49423.5
64864.2
60550.8
432547
59027.5
61985.6
55134.6
58723.3
72915.5
57923.8
50310.6
69044
67089.8
57249.7
209267
70121.9
74771.5
59110.9
84405.3
51146.8
138501
285344
118341
402966
50388.5
59053.4
50813.7
68914.9
60406.9
80357.5
469748
47448.9
396961
55677.9
69912.8
51728.4
50479.5
51777.4
58265.1
60297.9
57284.4
65423.5
64927.4
257025
55774.5
64447
458416
124767
111582
63990.1
67936.6
95121
59073.1
60955.7
322675
77076.9
54677.2
59043.1
78043.1
62073.8
70453.5
51871.2
60275
45190.2
51643.7
66216.5
68250.5
65313.7
108314
152674
55199.3
58200.2
222989
73051.6
72172.3
59382.8
48121
79620.3
131388
188122
195563
250025
53781.8
68556.7
96613.7
134907
144032
235871
124868
182076
38963.6
58266.3
251105
82074
57907.5
82213.9
60228
60744.5
406633
111738
269795
75679.5
67811.5
63192.3
53868.9
72675.8
59077.6
78063.2
77124.8
60874.4
56005.1
75691.7
65340.5
81558
88223.1
79787.8
249629
65957.2
326335
73128.3
66837.1
64825.2
48410.6
75252.5
56786.6
83095.3
305487
80084.8
47205.7
56881.3
55504.8
58618.9
92799.5
81739
66931.4
80077.1
57017.6
64876.9
81935.6
203476
76137
141352
73324.9
55759.4
63615.3
45857.9
348508
59457.9
120302
56666.9
65701.5
59704.7
78265.4
7258.68
1698.41
76455.8
58280.8
85426
81831.1
65549.7
99439.6
79413.9
73573.7
113431
49291.2
59769.4
77536.8
49690.1
125830
56051.6
50794.7
62466.8
74803
69547.5
375239
93366.1
78370
59376.2
55529.3
384454
211188
67926
101830
54236.5
52294.7
233340
397099
59714.1
59307.8
66127.7
67060.6
90041.6
84743.1
52702.6
56526.3
79741
78316.8
281742
55773.6
67849
79171.2
56862.3
87116.5
166346
234011
50048.6
50403.9
62307.6
79995.1
160969
57944.6
110665
313914
322783
75484.5
298864
331382
96409.3
59831.3
61814.1
68452.9
61457.3
63630.7
81638.1
56664.9
132677
67640.8
56130.3
216845
56960
56104.8
75474.6
122921
177421
64100.9
59833
382812
68197.1
55255.2
54220.8
124258
380227
79800.2
328873
309955
62136.6
76574
58409
50236.2
58133.9
427993
58555.2
66918.8
49036.8
302969
119419
79481.2
56532.8
331274
345845
372289
227303
60982.6
235309
243263
82355.9
399567
82580.7
76470.1
141562
77875.1
82223.2
61865.7
204505
120908
356579
53727.5
48013.8
47391.9
54585.1
5295.93
53317.5
3458.25
63282.7
64852.8
63878.7
81087
378052
67066.7
70474.1
58181.8
59968.3
78873.9
85062
70113.4
71588.8
95568.5
68409.1
68987.9
47931.2
56959.7
75217.6
68385
62623.7
61450.1
7257.89
2397.66
103384
100991
9624.33
417712
84178.1
203130
406804
133364
69573.5
63043.4
80583.7
78877.1
71867.7
63527.5
77823.3
58004.5
53761.3
97865.4
146556
75564.6
67003.3
56414.7
70071.9
50464
75697.5
136419
118955
64264.5
62223.7
59750.9
50834.6
51922.6
63800.3
54312.5
68220.4
64536
78023.5
77298.6
176296
333221
55095.9
352632
58760.9
5377.52
1155.05
57403.3
56174.5
282863
96237.9
145324
257659
59933.9
72646.8
61257.6
107531
67232.3
63613.2
73094.3
71722.1
64435.4
80688.3
78663.3
77728.7
56104.5
56946.5
56453.4
236269
130279
60123.8
180794
45091
4485.44
44040.5
4097.82
135433
130411
97738.3
64909.8
3438.43
24439.2
54058.2
56790.8
208330
100111
79610.4
329973
61440.4
48940.3
245451
61243.7
24917.3
417596
53226.6
57589.2
71608.8
74170
77933.2
264057
58523.1
57652.9
117850
63663.4
64601.9
59688
59336.8
66668.2
58354.1
68874.3
48720.9
58463.5
47659.8
56149.8
2757.48
30809.5
30073.1
4261.71
58154.3
61523.6
162119
213940
293224
92631.1
76845.7
165846
358467
123832
60207.4
61828.6
65779.6
77342.6
65439.8
50739.4
58146.7
74189.6
96348.4
83293.7
83234.4
80694.9
73657.1
60971
75858.7
83955.3
7950.56
2609.05
82008.7
238748
260842
57322.7
41699.3
44146.7
391805
105444
81604.3
82221.6
50862.9
11313.5
115215
326090
57165.1
142323
370794
125181
61442.7
133402
109184
66149.8
407756
83315.6
29163.7
3147.2
28496.3
6049.47
60697.6
58165
84403.1
63250.4
81092.8
63363.8
61852
102997
57846.8
237429
67001.1
233095
61918.9
71322.8
235390
180844
57036.7
128897
53955.7
61549
57613.7
57129.7
65218.3
82456.6
68845
70304.8
75522.7
139572
114743
230701
50370.8
68305
82290.5
58942.2
63280.7
64939.2
59015
69166.5
47732.6
67190.1
54970.4
56521.4
47857.1
224751
64015.6
64324.2
57792.3
58303
74913.4
73959.4
54037.3
56627.3
49997.8
52967.7
109881
168973
50033.1
367622
230547
54535.8
53363.6
56718.4
58315.4
308820
305897
75352.2
62650.8
339813
72600.3
142057
188217
264582
68376.4
64681.9
82376.8
60657.1
82408.9
66530.1
68308.1
2081.08
21790.2
21189.5
5433.75
142028
128546
81477.5
76749.4
58998.1
86241.5
89789.1
94957
83571
83341.7
314656
59124.9
306813
75602.5
346149
52867.9
56454.7
64509.2
81183
137657
64451.5
74271.5
71825.2
71876.4
94990.6
65302
43508.8
44486.2
67122.3
71506.1
109651
74725.7
67468.1
55846.3
63040.8
49558.9
50041.1
78773.5
42151.5
55035.1
64821.4
80355.4
77389.3
41528.3
52120.7
153361
65521.4
84167.3
59452.7
72654.5
65369.9
82496.2
58823
48129.4
47006.3
47142.9
49247.1
57526.8
55280.5
59680.9
61013.3
80255.7
69013.2
78093.2
312497
152548
133222
130493
56529.1
59454
46595.9
127563
296771
441150
147507
202414
69367.2
51636.3
80940.6
52571.7
81150
104714
88618.7
56788.6
59840.5
49438.5
55604
66708.2
80328.6
80694.1
64429.5
59204.5
80745.9
70767
300310
46816.6
51687.4
72190.2
63212.8
80432.3
205589
55981.4
53254.5
58054.5
58866.9
58206
179646
117273
64093.1
59067.7
358106
350892
78098.6
65194.6
57251.9
74192.2
71836.7
337519
213710
70069.6
238997
189106
266167
126190
389535
80632.9
60402.6
53098.8
61618.7
73643.2
323183
65582.2
64692.9
78899
59388
64283.7
89180.5
77171.8
62538.5
81842.5
89634.3
63046.7
64467.5
61606.7
53914.9
57320.7
63598.8
62452.5
52600
43730.8
54122.8
43365
371101
129884
209793
77868.7
93463.1
63413.6
50132
48847.8
55106.8
53529.8
61041.4
61488.4
72473.2
70192.3
62476.4
60914.4
102593
98407.3
69212
69654.5
63332
65433.7
66472.3
66933.1
42465.9
43380.5
190692
125092
122267
46795.2
76071.6
61112.6
68624.4
81002.9
52057.7
53876.8
311332
171098
48056.3
196899
272004
84226
77061.9
58760.3
64261.8
56537.6
48193.1
229675
198058
61079.1
74637.9
73704.9
68170.1
67539.4
67349.3
65145.2
79334.1
85488.9
80052
244605
247773
153710
85242.3
86338.9
78995.4
60996
141691
63379.3
65696.3
82713.4
57361.6
60857.4
89624.6
66955.1
60146.5
55273.9
73531.7
258307
54042.6
11170.5
118965
65214.3
72431.3
169679
165877
169447
57785.9
52955.2
26729.8
3127.11
26127.4
188295
102016
50286.8
133511
412762
356526
259674
50157.5
59307.9
70811
65303.4
72850.4
65081.5
114974
64860.9
56423.7
75357
351898
74891.9
81281.6
83727
63532
66425.1
45478.8
46932.9
59687.8
62151.7
56520.8
55194.9
63165.3
63350.8
50726.2
49623.3
159773
65500.1
54505.6
366480
79981.7
62096.8
89581.3
11455.5
268.435
278041
54807.8
50585.2
131804
61968.7
61875.7
215975
331438
172378
57535.2
52790.1
364475
187126
46693
80354.6
266605
174481
74231
50929.2
323242
151559
152984
291050
69067.1
75489.9
53568.2
360239
45520.6
183553
62282.4
155754
62837.1
61844.1
62295.2
66145.3
66546.6
58815.3
57723.9
239637
61704
146615
67253.1
52464.9
146422
58476.2
61506.3
59776.1
77441.1
8934.76
60861.4
3934.99
41852.8
40876.1
2884.48
56425.9
52005.8
46402
59226.4
47579.2
55479
60894.7
40891.6
43974.6
54443.4
56645.4
58191.4
193997
54733
291772
146648
149130
51158.6
107605
155527
124535
379820
64508
54817.9
61278.8
95607.6
70115
51428.8
48054.2
231001
47649.1
77220
71434.3
59997.6
61139.5
302707
218807
258287
67196.1
78063.6
63180.6
54801.4
66631.2
208366
82772.5
281850
69566
56898.4
51912.5
80798.3
81069
66511.9
60029.9
80016.9
63741.2
51258.2
57662.4
48200.8
225990
117136
39024
81183.8
64261.7
95462.1
65698.4
53651.6
60713.9
57455.6
64223.1
67638.6
66516.1
68550
84028.6
77462.1
36937.8
65758.5
78329.3
71173.7
60675.4
51391.9
59497.6
57518.4
294131
59019.9
58598.7
360033
62375.9
58202.6
213036
54812
66118.7
72145.3
252383
304151
286217
50962.3
81848.1
61560.2
68910.5
121459
51027.6
59164.1
70475.7
324363
73861.2
57742.4
68115.9
59462.4
50172.5
64878.6
63275.2
84804.4
59657.7
317801
64969.5
70151.6
100472
61536.7
83401.5
63832.6
52996.1
346587
52859.5
70748.2
61171.2
64035.7
70197.3
247732
81586.2
67306.4
65947.4
201115
212333
273611
219821
182057
243673
55845.7
134125
178146
390511
139081
74280.5
76015.2
45981.3
72440.3
54186.2
66545.2
61592.1
77030.8
189636
77045.2
77001.5
71909
56621.7
89710.5
80644
65965.5
84116.8
83395.5
57301.7
261981
213578
56655.4
166847
125561
125742
224754
68811.8
164428
87223
57677.5
186752
371764
62931.5
68886.4
100116
82626.3
279375
82915.5
81674.7
91113.8
141652
47157.6
50077.6
112380
52288.1
53877.8
66497.6
66651.9
63453.8
227980
116587
58261.5
88520.2
64576.1
82476.1
280470
233316
78177.2
59685.9
54864
67705
70417.3
79662.4
83253.9
100826
99840
64134
81975.8
73322
80559.7
61965.9
340290
121710
70225.7
218112
54228.6
78928.4
58252.3
73833.9
80219.2
60317.3
63362
353126
111856
63198.1
63936.2
334199
82664.6
50453.2
230388
230441
82557.1
109828
50504.9
82458.1
59960.5
223691
79055.1
88438.5
89055.8
257092
84934.7
186774
109558
56039.3
69646.4
75188.2
257086
48741.1
48053.9
63076.5
60103.2
103390
82560.1
64385.6
58914.6
49314.5
297211
87631.5
68838.6
60422.8
149561
246282
110649
88619.1
71612.8
56444.4
112446
49855.8
249021
347932
256435
263723
52125.3
168646
198623
64176.2
67149.7
109844
108237
275028
428479
54544.5
184454
74875.2
76658.4
283713
64460.7
188206
74569.3
55452.8
55493.5
38160
76686.2
286912
144793
56946.8
78711.9
63120.8
102791
56849.4
328977
176409
72669.4
63335.7
57896.9
78941.5
79245.2
176454
152487
67222.4
75990.3
154126
347469
58406.4
58674.6
261262
73209.4
96506.4
55177
339512
87400.9
54855
61790.2
50854.6
153403
51169.9
51195.8
61631.9
334798
120932
122951
65883.3
67122.2
65091.8
67434.4
79707
84549.4
62663.3
60416.4
54948.4
58236.3
189449
77403.7
121356
130827
53545.3
103951
98916.6
101506
49097.3
61225.8
124372
256297
73398
72392.4
76202.8
79286.2
357103
54117.2
292717
179003
312208
67353.9
68430.8
169139
48367.8
61009.8
52392.9
68240.5
70495
102186
65282.2
132152
466775
56339.9
58536.5
55636
54024
61858.3
60010.8
76469.6
74260.9
93644.7
89951.4
63188.3
64829.2
80487.7
79694.5
74256
73073.2
237858
290208
57085.3
56781.7
67293.5
68757.3
337270
52390.7
60761.9
59704.4
58783.8
55956.9
77914.6
333922
51954.5
50144.7
48502.9
50128.3
50606
140934
68819.4
69160.2
106276
95908.4
52517.9
75141.2
49338
55189.8
68370.9
72582.6
125622
71394.5
65946.9
81104.6
352569
335101
136007
155194
80476.5
143151
341240
131019
59680.9
66309.5
84298.1
82090.6
242532
80891.6
63117.4
66310.3
67459.3
65076
64989.5
66894.8
66067.9
67657.3
101330
97277.1
54368.9
52857.3
71423.8
48834.2
69569.9
46393.8
67478.6
64285.3
67859
66184.6
115808
113744
64989.8
62468.4
86918.9
85472.3
60841.5
59762.9
68125.7
66374.2
62234.9
60471.5
274704
49492.8
354570
63782.8
213197
60933.8
56605.5
71302.3
67693.9
52464.2
55532.2
74312
71372.5
162920
159191
192102
58194.3
64296.1
73916.3
310270
372606
101342
73204.8
302390
371203
114670
226732
145388
66637.5
78681.9
275752
117281
84624.8
56941.9
63543
60864
64964.3
60946.3
103037
69975.4
51070.1
47152.7
57495.9
62538.2
116322
59421.7
85141.4
63221.6
58078.3
56685.7
67912.4
82543.3
55283.8
61501.8
76551.7
49618.1
131287
71353.6
71180.4
257481
355832
174586
71549.8
89173.2
68106.1
57918.3
78189.1
209947
52897.5
47311
233859
78216.1
229453
75007.1
46962.3
57014.8
68661.8
296951
59455.4
137989
63265.9
60925.5
59618.3
63613.6
97975.2
91596.3
68851
234565
78857.4
57952.7
59910.9
190376
65974.1
61355.2
60058.5
55917.1
72531.3
69166.1
53241.2
51924.1
48425.5
46789.2
81211.6
78628.9
281851
78438.7
97410.3
47499.7
64934.5
58660.2
76617.8
57872.8
53648.1
77955.8
80458.4
57741.8
48770.1
59559.2
52286
332131
58681.9
249501
68452.2
80910.2
67912.7
55745.4
48808.3
67283.5
133886
91588.2
54037.5
57921.5
125040
324847
71999
71081.9
82600.9
114353
73508.2
53544.9
223405
365118
107685
333852
53509.9
67740
80587.1
399912
84434.3
91190.2
94206.3
72655.9
69632.6
67824.6
369627
68221.2
81500.6
59974.9
85952.5
57261.2
72408
297384
72446.3
40646.2
344819
98158.8
70551.3
119215
68323.8
211049
172190
370836
55894.8
162773
150823
79272.9
80472.9
81381.8
113559
71491.9
302432
176723
174764
351358
173614
177219
71593.4
91488.2
71383.6
69134.3
60553.7
15256.9
181245
67308.8
269942
193186
70181.9
239334
81923.4
45108.8
52635.1
39279.4
155594
66844.5
74496.8
78528
75585
133748
206419
211309
98252.1
86818.7
66283.3
333182
255048
83320.5
67011.9
96198.5
233504
146149
348949
343547
105074
83957.6
98736.5
361857
55156.4
55685.5
79086.2
58608.6
297610
57810.9
53226.7
54756.1
55160.6
65137.8
58778.4
66355.4
67273.3
66461.9
97671.1
47821.3
45896.1
58789.6
62538.5
108856
77266.1
59171.7
57163
56749.2
51440.5
65759.7
74274.5
84331.3
66747.3
72363.9
57484.6
393547
66448
65345.8
75377.1
171731
49262.7
47870.4
61317.9
116353
257063
345079
152123
322533
201845
183739
53161.3
55022.6
258934
97925.2
63588.3
64739
33816.6
3971.19
33065.8
50448.6
59901.8
68053.2
56191.3
162422
273780
47664.1
96301
105862
109513
210181
376505
205525
63761.7
62289.3
6362.43
5001.4
44584.7
49165.4
65716
60618.6
54794.4
78177.7
63629.9
57470.9
87987.5
483316
185161
8575.9
59282.4
62734.1
49817.1
48302.1
50896.7
53144.2
65749.3
68540.5
77522
73838.6
73662.4
78255.9
46944.7
52823.3
82524.5
71497.7
59452.9
70132.5
120988
3440.04
118190
11283.3
309248
371476
175136
165372
64786.3
80740.9
68949.9
18441.6
71558.3
110965
303006
351097
367324
382824
13869.9
54592
61024.2
66393.3
95764.6
59421.9
80834.8
80693.8
221968
321092
54456.3
15707.8
75672.6
116484
365252
54910.8
323094
49977.8
73070.9
74038.9
370920
141641
294948
54537.1
57648.2
47726
44506.1
78255.2
42327.9
45705.5
62919.8
58115.4
56807.5
43085.7
83029.4
81944.9
48291
57524.4
52866.1
71118.1
59911.7
100847
64592.5
60770.3
42355.5
43251.1
60709.9
85810.7
63686.8
63703.3
63201.9
58154.8
66489.8
64781.3
200163
48710.3
63595.6
55521.7
73240
74914.1
154455
59555.6
127981
48759.8
60551.6
201442
79920.7
66335.4
57244.6
93083.9
55086.4
385265
58570.1
340876
435837
142954
409854
62056.8
421009
304803
184307
78401.5
250112
78202.3
77596.4
85086.2
314475
63106.9
305017
58684.5
72477.8
57979.1
72436.9
52485
52329
76041
75847.4
96268.8
75661.5
57848.9
47789.7
70539.6
236998
346109
177882
279952
384745
267557
69925.7
72271
58278.3
50996.4
52168.1
99689.4
80160.7
68206.1
50920.3
70983
273664
55696.8
55786.5
333413
59023.2
119721
53366.8
112727
94503.4
58648.1
62225.9
108953
312169
58880.6
48202.3
57554.8
153024
197895
79193.2
296798
66498.1
142169
43726.1
46267.8
42501.1
81448.9
66726.5
64123.8
77516.1
76979
318862
75288.2
67211.4
81993.3
66907.8
52359.6
64242.3
79272.3
96102
401902
65632.7
108349
382203
230322
86284.5
93961.6
347188
268849
67016.6
57499.2
74393.5
69272.2
62119.3
81739.5
115221
77991.1
72606.3
48266.6
60569.5
69033.6
136347
83128.6
81152.1
112620
150824
72267
70095.9
83865
61426.1
60253.3
63010.5
62676.8
66211.5
67996.1
53301.2
51655.9
45355.4
46852.4
60978.7
61647
70609.3
71131.9
81331.4
79019
40481.6
57631.4
78434.6
194492
84773.8
82023.8
158668
167347
305312
50609.8
104248
239082
80838.2
80367.7
39659.4
290052
221690
76557.1
76325.9
49379.7
366060
225790
57026.8
90255.2
243098
88709.5
53933
55724.9
123069
365733
62131.9
64441.3
60930.6
59915.8
77503.3
69872.1
163758
342390
49135.8
79444.4
58201.4
56040.5
56555.9
89201.5
87675.5
59987.4
56478.9
62106.4
66260.7
53683.7
238506
86878.6
76145.5
223099
69344.2
67153.7
63253.4
59791
81276.9
81304.1
71183.5
81038.9
193798
50689.4
101014
125734
50988.7
83026.2
69152.2
82127.8
69407.1
53563.2
62598.6
78502.1
96964.8
315836
213141
62644.5
67444.4
80019
57838.8
59210.6
76771.8
75900.4
51562.2
54556.3
61700.8
65398
49116.3
54894.1
53350.1
83704.2
308478
78202.5
84025.3
362871
47105
92904.4
95887.5
168075
279124
59682.8
76194.2
62894.5
84490.3
84193
75527.1
189978
275367
90180.5
360714
330122
358979
80219.7
326899
333870
139525
202225
62617
108585
277277
283240
74976.1
78674
49147.1
331564
49241.8
53246.8
57640.2
141441
263694
68556.6
82213.2
97721
179323
54520.8
64029.9
60124.1
59293.7
66580.9
57023.7
58807
165027
207606
141149
136126
278453
89118.3
98972.8
60931
75518.2
396055
262992
71224.9
218309
165612
176017
58089.1
74131.8
57314.7
50036.2
42272.5
216864
222067
57386.4
49431.1
63654
57802.3
85435.8
349059
66575.7
78111.7
142856
64078.1
56485
339899
144621
198676
354415
166208
162508
57441.1
435118
59656.3
47971.8
358619
344475
54096.7
69611.8
120282
61498.8
47461.3
74969.1
177519
71680.9
69380.5
61106.3
59638.9
106375
102409
386946
71670.4
65567.1
82706.6
44222.8
47164.4
65226.1
63517.9
58264.2
432403
3786.81
32984.6
32231.7
424787
163902
196452
183240
345578
128889
5546.83
54872.4
53603.9
4812.24
55484.5
56756.1
59884
48249.6
54295.1
48714.8
62663.6
58723
49080.6
74410.9
73865.7
88500.2
93535.8
7456.32
422102
107048
77517.5
316364
78416.4
61527
104657
321985
176275
67550.4
78797.1
72162.1
51185.8
59104.2
74074.6
108866
59247.5
271888
51706.5
151028
337367
57576.5
57364.2
134962
51469.9
156453
76054.3
76776.6
52061.7
48630.9
56392.9
61942.4
6145.99
60509
4382.66
270269
103652
9776.08
3237.04
101252
76917.4
69908.5
59534.7
48087.4
59527.4
54492.7
49425.2
69297.6
84698.4
388806
354792
190819
57268.8
129050
70081.4
275524
188963
216998
8325.96
44968.2
70232.7
62284.3
76093.5
57601.8
53493.4
85418.1
76553.3
205966
147471
169109
78169.7
350523
55354.3
57268
49530.6
61475.2
50038.2
53921.2
127183
67216.2
86577.3
67423.6
72948.5
109946
67270
224100
116935
3095.43
10956.9
114227
75629.4
379664
60897
454203
49353.2
130778
76401.2
78762.9
91041.4
85050.9
13597.1
65437.1
58854.2
53753.7
57655.1
443427
81110.1
76641.9
164428
65408.9
59379.7
60864.7
46391.5
371016
69308.9
56614.6
104634
61587.3
70160.6
214702
185462
54520.9
47456.5
80818.2
335250
55625.1
73167
58222.6
62508.1
78536.9
44210.1
271275
45987.5
48677.3
56155.8
65391.5
49274.8
61307.6
79953.3
78454.2
197636
58316
108216
195387
269580
3013.94
33403.7
32617.8
3889.61
77940.6
55014.6
57782.1
62003.6
85324.1
59476.1
119080
59899.9
54829.9
45087
47162
69068.9
104621
55422.1
62953
62318.5
63442.6
43711.8
48404
64309.2
57362.5
55901.5
42909.9
61641.6
208819
69039.3
66202
78234.1
71724.9
59902.7
50078.9
167812
63446.8
62416
67388.1
80766.3
57644.7
75671.1
63115.5
75141.1
267119
50613.8
125053
59653.2
56341.8
57172.7
46033.6
502930
60537
57961
352881
143208
84324.2
83986.9
62342.7
74066.5
395653
193510
174426
61317.1
67268.4
156090
157748
79622.7
76551.7
80889
214178
52094.6
72548.1
72828.6
78617.3
84728.1
83133.1
82697.4
49662.4
151552
34149.2
3421.2
33352.8
5133.58
64183
38416.3
3799.23
37517.5
4599.92
393058
59915
55917.6
81878.2
4370.96
40488.1
39559.4
6292.8
4768.44
45431.5
44385.8
5698.91
74865.4
125067
301840
486122
386479
293874
261219
295518
175092
67110
79724
64152.1
57207.8
254561
229036
72396.1
99591.7
66132.8
376582
168839
64587.7
57876.7
289881
232858
82177.5
180787
337065
58796.4
75524.9
194733
190218
8189.94
85556.3
3592.09
83576.4
7375.03
76162
3849.25
74399.3
77289.8
66616.7
135436
80485.5
2999.8
18131.3
232168
371384
60839.4
63379.7
400384
71749.9
70595.7
94288.3
64049.1
65996.2
68006.2
68671.4
71873.1
69854.6
54990.4
53884.3
47710.3
46095.2
58171.6
184773
223212
89211.1
62758
59215.3
45527.4
55422.4
67826.3
67712.6
250406
227208
54548
77392.1
76717.8
59134
53964.5
94717.2
209255
58401
60164.9
52807.2
52136.2
67373.7
199520
10131.2
348045
66081.5
55990.4
87696.2
53568.8
62448.1
66233.7
63319.5
63632.1
43954
80417.3
55305.5
44292.3
62018.4
64985
93971.5
65441.8
61932.3
53789.3
64172.3
46404.4
49994
53241.7
58286.4
58615.9
2957.91
14971.9
146628
323034
362725
53597
49676.7
367323
339921
11279.9
51029.6
160335
156622
58161.5
194714
79904.5
77666.7
63113.2
113463
199212
54969.9
56701.1
63670.5
67604.1
58976.9
61098.2
295021
2979.03
143445
140122
13375.8
317610
92026.3
93718.1
280306
74923.7
48598.2
389276
71383.3
6772.97
2689.83
69726.9
305507
64064.7
6060.73
2925.66
62579.1
67005.4
59287.4
84251.5
56895.2
78347.9
80875.8
258993
357196
289021
124064
78551.5
326129
150888
73673.4
356587
39916.6
77898.4
276193
83027.9
83175.3
72163.8
56789.1
499692
67760.8
65947.1
47646.9
44354
68943.4
64016.1
47679.7
50007.8
59139.7
54272.6
164934
75428.6
75044.8
48146.1
74915.2
240937
58124.1
56173.4
116177
120806
155491
70961.5
55694.5
50457.2
114077
57587.8
2091.13
12773.5
211487
127975
91222.8
59449.5
134933
50344.2
58855.3
251719
86902.9
90681.6
66471.5
69209.3
59115.7
57498.5
397971
303174
67881.6
66645.8
163073
133311
63176.3
97121.4
69261.9
62286.7
487008
136287
133144
66089.9
62969
89030.5
144445
81163.7
360261
58802.7
45459.8
54575.1
49799.6
66382.4
66310.1
90135.8
61586.1
101325
66658.7
169242
193673
329962
360810
82775.3
11475.2
797.419
135716
151316
345166
59920.6
51523.5
49746.1
55580.5
67655.8
80296.6
343003
223635
163990
75181.5
129726
8401.03
194680
148817
387882
58359.9
56987.2
75169.3
174902
79511.7
283350
174046
255253
72860.4
59024.2
64537.7
79612
380030
155208
61759.6
61003.3
46247.5
47307.4
59712.4
58621.1
56069
53906.3
64613
65983.4
69711
65948
63559.7
63815.6
92543.7
86927.8
58195.6
58194.8
9630.32
145228
113135
371156
77113.2
61302.5
61077.5
64011.3
64170.2
63854.7
62650.5
60940
63483.9
102110
106961
72797.2
69745.2
45390
50975.8
48456.4
54872.9
61106.6
66543.3
70671.4
64613.6
119636
117144
65508.7
90606
86860.6
61219.2
65997.6
68257.9
64630.2
59683.8
61553.9
59657.8
83529
65956.2
53670.8
47274.8
65417.7
60860
81153
67335.7
46022.5
47274.4
94219
67348.9
65815.1
78475.2
56281
142052
76072.9
193798
75624.5
442736
188118
78957.8
53626.1
58196.2
60616.5
83532.7
61045.8
117273
62644.7
58245.5
47703.3
49570.7
70153.8
104351
62941
64152
68304
68087.7
298512
168878
133559
61352.5
45337.1
189419
109522
65199.9
74812.6
161989
76338.7
81964
81795.4
120715
2111.34
11186.2
117927
81964.8
81595.7
79579.3
81147
73623.8
52639.1
57885.8
204667
67045.7
60357.2
56506.6
61345.8
72057.5
74305.2
84452.4
260496
217796
157137
109332
63677.4
69330.8
63357.5
198331
159996
249008
337310
79055.9
77204.1
326482
51008.4
48615.5
68309.4
67745.9
77065.8
82932.9
330117
81202
71923.6
113318
51198.9
116595
115916
98981.8
94842.4
77855.3
74707.4
66580
64180.7
178420
356114
103227
111168
74018.7
83010.4
115130
208581
78787.2
77932.2
59873.5
58970.7
69803.6
63568.8
123884
80275.8
77529.8
67673.5
60002.4
71694.6
62581.9
50979.7
53282.4
84637.4
83947.2
66592.7
61515.9
80011.3
82814.6
154348
183474
15703.9
2451.74
50391.7
61962.5
58731.7
228165
73104.9
68971.2
71300.6
58544.7
57587.9
68574.3
59067.7
68878.6
56891.4
183401
96187.2
99384.5
54622.6
69360.2
68367.2
59208.1
60410.4
83830.6
89040.4
58003.3
70647.3
70755.2
60578
372135
190055
227235
61799.5
48632.4
61194
51589.5
118423
163449
166041
56951.9
402593
276551
70363
99128.2
65913.1
61592.2
60282.7
68637.5
47950.9
50358.1
169998
61047.8
66586
155001
364761
407900
169821
6150.8
65896.8
1575.47
64372
185872
59182.2
45401.7
55454.8
50598.7
67701.5
66396.9
92963.7
62294.1
978.509
14759.1
58675.7
59069.6
65207.2
65986.5
46301.4
62318.2
44171.6
66523.3
43592
46180.1
84876.6
93419.2
46915.1
49601.3
52173.2
55912.6
68651.5
71882.8
95092.2
100164
58264.3
62813
57518.7
61529.4
67632.1
63076.4
65629.6
70150.3
64878.5
62570.6
69085.3
62392.4
58885.2
83710.5
84054.3
55687.7
66828.1
61152.6
83627.6
80138.3
52146.6
51656.5
63606.8
60129.8
61856
309045
56825.6
58054.2
108732
106623
65887.5
65716
180647
180262
77714.1
80675.9
207583
104809
50418.7
59320.1
71659.1
70911.2
53816.7
49812.9
70941.2
76886.1
55683
60763.5
62882.1
50204.3
62256.2
60850
63994.5
62651.5
138479
113430
118451
283078
56967.8
252320
342713
246457
63702.8
73375.4
84296.9
152901
60216.1
61487.7
52596.4
53935.1
75959.8
72460.3
59918.7
56005.5
62389.4
174959
62615.7
52480.5
61147.3
71513
60066.1
75260.8
48226.4
61589.1
70971.5
161687
165372
161553
291539
243745
58468
60760.8
54439.7
77399.6
304447
240289
131075
79041
59327.6
353867
60878.1
56948.4
74446.2
55701
51398.5
110521
211952
83852.2
122924
347688
80426.4
37060.5
51608.3
234805
83203.8
70524.7
60557.5
117443
55241.5
66322.2
84437.8
71027.8
71810.9
61834.1
58915.7
125616
130765
458132
83746.1
53691
69844.1
59120.9
61609.8
48326.5
51036
48958.2
44933.4
138877
77499
82514.8
68893.6
72920.4
198863
80452.9
53058.4
68171.7
67619.9
84178.6
315666
157954
284077
62911.5
54978.5
88346.7
280674
244907
52248.3
364740
52824.1
237065
284472
277854
54143.4
58722.1
3078
20267
42735.7
51619.1
297478
65815.3
143957
85386.3
87037.6
62777.7
61441.3
75908.2
74509.7
65184.6
64458.5
60303
56211
86798.6
82011
365695
57460.3
66599.9
82536.1
238161
74761
62266.8
69656.5
208468
90755.9
79983
57476
58796.7
50001.1
52710.1
20620.2
209483
68528.1
50144.7
55872.7
70390.3
62470.3
75595.3
55219.6
63306
71065
73972.2
73494.1
63944.5
63777
359904
13569.2
2438.56
144438
66537.9
57215
80808.4
54014
204125
72146.9
190402
192054
190540
52867.4
326339
82742.9
382288
211754
65707.6
72041.7
206.599
9083.57
99599.7
97327.9
312014
61373.1
69690.3
84813.4
173754
69094.1
102803
74470.5
265580
79526.8
72030.8
62568.3
56651.9
62119.7
79884.8
76875.3
83879.7
92783.5
429324
75984.2
75370.2
222291
217132
412850
59929.4
57314.8
337136
180538
402920
250145
8728.86
331022
313422
241837
182370
316510
59851.1
110876
79946
69221.4
84422.1
90796.4
194068
57562.1
54087
62313.7
61262
58718.4
59326.7
86648.9
80462.7
58219.2
61248.1
125958
123097
53719.6
52723.6
65915.3
71696.8
56225.9
67305.9
59692
65094.1
47571
81604.7
46794.9
348068
230092
222472
177349
56761.1
59014.6
64674.9
44565.5
52511.4
308516
120257
55997.1
54553.4
65194.6
64197.6
66569.6
65090.4
87868.5
89675.9
68004
67125.8
123448
120944
64098.1
62730
66364.3
63716.8
57893.4
59372.6
60648.9
68450.7
59184.5
67971.2
82334.7
77587.4
59808.5
52146.7
63322.8
50361.8
65300.4
67845.8
83714.4
89506.7
57288.7
57016.3
64393.4
60402.3
44857.2
46149.5
49341.4
47936.3
337102
76555.4
46876.4
49626.6
63622.1
67803.6
171423
411421
139530
2240.31
27142.4
4602.77
26511.7
79047.7
50515.2
49613.5
65156.6
62694.3
55050.4
56928
70056.7
73107.9
63113.8
66097.9
99446
105436
69503.1
70842.5
63670.1
64174.8
46517.7
45389
45768.1
45205.9
64710.7
62227.5
92922
85887.8
67710.5
67084.3
70371.3
65753.9
73327.4
70180.8
59370.1
61928.8
58549.1
61386.1
69690.1
67070.5
71446.8
84526.2
81874.8
72478
73514.3
73492.4
56126.4
73098.9
63184.7
321833
383846
66155.2
63852
46866.5
71580.5
54778.9
80872.8
65015.3
52946.9
75795
74015.2
249292
77550.6
60074.5
51135.4
53913
57332.4
61734.9
58840.2
55266.6
98691.5
102316
79052.2
67891.1
59242
50205.6
83371.4
79711.6
56158.9
52873.6
356915
208436
52389.5
48517.2
58683.3
121047
65590.8
69054.5
183892
59042.8
62816.9
114026
117462
59671.2
106524
95384.7
80502
76849.2
167002
80525
71206.2
146293
142913
378810
179487
50598.3
83617
57255.9
87602.7
291433
181734
172121
61593.2
171970
272320
325307
276062
84518.1
106049
166016
84515.1
297957
162510
114768
60528.7
64751.2
68464.9
69743.7
99088.6
68177.8
49920.6
46410.8
59633.4
61792.9
111063
59900.3
79543
56811.2
59209.1
53466
256057
55625.4
54084
3306.68
20962.4
127786
121628
58409.9
59978.5
55455.6
84953.3
67910.2
318184
82696.1
86425.5
47079.8
62381.7
55679.4
59485
68050
92519
64078.4
63278
44979.3
48415
61140.8
83266.1
58591.6
64371.9
60865.3
68038.9
295417
121236
51841.8
154060
56328.2
21345
135350
413373
172712
83790.7
75523.5
401224
352367
86928.7
196539
146047
61747.8
56262.4
74495.9
69123.6
52359.3
49813
78424.8
79694.7
160249
55885.7
57725.8
51055.1
49284.1
329246
108646
59133.7
58776.6
328474
153107
514195
69116.5
59540.6
93713.3
62228.5
65171.1
76290.7
92742.4
67138.9
51221.2
61134.3
45390
65819.5
56193.9
58640.3
265953
751.51
14171.6
6866.45
14716.6
53963.8
139359
47675.8
65155.6
56075.4
62251.7
68749
93530.2
67213.4
65666
85739.9
46134
63439.9
49740.7
61214.4
62920.7
70993.2
68380.6
197775
265060
155488
58988.9
67571.9
101622
101278
251933
79964.4
61997
61215.1
338469
53792.7
161491
80317.1
46687.5
50717.2
51129.8
54095.3
165188
107237
275864
61057
59009.4
66200.7
69105.3
304515
64114.3
83922.4
80954.2
58211.9
59270.4
61649.2
63018.4
252947
371037
67367
57801.1
70081.3
50260.3
64042.4
101319
64240.2
80331
297445
277533
265886
74851.2
52173.8
362672
67807.6
67900.6
413409
28040.1
3453.35
28704.7
2353.12
164027
68243.4
64582.2
76316.3
315278
80815.6
81757.7
43550.4
76768
248323
51373.6
4799.16
52590.7
1541.99
71551.4
64023.2
47112.4
132629
55810
226122
80377
171730
227798
118880
53869.5
191550
80921.2
131944
45213.8
65050.1
46598.4
92929.4
62292.3
63016.2
283180
83344.9
72981.5
91705.4
64920.7
254034
90163
69761.2
69663.9
172527
11940.4
57861.8
76718.9
80891
250371
74838.4
319899
116219
159011
330271
69830.5
49624
57263.2
72504.4
121630
83971
68557.6
71210
103543
38834
55351.1
72562.8
61465.8
46450.8
152165
84992
366925
70808
58282.7
61254.1
65586
76455.8
71185.2
95801.4
68593.8
77680
111320
119741
77885.9
59637.6
339025
340788
55761.6
58076.3
65044.6
66899.3
89119.2
87799.8
61413.8
64818.4
66716.5
62402.1
376740
80375.3
64084.9
68047.7
163442
46770.9
46902.5
67646.7
54361.8
65787
65043.6
74358.8
67782.2
485317
110124
228185
52750
77801.1
196434
265422
67527
62521.4
77921.1
79396.8
265859
471500
447557
109801
104846
146885
55104.6
60093
264136
80070.4
78050
392849
77477.1
80455.3
77823.3
80047.6
84753
89856.8
58841.2
58669.1
93039.2
38141.6
82685.9
65605.6
67573
233146
65481
52980
81846.3
58177.2
72876.8
74954.3
87337.6
62630.8
74123
60288.8
83236.2
55840.5
51437.2
54715.4
57599
58481.4
69537.9
68073.2
62171.7
60070.8
87966.5
81415.3
159044
57664.6
67726.3
80331.2
68608.8
51534.9
60639.6
77245
98907.8
191214
197310
72505.2
71816.7
66374.8
83520.4
75288
53802.9
59603.1
74350.7
91652.6
337655
73117.4
500138
363130
53945.1
56673.5
59283.6
51754.8
73890.1
70402.2
65244.7
63850.7
272789
61002.7
78078.1
63921
72327.5
55928.2
78366.8
161574
335998
296831
151218
328207
121316
359368
112853
81628.2
80275.9
77703.2
79737.3
103178
78460.1
65294.6
295706
83464.8
80656.3
64675.2
67868.4
113811
119240
228542
287311
283662
300741
192926
68380.8
277076
355406
335350
330169
48750.1
47270.6
54855.5
55379.6
46242.7
72427.2
63179.9
54628
70734.2
59998.7
60480.7
59743.7
246496
81739.3
66899.7
288911
169853
300566
76418.3
66123.9
123850
54410.9
345031
50515.7
306952
55164.1
52496.2
56373.9
58438.3
353631
73398.4
80850.6
72382.9
313772
84531.7
64426.1
66414.1
60377.6
66969.1
66544.8
65983.3
97100.9
63765.3
43329.4
43092.9
59494.4
64082.8
111428
62519.9
78184.1
57661.7
59646.7
51262
174636
78359.1
144260
55242.2
66545.2
99081.1
75676.8
258485
77506.4
344702
61164.3
63440.4
77257.5
110617
82374.4
41198.2
479431
58097
57777.8
119766
380457
56943.1
5415.76
58409.1
57054.1
2241.48
42924.3
39222.7
301677
54533.2
57867.8
55190.9
59056.4
85104.6
87007.8
79140.1
79759.2
54950
58122.5
246464
2857.55
19494.6
80144.7
88943.4
65866.7
76577.4
77921.2
82307.2
75546.3
76913.1
467445
56092.6
167459
63187
315252
82899
440195
364275
69437.8
60615.9
40789
279450
69346.2
62033.9
50986.1
56645.4
55455.7
54620.7
81387.9
84277.5
402666
59981
60252.3
19710.2
2846.02
21941.8
2051.01
102822
100445
9492.92
185677
320821
22285
49907.8
305605
347349
46256.7
69210.6
61121.1
51656.8
80679
62115.4
64703.3
60462.6
209002
188047
148161
303578
58632.8
62879.3
78851.9
132988
353354
84948.6
101162
105509
56093.3
57775
67138.1
67183.6
62471.2
63053.6
66808.7
68869.4
99882.7
51316.9
69111.5
47472.8
58976.1
62118
111624
80610.7
59527.6
60369.8
57227.6
54275
80285.2
57900.3
61224.2
57832.8
59074
67843.7
62848.6
67502.9
61086.8
119072
59023.4
80451.1
115572
78598.5
59231.3
52316.4
51151
62356.8
63322.7
62319.5
60973.2
123347
129895
65167.5
65146
92761.1
97656.9
67336.4
68846.2
64744.3
65473.5
57740.9
60016.8
67211.4
60854.2
368731
54659.8
57625.3
304737
53308.7
52853.7
207607
391650
159771
366721
74481
101386
60534.5
336075
71524.6
7120.12
76295.3
59721.6
71440.1
54673
62454.7
67474.1
60466.6
1561.72
17448.6
7525.58
17521.8
57172.4
289272
294749
66028.8
62780
81382.4
292725
183137
65725.2
54242.7
52981.5
5130.37
3205.08
319698
60782
65505.9
62990.6
88126.5
45277
67179.4
51042.5
374109
56158.9
59420.3
401033
129987
82392.9
81988.7
97264.6
70493.4
54007.1
48067.4
64079.3
66712.1
59524.6
58422.8
99254.8
333004
362429
82811.3
216141
270729
53199.1
214860
57940.9
57632.5
61017
63721.8
59245.1
57639.1
261325
52731.3
60127.6
315806
61180
60539.5
130678
155773
287864
81600.8
181302
177108
91292.1
96504.4
62285
63102.5
81172.1
81778.9
54960.3
333553
75187.3
130294
318311
58685.8
98150.4
434717
95159.1
61862.3
64737.6
322991
263905
49954.2
52730
101583
99822.8
62497.1
67636.6
81721.5
75041.1
73979.9
64140.7
69069.7
61781
52980.3
43498.3
42277.2
57927.1
85689.6
60195.3
70583.8
65082.7
66617.5
62574.9
98375.2
67908.4
67596.4
64626.1
53003.5
62521.8
47797.4
177427
490114
70236.8
49907
81896
66133.4
96113
82597
68726.4
60560.4
51222.6
393253
374177
143633
36317.8
138502
150190
58518.2
60486.9
62941
59448.7
77782.2
156396
145494
246579
240860
72701.1
94500.9
330267
56256.3
55948.6
56577.7
262678
177094
186627
57412.8
65684
260196
54417.4
103610
61376.1
60981.5
78400.1
102969
62743.9
49131.2
49729.3
59544.1
382761
69427.6
216183
71063.5
73109
211169
81290.4
63854.1
489798
69819.4
203164
76577.1
160660
173957
161471
373321
65579.4
62147.2
75764.9
79262.5
65401.7
57220.3
48531.2
2756.24
16854.7
59000.1
58363.1
142162
213720
62080.9
391863
83419.5
80037.2
61223.8
61752.6
141475
59933.5
61191.1
139482
1730.07
103212
9654.65
100831
208504
62955.6
61989.7
64660.8
121863
53380.9
84000.2
57173.9
64930
245304
182140
169030
381838
50286.3
54937.5
5187.98
53659.9
2631.35
80969.3
82997.1
72334.8
57042.2
62112.7
66543.6
49251.8
53690.4
389882
69110.8
72674.6
71603.1
67173.3
70598.3
76517.4
79236.4
67492.6
67366
58335
57755.8
395790
44472.8
46818.9
66404.3
64455.4
57187.8
123457
70527.6
69921.3
86336.2
170716
68005.4
63195
92780.7
94417.1
79428.7
74162.2
83278.2
74339.3
72039
332747
63399.6
54801
64093.5
55819.1
59378.5
59739.9
129727
125725
246054
84289.3
83079
47601.7
48922.4
58074.9
164822
61073.6
122117
48941.2
2689.59
23781.7
23144.8
72026.1
62174.1
80922
57028.6
7242.72
71374.5
179192
195991
456661
476782
61818.6
65547.4
68047.3
67635.6
104195
69685.3
48800.9
46649.9
59665.1
62479.6
116441
62527.8
81844.3
58969.7
58351.4
52227.6
395873
455877
377514
83786.6
63653.7
190922
204722
188910
176252
81953.1
82273.5
60363.6
67318.7
58195.3
69505.7
60331.2
90730
83461
57628.2
58677.3
190215
368192
59763
86277.3
35688.9
80795.5
75677.1
241892
67292.5
69639.4
108501
199448
110569
1356.96
10102.1
108030
95329.6
67143.4
69528.8
77841.6
85921.6
54224.9
68162.4
407521
125695
79153.1
47050.4
4996.98
45972.9
6560.16
61795
67905.8
95500.2
64819.2
449783
476766
56459.7
63118
65963.9
94465.2
62741
127941
59957.3
56309.4
65749
61459.5
51992.5
58532.2
117699
49363.7
78968.6
56202.4
60088.3
64655.9
76337.8
97110.1
285481
70763.1
65328.6
50813.1
55527.6
150230
74152.9
53416.7
62431.2
52093.9
294748
102858
57595.8
58549.9
62722.9
60031
78314
75325.1
58216.5
60270.5
73510.7
74345.6
77042.1
87404.9
87755.3
162026
90733.7
94120.2
2447.93
124480
121598
11628.6
337451
60142.3
57048.1
143609
59013.5
55682.8
252021
48450.2
106807
70205.5
67532.8
70829.5
66231.4
60788
77819.2
63487.6
92461.4
67904.4
65303.8
52630.3
56656.3
46137.9
58733.4
55530.3
68055.4
59754.2
86489.5
168300
69801.6
74814.2
41551.5
8510.85
88904.6
4063.05
86849.9
103398
119641
119040
54961.1
84132.4
82725.5
245729
76517.6
8810.3
235701
49876.1
138330
346277
146842
52772.2
56779
76243
59804.1
66679.2
316632
124978
84670.1
74749.6
74804.3
257702
50513
61056.3
72661.9
77525.8
53559
240317
57038.5
51159.8
472682
272596
64555.8
42365.4
137503
58437.7
52004.6
60722.9
60802.5
57718.5
10408
148886
11691.3
240432
292750
64637.2
66172.6
3330.42
6361.55
71349.4
65586.3
391419
339639
63711.6
101753
7455.74
2978.32
77173.5
79002.8
325347
194131
56993.2
59806.5
65032.5
64347.5
66416.3
69913.6
91970.4
100030
67134.5
62781.6
123586
133588
60542.6
60837
58091.8
63949.2
53835
62756.1
85328.3
59969.7
51916.2
79738.2
58568.5
60379.6
67535.6
62535.6
60495.8
67081.8
54132.7
130217
48796.2
63189.2
91118.3
64737.3
57235.4
180444
51566.9
55353.4
74099.3
59838
67186.5
67196.7
331933
116990
77154.6
261136
41500.3
65055.4
53643.6
59387.6
141090
344200
97078.2
58442.4
61137
63188.7
89367.8
65281.6
47852.5
45338.2
273474
47829.7
70277.9
308636
63112.7
63702.9
3237.83
166859
162995
15421.9
76337
80409.1
73670.1
62675.8
4236.07
41961.8
40987.5
4864.23
66601.6
60225.6
54118.9
62379.9
79761.4
100937
64387.3
76174.6
66176.9
35395.1
3693.58
5689.77
34578.5
315843
223040
40177.1
212143
89538.8
57836.9
58567.5
56759
62229.5
154158
74821.3
73267.2
76934.7
126399
336062
318831
74774.7
73354.9
50479.4
61544.8
77791.4
250823
193437
62887
84467.6
58639.3
78594
181726
60170.4
58918.7
55504.9
137496
126452
53922.6
53334.3
62349.9
64968.9
64308.3
75527
78014
59163.3
65778
54577.8
51412.2
65181.7
80500.9
91711.8
56312.2
340016
70812.2
71446.7
248947
139230
60062
61991.2
62736
59779.3
53777.7
73968.7
55757.9
71135.6
75949.6
76103.2
170556
157565
210635
98881.1
114772
294134
224858
70223.3
75826.7
64578.6
84640.9
56731.7
59143.9
336676
63913.1
65827
78091.4
339552
290439
52551.1
90116.9
54829.7
64461.1
312080
257113
60267.4
59365.8
90126.7
81943
56437.5
59208.4
73914.9
74993.5
49338.8
332341
61004.3
70159.9
59020.3
54105.3
53054.3
68723
85163.3
86312.7
511879
60461.4
69150.3
58607.7
76832.6
355511
189038
70552.3
99183.8
63250.9
148904
75003.9
62831.1
65824.1
144199
17118.3
99375.4
146625
65189.2
56783.4
47673.7
80374.1
64750.8
169798
98190.7
71455.6
175422
61039.8
65070.9
61738.8
65308.2
102949
69955.1
50525.2
46521.6
57676.2
61083.1
116783
59479.1
84091.7
62428.7
56924.4
55921.1
128547
162713
162283
497385
342884
73390.9
279800
190480
287097
86964.5
77979.2
178465
51116.2
53389
2313.59
17633.6
49993.2
53879.5
126559
54557.8
111981
346193
510180
50934.5
149800
66447.2
72089.4
47911.7
86335.1
58701
89113.2
121822
446949
68683.5
88844.1
69546.2
66969.3
58398.8
63706.2
65975.4
75185.1
462930
124206
57569.5
116201
56112.3
14797.3
220025
57085.9
61577.3
107514
67051.6
53127.6
55699.1
236776
74447.6
117660
68832.1
496618
74394.1
64963.8
78324.7
390566
77036
61318.3
59475.9
54099.2
53008
73708.9
71925
87289.2
295186
81323.7
57028.4
52062.3
72170.7
62786.7
79942.6
72817.3
94793.8
448536
76338.6
52920.3
56798.6
74662.4
57462.3
63881.3
85411.9
62131.3
85840.1
82150.9
54252.9
55531.9
60665
61787.7
53991.5
98118.8
54642.1
106741
140857
332148
66909.3
116742
66282
72899.3
198464
120664
60018.6
59535.6
129629
65323
100492
155430
69162.8
62613.3
78551
59387.5
54931.9
305142
49423.6
74529.3
54462.7
63851.2
80997.8
68012.5
69560.1
123159
298716
2610.6
18432.7
56866.3
294979
44206.7
43851.6
356065
51203.5
58344.7
54347.1
63876.5
61830.5
62038.9
66469
46063.2
97911.2
50901
68530.5
60575.3
61045.6
111994
81930.8
63130.5
59400.1
57601.7
55698.2
52951.6
65424.9
75663.5
18666.3
52999
77887.1
60525.7
132471
56131.2
21046.7
2594.51
55912.7
102053
21411.1
326555
230786
71486.5
250992
263131
53101.8
55620.8
56272.2
269151
68644
71906.4
59731.8
70200.6
375300
374023
83467.9
81094.4
71395.7
4025.63
37697.6
36831.3
5978.7
4504.98
43548.8
42543.6
5266.84
75545.6
67208.4
80237.2
67307.5
57443.7
59932.4
347673
83065.4
80306.9
55780.8
52046.9
333804
276938
7803.31
81820.3
3284.38
79925.5
6830.64
70980.1
3596.86
69337.5
65679.6
76463.3
77285.5
55313.1
54576.4
54137.3
52638.8
74826.2
71259.8
14380.1
2714.27
378729
58813.6
121032
9411.43
153948
150387
291904
80224.2
2731.6
134205
131103
12411.8
10856.7
107033
59360.7
53651
74890.4
93931.5
62028.1
73909.7
77811.3
284458
80951.5
59084.6
68066.7
88762.7
70366.4
71186.3
221206
50481
73130.5
130358
266377
393831
79414.1
78020.2
57193.3
190565
186977
67994.5
116498
70375.6
52069.3
62730.8
57374.7
73779.3
54638.1
50407
69619
257180
59050.4
50473.4
62391.4
272077
280533
55806.4
56113.1
57766.6
289286
458763
59022.8
291322
15801.9
272425
58216
59526.2
51190.9
76103.4
81248.3
76524.9
95293.5
87230.3
127740
87378.1
447509
129283
3218.21
36642.7
35787.7
3288.09
56239.6
59262.8
82780.5
87226.7
63313.4
169868
256492
197801
86712.4
67940.1
60699
53103.8
58901.2
86054.6
84180.5
80342.3
81534.8
59316.6
58286.2
150142
69185.5
55897.8
61840.4
49415.8
51138.1
64066.6
49568.4
160933
143752
80523.3
99843.9
219207
59263.4
54135.5
56337.3
60752.5
248815
370420
76384.1
51185.9
53716.4
54934.7
78945.6
50106.4
50787.6
152140
56898.2
81351.2
57184.5
65581.7
46072.7
68123
50642.1
63404.2
58094.6
77415.5
85504.9
61014.9
91201.3
74972.5
48229.5
60334.2
56600.5
171070
325582
70302.4
57867.5
53184
306049
177441
173858
54232
58966.1
70931.7
82936.4
132544
53631.5
85337.3
60682.4
60601.8
65052.2
67321.1
67894.5
98384.7
67062
48305.7
46300.4
62285.5
58027.6
58838.8
111065
57022.8
79223.9
58464.7
52290.2
269962
395197
53250.2
79285.8
83761.5
67257.3
86955.3
78075.5
75328.8
75321.3
385843
80557.5
59625.7
301610
61634.5
78285
56651.3
56126.6
101911
55280.8
63730
276340
342172
84052.9
48501.7
83893.1
58278.6
58794.6
146068
74810.6
74797.9
63460.8
55117.9
45455.2
63766.3
44006.3
94844.2
64596.8
82847.9
69199.8
60328.9
64341
71979.2
139922
86212.2
68334.4
59637.6
84148.3
56669.5
73809.6
74074.4
53407.7
265432
74917.4
48512.2
70973.7
69187.1
56777.1
47150.8
98388.9
96131.6
158900
131444
137129
78004.2
76580.8
65028
66400
111594
73197.8
63851.1
53820.3
125660
72951.1
119349
152439
74213.4
58914
64147.7
69491.2
52088.6
80964.7
80254.5
85550.1
90272.1
56596
55902.8
64561.8
63787.9
68197.5
307364
23635.4
23028.4
2396.1
54857.7
266327
261999
64116.2
78090.3
74010.4
64287.3
59548
59958.6
66253
91134
88621.8
72572.1
77222.4
246301
79394.5
52961
55103.2
56441.1
58619.3
83722.9
89708.4
102259
93655.5
117699
112614
142966
70338.5
72358.2
57009.9
65422.1
78670.8
61120.2
63834.9
72215.3
108264
62683.6
313951
56868
55751.9
54454.5
61230.2
68803
79927.9
62690.4
154330
115969
62777
80153.1
58652.6
63869
78680.4
82104.2
160517
156827
58715.2
59037.4
74765.5
84682.7
99200.5
102043
107455
79823.8
82699.5
67199.4
67106.3
56042
55246.8
49193.9
48851.8
77370.6
115815
218042
58744.5
84053.2
138637
316209
198903
58116.5
57773.1
64452.7
48338.1
51812.6
54990.8
67316.9
68779.3
79545
2136.34
14900.3
74420.8
81367.7
57370.1
159419
50088
87296.2
53460.9
60823.2
145369
143924
89341.8
62051.1
72680.8
66470.7
57489
89370.1
54790.2
138962
330596
57985.3
78578.2
53361
74201.3
58743.5
68464
58406.7
212651
58290.6
52746.2
71230.3
58134.4
53034.7
74547.8
50400.8
65088.1
62272.5
60147
65203.8
57572.4
62207
77968.9
77362.2
60044.2
77051.8
56312
147765
61605.3
59257.7
74897.2
61998.7
56848.1
77836.4
72096.8
72430
218637
58208.2
202589
187703
63530.1
71973.2
55271.8
46330.1
70859.7
80371.9
58656.9
90045
243950
86948
76101
55511.6
56117.4
75444.7
85339
87647.7
57060.7
57141.3
83907.5
81621.3
69289.4
70869.2
60108
60165.4
54638.7
53371
67124.1
65610.5
80505.7
92732.5
49916.4
75707.7
60306
61391.4
56028.7
240655
71119
63320.9
75687.8
57294.9
48776.2
69101.5
128395
92825
55163.8
54330.2
58507.7
55058.2
158352
147896
74771.6
50742.4
102795
99885.4
57233.8
79122.6
94994.1
80263.7
64436.4
59219.2
46654.1
56240.9
51782.8
69453.4
67314.3
96169.9
62187.3
63937.9
57509.1
60151.7
65446
79098
78892.4
58749.5
60150.3
149619
60607.5
62563
50289.4
48444.7
49701.4
52425.7
59313.6
62077.8
134266
81674
141050
74959.3
54451.2
51504.8
329886
84059.6
92007.3
59672.8
64691.6
71783.4
85195.3
104620
96981.4
52808.5
53851.8
58919.4
52473
281160
107784
57974.5
57904.7
290504
305089
140056
164997
87581.8
46341.8
55739.1
72952.2
68952.1
60891.5
105313
67101.2
72407.6
83319.9
60238
123126
60386
327255
96631.1
70234.8
290156
311877
252307
173550
150113
72912.6
56778
71882.6
80425.2
66979.2
80605.3
75411.5
59556.9
54150.5
56051.3
58813.8
52758
61931.1
41771
50294.4
50158.5
333160
216645
230021
79958.6
62530.6
82005.1
73530.4
325944
60077.9
80225.2
71004.2
318417
284417
211285
82079.2
61078.2
62769.5
80316.3
52945.8
52929.3
58868.8
74029.9
73742.5
58576
357360
90754.5
90497.3
77769
74143.8
66130.8
71149.7
62859.8
60262.8
65594.5
74290.8
109433
351439
187763
274966
55329.3
56140
59176.6
61658.1
61672
80867.3
111862
65592.3
68476.1
62825.5
67604.4
71780.9
71982.8
100248
53615.8
48289.7
63372.4
210199
76462.3
70229.1
55712.3
43836.3
376923
80601.2
76316.9
297001
107929
114995
60025.1
63361.6
204903
264051
71493.3
65088.8
75750.3
264079
259287
76727.4
74524
106335
55883.1
99635.3
63998.8
59185.4
66835.8
163363
64881.7
67824.6
71053.3
80751.8
263496
58086.2
194753
191269
47913.8
65495
60102.5
88523.9
58936.2
78179.6
78401.4
60669.6
59768.2
282832
197435
66613
67259.9
53653.6
47210.4
77753.2
124367
61893.4
64228.4
86413.4
83271.5
197468
111330
106877
70073.1
65957.3
65991.4
68605.5
84863.9
80350.2
134508
240089
113128
51413.6
59883.3
43388.6
42097.3
47869.8
62777.3
48688.1
62078.7
55527.9
56032.7
60232
60574
87486.8
92375.9
79328.9
80821.1
60195.9
59033.9
139519
162127
184616
65045.6
120203
59725.9
298482
18722.2
19432
1929.71
82089.9
47684.6
147527
79943.9
73976.1
63967.8
101111
82077.5
132780
98015.8
106579
113809
2073.89
17128.9
69915.6
100445
80473.2
68380.7
58589.2
50617.8
64223.3
62979.7
58770.4
52793
326960
48556.6
48946.6
56245.8
70399
71657.2
68365.8
66524.5
80368.7
67052.7
52621.3
63049.7
79141
99546.9
64973.2
353724
100055
67040.9
59725
73516
49243.1
62017.3
293577
79741.2
56855.6
52281.1
52380.2
67421.4
68891.3
57838.9
58101.7
87332.7
80412.4
81461.8
362447
141563
56368.6
60685.8
76464.2
223037
67478.4
130179
80705.4
77935.8
159238
234447
53778.7
56473.3
76083.6
169777
54474.5
60728.4
55366.1
104969
168359
59614.1
49601.7
48688.6
184940
82774.6
59556.7
81433.6
66965.5
259288
265685
380157
81618.5
319794
363367
131179
82620.7
59272.6
61438.9
48241.4
46437.5
65570.4
41631
43608.5
55286.1
58642
57102
62535.1
62350.1
73037
158389
68745.8
52013.9
112377
73965.3
60058.5
54351.8
75509.1
81323.5
62863
354889
72716.8
82973.8
57148.8
52626.6
57398.9
66963.4
239077
233543
57837.4
80400.1
72918.2
75340.2
75842.8
79385.2
194367
346298
80705.4
82728.3
62956.1
65041.7
48396.2
53820.9
60511.1
71841.7
65422.4
57264.4
61597.6
54718.1
59409.7
251726
184096
72587.8
60918.1
55744.7
251887
177981
54091.2
65792.4
64434.2
103851
137485
76478
77230.9
65429.9
59301.8
50069.1
59100.7
253537
77655.5
87102.7
64716.9
57858.8
55459.5
59698.2
56105
52438.4
78886.5
70544.5
65318.6
78432.7
137433
201396
103062
68832.1
51434.6
78849.2
83723.8
61670.4
67084.4
73483.6
81914.9
82756.5
84331.5
273618
78239.9
82795.7
54899.4
61794.9
66218.5
240124
67851.9
69858
80536.3
47981.8
81208.7
86960.7
171718
47599.2
49133.9
58405.3
56548.8
53064.3
53909.9
54909.4
81899.4
87303.8
57294.2
75589.8
76333.1
66504.8
126010
316670
187849
148901
69733.1
209157
368022
60785.6
60308.2
61016.6
123713
297233
273252
86606.8
82466.5
81513.6
69672.8
83016.6
248663
74936.5
280189
59374.3
68790
64419.4
83977.2
351770
334789
199448
359050
76556.5
83993.9
77848.5
58812.8
76351.6
47376.6
66522.7
49300.5
60591.4
176554
223710
74403.7
74898.9
60795.2
60193
56857.3
53434.2
73032.7
76381.3
75680.7
63409.3
70421.2
109800
101082
141475
357948
73583.8
75922.7
71967.9
70136.6
59010.8
60699.7
50584.6
48438.1
76581.8
77709.2
74308.9
183464
322579
239577
60877.9
62925.9
56363
249027
55267.2
177581
59310.3
66883.9
89962.3
67112.5
64357.2
64476
61112.8
57558.4
72581
109800
69463.4
77414.3
79139.8
113275
269977
237051
364181
180620
65556.7
63291.5
55538.3
185938
76717.6
68011.5
216630
62018.2
309293
73783.6
266273
103978
60267.2
56911
75204.2
73946.2
84826.3
83712.1
54873.9
54320.8
203785
58985
57322.2
79686.2
76060.4
88989.1
89151.2
77627.8
77630.2
63779.7
66790.3
345238
261966
104489
107535
117643
281028
215230
79527.4
72203.9
55254
60540.2
188579
53048.9
57499.7
88077
47164.8
328863
61843.7
57210
71884
54689.2
79795.9
57986.3
80769.5
50029.2
218223
73231.6
211508
95316.7
88882.5
305094
77340.7
60753
55533.5
60697.8
73761.3
62552.7
83173.3
82625.8
68058.1
78707.3
66526.5
75205.6
62892.9
78216.1
51619.5
69924.7
56590.2
223099
81956.4
108329
338110
63454.7
62050.3
81249.3
356163
19497.8
2228.28
20178.1
81795
48782.7
321120
265550
52660.4
48566.5
62973.8
62579
114342
66227.2
74537.1
142825
146482
81252.7
46768.6
70861.2
54669.3
59863.7
70830.7
82886
83784.1
58237.2
111664
)
;

boundaryField
{
    frontAndBack
    {
        type            empty;
    }
    topAndBottom
    {
        type            calculated;
        value           nonuniform List<scalar> 
452
(
156720
36098.6
207560
38965
279255
291631
52412.3
149080
380237
60915.3
63784.4
66149.5
61451.7
82661.2
57073.2
43420.4
44229.2
60443.2
65136
95754.8
66826.1
61431.5
53753.3
62090.7
47598.7
53649.7
58643.4
36430.9
385034
391258
40916.1
54903
265703
55799.9
55368.5
57357.5
46876.4
49659.5
52120.8
63980.3
54019.2
204211
38935
222016
45590.9
40252.9
268948
274946
397625
55522.1
60119.1
63217.5
88102.7
58929.2
120340
61490.6
53344.8
46560.5
49769.4
109877
72177.7
51374.7
60421.4
59350.6
59794.1
225847
336500
36247.8
42381.7
354156
37420.7
183020
199649
35781.4
54373.9
304692
46612
38266.5
40620.5
347975
35511.8
40200.7
43034.4
319517
37197.3
37594.2
293031
376464
36023.7
50306.7
54124.4
60992.7
49768.4
50728.5
60918.1
69615.8
67289.1
66724.5
87607.5
57914.9
40911.2
42036.6
62500.3
66771.2
101386
69464.6
64414.5
53323.5
60490.1
48215.5
47343.9
54665.8
57229
55482.4
2859.16
33416.7
32641.3
2749.14
161137
45274.5
53263.8
145906
63189.9
49614.5
55401.9
138178
197885
385311
389909
150758
54036.2
60797.7
62462.7
70098
66811.9
66210.5
91878.8
60430.1
41631.3
42001
62514.8
65916.8
105964
72558.9
65835.4
53816.7
61329.3
48034.1
56676.3
61533.3
65428.4
92416.9
60334.7
123815
60820.4
53641
58150.7
60087.5
62560
48330.2
75526.5
115060
53346.4
49746.3
4080.98
23526.4
22916.9
1797.21
64485.9
60683.1
58126.8
81596.5
49554.2
57954.7
54451.4
59915.9
128808
94903
62791.7
66051.7
62298.7
55712
53496.7
119245
399044
37226.1
250030
376825
234247
384415
52888.1
124229
50683.7
51703.4
63365
54012.2
59049.9
5422.08
1170.75
57685.2
393355
49124.3
42116.9
40570.9
133253
202933
126137
123289
48893
11601.4
270.026
366065
9067.37
38319.1
36526.5
54756.5
373334
49580.7
37313.6
358251
56174
258661
175338
230751
235893
190869
40879.5
303091
38449.4
334251
362933
50274.7
52688.3
324422
42466.2
49509.3
280476
56432.7
153556
42142.6
39502.2
37312.1
290587
244572
164389
50035.6
47899.5
41458.5
63748.6
55746.5
166192
162493
55400.3
56752.2
59828.5
48058.3
54223
48393.4
62690.6
58692.5
51552.8
52358.9
157312
55402.7
56050.4
217768
169920
54492.1
56863.1
48967.5
60457.2
48823.2
53464.6
215599
272199
54405.6
58215.9
61473
84959.5
59947.4
118830
60192.4
55063.5
44793.9
46795.2
69051.5
104861
54970.7
62398.5
62637.2
63021.9
42621
48328
63715.3
57213.8
55398.4
42361.4
60869
55989.3
56810.2
63552.7
57110
233534
250883
62548.3
66379.1
63122.3
63883.9
43770.1
80297.8
55189.5
43913.7
62021.1
65230.3
94067.9
65355.7
62076.6
53718.1
64158
46325.3
39569.5
44854.1
338324
331132
184317
56835.3
170288
161886
36871.1
285134
189.056
9181.98
100323
98034.4
173839
46161.3
349109
384985
48781.8
50599.2
55550.8
58316
51181.2
49829.8
746.9
14209
6943.01
14765.2
372210
28211.7
3472.72
28880.4
2366.98
51597.9
4823.31
52820.5
1550.43
64236.8
47268.3
133568
55232.9
12018.6
38361.4
46605
266364
147452
54948.2
60345.9
393926
38335.5
307930
314758
60853.8
67191
66412.8
65867.8
96881.5
63495.4
42816.9
42721.2
59791.8
64301.1
111490
62960.7
78206.8
57735.2
59912.8
51343
41062
38002.4
39633.9
403711
49593.7
264255
43415.5
42219.4
57796.6
85822.4
60156.9
70490
64948.4
66712
62446.1
98392.5
67822.6
67526.6
64632.4
52979.5
62492.1
47750.3
35764.8
56494.4
56249.2
374770
245940
49071.3
179467
196234
35407.6
56564.9
63089.4
66059
94745.8
62480.6
128300
60115.6
55972.9
65766.9
61583.4
51700.7
58628.6
117903
49261.3
79019.4
56091.4
60698.3
56822.5
144254
41411.6
53807.3
241034
42071.5
61145.4
61056.3
53513.7
130759
49039.3
63125.8
332634
41721.4
344865
223421
)
;
    }
    right
    {
        type            calculated;
        value           nonuniform List<scalar> 
20
(
76145.7
76407.4
75073.7
78562.5
78602.8
75860.7
75355.5
75767.4
76302.8
75342.9
75151
76830.1
74994.7
78739
76313.2
76851.8
78251.9
75055.6
78340.7
75629.2
)
;
    }
    left
    {
        type            calculated;
        value           nonuniform List<scalar> 
120
(
29249.4
3674.15
28602.7
487404
475296
329920
373826
475530
490672
18457.6
4454.13
40125.9
39216.5
7583.38
5689.72
55541.6
54262.8
5746.93
105317
9916.69
3725.42
102883
75713.7
7377.89
4527.25
73964.6
10033.6
13698.4
3246.44
18079.3
194801
190284
143558
3326.08
13263.2
140237
330203
404649
473897
462416
408076
398535
417619
332820
3471.59
24709.1
25195.4
346286
467188
342081
34179.9
4014.69
33423.3
64423.5
62936.1
6427.59
5052.82
483871
8658.79
122226
3473.79
119399
11395
15855.7
436119
421476
316815
309429
350012
355433
360154
434168
423863
456664
445761
504004
486845
349241
341079
501290
488472
381063
372154
253469
247577
285348
278706
223346
218162
3329.23
21105.6
21512.5
514265
500172
440367
369037
394066
456973
455859
407701
47425
5036.65
46339.3
6613.08
8578.13
89635.8
4095.27
87564.3
472894
11768.4
3260.9
168082
164190
15526.5
511919
497475
343300
510717
497074
390245
)
;
    }
}


// ************************************************************************* //
