/*--------------------------------*- C++ -*----------------------------------*\
| =========                 |                                                 |
| \\      /  F ield         | OpenFOAM: The Open Source CFD Toolbox           |
|  \\    /   O peration     | Version:  2.3.1                                 |
|   \\  /    A nd           | Web:      www.OpenFOAM.org                      |
|    \\/     M anipulation  |                                                 |
\*---------------------------------------------------------------------------*/
FoamFile
{
    version     2.0;
    format      ascii;
    class       volScalarField;
    location    "0.43";
    object      k;
}
// * * * * * * * * * * * * * * * * * * * * * * * * * * * * * * * * * * * * * //

dimensions      [0 2 -2 0 0 0 0];

internalField   nonuniform List<scalar> 
9648
(
2.70661
2.71772
2.71698
2.71433
2.70871
2.6992
2.68581
2.66871
2.64775
2.62284
2.59401
2.56145
2.52553
2.48677
2.44579
2.40328
2.35995
2.3165
2.27354
2.23159
2.19108
2.15235
2.11568
2.08121
2.04903
2.0192
1.99172
1.96658
1.94374
1.92314
1.90468
1.8883
1.8739
1.86142
1.85075
1.84184
1.83459
1.82896
1.82486
1.82224
1.82107
1.82129
1.82286
1.82577
1.82998
1.83549
1.84231
1.85048
1.86
1.87091
1.88327
1.89711
1.91248
1.9294
1.94789
1.96783
1.98898
2.01086
2.03301
2.055
2.07644
1.73215
1.73747
1.74015
1.74169
1.74415
1.7504
1.76264
1.7824
1.80961
1.84428
1.88627
1.93504
1.98978
2.04949
2.11317
2.17981
2.24847
2.31831
2.38863
2.45883
2.52842
2.59706
2.66448
2.73051
2.79499
2.85794
2.91938
2.97939
3.038
3.09534
3.15154
3.20667
3.26086
3.3142
3.36678
3.41868
3.47
3.52088
3.5713
3.62127
3.67088
3.72025
3.76934
3.81815
3.86676
3.91505
3.96303
4.0108
4.05844
4.10578
4.15281
4.19934
4.24548
4.29085
4.33572
4.37982
4.42336
4.46563
4.50687
4.54713
4.58646
1.41183
1.46154
1.51573
1.57474
1.64079
1.71538
1.79822
1.88912
1.98734
2.09231
2.20282
2.31796
2.4366
2.55756
2.6797
2.8019
2.92325
3.04287
3.16
3.27405
3.38456
3.49129
3.59406
3.69276
3.78742
3.87807
3.96497
4.04823
4.12819
4.20504
4.27893
4.35017
4.41893
4.48538
4.54973
4.61224
4.67302
4.73225
4.79003
4.84646
4.90167
4.95573
5.00878
5.06088
5.11202
5.16221
5.21143
5.25977
5.30708
5.35336
5.3986
5.44283
5.48628
5.52825
5.56966
5.60951
5.64854
5.68565
5.72207
5.75738
5.79163
1.32152
1.41633
1.51989
1.6316
1.75174
1.88055
2.01775
2.16241
2.31325
2.46896
2.62796
2.78889
2.95031
3.11101
3.26973
3.42539
3.57712
3.72411
3.86572
4.00146
4.13112
4.25453
4.37171
4.48273
4.58772
4.68699
4.78083
4.86976
4.95403
5.03402
5.11014
5.18256
5.25173
5.31789
5.38135
5.44247
5.50145
5.5585
5.61375
5.66741
5.71963
5.77056
5.8203
5.86901
5.9167
5.96343
6.00924
6.05416
6.09812
6.14112
6.18329
6.22429
6.26434
6.30324
6.34152
6.3786
6.41453
6.4493
6.48297
6.51558
6.54691
1.34704
1.48076
1.62667
1.78295
1.94872
2.12354
2.30639
2.49568
2.68972
2.88656
3.08432
3.2812
3.47575
3.66665
3.85272
4.03274
4.20593
4.37164
4.52928
4.67874
4.81989
4.95274
5.07746
5.19414
5.30321
5.40512
5.50055
5.58985
5.67362
5.75221
5.82593
5.89548
5.96106
6.02326
6.08234
6.13875
6.19279
6.24454
6.29429
6.34223
6.38855
6.43347
6.47717
6.51976
6.56132
6.6019
6.64155
6.68029
6.71821
6.75509
6.79109
6.8261
6.85997
6.89273
6.92457
6.95555
6.98539
7.01416
7.04178
7.06811
7.09318
1.42666
1.59466
1.77809
1.97413
2.18063
2.39626
2.61927
2.84759
3.07889
3.31069
3.54083
3.76708
3.98812
4.20248
4.40943
4.60752
4.79583
4.97411
5.14176
5.29911
5.44635
5.58331
5.71045
5.82769
5.93587
6.03597
6.1284
6.21433
6.2934
6.36642
6.43416
6.4967
6.55544
6.61041
6.66201
6.71074
6.75697
6.80067
6.84219
6.88185
6.91972
6.95617
6.99141
7.02564
7.05883
7.09112
7.12267
7.15323
7.18307
7.21204
7.24005
7.26708
7.2931
7.31794
7.34182
7.36473
7.38673
7.40775
7.42749
7.44573
7.46284
1.53816
1.73747
1.95542
2.18778
2.43102
2.68317
2.94172
3.20415
3.46785
3.72925
3.98653
4.23654
4.47839
4.71053
4.93338
5.1443
5.34261
5.52859
5.70129
5.86201
6.01111
6.14785
6.2734
6.38695
6.4904
6.58482
6.67119
6.74998
6.82123
6.8854
6.94367
6.99684
7.04563
7.09099
7.13245
7.17078
7.20685
7.23987
7.27089
7.30011
7.32735
7.35319
7.37791
7.4018
7.4245
7.44639
7.46765
7.48812
7.50806
7.52712
7.54534
7.56253
7.57876
7.59373
7.60749
7.62054
7.63285
7.64423
7.65413
7.66237
7.66946
1.66905
1.89696
2.14675
2.41229
2.68865
2.9728
3.26243
3.55469
3.84623
4.1327
4.41262
4.68132
4.93899
5.18326
5.41753
5.637
5.84108
6.03122
6.20493
6.36472
6.51216
6.6446
6.76581
6.87213
6.96694
7.05272
7.12888
7.19834
7.25807
7.31023
7.35746
7.39802
7.43501
7.46828
7.49698
7.52232
7.54543
7.56467
7.58259
7.59925
7.61357
7.62632
7.63811
7.64934
7.65914
7.66849
7.67691
7.68482
7.69228
7.69919
7.70518
7.71022
7.71458
7.71721
7.71866
7.71967
7.71955
7.71951
7.7174
7.71304
7.70814
1.81054
2.06182
2.3405
2.63321
2.94027
3.25105
3.566
3.88563
4.19855
4.50716
4.80455
5.09024
5.35851
5.61015
5.85007
6.07481
6.28158
6.47265
6.6483
6.80405
6.94487
7.07062
7.18351
7.28335
7.36693
7.43954
7.50407
7.56098
7.60617
7.64402
7.67791
7.70627
7.72967
7.74787
7.76053
7.77125
7.77654
7.77889
7.7815
7.78208
7.7806
7.77632
7.77381
7.76985
7.76399
7.75962
7.75121
7.74404
7.73459
7.72545
7.71434
7.70354
7.69337
7.68086
7.66728
7.65411
7.63757
7.62546
7.60836
7.58762
7.56859
2.09703
2.11661
2.13531
2.15311
2.17003
2.18623
2.20193
2.2175
2.23314
2.24785
2.26133
2.27421
2.28661
2.29872
2.31085
2.32361
2.33738
2.35245
2.36918
2.38801
2.40867
2.43073
2.45391
2.47779
2.50207
2.52676
2.552
2.57751
2.6032
2.62914
2.65543
2.68197
2.70876
2.73597
2.76351
2.79138
2.81968
2.84848
2.87773
2.90736
2.93748
2.96818
2.99943
3.03119
3.06359
3.09645
3.12979
3.16375
3.19838
3.23354
3.26928
3.30569
3.34287
3.3806
3.41921
3.45862
3.49913
3.54046
3.58293
3.62668
3.6718
4.6249
4.66125
4.69668
4.73132
4.76495
4.79711
4.82733
4.85627
4.88291
4.90878
4.9329
4.95598
4.97795
4.99888
5.01869
5.03723
5.05462
5.07081
5.08584
5.09968
5.1124
5.12403
5.13444
5.14368
5.1518
5.15874
5.1644
5.16852
5.17119
5.17239
5.17211
5.17041
5.16733
5.16286
5.15702
5.14991
5.14147
5.13182
5.12091
5.10877
5.09546
5.08102
5.06554
5.04895
5.03126
5.01238
4.99223
4.97087
4.94821
4.92429
4.89908
4.87251
4.84473
4.81528
4.7849
4.75297
4.72013
4.68589
4.6513
4.61621
4.58079
5.82423
5.85571
5.8856
5.91455
5.94246
5.96977
5.99521
6.01937
6.0413
6.06194
6.08089
6.09858
6.11484
6.13005
6.14397
6.15654
6.16778
6.17765
6.18616
6.19329
6.19911
6.20359
6.20674
6.20857
6.20906
6.20819
6.20599
6.20243
6.19746
6.19102
6.18316
6.1738
6.16298
6.15073
6.13706
6.12201
6.10556
6.08773
6.06853
6.04801
6.02623
6.00328
5.97922
5.95407
5.92781
5.90037
5.87162
5.8415
5.80997
5.77702
5.74264
5.70656
5.66891
5.62953
5.58863
5.54592
5.50161
5.45596
5.40942
5.36208
5.31405
6.57723
6.60626
6.63404
6.66025
6.68521
6.70896
6.73126
6.75202
6.77107
6.78848
6.80423
6.8184
6.83102
6.84214
6.85166
6.85973
6.86631
6.87138
6.8749
6.87689
6.87739
6.87647
6.87415
6.87047
6.86535
6.85876
6.8507
6.8412
6.83028
6.81791
6.80403
6.78858
6.77158
6.75304
6.73304
6.71156
6.68859
6.66409
6.63807
6.6106
6.5818
6.55177
6.5207
6.48867
6.45572
6.42179
6.38668
6.35034
6.3127
6.27376
6.2334
6.19148
6.14797
6.10278
6.05585
6.007
5.95642
5.9044
5.85142
5.79751
5.74308
7.11697
7.1396
7.1608
7.18042
7.19836
7.21472
7.22946
7.24253
7.25423
7.26458
7.27338
7.28068
7.28647
7.29068
7.29334
7.29456
7.29419
7.29224
7.28864
7.2834
7.27663
7.26846
7.25898
7.24823
7.23613
7.22263
7.20774
7.19151
7.17404
7.15533
7.1353
7.11379
7.09077
7.06626
7.0404
7.01312
6.98434
6.95404
6.9221
6.8886
6.85371
6.81756
6.78045
6.7426
6.70416
6.66513
6.62517
6.58427
6.54234
6.49951
6.45542
6.40986
6.36294
6.31438
6.26409
6.21163
6.15744
6.10163
6.0449
5.98719
5.92907
7.47862
7.49311
7.50603
7.51749
7.52721
7.5352
7.54157
7.5462
7.54915
7.55054
7.55055
7.54916
7.54628
7.54183
7.53582
7.52842
7.51958
7.50909
7.49682
7.48271
7.46701
7.44994
7.43168
7.41236
7.39182
7.36992
7.34671
7.32228
7.29693
7.27075
7.24374
7.21546
7.18592
7.15501
7.12305
7.08983
7.05516
7.01905
6.98125
6.94178
6.90081
6.85841
6.81506
6.7712
6.72712
6.68313
6.63843
6.59341
6.5477
6.50184
6.45504
6.40681
6.35763
6.30695
6.25481
6.20011
6.14373
6.08548
6.02678
5.96691
5.90673
7.67535
7.67998
7.68306
7.68458
7.68436
7.68237
7.67859
7.67319
7.66608
7.65711
7.64675
7.63525
7.62232
7.60784
7.59171
7.57446
7.55617
7.53621
7.51428
7.49013
7.46418
7.43697
7.40865
7.37965
7.34968
7.31829
7.28559
7.25152
7.21689
7.18207
7.14747
7.11195
7.07583
7.03856
7.0009
6.96233
6.92209
6.88057
6.83748
6.79275
6.74631
6.69801
6.64857
6.59867
6.5488
6.50009
6.45056
6.40175
6.35251
6.30468
6.25652
6.20658
6.15633
6.10468
6.05228
5.99631
5.93922
5.87965
5.82085
5.76038
5.70001
7.70185
7.69468
7.68585
7.6759
7.66423
7.65114
7.63593
7.62012
7.60275
7.58265
7.56118
7.53921
7.51568
7.49074
7.46348
7.43546
7.40778
7.37874
7.34767
7.31329
7.27629
7.23855
7.19957
7.16013
7.12069
7.07978
7.03743
6.9925
6.94677
6.90161
6.85896
6.81575
6.77352
6.73049
6.68872
6.64694
6.60223
6.55558
6.5082
6.4602
6.40999
6.35701
6.30247
6.24709
6.19153
6.13897
6.08443
6.03229
5.97946
5.93112
5.88372
5.83313
5.78312
5.73185
5.68113
5.62478
5.56857
5.50856
5.45186
5.39267
5.33456
7.54623
7.52479
7.49982
7.47618
7.44959
7.42538
7.39671
7.37101
7.34517
7.31611
7.28501
7.25455
7.22129
7.18783
7.14918
7.1083
7.07146
7.03579
7.00015
6.95966
6.91071
6.8642
6.81595
6.76539
6.71674
6.66792
6.61991
6.56594
6.50626
6.44801
6.3963
6.34426
6.29586
6.24774
6.20595
6.16621
6.12039
6.06832
6.0172
5.96921
5.91994
5.86489
5.80651
5.74791
5.68793
5.63345
5.57313
5.51806
5.46049
5.41444
5.37077
5.32014
5.27238
5.22391
5.17752
5.12142
5.06775
5.00759
4.95524
4.89957
4.84696
3.71828
3.76577
3.81454
3.86461
3.91601
3.96887
4.02312
4.07892
4.13599
4.1943
4.25395
4.31466
4.37618
4.44092
4.52005
4.59422
4.66644
4.73937
4.81307
4.88765
4.96316
5.03963
5.11694
5.19505
5.27374
5.35278
5.43206
5.51139
5.59056
5.66924
5.74735
5.82456
5.90047
5.97488
6.04743
6.11756
6.18482
6.24881
6.30579
6.34765
6.37641
6.39287
6.39704
6.38826
6.36555
6.32752
6.27232
6.19767
6.1009
5.97888
5.82787
5.64346
5.42069
5.15237
4.84519
4.26915
3.9991
3.85659
3.79832
3.77319
3.72799
4.54472
4.50832
4.47115
4.43333
4.39489
4.35654
4.31805
4.28019
4.24248
4.20531
4.16941
4.12908
4.08464
4.04266
3.99598
3.95053
3.90528
3.85994
3.81499
3.7707
3.7271
3.6839
3.64102
3.59838
3.55591
3.51362
3.47152
3.42969
3.38816
3.34699
3.30628
3.26616
3.22674
3.18824
3.1509
3.11501
3.08097
3.04938
3.02065
2.99691
2.97531
2.95594
2.93909
2.92531
2.91551
2.91058
2.9115
2.91957
2.93621
2.9627
3.00025
3.05
3.11303
3.19262
3.27552
3.40436
3.56857
3.82658
4.19348
4.67748
5.06237
5.26555
5.21654
5.16676
5.11592
5.06401
5.01158
4.95894
4.90658
4.85413
4.80152
4.74641
4.68322
4.6201
4.56043
4.501
4.44222
4.38283
4.32276
4.26235
4.20204
4.14188
4.08162
4.02122
3.96065
3.8998
3.83868
3.77727
3.71556
3.65349
3.59108
3.52828
3.46512
3.40164
3.33786
3.27386
3.20974
3.1456
3.08155
3.01775
2.95443
2.89154
2.82875
2.76648
2.70561
2.64645
2.58952
2.53564
2.48599
2.44213
2.40614
2.38067
2.36915
2.37609
2.40714
2.46461
2.56035
2.69628
2.90215
3.22048
3.70106
4.32357
5.68827
5.6334
5.57789
5.52139
5.46353
5.40511
5.34652
5.28841
5.2302
5.17132
5.10653
5.03547
4.96657
4.90135
4.83734
4.77418
4.71072
4.64707
4.5833
4.51976
4.45635
4.39263
4.32872
4.26465
4.20031
4.13574
4.07089
4.00574
3.94017
3.87415
3.80765
3.74068
3.67327
3.60546
3.53732
3.46892
3.40032
3.33158
3.2627
3.19371
3.12457
3.05521
2.98509
2.91395
2.84253
2.77091
2.69934
2.62821
2.55817
2.49024
2.42577
2.36684
2.31624
2.27767
2.25457
2.2528
2.27989
2.35272
2.49946
2.76138
3.17458
5.87055
5.81241
5.75386
5.69443
5.63316
5.57129
5.50916
5.4479
5.38644
5.32405
5.25418
5.18033
5.10949
5.04237
4.97648
4.91148
4.84639
4.78192
4.71782
4.65435
4.59109
4.52725
4.46329
4.3993
4.33502
4.27061
4.20592
4.14095
4.07547
4.00948
3.94295
3.87599
3.80863
3.74101
3.67317
3.60525
3.53731
3.46942
3.40157
3.33378
3.26605
3.1984
3.13071
3.06249
2.99341
2.92364
2.85324
2.78227
2.71088
2.63938
2.56815
2.49777
2.42915
2.36348
2.30216
2.24781
2.20601
2.18703
2.20707
2.29024
2.46755
5.84581
5.78605
5.72619
5.66571
5.60243
5.53853
5.47401
5.41109
5.34809
5.28452
5.21268
5.13893
5.0685
5.00223
4.93661
4.8719
4.80697
4.7437
4.68132
4.62009
4.55919
4.49717
4.43535
4.37387
4.31202
4.25021
4.18799
4.12555
4.06236
3.99863
3.93425
3.86959
3.80465
3.73971
3.67477
3.61001
3.5455
3.48135
3.41751
3.35408
3.29104
3.22848
3.16638
3.10461
3.04275
2.98025
2.91712
2.85341
2.78918
2.7245
2.65947
2.59413
2.52849
2.46252
2.39605
2.32951
2.26502
2.2076
2.16581
2.15263
2.18661
5.63762
5.57768
5.51804
5.45863
5.39441
5.32979
5.26374
5.20081
5.13799
5.07584
5.00395
4.93229
4.86387
4.80084
4.73729
4.67495
4.6116
4.55144
4.49241
4.43509
4.37814
4.31898
4.26096
4.20417
4.14663
4.08933
4.03116
3.97302
3.91356
3.85361
3.79277
3.73214
3.67142
3.61123
3.55118
3.49177
3.43278
3.37458
3.317
3.26032
3.2044
3.14947
3.09546
3.04233
2.98985
2.9377
2.88502
2.83181
2.77821
2.72437
2.67034
2.61611
2.56153
2.50617
2.4494
2.39057
2.32966
2.2682
2.20974
2.16046
2.13001
5.27144
5.21236
5.15457
5.09886
5.03504
4.97135
4.90455
4.84356
4.78291
4.72494
4.65429
4.58599
4.52047
4.46282
4.40245
4.34438
4.28352
4.22813
4.17374
4.1212
4.06912
4.01294
3.95979
3.91008
3.85824
3.80647
3.75287
3.7002
3.6449
3.58938
3.5325
3.47724
3.42194
3.36824
3.31452
3.26208
3.20987
3.15915
3.1094
3.06139
3.01444
2.96916
2.92534
2.88265
2.84097
2.80033
2.75963
2.71833
2.67691
2.6356
2.59472
2.55423
2.51401
2.47354
2.43211
2.38878
2.34274
2.29375
2.2426
2.19148
2.14456
4.78407
4.72556
4.67171
4.62262
4.56082
4.49953
4.43239
4.37604
4.32007
4.26878
4.20046
4.13598
4.07322
4.02292
3.96595
3.914
3.85586
3.807
3.75807
3.70959
3.66235
3.60811
3.56077
3.52211
3.47628
3.42866
3.37867
3.33243
3.28006
3.22846
3.17436
3.12619
3.07671
3.03112
2.98403
2.93947
2.89328
2.85067
2.80963
2.77183
2.73525
2.70081
2.66841
2.63724
2.60611
2.57557
2.5454
2.51443
2.48501
2.45587
2.42957
2.40428
2.38085
2.3575
2.33415
2.30944
2.2827
2.25285
2.21987
2.18338
2.14472
3.63661
3.53393
3.42232
3.30238
3.17988
3.05835
2.94061
2.83019
2.73038
2.64341
2.5703
2.51109
2.46492
2.43028
2.40534
2.38821
2.3771
2.37065
2.36777
2.36755
2.36937
2.37276
2.37744
2.38321
2.39005
2.39782
2.4065
2.41607
2.42652
2.43782
2.44991
2.46273
2.47621
2.49019
2.50454
2.51907
2.53358
2.54785
2.56163
2.57473
2.58688
2.59787
2.60755
2.61583
2.62271
2.6283
2.63277
2.63636
2.6394
2.64233
2.64549
2.64918
2.65361
2.65899
2.66521
2.67214
2.67946
2.68693
2.69406
2.70029
2.70502
5.06665
5.00037
4.88707
4.71774
4.5274
4.31874
4.09045
3.84803
3.60035
3.35563
3.12044
2.90157
2.70322
2.52704
2.37357
2.24426
2.13863
2.05373
1.98616
1.93306
1.8918
1.86007
1.83598
1.81769
1.80466
1.7956
1.79022
1.78809
1.78891
1.79246
1.79855
1.80694
1.8174
1.82964
1.84332
1.85805
1.87338
1.88891
1.90408
1.9183
1.93088
1.9411
1.94811
1.95098
1.94896
1.94144
1.92803
1.90883
1.88449
1.85633
1.82615
1.79616
1.76872
1.74583
1.72872
1.71807
1.71347
1.71404
1.71816
1.72412
1.72939
4.83882
5.21276
5.42888
5.46314
5.3387
5.14833
4.89559
4.60055
4.28292
3.95454
3.62737
3.31362
3.02103
2.75525
2.51986
2.3166
2.14428
1.99878
1.87734
1.77896
1.70107
1.64063
1.59439
1.55958
1.53341
1.51437
1.50097
1.49231
1.48764
1.48639
1.48808
1.4923
1.49859
1.50641
1.51528
1.5247
1.53415
1.54311
1.551
1.55721
1.56112
1.56214
1.5597
1.55327
1.54237
1.52662
1.50574
1.47974
1.44894
1.41414
1.37683
1.33931
1.30454
1.27571
1.25564
1.24671
1.24987
1.26507
1.29108
1.32594
1.36703
3.69874
4.28424
4.8534
5.30935
5.55015
5.60883
5.50252
5.26214
4.95072
4.59177
4.21021
3.83279
3.4719
3.13896
2.84011
2.57583
2.3437
2.14244
1.97085
1.82816
1.71234
1.62102
1.55075
1.49783
1.45842
1.42972
1.40955
1.39628
1.38863
1.38557
1.38637
1.3904
1.39698
1.40536
1.41483
1.42469
1.43426
1.44284
1.44968
1.45405
1.45518
1.4524
1.44506
1.43264
1.41469
1.39103
1.36166
1.32684
1.28704
1.2431
1.19635
1.14895
1.10393
1.06524
1.03751
1.0254
1.03178
1.0575
1.10156
1.16202
1.2363
2.75951
3.17733
3.70912
4.30242
4.85624
5.28978
5.54812
5.60315
5.48494
5.22555
4.86715
4.47464
4.06914
3.67518
3.311
2.97978
2.68348
2.42073
2.19329
2.00123
1.84266
1.71583
1.61734
1.5425
1.4864
1.44503
1.41546
1.39546
1.38316
1.37701
1.37601
1.37938
1.38624
1.39565
1.40672
1.41859
1.43043
1.44139
1.4506
1.45717
1.46017
1.4588
1.4523
1.44
1.42132
1.39603
1.36407
1.32572
1.28135
1.23178
1.17819
1.12258
1.06786
1.0181
0.979141
0.957929
0.959923
0.988605
1.04463
1.12573
1.2278
2.28942
2.48479
2.79254
3.21854
3.73669
4.29337
4.81326
5.21394
5.44308
5.48527
5.35202
5.085
4.72039
4.30878
3.90192
3.50949
3.14791
2.82068
2.5263
2.27115
2.05829
1.88697
1.7534
1.65133
1.57403
1.51606
1.47368
1.44404
1.42467
1.41334
1.4087
1.40982
1.41567
1.42509
1.43701
1.45042
1.46434
1.4778
1.48981
1.49934
1.50534
1.50695
1.50323
1.49346
1.47685
1.45311
1.42206
1.38394
1.33895
1.28782
1.23156
1.17203
1.11194
1.05515
1.00771
0.977387
0.971614
0.997269
1.05821
1.15337
1.27798
2.13189
2.18367
2.30586
2.51873
2.8345
3.25042
3.74019
4.2514
4.71653
5.06921
5.26195
5.28151
5.14393
4.87995
4.53436
4.13489
3.73171
3.34689
2.9776
2.6459
2.36253
2.13208
1.95206
1.81341
1.70746
1.62664
1.56628
1.52284
1.49317
1.47392
1.46326
1.46003
1.46306
1.4709
1.4823
1.49606
1.51105
1.52615
1.54026
1.55221
1.56086
1.56531
1.56451
1.5577
1.54384
1.52266
1.49381
1.45759
1.41398
1.36374
1.3077
1.2477
1.18625
1.1269
1.07579
1.04018
1.02858
1.05067
1.11382
1.21947
1.36324
2.10867
2.09377
2.11339
2.18424
2.32399
2.5475
2.86141
3.25646
3.7051
4.15932
4.56015
4.85485
5.01266
5.02038
4.89123
4.6478
4.32615
3.95498
3.53743
3.13211
2.76463
2.45856
2.21921
2.0336
1.88983
1.77799
1.69226
1.62898
1.58472
1.55408
1.53457
1.52446
1.52254
1.527
1.53629
1.54899
1.56379
1.57942
1.59459
1.60803
1.61853
1.62519
1.62688
1.62287
1.61182
1.59348
1.56738
1.53381
1.49263
1.44459
1.39047
1.33204
1.27158
1.21276
1.16115
1.12367
1.10947
1.12971
1.19507
1.3098
1.47046
2.10663
2.07351
2.05295
2.05498
2.09247
2.18013
2.33213
2.55832
2.85899
3.22293
3.61694
4.00543
4.34517
4.6002
4.73933
4.75256
4.64124
4.41119
4.09678
3.69565
3.25708
2.87433
2.57102
2.3302
2.13568
1.98057
1.85886
1.76829
1.70366
1.65666
1.62462
1.60431
1.59464
1.59352
1.59882
1.60886
1.6221
1.63701
1.65213
1.66582
1.67733
1.6853
1.68893
1.68725
1.67896
1.66341
1.64058
1.60986
1.57183
1.52663
1.47565
1.42016
1.3625
1.30642
1.25656
1.21977
1.20554
1.22648
1.29438
1.41712
1.59109
0.320434
6.84956
6.55045
0.218676
0.391445
0.12785
0.0031601
2.39924
0.0033854
0.0234216
3.32
1.07383
0.0031617
6.05387
0.112101
5.44971
0.00326247
2.49848
3.62153
0.00315706
0.217992
5.87567
6.57683
0.00329523
0.00333884
0.105869
0.00315904
0.529749
0.00324884
0.00345842
0.750735
0.00324691
0.0163163
2.47726
0.788541
3.39369
2.52818
1.55193
0.00316332
2.62161
1.93469
2.19216
0.00321067
4.72611
3.1263
0.283321
0.003609
0.0154092
0.123282
1.09619
6.66886
8.01276
0.00311042
0.00405224
0.0376873
0.00837605
0.00344949
0.710481
2.40182
7.73033
2.51245
0.00370667
0.144593
0.0323799
6.79002
0.447915
1.97027
1.72915
0.00430896
0.0032133
1.21974
2.5082
1.76439
0.0139972
0.0397901
4.02982
7.15516
3.20643
0.00311111
0.934608
0.00714288
2.61515
0.0106421
4.7577
0.0032181
1.05843
0.00336843
2.19507
0.0148326
0.00492676
0.121089
0.00310751
0.00378613
7.89506
5.69966
0.00359636
0.440881
0.318214
0.00603349
6.72856
0.209694
2.54772
0.735108
0.00310452
0.00316388
0.00310143
0.30542
0.125495
0.00323821
6.25949
6.91931
0.00928148
4.52842
1.49479
2.56897
2.70608
1.77525
0.00389752
0.0863112
0.00417882
0.0043127
3.38446
0.00728854
7.52187
7.92685
0.988018
0.00321569
1.01331
1.02378
0.00321137
0.0341934
0.0339759
1.75547
0.00567034
3.02497
0.00322121
0.00315907
7.89201
8.07757
0.00323263
0.172443
5.8128
0.10525
0.30338
1.55048
4.78021
0.0379514
1.63952
0.0121367
7.22324
1.19829
0.00883024
2.75499
4.69477
6.51625
0.00330261
0.00326863
0.218198
0.00312921
1.94056
0.0303398
0.00510183
0.00319642
0.00322084
0.00323682
2.7788
1.78477
1.60693
0.00331614
6.84312
4.7738
3.1797
4.88383
0.0139676
3.63932
1.64964
1.8876
0.00324362
0.0057071
2.92594
3.06918
2.25515
3.85067
0.00321763
0.00352251
4.84799
0.0365579
0.567996
0.00323864
0.00360578
0.105285
0.00338619
8.02909
0.671935
0.00312255
0.256861
1.84264
5.63813
0.00447857
1.91906
0.00321998
0.00323597
4.8994
2.37828
7.43754
0.00452268
0.00339972
0.00762864
2.74476
2.20087
1.07083
5.28346
1.5821
7.03028
0.192712
4.28519
4.14812
2.14106
1.35033
2.29843
0.00487889
0.0371916
0.0032276
0.00320342
1.81298
0.0183806
0.0204293
0.00570478
0.0131083
2.7126
4.61519
0.0189201
6.22208
1.06886
0.406457
0.00318315
0.171992
2.73005
1.02045
0.00412877
1.20258
1.15045
0.18521
0.236979
7.39545
0.784679
0.504864
5.17002
0.00383252
0.00316051
0.00404638
0.0104727
1.74095
0.003358
0.00650243
0.00316315
0.383089
4.03271
3.97115
2.74211
1.23759
1.42263
7.84956
0.00433023
2.06923
4.50768
0.00321104
1.93443
0.00321754
4.04872
0.381482
1.51799
0.00535763
0.00322132
1.86053
0.521649
0.00323903
0.00323991
0.0032543
0.00324505
0.361283
1.6456
2.94395
0.0147499
0.00324067
0.00316301
0.00310258
4.69908
0.244558
0.00448442
1.66957
0.0884329
0.0413188
0.00309697
0.264535
0.00323977
0.0526142
1.50952
4.6667
0.280297
0.00391216
0.00598112
3.19652
0.144209
1.99093
7.77437
0.00350545
0.00319809
0.00318725
5.82685
0.0033161
4.77852
0.00322248
1.9767
1.15829
0.027162
2.87409
3.95003
0.00469363
2.72401
2.69259
1.69404
4.67859
1.13526
8.08329
2.4475
3.9253
3.60751
4.50498
1.75572
0.159468
7.98814
7.50545
3.00602
2.11887
0.00393818
7.10655
2.68489
6.92415
0.0276762
0.00359558
0.0032157
0.00343076
0.178015
0.423263
0.746724
0.0931949
0.00317248
6.20287
0.00321629
1.44388
1.92018
6.46831
2.66949
1.79725
0.00597809
0.0042619
0.0885812
2.76203
0.010422
0.754533
5.16277
2.04507
4.08993
6.43458
3.31136
0.00346193
7.49141
5.68322
1.79042
0.00323751
6.65105
5.8813
0.00333858
1.96402
0.00324143
6.89907
5.60652
1.86201
4.1402
2.46259
5.78613
0.00328796
5.75969
0.00387476
3.63635
3.94545
1.90111
7.46315
0.718756
0.214604
0.548505
0.00424437
4.29867
0.142779
0.00815255
0.00504866
4.43917
0.00384226
4.30754
0.00319014
0.00323779
0.00598994
1.81341
0.106986
1.82059
0.00570167
4.21065
0.165182
7.00429
4.36036
2.62552
6.26125
0.00337862
7.45603
2.85109
0.00321396
3.87346
2.03343
0.00310601
0.00316718
3.36889
0.00647242
2.03044
0.0882646
2.31823
0.0269697
0.597628
2.65366
4.96286
2.38378
4.09167
3.73602
0.00393713
0.0217194
1.67718
1.83638
7.75744
6.51312
5.6237
0.066627
5.23002
5.20877
0.495709
1.77172
2.88754
2.04937
0.00347133
4.07519
8.07226
0.00416998
4.41428
1.85285
2.91823
0.0244228
0.0690914
6.22522
0.00598296
7.75588
0.00462716
0.267773
0.00320345
0.976163
2.34321
0.232275
0.00480847
0.00369338
2.67392
1.59778
0.0847749
0.416955
5.875
4.09087
0.0044731
1.43526
1.64075
3.22229
1.49269
4.20075
1.94783
5.38089
3.18613
0.48864
0.98974
7.61732
1.96107
7.89044
6.15668
0.0294182
3.33179
2.84064
0.00337213
1.83975
1.58645
1.30074
0.0173597
4.80297
1.50289
0.684195
1.96254
0.00544374
0.00321608
0.0419619
2.37834
4.76311
2.5842
0.00322207
0.0031871
0.00321835
1.70538
0.0278362
0.00321737
0.125956
4.49664
4.94292
0.0106252
0.0108489
0.00315507
0.00320509
0.00600206
1.75362
1.79157
1.79953
0.457172
7.85166
5.92827
0.00525147
3.49242
1.82864
1.93201
3.98416
7.62885
0.00345628
0.0105735
0.00324202
3.86658
0.243505
0.00316834
1.35573
0.163847
7.68027
0.00323871
7.99575
1.12064
0.0491625
6.65182
0.00323541
0.00319757
0.00404561
7.99119
3.19691
5.37385
5.01767
1.04982
1.75281
0.00312759
0.00605339
0.088386
0.0135244
0.0253051
2.01201
2.13882
0.00322735
1.31865
1.82374
6.47101
7.98168
0.00829187
7.94178
0.00593534
0.0305912
3.51308
0.00320435
5.6208
0.00324167
0.00337191
0.0223016
2.11701
0.626483
2.58492
1.93321
0.0036569
1.75672
4.63239
0.0531963
0.213465
0.809081
0.00332004
0.00327174
0.00692848
5.37693
0.555404
0.00335278
7.60115
5.96207
6.87516
0.0318579
2.02541
0.00419899
2.35429
0.174408
0.0924042
2.65969
1.65874
1.94949
6.19807
0.00327598
0.00313323
0.0105755
4.12426
4.78157
0.969158
0.0140047
0.00333269
0.00324255
0.00888497
0.0248447
0.00664242
2.17351
1.7506
0.0115545
1.5518
6.23848
0.00327254
2.37997
0.00321744
0.547078
0.00324488
0.0223012
2.57411
0.0202217
0.00320652
0.762645
8.11239
7.41189
0.00318721
0.00326417
0.386425
0.0255113
0.00321769
4.58233
0.00370609
1.66438
8.08795
2.33283
1.73742
2.47761
3.6757
7.7757
0.00323286
0.0074338
0.0148033
4.23173
1.48273
6.77184
0.70927
0.36853
4.30093
3.55858
5.38967
0.744411
2.95198
0.00322376
0.35703
1.64236
2.47577
3.96586
2.10798
0.239821
2.47845
0.102788
0.00923102
1.71363
0.00324341
5.77941
0.00366131
0.388311
7.55386
2.75708
0.557005
0.00743478
0.760454
0.00330255
0.00319248
0.109069
0.0227607
1.75958
0.0155482
1.73462
0.00322218
0.028278
0.00316527
4.51947
0.00504908
4.1114
2.54197
0.0223231
1.96795
7.72791
0.00326265
1.76647
4.37617
0.00335304
7.51245
0.0612039
0.00347663
0.00339523
7.51434
0.00317847
0.00429366
0.0881404
0.101155
7.30017
7.42591
0.00322133
0.00326676
1.1385
2.25932
0.0147417
0.230108
1.98908
0.00321934
0.0038444
0.00372393
6.10297
7.39045
0.492568
7.33422
0.0264304
1.58531
0.0033197
0.0149142
0.0252057
0.0365144
0.00323284
6.95335
0.00320157
0.02525
0.00331846
0.248737
0.0228648
0.0145484
0.460735
0.673647
2.27651
0.418882
1.05049
1.81532
5.03593
0.00344149
4.83134
7.93924
1.12224
3.97752
0.00327674
4.33529
4.10394
0.00321852
7.61113
2.30977
0.00808
0.0102064
5.88424
5.65645
0.0600087
7.80774
7.5275
0.793707
7.51047
7.56264
4.87832
1.92038
1.81402
1.00413
7.49012
7.79073
0.0222822
7.61592
2.76603
4.3762
0.00343111
0.337052
0.395214
6.8643
6.12544
0.0203863
4.27611
6.45775
0.479377
0.0338068
0.391118
1.80666
0.0053732
1.8433
7.11046
0.0339277
6.81507
1.38829
4.46551
6.47263
0.00322454
0.00564946
1.04622
0.694124
0.0182462
0.00321978
0.194811
0.268253
0.00451871
0.00323654
4.2146
0.976069
3.1796
1.00445
0.00868812
0.00417699
0.0936919
3.37407
0.00346773
1.83344
1.65935
0.480136
2.3485
0.00398048
0.120046
0.0032035
0.348503
4.28778
0.00429774
0.11921
2.09824
6.02517
0.226446
3.93042
0.600745
0.172339
0.00392678
2.37458
8.01449
0.00321333
0.00328066
5.74797
0.0247313
0.00323573
3.84878
0.221001
1.97319
1.9994
1.51784
0.146997
1.7018
3.50511
6.11132
4.35053
0.00327936
5.57314
0.00388991
2.57691
0.0033952
0.0045142
2.10394
0.00655137
3.88366
0.020761
0.0401393
1.88476
0.739188
0.0629187
0.00368325
6.48743
0.00365287
0.00315157
8.06356
6.02266
2.76876
1.91747
0.00343896
0.00308336
1.84386
5.75403
0.00319655
6.90005
1.72071
0.00324601
5.98992
0.00311863
0.368945
0.901812
1.34741
0.356809
1.63932
1.94244
0.00311513
7.49443
7.61519
0.00321845
0.0168331
1.91856
0.00313131
7.04353
5.43484
4.41024
0.00322065
0.0031702
3.45697
0.0413781
0.00349946
1.83249
1.766
4.13577
0.00315264
0.00337403
0.0245283
0.0195021
0.00321926
0.00640519
5.16442
2.87658
0.00322474
1.34012
0.0032159
0.737047
0.0042028
0.00359507
2.2176
0.00326719
0.129038
0.00317604
3.08023
0.182494
1.73981
6.28703
4.38701
3.60661
0.806287
1.22379
0.00323554
0.92992
7.48056
4.08345
0.107917
0.00347441
5.3443
0.00321642
0.0304629
0.00315442
7.35966
0.808378
0.382231
6.69841
2.2389
0.503304
4.12059
0.73481
6.82966
4.46765
0.00331572
0.0032705
0.00824291
0.00323096
0.0230805
4.6876
0.00377134
7.41724
0.00602482
0.0775567
0.575966
4.66887
0.00486379
2.74138
0.0169636
3.34219
2.37554
7.1211
0.00339341
0.00383543
0.257795
3.6058
1.68582
3.61344
0.418513
1.04774
1.72298
0.0508513
1.13122
0.256512
1.6747
0.00328089
4.3517
0.418079
3.06856
0.00336346
2.97936
1.01824
0.00455529
1.6865
1.76814
0.0665873
0.00314784
0.00322073
4.82866
2.74863
1.35176
0.0032073
0.0177838
1.98636
6.33529
0.453692
0.0127424
0.00322439
5.81574
5.40391
2.07282
2.59417
0.00321615
3.47808
7.65501
0.00321143
0.00321837
1.25875
0.00409029
0.00993516
0.0285918
1.97798
0.00409739
2.20577
7.87437
0.00320255
0.00345595
0.00316686
0.00330754
3.6951
4.65032
8.0396
0.0292448
2.38862
2.19211
0.0874562
2.88579
0.00347503
1.67911
0.222567
2.06835
0.681335
1.69903
3.0571
0.0262118
0.00323942
5.93632
4.45889
4.63344
0.902081
1.75495
0.175102
1.68755
0.0093056
0.00485116
3.35959
5.64582
0.0216567
0.116967
0.00324837
0.0790587
1.87281
0.0278712
1.05202
0.707388
3.81845
2.12667
0.436406
6.92546
5.42217
2.9484
1.61082
4.14669
3.53958
0.557758
2.60747
0.00605159
2.73996
2.8846
0.00320457
0.00313571
0.129451
0.00322954
0.00332532
3.01246
4.36688
0.0032215
3.23255
0.0032174
0.00319317
0.00321628
0.00325867
0.00594373
1.92283
2.9243
7.2041
0.00315797
0.00390097
0.945653
0.00356106
0.033119
0.0032458
0.00361061
4.32826
0.00391976
0.0110488
2.8337
0.0105207
0.00322075
3.87676
0.00321598
0.00327028
0.24817
0.00360625
0.942354
0.00456253
0.0306734
0.00320468
0.00325208
7.70715
7.86185
2.85419
0.0268471
2.8909
1.53641
0.0047186
1.75668
4.17808
6.98102
4.59005
0.00313044
2.05913
2.53774
0.148021
1.73035
4.47985
0.174481
2.04003
0.214832
1.70797
0.0366763
1.00998
0.00323509
7.06455
0.00328781
1.78649
2.43125
0.00321596
0.315339
0.00735281
0.0195821
0.00317387
0.766613
0.00367282
0.00321893
2.51744
0.00906418
0.11165
6.91997
1.95715
0.00345228
0.00387044
2.35602
7.37379
0.00310008
0.00324963
0.0734423
1.39204
5.52414
0.00657931
1.61778
0.00322024
0.00345068
0.00314778
0.035328
1.03071
0.0101422
6.56224
1.79001
7.3501
6.23591
0.00352586
7.52936
3.6866
0.00317892
0.00322638
0.0032182
0.00439866
0.00320401
3.74277
0.00320853
0.00324316
6.80589
0.322932
0.00780383
0.0220456
1.93534
0.906022
0.00813584
0.00346491
6.40001
0.00324551
0.779965
0.00325873
0.00353199
6.05635
6.15227
0.00877462
0.00350558
0.329617
0.00320716
6.87538
0.00325223
5.89741
0.0255735
0.751656
0.0333168
0.384123
0.363517
1.54357
0.00324311
0.00357474
0.0116632
3.48222
0.125483
7.67042
0.00322183
0.00457334
0.00557636
7.32137
2.77767
3.09614
0.00693127
0.00898224
0.213077
0.0032245
1.29086
2.42854
0.0171591
5.91122
6.1706
1.96816
0.00535098
0.387253
2.87168
7.07114
1.79222
0.0188398
3.03841
0.060626
5.51675
0.0929141
0.520204
2.81617
0.00324369
1.75377
0.0045542
0.011951
0.00799839
0.0506636
0.00371139
1.26825
0.00322735
3.09437
0.0962569
0.00361188
0.238073
0.00323207
0.286726
0.119336
2.30272
0.475597
4.64618
0.243031
0.0032179
0.00319059
0.736674
0.0939562
2.82393
7.37704
0.00322514
3.80396
2.64291
0.023415
2.05403
0.566388
2.34505
2.14116
0.0335675
0.00591122
7.35084
1.58552
5.85136
0.00321153
1.63406
0.0032171
1.31348
2.40406
7.85666
1.6441
1.88385
0.010659
0.298767
0.00322168
1.40884
0.289774
0.00354003
3.31885
2.08129
0.00329969
0.450162
0.0111445
0.00400313
6.70359
0.00322593
0.00566144
0.0227118
2.49514
0.0516038
7.009
0.244296
0.00319533
2.02428
0.596238
2.19838
4.08307
0.0033008
0.47556
0.625614
5.03974
0.307403
0.00324122
0.046882
2.11785
0.00488233
3.81014
3.24698
3.86621
1.66427
0.502749
0.503434
4.38425
7.52477
6.976
0.296709
0.0238156
0.00387181
2.04504
0.0523814
4.84403
7.31953
0.00407986
7.92129
0.00318472
3.33876
0.00323809
0.00322143
0.5633
4.93714
0.0132428
2.18741
1.8683
0.00322338
0.0031607
0.0145475
8.03303
5.45161
6.02343
0.00322351
1.8246
6.48587
0.0348536
0.226278
0.0216841
0.00349182
0.00322247
0.00683365
0.00330459
0.00321684
0.00318976
0.00323437
3.18757
7.8298
4.16589
0.152582
0.00334039
0.00320109
0.00323577
0.00373012
2.48365
5.92742
0.112169
0.00667972
0.122022
0.369058
0.00321311
0.00322408
0.577572
0.00320996
0.00334728
0.0198611
2.35992
1.91206
0.0218755
0.134043
1.39151
2.32431
6.57135
0.00315136
0.109665
0.00321519
6.57219
0.00322199
0.0490059
0.00320124
5.88243
2.92243
0.00322635
7.53795
7.29413
0.00372161
0.184055
0.0081902
0.146754
0.26228
0.00323135
0.0067686
8.04672
1.16505
0.71678
1.83421
4.95078
0.0498565
0.00317735
0.00433433
0.00373553
0.00320325
2.21209
0.00322865
0.0032179
0.0750827
2.62435
4.25012
2.41559
2.04997
0.756276
2.92556
8.10035
0.00317573
0.005688
0.00481992
8.10902
4.02165
2.81658
0.11536
4.61935
4.77494
8.06692
0.00312761
0.0694634
1.41062
1.30326
8.03123
1.70258
6.36865
7.88398
0.00314518
0.00333073
5.52916
7.08481
0.100015
0.00342075
4.04581
0.0314271
5.7249
0.00323373
0.0173652
0.0101679
0.147226
0.00314915
7.09789
0.178068
3.5582
2.88919
0.00373696
0.0032278
0.00315565
0.718663
0.00321971
1.76226
1.14104
0.0031794
0.00713373
0.00797215
0.0153919
0.00323344
0.00326513
7.9514
0.0033426
7.79332
6.16281
4.60824
3.77418
0.00324954
1.18617
1.5542
4.12183
0.00342326
0.0594677
0.184146
0.00319798
1.98814
0.00369022
1.66263
2.55561
0.00321844
1.54343
0.0256084
1.91799
0.0976805
0.0163078
1.54735
0.0032002
1.96249
4.98379
0.00322616
0.393069
3.73791
0.00319124
0.00329567
0.00322607
6.1234
4.41721
0.0655918
7.37328
0.00600963
6.07773
0.00415592
0.00321806
0.0716076
0.00314007
0.0504167
1.12576
0.00312214
0.00337445
0.0133918
0.170623
0.00468312
1.46479
0.00323189
0.00718318
7.08484
8.02644
0.0321269
0.00314245
6.93344
0.0032282
0.00315868
3.51206
6.09328
1.22597
4.81888
1.94116
0.0049796
0.00326791
0.00322979
0.915663
0.00601917
4.76054
1.91967
6.9426
0.0473085
0.0063507
0.327052
2.48823
0.418887
0.0319605
0.789989
0.00311794
0.268545
0.00322628
0.0775568
0.417024
0.00321
0.00324159
0.474239
0.00313728
0.00657261
1.99735
3.99168
6.87443
0.0157236
7.47986
0.011863
7.92247
3.15366
0.688161
4.03371
0.266841
0.308926
0.00323087
0.00341786
1.51359
2.38175
0.0391022
0.00308743
4.07369
0.00330585
6.85844
7.91311
0.00323265
0.00321687
0.00323041
8.09672
0.0581052
0.00310008
0.00382858
2.65191
0.00943972
0.00450564
4.34369
0.0101724
0.0342365
4.94062
0.00988342
1.18839
0.0154065
3.49485
0.00323234
3.62942
5.24358
1.9727
0.00321531
4.12847
5.77871
0.00322723
3.29817
4.20524
2.43053
0.0033294
1.74262
1.60874
1.67049
4.60741
0.00347837
0.0920128
3.5319
0.0121004
0.0598272
0.00801974
1.42217
2.55845
0.184617
2.07356
7.34114
1.36945
2.01272
0.00323201
7.37337
5.53863
4.49943
2.62428
0.63821
3.26364
7.71675
0.418595
0.0303709
0.00458296
2.62185
0.00323884
4.22789
0.870032
7.84393
0.00359984
0.00345156
0.0591638
4.73047
0.0389815
0.0072692
7.67042
0.00491071
2.38033
1.87762
0.00608942
0.00811271
0.96452
0.0130979
0.215644
0.00324992
0.80802
0.00328553
1.01396
0.0031814
0.00593704
0.00386408
0.0103702
0.00485743
3.57192
0.376669
3.93834
0.00356719
0.00395916
0.00666405
0.00335068
0.972863
2.16908
0.00317336
1.48161
0.00326569
5.38128
4.47551
4.58821
0.00391993
0.00321621
4.7108
4.03834
3.15764
1.05226
0.0541494
1.69867
0.00321317
6.34448
0.00321112
0.290949
0.00999655
0.00319382
0.174944
6.43538
4.38471
3.87435
0.846587
0.00674188
0.00321226
0.00345953
2.03652
0.0701246
0.00339368
0.00370052
0.871137
4.19232
4.85357
1.12911
0.591987
3.99955
0.28596
6.44018
0.0167332
0.00624728
4.32494
0.00321165
0.00322174
2.30235
0.00371288
1.46428
0.00437031
5.84114
6.03515
0.00323509
0.00318449
5.18712
0.00372535
0.00321301
7.75806
0.567408
3.79926
4.78565
2.22934
2.1628
0.00586863
7.5945
0.154815
0.107219
1.55447
5.50124
0.0032387
2.11446
1.85097
0.00324614
7.50788
0.0345353
1.63852
0.00318677
4.95478
0.0455706
0.945509
1.7806
0.0119734
3.45017
0.00554422
0.0109525
0.142023
0.807356
2.3698
3.8035
0.00328533
5.02468
5.05731
0.00321018
0.00322042
0.00317233
0.00323816
7.28637
0.00320249
0.834483
2.03423
0.00325894
0.0153626
1.74112
0.0182059
0.00328826
0.0032666
7.61778
1.60541
0.00324616
2.00639
1.48473
1.85087
1.46471
1.52896
0.0147278
0.0200125
0.0032078
0.00374937
0.965629
7.82909
0.00322696
0.2351
4.4298
0.682172
2.746
1.53862
2.55319
1.10485
3.43115
0.302653
4.82777
0.1907
0.00396144
1.4057
0.00325096
0.802542
2.04615
0.00555043
0.00347745
3.45409
1.20832
6.86735
5.96874
0.00318651
0.0097188
0.0373398
0.365492
4.53178
0.00320642
0.00322223
0.00330865
0.172373
0.00322312
2.17609
0.00324102
0.00317676
0.0915521
0.00359572
1.70734
0.00346711
3.25255
6.41137
0.892565
0.354408
0.38918
0.0337246
0.00382186
0.014004
0.0071522
2.03079
7.33763
4.92156
4.02003
2.83804
0.00313123
2.57507
2.02564
0.0105969
0.00322021
0.00323581
1.50432
0.00361081
7.45306
1.10843
1.97194
5.17006
0.00388381
7.93925
0.00349823
0.450017
0.00360021
0.0256332
4.51151
1.89025
0.00325915
0.342157
1.75702
1.95539
3.51826
1.76407
0.810842
8.06967
3.98096
0.308342
3.71016
5.23605
0.00323038
0.0562109
0.00315038
0.00550739
0.00668993
6.01076
0.0881542
0.00333426
0.00444574
0.387764
7.9983
3.41526
0.00323323
5.92178
1.17612
0.221555
0.00318662
8.04972
6.27333
5.83283
1.89461
0.00316429
3.17048
1.25658
1.94151
1.99377
0.331653
2.48742
0.00354482
0.158417
4.38085
1.9563
0.134991
5.29861
0.00346636
7.64612
0.00503327
2.65976
6.54147
1.50117
3.39119
6.69433
3.68112
0.00317375
4.12153
0.00513226
1.68766
0.00552413
0.175891
0.00323034
2.10718
0.00319081
2.6252
7.41542
3.31596
0.721327
0.00345233
0.00951276
0.00322099
2.34135
0.00327099
1.51754
0.12086
0.131508
0.00324243
0.00364055
5.68768
3.7262
0.057094
0.815775
0.00319249
0.00327466
0.0196556
0.0145348
0.00318408
0.00317355
4.81411
0.00951822
2.38384
0.00369614
4.36004
0.498287
0.00309137
0.0379354
0.00357963
1.9469
0.0102089
1.8865
0.00321833
0.00578036
1.04154
0.00777636
0.00333062
0.00323919
4.61683
0.00325042
0.00322172
1.55132
0.211699
0.00317212
1.95113
4.32518
0.0226511
0.149558
0.00375916
3.70537
6.8398
0.829219
0.00685968
2.46969
0.0178337
0.0121298
7.73303
0.00340193
4.07967
3.73037
4.89949
3.65598
5.88696
0.00315986
1.06847
0.793945
2.13153
0.0498357
1.92119
0.0038593
0.00385415
4.58496
0.203741
0.00357457
5.03045
4.71655
0.00322811
4.14615
2.24459
0.00447981
0.0978503
0.00322631
1.32017
5.28588
1.30621
2.5818
0.69194
0.0037552
1.706
0.00321926
8.105
5.12066
5.84765
4.73926
4.3495
4.50902
4.89517
0.02313
0.00321861
2.05098
1.26691
0.00318837
0.00320213
4.55476
2.03963
0.782016
3.88067
0.00330645
1.42405
0.00318031
4.41921
0.0109833
7.05048
1.49172
0.00410717
0.00328667
6.18995
0.00346027
2.74807
0.00350371
0.803428
7.65527
0.00320051
0.292067
0.00568197
0.00566407
4.10656
1.68702
0.00540158
5.09335
3.59068
0.0933351
0.00490854
2.7124
0.195073
1.75042
2.49297
3.42837
0.00332437
1.47578
5.44416
2.71148
4.24666
0.022768
1.13822
0.00322077
1.79698
4.41093
0.135631
5.38221
3.66856
1.46686
5.24919
0.274184
0.0409396
0.00789098
2.04927
0.00322145
0.0386908
0.00362027
0.00321769
0.00322511
1.056
1.29655
7.25355
7.60574
6.93404
5.56711
0.00321558
0.00633929
4.00249
1.96967
4.41355
0.00319008
7.14863
4.36092
3.33788
2.08802
4.63752
3.42749
7.70828
0.170038
0.568189
0.073309
6.14555
1.36853
0.00555215
0.00330478
2.23818
7.95914
5.52763
5.58814
0.00317988
1.70804
0.0031963
4.38545
0.00359939
0.411315
3.39698
0.0031625
0.10712
1.88721
1.43344
0.00324044
5.75317
0.00319813
0.00331901
0.00317856
2.55459
0.00318291
0.0145962
2.09349
0.385401
3.83693
0.00313912
1.71203
0.951615
0.00321614
0.565946
1.73511
8.0747
0.641662
0.0632965
1.94346
0.965713
5.1836
2.09436
0.103401
0.00314445
1.31618
0.0427941
7.57204
0.0672792
0.00324353
3.19624
2.20494
5.04139
2.76729
1.90927
1.79122
5.89487
0.00321727
0.00339214
5.87219
1.38595
0.00320273
0.00322636
6.99262
4.2991
5.57102
0.0069289
1.568
7.71811
0.0044778
0.0204526
0.00498544
0.791459
0.528043
0.0126795
0.00320049
0.652939
0.00369107
1.5543
0.00972981
0.00324542
0.188845
0.757576
0.460229
0.0106335
0.00418273
0.0778608
0.00376443
0.00318611
1.88891
0.244956
0.0221815
1.45057
2.11207
0.330844
5.94837
0.00347688
0.877123
7.85097
0.00405826
0.0645403
4.64429
0.0114032
0.462748
3.31007
0.0342535
2.27383
3.84763
0.379641
7.18498
3.60247
0.00324671
1.37579
2.08519
2.00122
0.00345568
0.00323361
0.643482
1.98202
0.00323434
0.0090927
1.7687
0.00437653
0.00327157
2.77491
1.14217
1.28218
0.0633904
0.00327094
1.50694
3.91195
0.00326551
3.81541
0.123121
0.34078
4.24892
4.53654
0.400315
3.92552
0.00324229
0.478701
3.4996
4.0615
7.41222
4.75358
0.00321246
1.73604
1.04869
0.00321404
0.00317712
0.428427
0.00990149
0.0926199
0.908693
3.74208
0.00505909
5.1921
4.47605
0.00512044
4.2478
5.80755
3.54107
7.72407
5.65806
0.935837
0.00339844
0.0032255
0.12258
5.84711
0.00868605
8.00357
0.247949
0.508317
0.00359446
1.50191
0.650507
0.00520173
0.00332543
0.00798845
0.00535218
7.47774
0.0041014
4.21321
0.533482
0.00318212
0.00347718
0.0684212
0.104523
1.42532
0.0119105
0.0353197
3.97108
0.00330257
3.38633
2.09989
0.516489
0.00323052
2.92796
2.16663
0.00548858
1.24562
0.00332458
2.85599
0.00499521
0.00520217
0.00318078
3.18039
4.75504
0.669124
1.92762
4.36567
0.0117529
0.00680202
3.68715
1.40481
6.29302
0.00401675
2.63337
4.59137
1.89419
6.77096
0.0946644
4.63941
4.59189
0.0285513
1.49949
7.2955
5.00255
1.92239
4.8612
7.94537
0.00320634
0.013226
0.250547
0.00380128
2.034
0.46039
3.88467
0.00322969
3.28218
0.823664
3.3777
0.00321998
5.16944
7.5591
2.59962
4.31564
0.00312669
0.968261
0.00557424
0.148229
0.00323414
0.00327477
7.03991
0.288684
0.00340349
4.29069
0.0113372
7.9314
4.19089
0.0129243
7.00488
7.3558
0.00331921
0.00441326
2.58341
2.40351
0.0131437
7.86297
0.49665
4.83492
0.00323334
3.95537
3.78411
0.0856852
0.22811
3.13412
0.00314759
3.36548
2.2171
2.52323
2.99346
0.0032364
3.67663
0.754298
0.00328231
0.171329
0.0136163
0.0119361
0.00336362
0.335821
8.03277
0.00333458
0.190374
1.57541
0.00320027
0.0100717
1.78834
0.00384502
3.77693
0.00320533
7.29751
1.70676
2.10861
1.65314
0.3943
0.0489144
6.19776
0.731927
7.22698
0.00321225
3.32495
1.78126
0.0406411
3.93652
1.68006
4.48185
7.83298
1.48968
1.23603
0.00323118
0.0054452
1.69677
0.528357
7.3689
1.0256
0.0118236
0.0370711
0.0673509
0.0870783
1.73463
2.001
0.785301
0.00350881
5.03951
4.16129
0.00345942
1.82039
0.00722945
2.64394
0.00323922
5.38925
0.0032225
0.454737
0.515252
5.97415
0.00350687
0.0703895
0.0555681
3.98348
1.39588
0.00580272
0.00526936
0.00322623
0.00892387
0.00351055
6.09542
4.73903
0.00317905
0.0032137
3.74068
0.00341799
4.48769
1.90828
0.689299
0.0032601
3.65998
4.33896
5.92514
2.18363
1.72398
2.2958
0.00408623
0.00317982
5.82436
0.0127924
0.00321165
0.0032154
4.07243
0.0033627
7.91351
0.00321878
1.34508
5.79772
1.46732
1.74299
5.37443
0.00318069
0.659615
4.23955
2.54715
6.23919
0.00332732
0.00403802
0.05834
8.00549
3.66123
0.00329526
0.00536525
0.0469935
1.76618
6.91888
1.76482
0.00335463
1.14287
6.84897
0.06545
0.00322202
0.0313397
3.90081
0.823444
1.75411
0.374822
0.00316558
1.2467
0.0114895
1.92343
0.00322871
0.00349797
7.73937
4.07962
7.96424
2.12737
4.08074
2.46728
4.00913
7.61851
3.70604
3.98641
0.00359821
1.49247
4.03967
0.0186203
0.00325559
0.00449608
0.237523
0.00351743
5.6075
3.45609
4.05204
0.0677153
2.45732
0.0156529
3.71389
4.67628
0.00511733
0.358867
2.63194
0.00355587
5.12815
0.642758
0.00323084
1.89434
0.00323675
0.00341126
0.00525352
0.945777
0.561161
1.40567
0.00316929
0.589153
2.32586
2.20792
0.00950921
1.964
0.00323967
4.44091
0.373768
0.00311878
0.0057171
2.70969
0.00742859
5.14671
0.00876727
1.09607
0.00366534
0.00547537
0.279941
4.77584
3.34314
0.00320179
0.0033816
0.0036637
0.00348513
0.00319362
1.79076
0.135641
1.76276
4.39289
0.00316482
2.22315
0.00322474
1.44699
1.73679
4.54379
5.24638
0.060105
1.37396
0.0817509
0.0032281
0.241785
3.4733
0.521264
0.0109669
0.0762158
0.516436
0.00326668
7.43688
0.0545807
0.00312393
0.0346321
4.88951
1.88568
1.46551
3.21521
7.01476
0.214789
2.40798
0.0270677
4.76494
0.406533
0.00477133
0.00336502
1.06285
0.00378433
2.17551
1.95345
3.33567
3.9231
4.32355
0.00323323
2.01167
0.0136758
0.00383678
6.17265
5.77935
0.0260107
5.40302
7.37801
5.41717
0.00374448
0.00399557
0.0095299
0.00321954
1.26325
2.67025
0.00319781
0.00327163
0.317851
0.00343608
2.31694
0.0214289
1.82796
0.00323508
2.62389
0.0437437
1.78212
0.00321578
0.00715161
7.06048
1.29298
4.38844
2.42805
1.79621
0.0301134
6.57448
6.40389
0.00323077
0.00545426
0.00321933
7.39156
0.071812
0.20905
0.0104157
8.08727
0.369626
0.00610524
0.0106126
0.619249
0.00323713
0.8001
0.00408768
6.09454
3.87837
0.00392185
2.56632
0.00314815
3.76242
0.0376481
7.0457
2.22921
0.0257887
7.76549
6.94819
0.0032116
4.11749
6.08851
0.00511046
0.0181193
4.68563
1.94793
5.48829
0.102564
5.21864
1.8
4.90076
6.42443
0.783286
0.00320811
0.971519
0.00440842
0.240607
3.57414
4.03248
3.91543
3.10735
6.72805
3.72677
0.00402073
0.539465
0.0324016
0.00562401
1.34819
0.0140194
2.18693
0.00329028
7.96004
0.0519679
4.81135
7.25725
2.04736
5.58734
2.18257
0.00353879
2.08531
2.85613
5.33488
5.61506
0.00727793
0.67156
0.00455313
3.99046
0.214413
1.72266
0.00321993
2.23122
3.45692
3.25529
0.00376912
0.00423554
0.00345893
0.0678268
0.0824323
2.30881
4.53054
0.120252
4.79789
0.0853639
3.55575
0.00320851
0.0395139
0.262367
7.85201
4.24275
7.48328
0.510545
0.224476
0.00321547
3.49045
0.657352
2.29637
7.84112
1.72184
7.8127
3.85367
0.00317334
0.67737
0.0037897
0.011845
0.0578312
0.00702475
0.00348278
0.215722
0.00762375
4.80211
1.55499
1.02116
0.00921016
1.74073
5.57996
0.00413878
0.00566916
6.79468
0.0593738
0.00322075
1.93349
6.78833
1.73155
0.547882
0.00671673
0.205541
7.1481
0.0211569
3.22346
1.95875
1.6445
3.98815
2.77532
0.00319263
0.13824
4.65632
0.202345
0.312734
0.00547126
1.05817
0.0396809
1.04817
0.0032686
0.00337374
0.759982
0.0701819
6.37845
0.00898988
5.61635
2.49298
0.209954
6.83278
0.00878337
2.00081
7.11795
5.99691
0.00315723
2.53665
0.00344906
0.00322841
0.00664766
0.00317426
1.72576
0.00336414
4.55414
0.00524127
2.46612
0.468473
0.00323297
0.712017
0.00316729
2.40693
0.0031615
0.20055
4.03166
1.85329
0.0032114
7.93616
1.0545
3.1147
5.81648
1.24409
2.89339
0.0063828
4.0738
0.118277
1.57841
6.01145
1.7505
0.00366341
0.00363419
0.00456467
2.9876
0.560962
0.153949
0.00347109
0.00385692
0.00327137
4.43694
0.154647
0.00318616
3.50576
0.00320179
3.7979
4.52049
0.667497
0.0032191
3.24421
5.11855
5.58636
2.29755
3.40667
0.00319257
3.71769
1.35579
5.21403
0.00446846
0.423382
1.51527
1.53283
0.028422
6.35213
0.99547
5.75465
5.03656
1.89111
0.737932
0.003434
0.00312268
0.255759
0.196196
5.03336
0.351709
5.15276
1.92327
0.00385561
0.0641809
0.00355645
3.96701
7.86061
0.279814
0.00320156
0.00321747
5.92231
2.37827
2.93017
5.89884
0.00321141
7.23701
0.00545156
0.00395986
6.9762
3.61521
0.00321313
1.85951
4.51395
3.65172
0.00701291
0.00529514
0.561671
0.00311735
3.85162
2.64532
2.73226
0.0032273
0.00322258
2.38246
1.11357
7.1559
0.00322491
1.17682
6.62964
0.0382164
0.00657075
2.2288
2.26715
7.66426
6.22643
1.95615
0.318213
4.36301
0.00427008
6.1221
4.71567
1.27946
0.0444251
2.69323
0.00955796
0.00318995
6.45462
0.479949
0.00318453
4.27657
2.67822
0.0031852
0.142249
5.5694
0.0109882
2.1448
0.00327734
0.00370273
2.45959
0.0146172
0.544374
0.169672
0.00315021
5.52573
1.56462
1.30584
1.41928
2.40075
0.659804
1.8026
1.49513
0.00321234
0.0033027
1.56712
1.65935
0.243517
2.6532
4.23297
1.62157
0.00905742
0.00333439
0.00339164
0.00328034
2.88851
0.91092
7.92183
2.46241
7.65596
0.383228
3.02577
0.833403
0.0033718
0.00401791
2.19992
1.09838
2.19385
2.27039
4.77776
0.020932
0.00323505
2.82565
1.32837
1.25153
0.00915651
6.09069
4.42532
2.7029
0.0155528
0.00332496
0.0060865
2.57538
8.03582
0.00745382
7.93865
0.0283189
4.12173
0.208377
0.00588753
0.00324552
0.0569794
2.50245
0.0242945
0.890519
0.0504672
2.08724
0.00318247
2.4431
0.226576
0.00322424
0.00322434
3.80442
5.63494
1.70088
7.99554
1.78277
2.66508
1.55531
0.0039624
0.801039
0.00326257
0.00317399
0.00628713
2.99474
2.1557
6.71629
0.0492862
4.39489
1.59043
2.48799
2.02574
3.43275
0.00458431
1.95076
7.21818
2.49041
0.0065903
6.48545
0.00498726
0.0430345
1.18276
5.67302
4.29377
4.18554
0.0103389
3.2675
0.00401294
4.93978
3.0476
4.1049
0.00315284
2.96669
4.08735
0.0210452
1.67835
2.31772
7.83624
0.932713
0.00358085
7.26616
0.972365
0.00337312
0.003211
7.89324
0.303213
3.02571
0.00312442
0.0635267
7.21737
7.89871
2.13374
0.00369401
4.86043
4.92591
3.22335
0.00320576
0.120733
0.648696
7.45364
7.28803
2.15107
3.19387
0.00354328
0.945003
0.719265
1.77298
0.00330179
0.0615859
3.42872
0.00319343
3.38377
4.47386
3.45844
0.00314262
0.00314564
1.16459
1.78814
7.58766
1.82213
1.0553
0.00320351
0.00475823
0.0053551
6.44984
2.3299
1.49801
0.90256
7.88203
2.26688
5.08759
7.70953
0.00320956
0.177739
2.74593
1.93325
6.31708
1.35555
3.52593
7.26828
5.13976
2.40559
0.00322217
6.96287
5.03965
2.57285
7.21161
4.18234
2.32814
0.00386628
1.21089
7.86915
3.22743
7.44337
3.41812
4.95219
5.38714
1.88725
4.11512
3.28491
5.26516
6.51246
3.76349
0.00321726
4.04873
0.0728037
0.196395
0.00338773
7.75378
4.70595
0.00364816
0.491388
2.46168
3.00708
0.0126781
0.00321362
7.4991
2.79144
0.00329331
4.4111
0.00317425
0.985094
0.24397
7.79338
2.10295
2.54437
0.0032137
7.63298
2.17729
0.00469213
0.00319957
1.6798
1.75065
1.6214
0.653248
2.68611
2.4487
4.64853
0.289056
0.104717
0.0032291
0.00330256
3.56078
2.04017
2.47949
1.86571
0.380864
0.00324351
0.00318755
7.20656
1.50829
0.582527
0.00471327
0.00345019
7.94758
1.86937
4.39357
0.00312557
2.27412
0.546192
4.84072
3.25354
2.73829
0.00603927
0.0039629
0.00382683
0.00331918
5.64336
0.00321956
1.77909
2.7237
0.899891
0.0487771
1.32413
0.00561521
1.27154
1.0196
0.0170986
0.00395882
1.6795
1.39815
0.00324072
4.2443
0.00607895
3.11798
0.061386
0.00371919
6.92692
0.00550417
2.04086
0.00313395
0.00390003
6.50559
2.42773
0.495746
0.0378364
0.00322971
0.776525
0.00317266
2.69092
0.00398226
0.0065456
0.00320203
0.0352261
4.29527
4.70044
1.72968
4.60274
8.01882
1.10049
0.509642
6.92853
0.00569184
4.69367
1.03358
0.00591158
0.0346481
0.00397677
1.9486
1.81555
2.52825
0.293104
0.0367421
0.680215
0.00387511
6.42548
3.47801
4.8494
1.90254
0.00319363
0.92052
0.217585
3.39595
3.27647
1.41947
2.02728
0.00321176
7.64508
0.489915
6.45955
2.3855
4.12681
5.20844
0.0765166
0.29466
0.907859
0.22899
0.00457063
7.85867
0.0701948
0.00869883
7.2891
0.849936
3.85107
6.96879
4.77495
4.3509
2.83069
0.81579
0.00308748
0.0133206
0.00313796
3.05513
6.3704
1.8675
0.0283761
0.0199996
0.00322974
3.88239
1.75428
0.142509
0.0032172
2.08838
0.00348948
0.0076697
3.01704
7.23569
1.4778
0.181063
7.16951
0.00388833
7.68499
1.83491
1.89809
0.00322723
1.27219
1.35463
6.102
2.46289
7.2814
4.28404
6.127
0.0148638
0.039587
2.62871
1.7441
0.00323714
3.45468
0.00320403
0.00319115
7.66146
0.00331432
3.09583
3.76106
0.00346351
0.00409438
1.88447
2.79093
4.80252
6.80321
0.00437144
0.00314528
0.00319465
3.34202
7.79373
0.208761
0.00322592
0.00788622
3.22118
1.1457
1.21278
0.0032665
2.59332
1.82432
1.64432
7.24428
4.33409
3.05227
0.00314684
0.600758
0.00377629
1.47022
7.93767
0.00344956
0.00996526
0.485518
0.00378575
0.00770513
0.049642
2.16975
5.02052
0.00372976
2.9
6.54686
0.00994496
1.18531
0.16758
2.45864
0.195046
2.47004
0.00324128
6.35177
0.00399732
0.601073
4.22566
0.00402674
0.00347007
0.0243888
0.0496053
1.97326
2.13756
3.76633
3.33365
0.0990034
0.00323121
5.54516
2.99
5.94035
3.88082
0.00470484
0.00335073
1.38359
1.82664
0.517274
1.35147
2.01871
1.6266
2.11203
5.273
0.055441
0.448087
1.87554
0.00959841
0.0272165
1.10376
0.00330614
5.01622
0.00417829
0.881738
2.12482
0.0735454
0.00367918
0.00373272
5.09832
0.665991
3.24821
0.00321421
0.00457854
2.9498
2.09826
0.00671359
0.0195189
4.61884
1.85185
7.93862
1.59818
0.0215831
6.03127
0.00322538
0.00357003
0.00348884
4.64288
0.00324608
0.00323352
0.0031947
2.02998
0.203116
0.00324729
2.14194
0.00320973
3.09376
0.00403591
3.52387
0.00318001
0.0339938
3.91722
0.685518
6.99639
1.7475
1.40471
0.00320671
4.92788
1.48289
0.858143
5.28903
0.00333614
5.98583
0.00320437
0.0137373
0.0296486
0.0286542
0.613455
4.42188
0.00321164
0.251469
0.11796
3.67453
0.003221
0.113327
0.0031942
0.0238733
4.04026
1.77578
0.065724
3.90373
0.085382
0.00326265
7.34906
0.0901061
2.40225
5.18739
0.0308472
6.05586
2.49812
1.20411
3.17442
1.74095
0.00315306
0.0032553
2.31185
0.0032301
3.33175
2.90489
0.00370767
3.13197
0.00323539
1.6915
0.0176945
0.00313346
0.00333176
2.05319
0.227
0.00337315
0.007953
6.56973
7.81342
0.00321444
0.817841
6.4126
0.00324355
0.00510525
0.00350701
3.7731
3.17861
0.003349
3.41703
0.00318245
2.68179
1.25739
0.59116
0.003226
4.00527
1.66427
3.35769
0.00734361
0.0032139
1.79609
0.0596129
0.407441
0.00321543
0.0716803
0.0032456
0.125672
2.55037
0.048341
2.68964
0.00321191
2.80478
1.5287
4.55991
6.27122
0.00309286
1.00336
5.30973
3.22216
0.042508
0.0157818
0.179163
1.04378
0.00319209
0.0710864
3.88505
4.73513
0.0278941
4.75189
0.0137594
0.00383215
4.89916
2.70432
1.34888
5.15159
0.00324465
2.18674
0.0754001
0.188561
4.96694
0.0035054
1.9972
0.187352
6.55576
0.00320367
6.81955
0.00328098
2.93905
0.00867547
0.729009
6.24664
0.00511314
0.708624
0.00321572
0.00338882
1.65585
0.513946
2.77733
0.00362785
0.00318513
0.00321311
7.98121
4.99334
0.00320398
0.00320405
0.00323647
7.06202
3.05103
1.55095
7.73759
1.99157
6.84374
6.71721
0.737744
4.89288
0.00315685
3.09115
2.26199
3.00267
0.00346605
2.00767
2.1615
6.78876
5.31847
5.68033
0.30174
1.70269
0.323597
3.86958
0.00359069
0.00490531
7.77042
0.00314099
0.00319363
7.95793
0.00656286
3.04245
0.00322514
0.00594075
5.35096
2.11675
0.00469434
3.18448
0.00319905
0.972402
4.90833
1.37499
7.65136
1.82524
2.14871
0.105444
0.649294
0.257441
0.00315415
7.99921
0.00351362
0.00348275
0.0032179
2.1749
7.93965
0.00329832
2.2617
2.03117
0.00458431
0.0266211
0.00366821
6.61732
7.84006
0.00819114
0.13822
0.186476
0.0046463
1.33632
1.38089
0.820023
0.00328396
0.00361219
0.854589
0.00810746
0.00324497
0.386982
7.12847
1.35425
0.0171053
5.27408
0.055318
0.0057128
0.00320833
0.0142056
0.319828
3.44482
8.08857
3.51365
2.71306
5.25856
0.00345483
0.00459693
0.00319774
0.0306271
0.0150103
2.2065
7.22427
0.00326631
1.48749
4.98241
3.07467
0.0410337
2.10882
0.00497943
0.003199
2.5294
0.00351783
0.00407527
3.52677
0.280276
0.00488247
0.0112185
0.00444525
1.82442
0.00980173
0.190948
1.51593
4.38929
0.0734542
2.57013
1.22348
0.0844088
0.00317362
0.00316519
0.00363333
1.74772
0.00388275
6.6445
0.010679
2.54814
1.81104
0.00308881
1.60608
6.2394
1.54345
1.33206
0.56319
1.32398
1.04138
6.85652
0.00397523
1.50022
0.739872
4.96701
1.29901
0.369359
0.0878467
1.69259
3.76538
7.96654
7.73183
0.00320611
2.29065
3.11758
6.35106
0.003116
2.85112
7.99325
6.79101
4.67295
1.72883
2.95415
0.00465419
0.728975
0.00327337
2.04758
0.0032652
3.89394
7.17567
0.00722324
5.29293
3.2744
4.43152
0.00321239
0.350378
2.04359
2.28216
1.81946
6.75079
6.51913
0.803712
0.00338307
0.759196
0.00465448
0.00315869
0.437191
0.00665653
0.00435784
0.156754
7.02933
1.70183
0.00328245
0.0721681
2.0048
3.12751
0.00331123
0.00324135
2.19881
0.248183
0.00321514
0.00451766
1.1317
7.7809
0.392791
0.0342714
0.120485
0.0032369
7.54939
0.204414
7.30594
0.00330913
0.00330257
0.00363647
2.03823
6.25379
3.33802
2.07458
0.0287693
7.89634
5.29132
0.0270664
0.00326202
0.627658
5.62757
1.43479
6.91632
5.31477
0.00354604
2.19077
1.01856
1.6792
2.68776
1.96505
0.00442731
5.85745
0.00324822
1.75954
0.00314246
0.101909
6.98164
0.00320319
0.187023
7.24082
0.00337564
2.96904
2.16402
2.37324
0.151179
2.07958
2.12471
0.00393029
2.03163
0.00321627
3.52648
0.00322917
7.73796
0.92987
0.716202
1.73347
0.00321551
5.52755
0.127544
7.25102
0.00594657
0.366978
1.01226
5.93984
7.4577
0.00324013
0.0147593
4.7117
0.19129
0.00438418
2.31407
0.199908
1.64967
0.00375451
5.61354
1.03986
0.0346628
1.64498
4.46499
3.40203
0.897162
0.164547
2.15288
0.502379
0.0245577
0.00319376
0.0689214
1.33715
0.0834806
0.00321896
3.30301
7.38556
0.720966
0.0214709
0.00321802
1.58898
1.81547
1.8875
0.0389144
0.202153
7.08297
0.016951
0.231001
1.82468
4.29314
4.4905
7.12674
0.00320128
2.90824
0.00362907
6.06659
1.99149
7.73331
2.48906
1.5568
0.00669282
0.0033079
3.78847
1.92342
3.23601
0.00571319
0.00324123
0.093329
7.54337
0.00321777
1.36029
0.758761
0.0255204
0.0033159
7.96772
2.13982
7.02652
0.238991
7.9213
1.78724
3.20728
0.00323276
0.188796
2.49335
2.19769
0.207853
0.0516658
1.71039
0.00321842
3.39523
2.24384
0.00753463
0.00433414
4.21689
3.15891
2.07647
2.23014
3.64405
7.81558
0.0384942
5.99227
7.40618
0.441643
0.0336347
4.15984
0.00608736
4.67413
3.86581
0.505575
0.00986603
0.00337984
8.07096
4.65368
6.46752
0.00322857
2.18342
5.33705
1.07017
2.03602
0.00330454
0.0035147
6.10706
2.83957
0.00385861
0.00801761
1.82618
4.61636
6.52657
5.36495
3.08872
0.00321817
1.97526
0.201415
7.81028
3.30178
1.87503
0.52516
7.97379
0.00387949
0.00353616
4.15553
0.37748
0.00340877
0.199817
5.36443
0.603098
3.638
0.00910047
0.00380153
3.08286
1.87858
3.38142
0.00863649
6.63013
0.00318868
2.4132
0.00350658
0.0204942
7.70883
0.00330863
0.00852226
2.52307
0.00332641
0.00337069
0.00309316
0.00319579
3.78354
7.9798
0.00418247
0.879691
1.25421
0.260839
2.18341
0.00411576
0.00336003
0.00591757
3.92831
4.75936
2.13566
0.00703559
0.014012
0.00513322
6.498
0.186823
1.80237
0.633499
0.00341719
7.65693
1.86844
0.00440311
3.94241
2.43798
0.00320386
0.865672
0.0273098
0.00323626
7.84778
0.0971618
0.144278
0.896879
0.00332669
0.00575754
4.21272
2.99526
0.00338109
0.0032584
7.24868
0.00356375
0.00323694
0.00315895
0.00330211
1.99301
0.107311
1.94738
0.354209
5.77516
1.73838
3.30041
6.01445
0.0848449
2.60691
0.183205
3.80196
2.2194
3.4077
1.86455
0.67354
2.14876
0.00320055
0.00379197
0.107466
0.00330096
0.202131
0.213592
0.00322556
3.92747
0.0390252
0.487994
7.59655
4.82226
0.00314459
0.0373698
3.35104
0.0284131
0.0174514
0.00323334
3.22432
0.321816
2.04217
2.75595
0.0597651
3.01712
0.025729
1.71319
4.18169
0.00322753
0.203005
2.96347
0.0452222
2.11194
1.8888
7.69033
3.6103
6.04621
0.00322034
0.00324543
0.00320379
6.37183
1.29528
1.05815
0.00321831
0.00430253
3.29307
0.176855
0.00364404
5.30148
4.00443
0.00459342
0.0744255
5.00849
0.00334093
0.0477082
0.00321785
3.2689
0.00573438
0.00320597
4.04661
2.08363
0.00316935
0.917369
0.13407
0.00318367
0.143675
0.609875
0.00364493
0.0528446
3.68839
0.0625003
0.00322844
0.00326127
1.32212
0.00402342
7.02136
0.00439485
6.27078
0.00315085
6.23767
2.24357
0.0707772
3.27998
4.44052
7.33807
3.17763
4.47575
0.45649
0.00319335
0.00323334
0.00319101
0.662081
3.71013
7.81729
0.00312027
0.0072599
0.248382
0.00326011
4.58358
0.39362
0.00345553
8.00248
1.17658
1.02366
2.06946
0.861355
0.679767
0.225031
4.26393
3.5422
0.754333
0.0033264
0.00322639
0.101217
0.0032211
2.24225
5.88044
5.30049
7.06837
0.00317567
4.41296
0.00400252
7.68571
7.47707
1.43269
4.07946
0.0328739
0.797723
0.18834
1.52322
0.868063
0.618944
5.43726
4.05338
6.02058
0.00561938
7.20497
0.0661635
0.00386902
0.0147818
0.00842323
0.0967805
0.574119
5.34975
3.9083
1.2906
0.00441292
4.30556
7.3958
7.69083
0.00400375
0.00685051
0.0033026
5.63515
2.38254
0.329079
3.84446
0.0959539
1.37764
6.2172
0.805817
4.13794
0.00458426
0.00418779
6.26008
0.0031457
6.83103
4.46172
1.53679
3.92355
2.39889
2.23658
5.31799
3.62406
7.832
0.00454532
0.0032084
0.00314515
0.0103946
4.6197
0.877247
1.55526
5.79189
0.0461427
0.00312655
0.00330698
0.00349036
0.00431079
6.1055
0.00339058
0.0494823
5.04918
0.00315678
0.171727
1.96332
1.34924
4.46662
6.23545
4.53357
4.60431
0.740787
7.69193
2.02534
4.45726
7.67456
3.19007
4.81612
0.573912
3.5364
3.07965
0.0032534
0.00324191
6.07206
1.83073
1.87644
0.0562217
0.00323619
0.00325256
1.79166
2.46898
0.0357143
0.0761568
0.112686
0.00354258
0.0239121
0.00323863
0.00321321
3.32742
3.54727
5.67038
0.00339798
0.00413829
0.00341175
3.51173
5.80311
0.00327413
0.0410759
6.94722
0.00322026
0.00320266
0.124575
0.7245
0.314882
2.60139
0.00321724
0.134122
0.00316891
0.00805752
0.105212
0.365047
0.00324298
0.0439784
0.00389487
0.194354
0.00324376
0.00313949
0.0502323
2.61874
5.95624
1.36337
3.20691
3.8777
2.94442
1.52291
1.37515
6.7742
0.889809
0.00441857
0.00443683
6.03902
2.09973
0.496131
0.0100359
0.0312176
7.20399
0.475741
3.66386
0.00322515
0.974707
0.0259014
0.00353224
5.57472
0.00490269
0.605274
6.82009
3.77019
2.48848
1.74229
7.72953
2.53974
3.15891
2.61512
4.95478
1.87039
0.512891
0.00391111
0.00726407
4.90984
0.594926
0.062879
1.48525
0.00312142
6.84627
0.00325657
6.54776
0.746767
6.57905
3.02135
0.003203
5.44806
0.956074
1.9577
0.00369709
2.77839
0.0838534
3.04814
0.00317277
0.00321736
6.7272
0.0846071
2.17551
3.61563
2.4721
0.913561
0.00534977
0.00311771
1.91657
0.381273
1.17683
0.00322537
3.26226
0.00466797
0.0102232
0.00383208
3.65909
3.85675
0.0121794
2.18503
0.0543533
0.480991
7.55294
0.221453
0.00572844
1.08019
6.96192
1.38245
0.00323779
6.59452
5.33432
2.57509
0.00328556
0.535292
0.00369862
1.25347
1.66159
0.0288274
0.00382641
0.300767
7.31334
0.386235
0.26262
0.0339582
4.9798
0.00354942
7.41993
4.18677
2.30252
6.42492
0.557088
2.18873
4.00213
2.02392
0.00416715
0.00338377
0.00432617
2.10712
0.00389142
0.0032195
5.44019
0.00324662
0.00333173
3.88966
5.77819
2.87052
7.90494
3.47276
0.00462467
2.12276
6.10876
0.00317951
2.64349
0.476556
0.00509989
0.195241
2.91642
4.69017
3.91402
1.77654
0.00311854
2.23017
5.01621
1.96325
5.74847
6.42447
1.13818
1.76979
2.2636
0.0033362
4.78203
1.76109
1.83888
3.53185
0.00768422
7.23884
2.63466
0.12472
0.0041661
7.57377
3.95266
4.31847
0.0614508
0.00355059
6.8845
3.58134
0.827015
3.03497
4.93893
6.50561
1.92896
0.00595556
4.54222
2.21227
0.458215
0.00387607
0.00321792
7.65912
1.01994
1.764
7.28791
0.00501311
3.84196
7.89337
4.31796
0.00317167
0.00322816
0.641492
4.75999
0.224229
1.91773
1.72955
0.0046661
0.00336386
0.8625
7.30109
3.30053
5.50806
3.32679
1.4409
0.00316311
0.675396
6.62392
0.162369
2.6634
0.00321551
0.00319853
0.00346611
4.84878
7.62744
7.70264
1.71576
7.82764
0.0130025
4.6317
1.30709
3.64448
1.84625
0.072504
4.42242
0.00318973
5.99722
6.06976
2.18943
0.0140684
0.0043425
6.96891
0.0411684
0.306536
0.00319541
8.07592
0.00322645
5.62304
1.86061
0.51893
0.489895
0.0629947
0.326059
0.00322818
0.00403504
0.0579527
0.0033366
3.0665
0.00324704
1.91168
4.0822
4.77677
3.8027
0.00331601
4.66168
0.0312224
0.191199
0.00813234
4.17135
0.103453
5.3273
2.51676
0.00314749
2.86591
0.00324529
0.935262
0.041868
8.07676
3.01781
1.35761
3.61095
7.0791
0.328861
6.99956
0.896876
0.00452948
0.00321519
7.1519
2.17622
1.42975
3.36737
5.0936
7.44348
4.29825
0.00317861
2.14277
5.22424
0.119769
0.00562063
4.68251
7.47296
3.99443
5.8909
7.74687
4.19878
0.368149
0.00403218
0.00322363
2.09315
0.0874747
6.04902
0.040208
2.85264
1.89917
0.00321679
0.00362784
1.35525
3.38748
7.1591
0.00370707
0.0781499
7.86078
0.00324452
0.93402
3.18859
0.0690339
7.87262
5.29074
0.00321918
2.19026
7.83887
0.00320409
0.0198968
0.150236
0.00402437
0.174675
0.00345623
0.00317701
0.0871046
4.50387
4.269
3.10947
1.07999
3.38109
0.076515
0.00369631
2.10134
7.83254
7.12965
0.0102675
0.0491821
4.57632
6.43457
0.00324304
4.22021
3.89768
0.00397995
7.92225
0.0785142
7.21673
1.03193
0.00347542
0.216859
3.07451
0.00398535
0.00325007
0.00319496
7.80171
0.131936
0.00313019
1.35154
0.925996
2.26134
4.24864
4.26447
2.5461
0.70611
0.0406476
7.89987
5.93683
0.00323764
5.38706
0.0489676
1.87299
5.3476
1.22484
0.904352
7.92869
0.00420923
0.176929
0.724188
0.203637
6.46801
0.00339044
2.62365
5.02444
0.00315049
0.00319908
1.83989
0.548618
0.0569676
0.00326035
5.13201
0.00319484
0.00342395
5.47559
0.0119779
3.38514
4.1007
4.05142
4.53227
1.06408
0.0122515
0.00319287
0.00663425
0.00319704
1.66339
1.38691
1.93412
2.6801
0.00345967
5.77424
6.34154
0.00452126
6.7317
4.93234
1.18601
0.00334945
7.49884
4.14072
0.00447054
1.716
5.64238
0.231672
3.88637
0.40025
0.00322225
7.61689
0.00322595
0.392566
0.00321538
5.15457
7.50819
0.292023
0.00345373
2.54971
0.00373241
0.00647732
0.00324102
0.325082
2.76001
1.30037
5.65874
0.265309
1.80864
0.00328474
0.00310494
0.00773228
0.00994599
0.0036043
4.43929
0.00314037
2.62858
4.39933
0.00322676
1.81657
0.121116
3.09777
4.41512
0.00330674
0.0032244
5.18231
0.00321425
0.0336573
1.91431
5.07963
3.94057
0.00763758
2.59856
0.129776
0.00331798
1.84663
1.12383
1.77581
2.31434
0.894473
0.0166951
0.740682
1.13176
7.73408
2.84884
0.00326744
0.0118475
1.04313
2.36722
5.96999
3.80266
0.200445
7.97405
3.26015
0.0379331
3.02615
4.19117
5.33778
7.01066
0.00311217
1.82035
0.00387839
0.0150175
1.8291
0.00319451
0.181856
0.00662641
2.64272
6.50416
0.0240248
2.05026
0.00325259
5.33387
0.00319262
0.00438853
0.885272
0.950046
0.00313992
2.24582
0.00445577
0.00323144
0.0430526
0.00318627
0.00321892
1.35855
3.98882
0.928286
3.42571
4.94246
7.52838
0.00311479
2.89976
0.00324111
0.0244866
2.5623
3.87132
4.5892
0.177683
0.709017
1.17852
5.56099
0.0735397
4.96727
7.48818
4.98713
0.00330104
0.00345425
1.15194
6.34685
5.72006
0.00626793
3.37169
0.0110583
0.00592257
0.00315478
5.86241
0.429475
0.00322766
1.80258
0.00308457
0.0983165
0.00348607
0.00423981
0.0041667
4.66558
2.62805
4.40271
1.87168
2.61413
4.5627
7.35391
0.274094
3.80246
1.76796
0.553889
0.074426
0.0033177
1.80449
2.18617
2.83826
2.06237
0.00323492
7.79073
0.892557
0.536171
2.45879
0.971761
1.41126
0.00320104
0.304029
6.74151
7.58609
0.00329696
2.6189
6.15237
0.0193235
0.00337702
7.75883
6.60542
6.39201
0.00320298
0.35693
0.018238
0.00317656
3.51873
7.56635
6.9027
0.257204
1.84811
0.971132
1.62588
1.17042
5.38083
0.0468041
2.42735
3.85314
2.2342
0.00651392
0.0150727
0.128781
3.06721
7.17281
3.78971
1.58508
1.27044
3.4235
0.00470546
0.00913124
0.00311269
0.00330243
7.69847
0.00336539
2.38975
0.0033306
0.00380281
1.71724
0.416032
3.95555
7.06885
3.05895
0.146542
0.00323456
1.69463
1.23499
0.00317403
1.03142
3.39315
0.74024
1.70714
1.41566
3.32344
2.32507
0.00321677
7.74165
0.00417052
1.37782
0.279348
6.18907
0.00326115
3.92423
6.48633
0.211633
0.945558
4.34949
4.69291
0.00381684
0.0263519
6.76836
0.00343566
2.77585
0.00446004
0.00380114
1.938
0.965529
0.0900505
2.74862
0.261899
0.870961
3.6702
4.01423
0.00315316
5.43008
4.33602
0.00318043
0.657679
4.22031
2.01543
4.91802
0.00856286
1.7357
1.74927
5.26966
0.0199944
0.00318151
0.00807753
0.120812
0.186727
0.00324624
0.00323138
0.00599245
0.27087
0.0406516
0.00883432
1.87888
4.18994
0.00322793
5.01063
2.02611
0.604381
4.01086
2.38634
6.85262
0.00319049
2.19504
0.00817103
6.68891
1.66723
2.37015
1.21736
0.006988
2.89235
2.55486
3.97338
7.79556
6.318
0.148442
3.29483
0.00433783
0.00321648
0.00437902
1.31861
0.0034791
2.36107
0.00966245
0.432115
0.00322815
2.03915
5.66728
7.84315
5.88149
7.05489
0.00398407
1.69993
3.15558
0.969431
4.8635
0.00353533
7.18983
0.00431911
0.00397866
4.42343
0.00839817
3.90802
0.00566532
3.24462
0.00325823
0.0031213
1.97366
0.00430501
0.00318753
4.23815
4.55502
0.0209305
3.11042
1.73158
0.00531006
0.00370238
6.91757
0.524969
0.00321909
1.42835
0.00881147
3.05833
0.00566253
0.348818
5.14315
5.33278
0.00367712
6.3909
0.00689316
0.00320804
0.00686935
6.99109
6.77636
1.66001
0.00356992
7.19666
1.79669
0.0032122
0.00345308
2.39305
7.59998
6.42784
2.10884
0.00330973
0.00331839
3.32088
0.00430043
0.00343157
0.0032152
2.70583
0.00394933
0.161708
4.53319
3.26991
2.35408
4.51285
2.38335
0.00344574
0.260148
3.5595
0.00324433
0.46986
1.33818
3.60555
6.75035
0.00321277
5.4566
0.502481
0.00321112
0.00342429
3.29288
7.90173
2.43386
0.00322113
6.2965
0.0313415
5.43276
2.66905
0.0208153
3.46135
0.00325035
4.6528
6.39893
0.00326739
1.89042
6.55983
6.87111
0.115226
1.53307
7.87117
0.0104691
0.00395892
6.73755
0.00328038
2.52261
0.00508005
0.0174794
0.00446218
0.782561
1.39487
1.89651
0.00469229
4.26038
1.237
1.3861
0.003213
2.01722
0.900221
1.82848
0.292388
0.00324042
2.77506
2.138
1.95076
1.53503
6.61464
2.81015
0.00450216
7.80802
1.76335
7.21461
5.4681
1.828
5.49867
0.957239
5.25919
4.61257
1.02116
2.88434
0.0136932
0.00323612
1.57665
0.235096
0.00333218
2.70541
1.83053
0.00324015
7.03885
1.4178
0.00332758
4.65
0.0031237
0.0412416
2.24827
0.00365712
0.00329378
6.09167
2.84892
2.27203
1.244
5.64439
4.62573
3.15051
1.90851
4.72228
1.29927
6.89584
0.0530464
6.75917
6.75753
7.5404
4.93976
0.00394748
2.01413
4.14553
0.00428983
1.81687
0.430504
0.0032166
0.00418288
7.6583
5.53647
6.55719
3.95918
0.054593
0.0169329
3.30484
0.00566249
6.52147
6.15696
0.00331907
0.00442007
5.96519
0.00516212
0.00320019
5.50418
0.479445
0.00661346
0.00322077
0.0276674
0.00439578
5.29835
0.00493555
0.359968
4.32531
0.012465
1.50104
0.00322512
5.36548
1.66548
0.222747
2.32429
0.0124148
0.0828456
0.00322422
2.44236
2.97583
0.0197005
6.56678
6.60791
7.88138
0.00313456
1.14174
0.00321163
2.16248
0.00324645
0.00321995
6.44504
2.87432
1.90495
0.0628922
7.26072
0.0056666
4.2475
0.00593583
5.01699
0.825914
1.61896
1.76527
1.95664
0.00320038
0.00580362
0.00323175
0.0069062
0.0110001
0.0214601
0.00318725
6.02232
4.82667
4.39828
0.00726628
0.0227555
0.740609
7.67782
0.563841
1.75001
0.00406976
2.41561
0.00320622
4.42911
0.00320017
0.00378329
1.36077
0.0032285
0.0374475
0.00333267
8.02754
0.0947713
2.10398
5.01404
7.17504
1.83093
0.00320098
0.0546419
0.399735
6.44266
1.20812
5.57134
2.35701
0.00323795
2.39816
0.711103
6.77124
0.00323367
1.72239
1.86191
2.09259
0.00685591
0.00314348
1.29873
0.00313987
0.0115687
7.73165
5.87545
0.0874014
2.67612
6.6144
2.33541
0.738986
0.848297
0.00323067
4.36822
2.46215
0.00322499
4.25664
7.56833
1.29417
0.523474
0.00653698
4.07488
7.43687
0.0196545
0.00883715
3.44826
3.7161
7.85733
0.297004
0.552025
2.03535
1.8272
1.32511
4.69833
5.21511
3.63613
0.0311111
2.96191
1.95257
2.11626
0.013799
1.92101
0.00331411
2.77889
3.16798
0.0990142
5.31177
2.0988
0.00321343
0.00320837
0.0033178
0.003196
6.8233
1.04482
1.85258
3.64004
1.95814
2.98764
6.14027
0.114489
0.00471534
0.0250699
6.21465
1.96133
4.78644
0.0507519
0.02279
0.621108
6.51672
0.0365794
7.38473
0.00349548
4.05585
4.3878
1.82353
2.1022
0.00320682
0.00318419
0.0275912
0.34043
0.43381
3.28165
5.46952
1.56471
0.00317683
0.00322724
4.55207
0.00324761
0.40649
7.38878
0.00317042
4.01319
4.39139
7.23173
2.08563
0.414814
6.93036
1.07044
0.0159039
4.35674
0.709778
1.7722
1.79238
4.34763
0.00440006
6.26822
0.00324478
1.33706
0.0032663
6.49267
3.30984
0.00431014
0.128941
7.57553
0.00511154
0.0037775
1.98705
2.94925
0.00364747
2.95851
2.16146
3.93406
0.0742434
0.494416
6.44979
5.90234
2.14352
0.00414715
0.975459
0.0878322
0.329487
0.211543
2.24597
6.37028
0.139917
0.00317085
0.00324317
4.59893
3.06379
2.01744
4.69121
6.97535
2.95434
0.0158314
2.0001
1.9591
6.23185
3.3642
1.03236
3.34491
2.05353
3.47257
1.41644
0.00322073
0.0065372
0.00445514
6.74708
0.00322077
4.54712
2.7588
3.84893
4.65332
2.20078
0.00389898
4.39007
7.27974
0.0032309
1.81225
1.63463
0.00418591
1.2846
5.66002
0.00420967
0.00718471
1.33612
0.00781886
4.39567
1.82099
0.00322005
0.0037268
0.00323183
0.0059937
4.83064
1.96073
4.89252
0.00831444
6.85953
2.43264
2.05991
0.00322527
2.75598
3.54539
1.38568
2.1235
2.15808
0.0032232
1.19873
0.184841
2.50394
0.90344
0.170235
0.0031649
0.00470209
0.007659
0.00329568
0.0859878
0.00314972
0.00321737
4.63136
0.901132
1.0949
3.13165
2.21807
7.17391
1.51701
2.19147
3.21716
0.00331199
0.00325398
1.36735
2.06001
3.32221
6.73088
0.00310518
0.00921711
0.00322996
0.00316533
0.021117
0.00462878
8.09317
5.41913
2.03034
2.03752
0.15818
0.00323997
0.658507
1.84756
4.10394
0.446324
6.057
0.00322913
1.72136
1.72194
2.01147
0.0387258
2.45307
0.013408
0.00313847
3.77643
0.00324629
0.00650856
6.01778
0.0033474
2.78553
6.41841
0.00325517
0.207069
1.30142
3.02787
0.626068
5.02131
2.60531
0.988213
0.253083
0.00890141
3.23319
1.61627
7.9113
3.00568
7.63384
5.43428
6.35184
5.15774
0.00322324
0.0250301
7.79639
0.00415861
2.16315
5.20152
1.34188
0.00321077
0.0128129
3.25902
7.31615
2.05906
0.00406871
3.29706
0.354302
0.0877405
0.00321846
0.0303834
6.96753
1.88179
0.00312921
0.216512
2.06811
0.0550991
2.09616
0.00363794
1.79719
0.038835
0.00487745
0.00323101
3.54856
0.00462117
3.28695
5.41034
0.00513888
0.00319597
2.54567
2.10531
0.00705727
6.50682
0.310174
3.01193
0.00334393
0.638096
1.81102
0.0031949
0.0509289
0.786187
2.98132
0.0205009
4.66179
1.94993
1.755
2.01599
0.0539011
2.58613
0.00470654
0.159986
5.51502
3.28403
0.00341264
0.720995
0.617282
4.20271
1.67784
6.37094
0.591172
0.00316395
0.699327
0.00952227
2.13193
1.14282
7.54986
0.00328397
1.94932
0.00445898
2.41882
2.82976
3.32223
0.00813388
0.00321951
8.04471
3.68632
0.00321579
1.92115
0.0586023
0.00700234
0.00323218
0.00326478
7.58698
1.11742
0.075464
0.239572
0.176665
7.86856
0.00541193
0.00718959
0.00371062
0.00309946
0.383939
1.80243
0.154816
0.0487795
0.00320561
2.37061
1.264
0.00339952
0.00319563
4.23491
8.05792
1.16365
7.24195
2.70939
0.00326381
0.00318697
0.00320276
0.141238
5.90735
0.00314625
2.01528
1.86327
0.137794
5.81475
0.00316164
0.302211
0.00665535
3.12074
0.525801
2.32564
0.135562
2.4794
0.0138579
0.00317704
3.35168
0.0034367
4.58457
3.15436
0.00846224
3.2149
5.59607
2.40604
1.1149
0.00525094
5.86569
0.00350051
0.00321586
0.0040964
0.00316514
6.49214
8.03269
4.21221
2.23615
0.00563624
0.00314764
1.70722
4.26334
0.0043194
0.0133202
0.0564257
0.497387
0.443874
6.05359
3.47197
0.00334363
3.89739
8.03774
5.59786
4.07052
2.76834
0.00313142
0.0096615
0.747391
2.62586
7.3155
2.5992
7.89761
0.00341064
2.6668
3.87772
0.715568
0.768118
3.61944
0.00324787
7.11028
4.40379
6.61371
3.9337
1.73797
2.28972
2.86869
0.139117
0.0032404
3.01459
2.35004
1.18911
4.16243
0.0406177
1.11126
1.99716
6.71955
0.0680315
0.365316
5.91732
0.0051556
0.00317622
0.00322415
3.9123
0.00511236
2.73626
2.77024
2.49634
0.947245
4.78846
0.00320099
0.134053
0.17647
0.0501361
0.622202
0.00388281
6.96188
4.30382
0.416415
0.00378982
3.45039
1.64019
4.44477
0.00318261
5.48402
2.84637
5.59021
0.0032407
0.00319894
6.92252
0.00323079
4.12949
0.664978
0.00320466
6.13408
1.83657
2.88274
7.18118
1.048
4.59964
0.00322359
0.00392026
5.22256
2.41817
2.49646
2.92346
0.00336056
6.36327
0.00367921
0.00336791
3.3583
0.0400653
0.205445
4.32032
8.02512
5.15841
1.67012
4.35423
2.42368
0.978973
0.00650422
0.119368
0.144945
0.69167
0.0451412
4.22355
6.66061
7.82524
3.58513
2.1616
0.0032414
3.43544
0.0033548
3.20746
3.38215
6.54943
2.1088
1.1772
0.00701798
0.10593
0.0501414
1.24534
6.7831
7.05313
2.233
0.0036807
2.99036
2.15712
0.00322299
4.02292
0.00323781
8.07484
0.166219
0.0495734
2.3225
0.00353846
6.28896
2.05268
0.00326474
0.00331382
0.49427
0.00500906
3.02972
0.00323202
0.0176552
5.32624
1.58953
2.45438
4.76203
0.00328995
4.91539
6.45005
3.32808
0.702031
0.00372823
2.079
0.00319581
0.396385
1.96459
0.00380232
7.01984
6.3305
0.00768299
1.21891
1.64078
0.0178863
4.48915
1.80851
0.00328819
7.52342
0.0716287
0.021917
0.0594949
0.00858818
5.30504
8.02026
4.55747
0.00323402
0.147254
0.0583264
2.33321
1.76228
4.55312
5.04321
0.848452
4.14963
2.06353
5.16685
0.370175
0.0031878
2.11213
0.00321838
5.13403
0.0034689
7.84276
2.19887
0.00311098
5.83027
1.45054
0.00322459
6.31914
1.41573
5.34643
1.8074
0.709807
1.74645
0.00343517
0.58117
7.96664
0.0035272
2.01835
6.69941
0.00312212
0.00333406
2.35072
0.00392408
0.00599527
1.85593
3.63453
0.00317795
1.25317
5.20129
4.6607
6.26856
4.90734
4.59403
2.69349
0.00417631
5.54196
2.80636
0.089444
5.19416
0.00436014
4.72645
0.00318795
1.15866
3.21435
0.363284
0.00683734
3.14101
0.0655643
3.43206
0.00324416
0.985824
2.98561
0.0707611
5.50266
7.46928
0.00319271
5.19276
0.00321816
1.18068
0.111731
8.06545
2.98439
1.12443
5.19914
3.13787
0.650931
7.7959
7.15315
0.00314614
2.03896
2.29409
0.00322726
1.48328
8.03039
4.95892
7.41614
0.00363685
0.0257703
4.94019
1.65664
5.09764
1.06216
0.0264618
0.0252215
2.05614
0.110863
0.00399059
1.34441
0.00333901
1.21562
0.00320357
3.23781
0.0635133
0.00356204
0.0038054
1.22389
0.00568759
2.1323
1.7301
7.81322
2.41687
4.65627
1.02114
0.006743
2.74679
0.801005
2.82399
5.57692
0.0163201
0.128608
7.8506
5.11513
4.02837
0.0169347
4.86459
0.00321894
7.82531
1.24028
4.7317
0.469214
0.0251509
1.2387
6.21372
5.44984
2.96183
0.00537706
0.00360121
0.203029
1.75384
3.78525
0.0039956
4.27953
0.017355
5.37356
1.84548
0.0455676
6.87885
2.55902
2.37035
1.6888
1.52764
7.50454
0.754397
0.156824
0.00320398
0.836447
1.94451
2.09358
0.0032778
0.106474
3.05617
7.47835
0.00324164
3.25726
7.69598
7.75887
2.5161
2.42881
0.355923
4.82833
0.226277
2.35504
1.53245
1.37115
0.00405201
2.48315
7.98812
3.60528
5.81596
7.77675
0.0455515
0.171402
1.3198
1.73496
3.5362
0.358199
0.00322205
8.05118
0.0673303
0.095791
4.89355
0.381151
0.016593
0.0117935
3.881
1.93419
0.00532302
1.30463
0.0273386
0.00378789
5.54977
0.00336155
5.04687
0.00567146
1.651
0.460668
1.748
0.00385757
7.9357
0.00925681
2.11711
4.64139
0.00323592
0.0119426
0.00512378
2.18798
0.00324076
7.6045
0.00323171
4.46309
0.0030966
2.38633
0.791639
0.48068
0.0149753
5.15134
0.00320398
0.00313816
0.0189679
1.80674
5.49681
1.64611
0.016002
0.00350526
2.06824
7.15093
0.00361585
0.01022
0.00327038
0.00320843
0.0216788
2.29568
0.00320847
0.00347825
0.00853695
0.107428
3.84748
2.18228
0.400974
2.80665
0.210696
7.78456
0.755473
7.87821
2.06061
0.380525
0.00322041
3.65152
6.86968
3.34732
0.0068488
0.107409
0.0031861
0.00322072
2.0559
0.00341362
3.58282
0.0999095
2.01252
0.014042
2.49723
0.00323614
1.95262
0.238522
3.22703
0.00321466
2.82349
6.84167
0.00410552
2.47047
1.71223
0.0366071
0.00354946
6.45345
2.05424
0.00653602
1.67505
1.70322
1.94599
2.17671
0.884171
0.00336477
0.0360672
4.04803
3.3155
1.84205
0.00320897
1.53423
6.54188
0.00364549
0.0174442
2.79917
0.00335089
7.2235
0.0990676
0.00328168
3.67979
2.70864
0.00320312
2.06717
3.19698
4.19376
1.15848
3.78559
1.38379
0.00321699
3.04344
0.345457
5.56565
0.00320291
6.32532
1.42964
0.00344922
4.57441
4.64836
3.16258
0.0032257
0.263041
0.00650088
0.00315707
1.15392
4.39657
4.1855
6.61582
0.237133
0.00382472
0.0211074
0.0238545
7.62106
3.02671
0.00366467
0.129599
0.398921
3.23828
3.18909
6.80546
0.00315669
0.00329141
0.00312766
1.47242
0.00322223
3.10821
0.80206
0.354497
0.259338
0.00728694
4.06653
0.0771553
5.1716
0.00460009
0.00321942
0.0102365
0.00599094
0.436042
0.00369187
0.00340865
3.36477
0.00328122
0.00321947
2.96377
1.91196
7.80195
0.00513762
0.00319061
0.0632475
2.39588
0.0536565
1.6513
0.948901
4.61343
3.47095
0.740747
7.70754
0.0606355
0.00325174
0.088294
0.00360604
1.74241
0.784976
0.0119031
0.0695254
1.20704
0.667592
0.0537708
0.00328768
1.08456
2.10388
0.00321623
0.546306
0.482665
2.09232
0.0820495
0.318231
0.00321668
0.00322412
0.00321785
0.369857
0.0363338
1.6785
0.580677
0.0471891
8.05704
3.11975
0.532083
0.00321634
0.0032197
0.0069925
2.77678
0.195334
4.21453
4.15269
0.00317347
0.684364
0.00350389
0.984622
0.00324569
1.91864
0.0144425
0.00318887
0.0038238
7.24425
2.1254
0.00473658
2.04938
0.289663
3.90687
4.70771
5.41102
0.00697308
3.52693
0.962072
0.00493467
3.8533
0.0434888
7.42619
0.00313524
3.70411
6.74024
0.00920731
2.13357
1.6262
0.379633
6.56938
1.53868
1.59713
3.65688
1.90398
4.01912
0.243438
6.58079
4.74605
4.46436
0.533794
0.00320476
3.07433
0.576785
2.11085
0.0111969
0.207058
0.0110534
0.00324663
0.254786
0.0032196
1.49888
1.76529
7.13242
1.6577
1.19558
1.78003
1.44155
5.09325
3.08954
0.0031548
0.566292
0.978398
1.97453
0.893881
1.8239
1.62182
0.0032224
2.83796
2.54912
5.20366
6.72237
0.00409679
7.96003
0.00323402
5.24499
5.33856
3.78468
0.00321991
5.10282
0.00321939
2.64893
3.17057
1.65611
4.64371
1.16001
3.91615
6.80808
0.00318741
0.00397553
1.68174
7.68792
0.010476
0.0139958
0.00436483
0.00323095
0.0035557
2.90538
3.08146
0.615088
0.00324304
0.087098
3.92521
0.66748
0.12591
5.5654
0.867978
2.9301
0.107737
0.0793096
0.177963
5.29318
0.00318223
7.94118
0.0032188
2.82137
0.00618318
0.0853688
0.0031926
4.29594
0.00399543
0.00326437
0.0040326
0.00424045
0.00475188
0.0221009
0.00334067
0.951863
0.00865817
3.59098
0.145172
0.00358455
0.00327772
3.92675
0.00331417
2.99112
0.811445
0.00334342
7.54895
3.83322
0.00357921
0.631278
5.2649
0.0353663
0.910932
0.3546
0.225038
7.82599
2.16712
7.5181
1.81882
5.18611
2.81974
0.0155834
1.03368
7.24428
0.595347
0.601743
0.00484967
0.38353
0.520792
0.00549372
7.86255
3.66296
0.408928
0.00321614
0.00325639
0.637138
0.00367713
3.88828
0.0159808
0.0151646
0.994238
0.375892
1.89232
2.54934
5.40825
1.62869
2.12184
0.00494426
0.664928
3.04667
0.00324555
5.05116
0.296411
0.00323211
2.22674
4.3741
1.88879
1.9488
0.0032236
0.74898
1.00516
0.00334638
2.06541
0.00355262
2.22214
0.00344368
1.40478
2.33275
2.18134
0.333147
0.00319092
1.211
0.0887556
3.42941
0.0382884
3.77344
1.495
0.533139
0.691959
0.400327
1.93458
5.59656
7.70076
0.0098774
5.26645
2.20833
0.0287245
0.271741
7.76163
4.63238
0.00324839
1.11577
0.00326561
0.0173199
4.3074
8.073
0.00361373
0.00928599
0.00325692
0.00505413
0.00353714
0.00320231
0.00372813
0.849078
2.94548
2.81196
2.5344
4.57353
4.58085
0.00322086
1.84306
0.618691
3.22517
2.06203
4.43047
0.00322583
0.295707
0.00321521
7.81611
0.482456
0.049268
0.00327085
0.00373421
0.291271
0.738328
0.54692
0.703466
0.795612
0.00351152
2.6859
0.00323537
6.85373
2.95597
0.00348754
0.0201237
2.34716
0.00317711
0.00613387
7.52585
0.0280098
4.36479
0.00358309
7.83503
0.00318794
0.00536723
0.415425
1.84759
1.34462
2.73475
2.3423
0.00332323
0.344807
3.84235
3.49543
0.117131
0.00321846
0.148154
0.00322199
3.21197
5.49875
0.0894715
3.49667
1.74344
2.54524
7.20879
0.0131851
0.0690576
0.00319413
6.1483
0.00322467
0.00537243
0.0561872
1.74153
3.76067
0.178128
0.00331446
0.00333376
1.45899
0.00367473
0.00319726
0.00643925
6.73524
2.56101
4.48877
0.961429
0.0183436
1.99077
4.28375
0.00490856
5.87233
0.0146819
0.00317241
0.312232
1.37468
6.76471
1.8626
2.74606
0.081819
0.00322647
0.00855113
1.69132
2.51292
2.70609
0.00405244
3.88447
1.4564
0.570134
0.00498081
0.00925797
0.0121471
0.00360322
0.00342161
0.29281
7.45152
3.21679
0.00320624
2.24881
0.014349
0.00405644
3.6158
1.14314
0.00320192
0.0950019
7.44174
0.00507437
0.292815
0.00339241
0.0066089
0.598345
6.91796
0.802788
0.0133027
0.00422828
0.132246
0.003172
0.00319601
0.00331112
0.796233
0.470891
0.0031975
0.00318098
0.162576
5.43683
0.00457563
2.17702
1.80687
1.88903
1.42363
0.0199331
2.40485
0.00372215
0.0034015
0.290629
0.0844661
0.00426967
7.89496
0.126628
0.0278027
1.85222
0.00352673
0.00338534
0.735528
3.55361
0.00320732
7.40306
4.85313
1.30285
0.00322736
5.99491
1.20739
2.70926
0.242045
2.46609
2.80428
5.69236
1.17776
5.81877
0.0301228
0.00322995
7.53582
5.34121
5.95224
0.251248
4.55194
2.76731
0.00354015
6.41565
2.57784
4.95268
3.81676
2.57971
0.00491412
0.00676649
7.88821
0.00318963
0.0136313
2.85664
3.45046
0.00917098
4.86118
3.64785
1.51654
1.78237
1.83819
2.05529
0.0312738
0.00333873
4.73614
0.00360152
2.29784
1.22565
1.87649
7.45087
0.00377824
0.00344377
0.00572911
7.3552
0.00317318
2.38855
0.0185955
0.00319778
4.99786
0.00318473
0.00328795
0.914388
2.89437
0.723185
2.60155
0.00324081
0.587299
0.320913
0.00899767
0.00609838
0.00321664
3.14019
0.393685
6.58971
0.00312531
0.0982473
4.85644
4.27988
0.00775332
0.00321272
0.0032168
4.49496
1.76191
0.0167209
0.155978
0.0057586
0.00319072
1.84434
5.1307
0.478932
0.474547
1.41844
0.126331
0.00795717
0.728374
1.58487
5.30837
6.64138
2.25376
0.00402993
1.45616
1.20922
3.65969
0.0113706
4.38557
0.00322846
0.00326001
6.04174
0.778365
8.04254
0.00365402
7.91552
2.14147
0.0733246
0.00668779
1.87534
6.45057
4.22032
0.0031688
0.00318305
0.00346637
0.00353731
5.9939
0.0893766
0.00323074
0.0873802
5.68441
1.3387
1.4851
6.52172
2.77338
3.02702
7.54898
0.00444418
0.0180493
0.00399035
3.94938
0.164333
1.88234
0.00386226
5.59411
0.0917979
0.00315794
0.00534837
0.00412927
2.18726
0.00341935
0.00321027
7.93118
2.19058
2.54461
1.92417
0.00416047
3.7677
3.36337
0.0033367
3.41598
0.00335747
0.284616
5.47651
0.0150819
5.66845
0.00317245
0.0032486
1.93389
5.02122
0.374892
2.01248
0.00995106
5.02793
2.43526
1.18422
0.00334045
0.00339013
2.32986
0.00360331
3.49988
0.154383
1.11013
0.258517
0.150849
2.18958
0.00357798
0.00344541
4.47092
0.00344027
0.941413
2.40643
0.00324143
0.00320414
0.00321808
2.61119
4.47097
0.00318893
0.0136716
0.113708
3.71587
2.17433
0.0032737
0.00364955
7.97604
3.08503
5.34254
1.00194
0.00375751
0.00374783
4.97783
0.193961
4.78757
3.82317
0.00366908
0.00436624
2.29481
0.264378
0.00430244
6.47475
0.0458507
1.72386
8.0301
7.61386
7.83138
1.88708
0.00322697
0.00324231
4.49604
3.88309
6.70911
0.284999
0.00319086
0.00406357
0.456056
0.0033277
1.35947
4.08238
0.00312199
2.7506
0.0032231
0.00325496
0.00323885
7.06292
4.73694
6.28589
0.00700424
0.00347011
1.70142
0.01853
0.484014
1.90297
4.45924
3.80402
0.0153869
0.00337143
0.00329102
0.00319695
1.32857
7.18747
0.00913254
4.2225
0.880169
0.00323127
0.157044
0.00321708
1.12296
2.1206
6.89367
0.0759115
2.26072
0.00321897
6.48801
0.00617365
0.890544
1.86202
0.00365796
6.23207
0.348616
1.95733
2.67936
0.481648
3.50688
1.89201
4.54349
0.00417805
0.423618
3.84445
0.00399978
1.07742
0.464011
5.09628
4.8315
0.00415186
2.16098
0.00398829
0.376588
0.00597077
0.00317007
4.24249
0.00321979
1.46525
7.04726
0.00321417
0.00484032
3.61467
0.00315614
0.00533568
0.00321021
0.058137
2.82116
6.29098
0.101494
0.003155
0.0158263
1.2135
0.623738
0.197506
2.62299
4.41576
0.329909
5.29314
0.0112137
6.29652
0.482185
0.00322049
8.0375
0.0175219
1.75734
0.306035
1.21478
5.01156
0.192313
0.0088818
0.0548721
1.11623
7.48772
0.0033258
0.990223
1.2161
0.0484477
5.5213
2.66961
0.571982
1.23631
0.00333796
0.0457823
0.324042
0.0035775
1.34183
0.00319119
0.087543
5.5067
2.86295
1.0779
5.13089
0.0457148
0.00321858
1.18724
0.00312843
1.75076
1.9467
5.98559
0.0032126
3.64268
5.05898
2.7235
1.90938
0.0033279
0.281433
0.454412
2.7323
0.5294
0.0392218
4.38864
0.999648
0.00321956
1.47658
2.01081
0.00374957
3.90152
0.112316
6.20971
1.31813
0.045069
0.203399
0.0296959
3.55498
5.18238
0.238781
0.259409
4.91535
1.74743
0.299025
6.7672
0.00333097
6.20267
2.88563
0.0843466
0.00341735
4.09578
3.25994
0.336524
6.83386
0.00334535
7.77165
3.93015
0.00325088
0.0032169
0.00607217
2.01734
2.28003
0.00316831
5.62316
5.46014
4.61372
5.04444
0.122957
0.00316002
0.00326714
0.00322335
0.195922
2.30684
0.0055028
0.00326633
0.00361253
3.92034
4.38101
0.00393478
0.0189061
0.0918202
1.98167
4.58773
1.48047
0.961852
1.25502
6.7645
3.78272
0.00809187
1.90402
0.00320264
0.00336065
5.94373
7.32074
0.00370664
1.39093
0.00322989
0.00616999
6.70015
0.00351471
1.75127
0.0160656
3.98088
0.00356876
0.00321954
2.82048
0.00325636
0.523738
3.9264
1.99544
0.865198
4.1364
0.0382779
0.0032754
0.00736184
7.9631
5.21014
1.39482
0.00324669
0.0149227
0.118123
0.0196105
0.532848
0.0037596
1.69747
7.85986
0.00447488
4.70005
0.00325462
4.66719
0.00320114
0.00320597
6.23803
4.09818
6.18628
0.00977838
0.00344991
0.0032395
0.0153556
2.83406
7.79544
0.00361596
0.0159494
4.73951
3.75031
2.28955
0.2091
0.00312384
4.66103
7.27856
0.189281
0.226496
0.485985
0.00347425
6.45872
7.65193
0.466253
7.85949
3.34246
0.013184
0.00357755
2.88012
0.00322928
7.74818
0.0036017
5.11028
1.43868
0.516757
4.60537
3.70346
3.68954
4.4198
5.76762
0.00312441
1.79344
1.84553
0.0166867
0.00322991
0.463578
7.41705
4.43482
4.05808
6.55247
0.00322633
0.00324648
7.92337
0.40062
3.41754
0.141935
0.724549
0.0384908
0.00322983
0.00327998
0.288356
0.418786
4.22904
7.46911
1.87448
5.03438
2.37709
0.0138468
0.0109892
0.237904
0.413358
4.06702
0.0110634
0.59231
)
;

boundaryField
{
    frontAndBack
    {
        type            empty;
    }
    cylinder
    {
        type            kqRWallFunction;
        value           nonuniform List<scalar> 
244
(
2.70661
2.71772
2.71698
2.71433
2.70871
2.6992
2.68581
2.66871
2.64775
2.62284
2.59401
2.56145
2.52553
2.48677
2.44579
2.40328
2.35995
2.3165
2.27354
2.23159
2.19108
2.15235
2.11568
2.08121
2.04903
2.0192
1.99172
1.96658
1.94374
1.92314
1.90468
1.8883
1.8739
1.86142
1.85075
1.84184
1.83459
1.82896
1.82486
1.82224
1.82107
1.82129
1.82286
1.82577
1.82998
1.83549
1.84231
1.85048
1.86
1.87091
1.88327
1.89711
1.91248
1.9294
1.94789
1.96783
1.98898
2.01086
2.03301
2.055
2.07644
2.09703
2.11661
2.13531
2.15311
2.17003
2.18623
2.20193
2.2175
2.23314
2.24785
2.26133
2.27421
2.28661
2.29872
2.31085
2.32361
2.33738
2.35245
2.36918
2.38801
2.40867
2.43073
2.45391
2.47779
2.50207
2.52676
2.552
2.57751
2.6032
2.62914
2.65543
2.68197
2.70876
2.73597
2.76351
2.79138
2.81968
2.84848
2.87773
2.90736
2.93748
2.96818
2.99943
3.03119
3.06359
3.09645
3.12979
3.16375
3.19838
3.23354
3.26928
3.30569
3.34287
3.3806
3.41921
3.45862
3.49913
3.54046
3.58293
3.62668
3.6718
3.71828
3.76577
3.81454
3.86461
3.91601
3.96887
4.02312
4.07892
4.13599
4.1943
4.25395
4.31466
4.37618
4.44092
4.52005
4.59422
4.66644
4.73937
4.81307
4.88765
4.96316
5.03963
5.11694
5.19505
5.27374
5.35278
5.43206
5.51139
5.59056
5.66924
5.74735
5.82456
5.90047
5.97488
6.04743
6.11756
6.18482
6.24881
6.30579
6.34765
6.37641
6.39287
6.39704
6.38826
6.36555
6.32752
6.27232
6.19767
6.1009
5.97888
5.82787
5.64346
5.42069
5.15237
4.84519
4.26915
3.9991
3.85659
3.79832
3.77319
3.72799
3.63661
3.53393
3.42232
3.30238
3.17988
3.05835
2.94061
2.83019
2.73038
2.64341
2.5703
2.51109
2.46492
2.43028
2.40534
2.38821
2.3771
2.37065
2.36777
2.36755
2.36937
2.37276
2.37744
2.38321
2.39005
2.39782
2.4065
2.41607
2.42652
2.43782
2.44991
2.46273
2.47621
2.49019
2.50454
2.51907
2.53358
2.54785
2.56163
2.57473
2.58688
2.59787
2.60755
2.61583
2.62271
2.6283
2.63277
2.63636
2.6394
2.64233
2.64549
2.64918
2.65361
2.65899
2.66521
2.67214
2.67946
2.68693
2.69406
2.70029
2.70502
)
;
    }
    domain_boundary
    {
        type            freestream;
        freestreamValue uniform 0.00325;
        value           nonuniform List<scalar> 
64
(
0.00319014
0.00315507
0.00319757
0.00325
0.00325
0.0102064
0.00429774
0.00308336
0.00325
0.214832
0.00906418
0.00325
0.00325
0.00325
0.00312214
0.418887
0.00310008
0.00325
0.00325
0.00325
0.00325
0.00325
0.00325
0.00325
0.400315
0.00321225
0.00325
0.00332732
0.00349797
0.00325
0.00311878
0.00316482
0.00317426
0.00325
0.0242945
0.00325
0.00317362
0.00308881
0.00325
0.00325
0.00325
0.00317951
0.00322645
0.00325
0.00325
0.00314037
0.00318627
0.00308457
0.120812
0.00325
0.00325
0.00325
0.00325
0.00325
0.00325
0.00325
0.0037268
0.00325
0.0539011
0.00321951
0.00319563
0.00316514
0.00325
0.00325
)
;
    }
}


// ************************************************************************* //
