/*--------------------------------*- C++ -*----------------------------------*\
| =========                 |                                                 |
| \\      /  F ield         | OpenFOAM: The Open Source CFD Toolbox           |
|  \\    /   O peration     | Version:  2.3.1                                 |
|   \\  /    A nd           | Web:      www.OpenFOAM.org                      |
|    \\/     M anipulation  |                                                 |
\*---------------------------------------------------------------------------*/
FoamFile
{
    version     2.0;
    format      ascii;
    class       volScalarField;
    location    "0.59";
    object      k;
}
// * * * * * * * * * * * * * * * * * * * * * * * * * * * * * * * * * * * * * //

dimensions      [0 2 -2 0 0 0 0];

internalField   nonuniform List<scalar> 
9648
(
2.68512
2.68497
2.68415
2.68055
2.67379
2.66308
2.64824
2.62956
2.60684
2.58005
2.54922
2.5146
2.47665
2.43596
2.39323
2.34923
2.30472
2.26042
2.21694
2.17482
2.13448
2.09623
2.06031
2.02683
1.99587
1.96745
1.94155
1.9181
1.89704
1.87828
1.86172
1.84727
1.83483
1.82431
1.81561
1.80866
1.80336
1.79964
1.79744
1.79669
1.79735
1.79936
1.8027
1.80733
1.81323
1.82038
1.82882
1.83856
1.84961
1.86202
1.87581
1.89105
1.90778
1.92598
1.9457
1.9668
1.98902
2.0119
2.03498
2.05785
2.08016
1.70625
1.69998
1.6936
1.68771
1.68466
1.68657
1.69544
1.71265
1.73795
1.77125
1.81226
1.86031
1.91446
1.97365
2.03684
2.10301
2.17123
2.24068
2.31066
2.38064
2.45015
2.51886
2.58653
2.65301
2.71819
2.78206
2.84466
2.90602
2.96617
3.02521
3.08326
3.14039
3.19666
3.25222
3.30711
3.3614
3.4152
3.4686
3.52159
3.57415
3.62637
3.67836
3.73006
3.78147
3.83267
3.88353
3.93405
3.98435
4.03448
4.08429
4.13369
4.18258
4.23104
4.27869
4.32581
4.37213
4.41785
4.46227
4.50565
4.54801
4.58943
1.4102
1.44734
1.48817
1.53518
1.59111
1.65704
1.73255
1.81721
1.91017
2.01068
2.11738
2.22921
2.34491
2.46324
2.58299
2.70302
2.82242
2.94027
3.05589
3.16873
3.27837
3.38452
3.487
3.58575
3.68082
3.7723
3.86036
3.94512
4.02679
4.10557
4.18164
4.25524
4.32661
4.39585
4.46315
4.52871
4.59263
4.65508
4.71613
4.7759
4.83447
4.89191
4.94834
5.00382
5.05832
5.11183
5.16435
5.21593
5.26645
5.31591
5.36428
5.41163
5.45814
5.50313
5.54754
5.59034
5.63229
5.6723
5.71158
5.74972
5.78679
1.34418
1.42391
1.51051
1.60592
1.71134
1.82711
1.95284
2.08748
2.22959
2.37768
2.52997
2.68495
2.84104
2.99696
3.15137
3.30312
3.45132
3.5952
3.73419
3.86786
3.99595
4.11823
4.23474
4.34556
4.45093
4.55109
4.64635
4.73701
4.82337
4.90573
4.9845
5.05995
5.13241
5.20217
5.26942
5.33444
5.39742
5.45854
5.51796
5.57583
5.63228
5.68746
5.74146
5.79441
5.8463
5.89718
5.9471
5.99607
6.04401
6.09094
6.13698
6.18178
6.22556
6.26814
6.31003
6.35067
6.3901
6.42832
6.4654
6.50137
6.53602
1.38833
1.50525
1.63176
1.76846
1.91573
2.07359
2.24119
2.41689
2.5989
2.78507
2.97335
3.16177
3.34874
3.53284
3.71276
3.88725
4.05548
4.21689
4.371
4.51767
4.65669
4.78799
4.91172
5.0281
5.1376
5.24068
5.33771
5.42917
5.51539
5.59685
5.67398
5.74718
5.81694
5.88353
5.94721
6.00834
6.06718
6.12386
6.17863
6.23164
6.28306
6.33306
6.38182
6.42945
6.47599
6.52148
6.56597
6.60947
6.65206
6.69353
6.73404
6.77346
6.81165
6.84867
6.88466
6.91973
6.95359
6.98632
7.01782
7.04798
7.07684
1.48101
1.63173
1.79429
1.96825
2.15307
2.34827
2.55252
2.76388
2.97995
3.19813
3.41609
3.63147
3.84278
4.04841
4.24746
4.43844
4.62049
4.79344
4.95678
5.11073
5.25529
5.39026
5.51617
5.63312
5.74196
5.84335
5.9378
6.02598
6.1081
6.18479
6.25666
6.32404
6.38766
6.44788
6.50485
6.55904
6.61089
6.6604
6.7079
6.75354
6.79738
6.83978
6.88093
6.92101
6.95998
6.99796
7.03509
7.07113
7.10633
7.14054
7.17369
7.20574
7.23667
7.26632
7.29491
7.32243
7.34897
7.37444
7.39856
7.42111
7.44246
1.60195
1.78406
1.98017
2.18848
2.40733
2.63597
2.87254
3.1148
3.3602
3.60512
3.84758
4.08438
4.31444
4.53599
4.74922
4.95156
5.14241
5.32212
5.48982
5.64646
5.79231
5.92663
6.05078
6.16415
6.26836
6.36439
6.45263
6.53435
6.60917
6.67796
6.74168
6.80024
6.85494
6.90619
6.95374
6.99835
7.0409
7.08081
7.11883
7.15498
7.18909
7.22174
7.25322
7.2838
7.31309
7.34146
7.36907
7.39575
7.42174
7.44672
7.4707
7.49353
7.51528
7.53563
7.55467
7.5729
7.59029
7.60667
7.62149
7.63456
7.64641
1.7394
1.95049
2.17784
2.41779
2.66748
2.92541
3.19016
3.45932
3.72967
3.99691
4.25945
4.51268
4.75652
4.98848
5.21152
5.42099
5.6165
5.79944
5.96725
6.1223
6.26585
6.39554
6.51513
6.62119
6.71695
6.80414
6.88271
6.95525
7.0198
7.07783
7.13104
7.1779
7.22093
7.26066
7.29621
7.32873
7.35946
7.38694
7.41309
7.43762
7.45969
7.48011
7.49954
7.51828
7.53555
7.5522
7.5678
7.58269
7.59696
7.61048
7.62293
7.63423
7.64474
7.65345
7.66084
7.66761
7.67318
7.67879
7.6823
7.68345
7.68394
1.88511
2.12015
2.37603
2.64206
2.92059
3.20275
3.49027
3.78414
4.07329
4.3601
4.63766
4.90562
5.15818
5.39583
5.62315
5.8365
6.03362
6.21655
6.38522
6.53531
6.67176
6.79437
6.90548
7.00468
7.08879
7.16299
7.22962
7.29027
7.34157
7.38667
7.42715
7.46139
7.49054
7.51565
7.53608
7.55478
7.56942
7.58169
7.59373
7.6033
7.61063
7.61505
7.6209
7.62511
7.6278
7.63144
7.63127
7.63185
7.63027
7.62843
7.62479
7.62077
7.61726
7.61186
7.60528
7.5984
7.58819
7.58234
7.57196
7.55782
7.54491
2.1016
2.12204
2.14162
2.1603
2.17813
2.19526
2.21193
2.22852
2.24497
2.26052
2.27487
2.28866
2.302
2.31512
2.32831
2.34219
2.35715
2.37349
2.3915
2.41159
2.43339
2.45647
2.48058
2.50533
2.53043
2.55593
2.58195
2.6082
2.63462
2.66126
2.68823
2.71544
2.74287
2.7707
2.79884
2.82729
2.85613
2.88545
2.9152
2.94531
2.97586
3.00697
3.03861
3.07073
3.10345
3.13659
3.17017
3.20432
3.2391
3.27436
3.31016
3.34657
3.38371
3.42134
3.45979
3.499
3.53926
3.58028
3.6224
3.66577
3.71048
4.62993
4.66835
4.70583
4.74251
4.77813
4.81224
4.84439
4.87525
4.90383
4.93163
4.95768
4.9827
5.00661
5.02948
5.05119
5.07162
5.09088
5.10892
5.12579
5.14146
5.15597
5.16937
5.18153
5.19251
5.20234
5.21096
5.21826
5.22398
5.22821
5.23094
5.23217
5.23193
5.23028
5.22718
5.22268
5.21686
5.20966
5.2012
5.19143
5.18037
5.1681
5.15464
5.14008
5.12437
5.1075
5.08939
5.06993
5.04919
5.02708
5.00364
4.97883
4.95257
4.92502
4.89572
4.86539
4.83343
4.80047
4.76602
4.73116
4.69574
4.65993
5.82217
5.85643
5.88908
5.92079
5.95144
5.98144
6.00951
6.03625
6.06076
6.08394
6.10548
6.12576
6.14462
6.16239
6.17885
6.19394
6.20766
6.22
6.23095
6.24049
6.24869
6.25553
6.26102
6.26515
6.26792
6.26929
6.26931
6.26793
6.26509
6.26074
6.25493
6.24757
6.23869
6.22834
6.21651
6.20323
6.18848
6.17229
6.15466
6.13562
6.11525
6.09364
6.07084
6.0469
6.02177
5.99539
5.96761
5.93838
5.90765
5.8754
5.84162
5.80605
5.7688
5.72971
5.68899
5.64634
5.60197
5.55615
5.50934
5.46164
5.41318
6.56963
6.60192
6.6329
6.66229
6.69043
6.71733
6.74276
6.76653
6.78862
6.80905
6.82785
6.84506
6.86069
6.87482
6.88733
6.89838
6.90792
6.91591
6.92233
6.92718
6.93051
6.9324
6.93286
6.93191
6.9295
6.92559
6.92016
6.91325
6.90487
6.895
6.88358
6.87054
6.85589
6.83964
6.82187
6.80255
6.78166
6.75916
6.73505
6.70939
6.6823
6.65389
6.62436
6.59377
6.56219
6.52954
6.49562
6.46037
6.42371
6.38566
6.34607
6.3048
6.26183
6.21705
6.1704
6.1217
6.07112
6.01896
5.96572
5.91142
5.85651
7.10437
7.1307
7.15555
7.17879
7.20033
7.22026
7.23858
7.25527
7.27056
7.28446
7.29681
7.30763
7.31695
7.32465
7.3308
7.33549
7.33857
7.34004
7.33981
7.3379
7.33442
7.3295
7.32323
7.31566
7.30669
7.29626
7.2844
7.27113
7.25656
7.24069
7.22347
7.2047
7.18436
7.16248
7.13916
7.11435
7.08796
7.05994
7.03018
6.99874
6.96578
6.93145
6.89604
6.85979
6.82284
6.78522
6.74655
6.70684
6.66598
6.62412
6.58087
6.53603
6.48969
6.44158
6.3916
6.33929
6.28509
6.22912
6.17208
6.11392
6.05522
7.46245
7.48108
7.49812
7.51367
7.52747
7.53952
7.54997
7.55863
7.56565
7.57113
7.57521
7.57787
7.57904
7.57861
7.5766
7.57319
7.56831
7.56176
7.55336
7.54307
7.53112
7.51775
7.50313
7.48741
7.4704
7.45196
7.43212
7.41097
7.38881
7.36575
7.3418
7.3165
7.28988
7.26182
7.23264
7.20212
7.17004
7.1364
7.10095
7.06371
7.02482
6.98435
6.94277
6.90054
6.85799
6.81542
6.77201
6.72817
6.6835
6.63859
6.59262
6.54507
6.49643
6.44615
6.39428
6.33966
6.28321
6.2247
6.16559
6.10516
6.04428
7.65701
7.66628
7.67399
7.68009
7.68445
7.68702
7.68779
7.687
7.68456
7.68025
7.67455
7.66769
7.65938
7.64947
7.63786
7.62512
7.61131
7.59582
7.5783
7.55847
7.53674
7.51365
7.48938
7.46435
7.43827
7.41066
7.38162
7.35107
7.31982
7.28824
7.2568
7.22433
7.1912
7.15682
7.12202
7.08622
7.04862
7.00959
6.96884
6.92634
6.88199
6.83559
6.78784
6.73948
6.691
6.64359
6.5952
6.5474
6.49903
6.45198
6.4045
6.35508
6.30522
6.25381
6.20153
6.14549
6.08817
6.02818
5.9688
5.90761
5.84639
7.68299
7.68107
7.67746
7.67266
7.66612
7.65815
7.64805
7.63739
7.62524
7.61043
7.59422
7.5775
7.55923
7.53949
7.51727
7.49417
7.47135
7.44721
7.42104
7.39145
7.3591
7.32586
7.2913
7.2561
7.22076
7.18381
7.14531
7.10405
7.06175
7.0198
6.98019
6.93982
6.90033
6.85996
6.82083
6.78167
6.73944
6.69505
6.64972
6.60371
6.55538
6.5041
6.45099
6.39683
6.34235
6.2908
6.23704
6.18557
6.13325
6.08537
6.03834
5.98798
5.93805
5.88674
5.83588
5.77919
5.72251
5.66182
5.60434
5.5442
5.48507
7.52898
7.51347
7.49481
7.4769
7.4562
7.43765
7.41493
7.3946
7.37417
7.351
7.32576
7.30079
7.27345
7.24602
7.21305
7.17745
7.14536
7.11448
7.08392
7.04851
7.00447
6.96272
6.91928
6.87317
6.82846
6.78338
6.73913
6.68888
6.63258
6.57743
6.52851
6.47872
6.43242
6.38623
6.34644
6.3088
6.26506
6.21474
6.16504
6.11839
6.07044
6.01677
5.95933
5.90137
5.84198
5.78804
5.72801
5.67305
5.6155
5.56941
5.52569
5.47486
5.42669
5.37779
5.33089
5.27413
5.21964
5.15853
5.10513
5.04828
4.99444
3.75652
3.80353
3.85178
3.90129
3.95206
4.00424
4.05775
4.11272
4.16889
4.22622
4.28485
4.3445
4.40506
4.46877
4.54754
4.61942
4.69023
4.76182
4.83421
4.90754
4.98182
5.05709
5.13323
5.21017
5.28772
5.36566
5.44386
5.52213
5.60028
5.67799
5.75516
5.83148
5.90654
5.98015
6.05194
6.12137
6.18798
6.25122
6.30715
6.34815
6.37615
6.39189
6.3953
6.38571
6.36208
6.32298
6.26651
6.19035
6.09175
5.96754
5.8139
5.62635
5.39983
5.12751
4.79608
4.23959
3.98147
3.84804
3.79447
3.7697
3.71994
4.62344
4.58658
4.54891
4.51054
4.4715
4.43245
4.39314
4.35434
4.31555
4.27716
4.23987
4.19752
4.15153
4.10809
4.05946
4.0126
3.96569
3.91866
3.872
3.82597
3.78058
3.73554
3.69076
3.6462
3.60177
3.55749
3.51337
3.4695
3.42592
3.38267
3.33988
3.29767
3.25616
3.21558
3.17617
3.13823
3.10216
3.06857
3.03796
3.01218
2.9885
2.96711
2.94833
2.93275
2.92127
2.91483
2.91444
2.92144
2.93728
2.96327
3.00066
3.05061
3.11437
3.19433
3.27974
3.41119
3.58252
3.84888
4.22765
4.72253
5.06493
5.36418
5.31464
5.26428
5.21281
5.16019
5.10694
5.05335
4.99989
4.94617
4.89212
4.83501
4.76986
4.70505
4.6435
4.58208
4.52139
4.45997
4.39782
4.33532
4.27288
4.21055
4.14806
4.08539
4.0225
3.95931
3.89581
3.83199
3.76784
3.70332
3.63844
3.57315
3.5075
3.44152
3.37525
3.30878
3.24219
3.17561
3.10915
3.04296
2.97728
2.91205
2.8469
2.78231
2.71916
2.65774
2.59863
2.54266
2.49105
2.44541
2.40787
2.3812
2.36891
2.37566
2.40697
2.46566
2.56322
2.70327
2.91624
3.24623
3.74456
4.36221
5.80113
5.74565
5.68946
5.63223
5.57355
5.51421
5.45454
5.39518
5.33552
5.27497
5.20797
5.13492
5.06411
4.99673
4.93051
4.86512
4.79934
4.7333
4.66711
4.60111
4.53517
4.46886
4.40231
4.33558
4.26852
4.2012
4.13357
4.06561
3.9972
3.92833
3.85895
3.78911
3.71883
3.64816
3.57718
3.50597
3.43459
3.3631
3.29151
3.21985
3.14808
3.07614
3.00343
2.92978
2.85588
2.78185
2.70791
2.63449
2.56225
2.49225
2.42589
2.36528
2.31329
2.27363
2.24993
2.24829
2.27687
2.35324
2.50655
2.7796
3.20196
5.99602
5.93712
5.87776
5.81748
5.75526
5.69233
5.62899
5.56632
5.50325
5.439
5.36686
5.29091
5.21794
5.14846
5.08013
5.01266
4.94501
4.87791
4.81113
4.74491
4.67883
4.61209
4.54518
4.4782
4.41088
4.34338
4.27556
4.20742
4.13874
4.06954
3.99977
3.92956
3.85897
3.78813
3.7171
3.64601
3.57494
3.50396
3.43307
3.36229
3.29162
3.22108
3.15056
3.07954
3.00774
2.93532
2.86235
2.7889
2.71512
2.64134
2.56795
2.49554
2.42503
2.3576
2.29472
2.23924
2.19706
2.1789
2.20143
2.28961
2.4738
5.98253
5.92185
5.861
5.7995
5.73512
5.67002
5.60416
5.5397
5.47494
5.4094
5.33526
5.25932
5.18661
5.11782
5.04961
4.98224
4.91458
4.84854
4.78331
4.71914
4.6552
4.59005
4.52506
4.46035
4.39521
4.33003
4.2644
4.19851
4.13183
4.06457
3.99664
3.92842
3.85993
3.79147
3.72301
3.65478
3.58681
3.51924
3.45204
3.3853
3.319
3.25324
3.18799
3.12315
3.05826
2.99282
2.92684
2.8604
2.79355
2.72638
2.65901
2.59146
2.52374
2.45579
2.38744
2.3192
2.25339
2.19525
2.15363
2.1419
2.17887
5.78298
5.72193
5.66109
5.60045
5.53497
5.46902
5.40149
5.33692
5.27225
5.20807
5.1339
5.06002
4.98924
4.92364
4.85742
4.79237
4.72626
4.66329
4.60138
4.54106
4.481
4.41861
4.35734
4.29723
4.23625
4.17544
4.11373
4.05198
3.98886
3.92519
3.86061
3.79625
3.73179
3.66787
3.6041
3.54096
3.47827
3.4164
3.3552
3.29494
3.23547
3.17705
3.1196
3.06308
3.00729
2.95185
2.89598
2.8397
2.78318
2.72657
2.66994
2.61329
2.55643
2.49893
2.44014
2.3794
2.31677
2.25388
2.19444
2.14484
2.11494
5.42075
5.36036
5.30112
5.24397
5.17869
5.11353
5.04514
4.98247
4.91994
4.85998
4.78712
4.71665
4.6488
4.58865
4.52568
4.465
4.4015
4.34346
4.2863
4.23088
4.17579
4.11649
4.06021
4.00728
3.95204
3.89682
3.83975
3.78355
3.7246
3.66539
3.60479
3.54582
3.48679
3.42936
3.37184
3.31559
3.25957
3.20508
3.15159
3.09986
3.04917
3.00018
2.95265
2.90628
2.86096
2.81674
2.77247
2.72774
2.68305
2.63866
2.59489
2.55169
2.50893
2.46607
2.42239
2.37694
2.32893
2.27815
2.22549
2.17321
2.12561
4.93024
4.87026
4.81473
4.76397
4.70054
4.63765
4.56884
4.51083
4.45307
4.39997
4.32958
4.26304
4.19803
4.14548
4.08615
4.03193
3.97148
3.92026
3.86885
3.8178
3.76784
3.71082
3.66069
3.61909
3.57012
3.51941
3.46635
3.4169
3.36118
3.30617
3.24868
3.19709
3.14417
3.09507
3.04433
2.99604
2.94617
2.89997
2.85532
2.81386
2.7734
2.73513
2.69883
2.66368
2.62859
2.59419
2.5602
2.52558
2.49259
2.46017
2.43071
2.40244
2.37601
2.34991
2.32394
2.29672
2.26763
2.23569
2.20087
2.16272
2.12278
3.62788
3.52502
3.41338
3.29414
3.17288
3.05289
2.93685
2.82822
2.73011
2.64458
2.57255
2.51403
2.46815
2.43347
2.40824
2.39068
2.37906
2.37206
2.36863
2.36786
2.36915
2.37204
2.37625
2.3816
2.38801
2.39538
2.40368
2.41286
2.42291
2.4338
2.44544
2.45779
2.47074
2.48414
2.49786
2.51171
2.52547
2.5389
2.55181
2.56398
2.57516
2.58518
2.59391
2.60131
2.60737
2.61225
2.61614
2.61931
2.62206
2.62482
2.62788
2.63149
2.63579
2.64091
2.64672
2.65306
2.65962
2.66626
2.67256
2.67801
2.68225
5.06146
4.99081
4.87174
4.70071
4.51025
4.30262
4.07602
3.83694
3.5937
3.35415
3.12445
2.91099
2.71756
2.5455
2.39513
2.26777
2.16297
2.07841
2.01084
1.9576
1.91615
1.88418
1.85978
1.84157
1.82842
1.81952
1.81447
1.81267
1.81389
1.81785
1.82432
1.83306
1.8438
1.85619
1.86989
1.88454
1.89966
1.91479
1.92933
1.94268
1.95412
1.96286
1.96811
1.96902
1.96495
1.9554
1.94015
1.9195
1.89428
1.86593
1.83625
1.8073
1.78111
1.75924
1.74238
1.73075
1.72356
1.71974
1.71743
1.71499
1.71113
4.86874
5.23157
5.43491
5.45208
5.32285
5.13015
4.87595
4.5831
4.26907
3.94547
3.62413
3.31649
3.03002
2.76988
2.53927
2.33974
2.16996
2.02619
1.9057
1.80776
1.72998
1.66941
1.62297
1.58781
1.56156
1.54241
1.52902
1.52046
1.51594
1.51487
1.51675
1.52117
1.52761
1.53555
1.54448
1.55386
1.56316
1.57185
1.57936
1.58507
1.58835
1.58863
1.58533
1.57789
1.56586
1.54888
1.52678
1.49964
1.46798
1.4328
1.39582
1.35951
1.32684
1.30074
1.28347
1.27667
1.28044
1.29395
1.31541
1.34292
1.37485
3.73287
4.3207
4.88645
5.32727
5.55475
5.60324
5.48787
5.24425
4.93336
4.57626
4.19961
3.82772
3.47279
3.14594
2.85262
2.5932
2.36517
2.16677
1.99709
1.85564
1.74048
1.64931
1.57894
1.52568
1.48596
1.45694
1.43643
1.42291
1.41506
1.41184
1.41251
1.41642
1.42286
1.43107
1.44031
1.4499
1.45911
1.46724
1.47357
1.47733
1.47777
1.47424
1.4661
1.45283
1.43403
1.40956
1.37943
1.34398
1.30377
1.25979
1.21364
1.1678
1.12571
1.09157
1.06977
1.06411
1.07599
1.10479
1.14834
1.20416
1.27002
2.77404
3.20051
3.73934
4.33327
4.88226
5.30695
5.55478
5.59916
5.47434
5.20941
4.85216
4.46255
4.06086
3.67288
3.31457
2.98894
2.69775
2.43928
2.21503
2.02547
1.86848
1.74248
1.64423
1.56919
1.51271
1.47086
1.44076
1.42025
1.4075
1.40095
1.39959
1.40262
1.40916
1.41822
1.42891
1.44036
1.4517
1.46209
1.47066
1.4765
1.47872
1.47651
1.46911
1.45589
1.43631
1.41014
1.37739
1.33836
1.29352
1.24378
1.19061
1.13637
1.0845
1.03972
1.00824
0.996559
1.00847
1.0453
1.10547
1.18539
1.28071
2.28639
2.48816
2.80355
3.23666
3.75984
4.31797
4.83502
5.2287
5.44938
5.48329
5.34347
5.07311
4.70615
4.29877
3.89647
3.50884
3.15303
2.83095
2.54139
2.29025
2.08031
1.91093
1.77837
1.67653
1.59913
1.54077
1.49781
1.46755
1.44759
1.4357
1.43056
1.4312
1.43661
1.44558
1.45703
1.46995
1.48331
1.49616
1.50749
1.51628
1.52148
1.52222
1.5176
1.5069
1.48936
1.46472
1.43283
1.39396
1.34837
1.2969
1.2408
1.18228
1.1246
1.07236
1.03217
1.0122
1.01881
1.0565
1.1259
1.22346
1.34344
2.11851
2.17333
2.30005
2.51867
2.84086
3.26288
3.75716
4.26992
4.73318
5.081
5.26699
5.27989
5.13694
4.87015
4.52432
4.12536
3.72773
3.34775
2.98324
2.65699
2.37824
2.15144
1.97387
1.83673
1.73131
1.65041
1.58954
1.5455
1.51517
1.49527
1.484
1.48019
1.48267
1.48999
1.50086
1.51407
1.52846
1.54293
1.55635
1.56757
1.57544
1.57906
1.57739
1.56969
1.55496
1.53292
1.50329
1.46635
1.42217
1.37158
1.31563
1.25647
1.19717
1.14199
1.09725
1.07152
1.07316
1.10959
1.18442
1.29567
1.43708
2.08968
2.07557
2.09703
2.17086
2.31476
2.54339
2.86288
3.26314
3.71562
4.17145
4.57111
4.8623
5.01538
5.01837
4.88557
4.63994
4.31819
3.94839
3.53269
3.13384
2.77229
2.47204
2.23684
2.05388
1.91156
1.80031
1.71467
1.65101
1.60608
1.57474
1.55455
1.54378
1.54123
1.54508
1.55376
1.56586
1.58002
1.59498
1.60946
1.62219
1.63195
1.63784
1.63873
1.6339
1.62206
1.60297
1.5762
1.54203
1.5004
1.45211
1.39815
1.34056
1.28219
1.22711
1.18124
1.15297
1.15185
1.18753
1.26656
1.38933
1.54965
2.08374
2.05018
2.02986
2.03288
2.07233
2.16288
2.31873
2.54942
2.85484
3.2231
3.62022
4.01011
4.34949
4.60275
4.73935
4.74988
4.63608
4.4041
4.08895
3.68969
3.25502
2.88072
2.58341
2.34662
2.15472
2.00105
1.8799
1.78936
1.72441
1.67677
1.64402
1.62299
1.61261
1.61082
1.61543
1.6248
1.63735
1.65155
1.66597
1.67897
1.68977
1.69702
1.69994
1.69753
1.68857
1.67239
1.64903
1.6179
1.57963
1.53432
1.48368
1.42909
1.37348
1.32091
1.27651
1.24834
1.24666
1.28298
1.36549
1.49793
1.67304
0.291109
6.43292
6.13957
0.217818
0.352064
0.126031
0.00316055
2.37988
0.0033805
0.0233059
3.32168
1.06727
0.00316243
5.88567
0.110502
5.52886
0.00326151
2.48744
3.6207
0.00315512
0.219419
5.73446
6.19038
0.00329861
0.00333437
0.105625
0.00315759
0.499707
0.0032478
0.0034619
0.694561
0.00323838
0.0162719
2.54309
0.779357
3.39717
2.54187
1.57212
0.00316458
2.60144
1.89964
2.0238
0.00320929
4.79778
3.10821
0.279402
0.00361092
0.015209
0.135124
1.0897
6.39757
7.70898
0.00310451
0.00405624
0.0370247
0.00843457
0.00345269
0.677626
2.41498
7.37969
2.4577
0.00369909
0.152521
0.0318384
6.46866
0.453586
1.98554
1.69318
0.00431723
0.00321292
1.19199
2.58454
1.72372
0.0153512
0.0392131
4.06361
6.75013
3.30214
0.00310595
0.926002
0.00711343
2.6175
0.0108124
4.89702
0.00321777
1.07129
0.00336355
2.21286
0.0148395
0.00491924
0.119387
0.0031016
0.00378643
7.54461
5.52309
0.0035975
0.43481
0.296542
0.00603915
6.67346
0.213677
2.48571
0.753654
0.00309758
0.00316457
0.0030938
0.30955
0.124351
0.00324066
6.17935
6.86648
0.00933754
4.44436
1.51156
2.51796
2.74652
1.78763
0.00390428
0.0852336
0.00418921
0.00440662
3.34761
0.00731899
7.43896
7.59365
0.964167
0.00321436
1.02212
1.0258
0.00321004
0.0339684
0.033382
1.69849
0.00569049
3.07417
0.00321976
0.00315978
7.6289
7.72699
0.00322979
0.163023
5.69042
0.105122
0.299422
1.55911
4.79269
0.0385432
1.64751
0.0120907
6.8622
1.21844
0.00872411
2.84102
4.83321
6.35559
0.0033066
0.00326864
0.215439
0.00310931
1.95754
0.0313104
0.00510804
0.0031979
0.00321914
0.00323667
2.8494
1.73541
1.57908
0.00331693
6.56269
4.61766
3.16933
4.87532
0.013921
3.65381
1.71325
1.89648
0.00324127
0.00568856
2.88131
3.07064
2.06423
3.7673
0.0032153
0.00352453
4.75843
0.0359827
0.561099
0.00323749
0.00360728
0.104321
0.00339108
7.62971
0.684703
0.00309856
0.253697
1.78365
5.25368
0.00448753
1.93913
0.0032177
0.00323326
5.03731
2.45613
7.06954
0.0045314
0.00339638
0.00766418
2.79615
2.21928
1.09529
4.92687
1.53335
6.99149
0.188881
4.41022
4.17953
1.93777
1.34958
2.3183
0.00489792
0.0369126
0.00322504
0.00319294
1.82454
0.01817
0.0201624
0.00573956
0.0130671
2.79635
4.57856
0.0188263
5.82343
1.07252
0.409122
0.00318316
0.161231
2.81347
1.03034
0.0041367
1.22754
1.11632
0.177983
0.264146
7.34019
0.797689
0.480169
5.2558
0.00383889
0.00316019
0.00403793
0.0104735
1.75127
0.00336216
0.00653359
0.00316429
0.38743
4.15551
3.9915
2.7432
1.26719
1.42543
7.60949
0.00433832
2.08592
4.51711
0.00320965
2.01107
0.0032172
4.04118
0.385965
1.59832
0.00534151
0.00321982
1.88557
0.492337
0.00323892
0.00323678
0.00325116
0.00324585
0.356052
1.6194
3.04067
0.0147447
0.00324058
0.00316388
0.00309574
4.82987
0.222797
0.00447321
1.69287
0.0875358
0.0406405
0.00308852
0.262885
0.00323971
0.0512719
1.4606
4.53699
0.302856
0.00391612
0.00597383
3.29045
0.140884
1.93659
7.57973
0.0035034
0.00319738
0.00318717
5.92546
0.00331237
4.81441
0.00322134
1.91811
1.2069
0.0269387
2.90003
3.94783
0.0046823
2.72591
2.71189
1.64276
4.78272
1.06777
7.71715
2.45054
4.04531
3.61074
4.59618
1.71438
0.157351
7.67662
7.38642
3.00714
2.13041
0.00394954
6.76255
2.72936
6.96241
0.0275053
0.00358858
0.00321427
0.00342534
0.175329
0.417561
0.698113
0.0920331
0.00317403
6.10481
0.003215
1.46292
1.98077
6.48303
2.57062
1.84855
0.00598294
0.00426003
0.0872572
2.83323
0.010341
0.743767
5.04189
2.05683
4.21836
6.06028
3.30973
0.00346436
7.406
5.498
1.74562
0.00323488
6.35151
5.74475
0.0033339
1.97393
0.00323864
6.60937
5.56218
1.86895
4.26307
2.51398
5.74874
0.00329122
5.75204
0.00386669
3.64416
4.06997
1.90931
7.38475
0.712398
0.211898
0.544394
0.00424385
4.28854
0.150306
0.00814216
0.00507488
4.33233
0.00383404
4.44344
0.0031914
0.0032358
0.00599493
1.84163
0.104971
1.88006
0.00574161
4.32836
0.162702
6.60217
4.34103
2.70709
6.02856
0.00338265
7.39849
2.92491
0.00321186
3.99518
2.10231
0.00309936
0.00316778
3.37272
0.00647471
1.88208
0.0865955
2.39399
0.0267705
0.61183
2.71475
4.85936
2.46383
3.90306
3.76674
0.00394787
0.0217598
1.69166
1.64664
7.59968
6.26519
5.23934
0.065372
5.18778
5.16121
0.504918
1.71361
2.91735
2.11774
0.00347422
4.20458
7.73425
0.00416483
4.42486
1.87252
2.94273
0.02418
0.067685
6.0283
0.00599023
7.59216
0.00462245
0.253815
0.00320396
0.989319
2.29446
0.229544
0.00480281
0.0036997
2.74469
1.60608
0.0853103
0.398832
5.69644
4.09047
0.00449517
1.43953
1.64882
3.28309
1.50232
4.19185
1.95505
5.42133
3.27725
0.476769
0.965646
7.51212
1.9343
7.6577
6.17315
0.0321061
3.32035
2.88989
0.00337633
1.78241
1.60924
1.3299
0.0172933
4.92092
1.45581
0.69835
1.93788
0.00545066
0.0032151
0.0451852
2.30648
4.45456
2.59684
0.00322125
0.00318887
0.00321602
1.71357
0.0275603
0.00321564
0.124228
4.60883
4.81281
0.0105371
0.0107634
0.00315415
0.0032053
0.00601122
1.78414
1.74647
1.62344
0.452793
7.46445
5.69736
0.00525755
3.2625
1.83848
1.93887
4.10414
7.32694
0.00346117
0.0104956
0.00323886
3.8521
0.243799
0.00316896
1.35608
0.161724
7.50071
0.00323854
7.60054
1.14329
0.0475485
6.61195
0.00323272
0.00319626
0.00404936
7.66398
3.2892
5.37441
4.84605
1.07291
1.76616
0.00312496
0.00603415
0.0875507
0.013655
0.0251381
1.9756
2.15105
0.00322498
1.28187
1.84363
6.27253
7.65238
0.00824161
7.62611
0.00592517
0.0303077
3.53926
0.00320247
5.72433
0.00324082
0.00336876
0.0221286
2.1316
0.619328
2.56663
1.89957
0.00366004
1.76646
4.62847
0.0539522
0.216562
0.836254
0.00331645
0.0032683
0.00692966
5.50374
0.530871
0.00335566
7.2665
5.78849
6.77149
0.0336963
2.04496
0.0042073
2.42153
0.162566
0.091052
2.67179
1.67468
1.90609
6.21092
0.00327863
0.0031314
0.0105224
4.14431
4.60607
0.964463
0.013878
0.00333357
0.00324001
0.00884615
0.025415
0.00661589
2.19209
1.7316
0.0115466
1.5612
6.09889
0.00327169
2.38291
0.00321771
0.54155
0.00324484
0.0221696
2.35419
0.0201064
0.00320613
0.757225
7.73206
6.99287
0.0031891
0.00326347
0.388441
0.0263484
0.00321658
4.2603
0.00370393
1.68181
7.74197
2.37892
1.67852
2.45659
3.6757
7.61059
0.00323001
0.0074324
0.0148283
4.22711
1.42289
6.43989
0.665294
0.351817
4.29728
3.56451
5.03311
0.7294
2.69052
0.00322258
0.361389
1.69778
2.52981
3.95924
1.92181
0.219985
2.55405
0.102592
0.00935949
1.76573
0.00324032
5.65854
0.00366433
0.37996
7.46617
2.7122
0.566146
0.00741934
0.773903
0.00330049
0.00319184
0.10689
0.0225142
1.83048
0.0153565
1.74372
0.00322143
0.0279807
0.00316606
4.60875
0.00507755
4.11288
2.52109
0.0219451
1.93009
7.36343
0.00325911
1.71917
4.30972
0.00335698
7.43964
0.0612014
0.00348027
0.00339457
7.10443
0.00317848
0.00429385
0.0868487
0.101026
6.98971
7.30629
0.00322108
0.00327088
1.08863
2.32778
0.0146049
0.255778
2.01621
0.00321795
0.00383724
0.00372739
6.13638
7.34502
0.500248
6.9783
0.0260966
1.59725
0.00332216
0.0147967
0.024897
0.0361359
0.00323039
6.66161
0.00320099
0.0250387
0.00332264
0.246348
0.0224695
0.0156055
0.449616
0.690105
2.28178
0.406057
1.07258
1.82576
5.02557
0.00344003
4.8434
7.6342
1.15197
4.09348
0.00327864
4.33021
3.93819
0.00321629
7.27031
2.32582
0.00826939
0.0113976
5.99053
5.80069
0.0589907
7.57413
7.19317
0.78657
7.18764
7.17837
5.02792
1.94006
1.62223
0.986175
7.24558
7.41311
0.0219134
7.22517
2.58875
4.36897
0.00343313
0.342411
0.393087
6.90146
5.9431
0.020234
4.26744
6.5304
0.455685
0.0333485
0.383946
1.81784
0.00535729
1.8536
6.8195
0.0336883
6.85834
1.38825
4.54044
6.43346
0.00322267
0.00565539
1.05199
0.710543
0.0181634
0.00321854
0.190273
0.255125
0.00451454
0.00323648
4.19063
0.994099
3.14065
1.03039
0.00863529
0.00417624
0.0917999
3.37409
0.00346205
1.89876
1.68192
0.473488
2.29858
0.00397454
0.116323
0.00320237
0.351647
4.40907
0.00439948
0.117915
2.11152
5.64924
0.223649
4.05597
0.602192
0.165917
0.00392819
2.44066
7.61153
0.00321178
0.00328221
5.74716
0.0245222
0.00323562
3.89397
0.240763
1.94044
2.006
1.47593
0.145394
1.71963
3.50648
5.73408
4.25643
0.00327628
5.42466
0.00389318
2.64108
0.00339806
0.00455392
2.11888
0.00655286
3.88147
0.0206787
0.0397454
1.86251
0.731013
0.0628677
0.00367728
6.29852
0.00364643
0.00315249
7.70708
5.94136
2.83849
1.9242
0.00343673
0.00306936
1.86238
5.73503
0.00319957
6.48531
1.69916
0.00324311
6.09728
0.00311435
0.348373
0.907128
1.34642
0.361105
1.58808
1.92426
0.00311015
7.28607
7.23977
0.00321602
0.0167693
1.92734
0.00312957
7.06374
5.44416
4.40131
0.0032182
0.00317062
3.40655
0.0407922
0.0035022
1.86956
1.72077
4.02882
0.00315309
0.00337865
0.0243321
0.0193943
0.00321741
0.00640838
5.2917
2.87745
0.00322282
1.36946
0.00321489
0.701331
0.00421113
0.00358874
2.2843
0.00326592
0.121127
0.00317615
2.99722
0.183526
1.75852
6.37099
4.37867
3.63057
0.817387
1.22092
0.00323548
0.925373
7.3681
4.08226
0.106507
0.00346867
5.35237
0.00321495
0.0314755
0.0031554
7.05698
0.765783
0.362367
6.40856
2.24785
0.477769
4.24086
0.722572
6.88508
4.60946
0.00331147
0.00327272
0.00822288
0.00322645
0.022762
4.36637
0.00377752
7.03082
0.00601929
0.0757742
0.583
4.70824
0.00487365
2.80037
0.0169046
3.05465
2.45186
6.82599
0.00339592
0.00384212
0.254494
3.72083
1.64183
3.72432
0.425177
1.02347
1.6659
0.0504844
1.00587
0.249183
1.69086
0.00328314
4.34433
0.411588
3.16197
0.00336641
3.06941
0.981014
0.00465717
1.63447
1.78386
0.0652729
0.00314745
0.00321845
4.77638
2.83263
1.37561
0.00320814
0.0175844
2.00502
6.41346
0.445957
0.0126188
0.00322378
5.53815
5.34147
2.08352
2.68353
0.00321386
3.5506
7.34609
0.00321108
0.0032178
1.25971
0.00412993
0.00988343
0.0312239
1.96155
0.0041059
2.21254
7.64548
0.00320235
0.00346146
0.00316751
0.0033076
3.81058
4.64719
7.66768
0.028999
2.4378
2.20595
0.0867284
2.97324
0.00347841
1.69599
0.22005
2.07339
0.697893
1.65064
3.12182
0.0270472
0.00323896
5.98541
4.49115
4.5003
0.902332
1.77299
0.176021
1.58909
0.00928524
0.00483994
3.38294
5.62068
0.0217514
0.130202
0.00324574
0.0779444
1.9063
0.0275775
1.04954
0.697285
3.80293
2.14895
0.431656
6.62148
5.55471
2.94903
1.64921
4.1108
3.54292
0.565171
2.6715
0.00623046
2.82315
2.96251
0.00320405
0.00313468
0.121244
0.00322709
0.00332855
3.01288
4.34947
0.0032204
3.23391
0.00321519
0.00319247
0.0032167
0.00326105
0.0059447
1.93192
2.71979
7.1578
0.00315809
0.00392031
0.960913
0.0035572
0.032897
0.00324573
0.00361099
4.32766
0.00391278
0.0109577
2.7881
0.0104863
0.00321981
3.85748
0.00321447
0.0032673
0.25733
0.00360784
0.92132
0.00457514
0.0300447
0.00320428
0.00325377
7.50936
7.5403
2.77309
0.0266452
2.95326
1.59244
0.00473102
1.76427
4.17306
7.01507
4.5839
0.00312049
1.88983
2.59231
0.145946
1.74197
4.48248
0.17247
2.04974
0.212327
1.72092
0.0376603
1.01143
0.00323489
6.71045
0.00328556
1.79922
2.512
0.00321526
0.311076
0.00731668
0.0196688
0.00317553
0.757427
0.00366623
0.00322095
2.52129
0.00910444
0.110046
6.96464
1.92409
0.00345731
0.00387737
2.43084
7.22022
0.00308894
0.00324708
0.0710334
1.3769
5.65844
0.00658396
1.65764
0.00321836
0.00344518
0.003147
0.0348129
0.980683
0.0101141
6.3226
1.8056
7.21699
6.10865
0.00352158
7.14354
3.80047
0.00317923
0.00322626
0.00321814
0.00440168
0.00320282
3.79786
0.00320807
0.00324035
6.53168
0.325211
0.00776389
0.0220337
2.00965
0.925655
0.00822553
0.00346093
6.38269
0.00324544
0.793516
0.00326144
0.0035259
5.98307
5.76494
0.00871662
0.00351003
0.330817
0.00320653
6.59017
0.00325469
5.59275
0.0251403
0.729848
0.0345817
0.365156
0.370286
1.52453
0.00324275
0.00356873
0.0115777
3.28132
0.119955
7.50432
0.00321977
0.00458618
0.00556384
7.19598
2.85121
3.06435
0.00693176
0.00897091
0.213535
0.00322362
1.27293
2.49777
0.016992
5.74673
6.27171
2.04348
0.00534337
0.385253
2.82015
6.8429
1.80251
0.01878
3.09193
0.0608796
5.26965
0.0913376
0.516701
2.64772
0.00324365
1.76289
0.00455729
0.0118713
0.00824761
0.0500254
0.00370505
1.27585
0.00322678
3.05315
0.0952906
0.00361291
0.232236
0.00323205
0.282276
0.117485
2.30927
0.466162
4.67934
0.243469
0.00321709
0.00319134
0.723822
0.0916542
2.91301
7.23074
0.00322419
3.7858
2.73347
0.0232078
2.03881
0.602322
2.34856
2.16866
0.033431
0.00589264
7.05332
1.5334
5.97027
0.00321087
1.64724
0.00321565
1.25434
2.40642
7.64515
1.70357
1.89081
0.0108387
0.294323
0.00322126
1.41393
0.293644
0.00354496
3.31174
2.08615
0.00329715
0.443397
0.0111445
0.00401026
6.42857
0.00322367
0.00557168
0.022577
2.58054
0.0526755
6.6009
0.222323
0.00319799
2.03031
0.599225
2.25844
4.0852
0.0032966
0.469496
0.616143
5.15503
0.305058
0.00323828
0.0464032
2.0611
0.00489846
3.81484
3.2195
3.9811
1.67538
0.498739
0.499411
4.38442
7.37828
6.76469
0.313679
0.0235539
0.00387214
2.00262
0.0513391
4.77142
7.27906
0.00412357
7.57874
0.0031849
3.33331
0.00323803
0.00322114
0.55576
4.76102
0.0131111
2.15055
1.91013
0.00322127
0.00316169
0.0144717
7.66516
5.45554
6.13593
0.00322314
1.88834
6.16685
0.0342259
0.231697
0.0213727
0.0034969
0.00321997
0.00679996
0.003304
0.00321638
0.00318969
0.00323176
3.06822
7.41649
4.24423
0.153936
0.00333775
0.00320099
0.00323546
0.00372433
2.55795
5.63284
0.110569
0.00668087
0.115137
0.361317
0.00321181
0.00322143
0.569638
0.00320942
0.00335144
0.0195547
2.37561
1.92319
0.0216311
0.132566
1.43299
2.3694
6.53934
0.00315222
0.109783
0.0032141
6.66182
0.00321972
0.0474233
0.00320229
5.99778
2.89103
0.0032236
7.23735
7.27194
0.00372703
0.181829
0.00816395
0.142075
0.258618
0.00323405
0.00674159
7.65099
1.18907
0.710841
1.89112
5.0943
0.049516
0.00317778
0.00432357
0.00373379
0.00320225
2.25278
0.00322348
0.00321595
0.0740262
2.68902
4.34907
2.42121
2.06738
0.751036
2.9271
7.7185
0.00317582
0.00573423
0.00482363
7.74344
3.99584
2.8905
0.119662
4.44271
4.63287
7.69727
0.00311629
0.0739225
1.4453
1.34084
7.68837
1.76955
6.19822
7.64655
0.00314091
0.00332729
5.47848
6.99792
0.0990568
0.00341686
4.04319
0.0312165
5.85612
0.00323595
0.0172775
0.0100873
0.143405
0.00314942
6.73039
0.169733
3.56226
2.89805
0.00374388
0.0032274
0.00315647
0.720881
0.00321721
1.71639
1.01784
0.00318017
0.00709667
0.00792853
0.015248
0.00323334
0.00326918
7.57586
0.00334679
7.37824
6.28773
4.66876
3.80107
0.00324716
1.15406
1.57211
4.19073
0.00341776
0.0590075
0.182179
0.00319921
2.04021
0.00368444
1.61687
2.53443
0.00321806
1.48759
0.0252364
1.88519
0.0965529
0.0161726
1.5796
0.00319998
1.92147
5.01127
0.00322557
0.381062
3.80265
0.00319173
0.00329176
0.00322559
5.72755
4.40835
0.0644206
7.12931
0.00621424
5.90352
0.00416536
0.0032164
0.0695165
0.00313823
0.0500552
1.16447
0.00309261
0.00337625
0.0135754
0.16918
0.00467236
1.47804
0.00323166
0.00725374
6.6912
7.68297
0.0319015
0.00313749
6.65077
0.00323185
0.00315927
3.5426
6.06889
1.1005
4.80663
2.01259
0.00496525
0.00326725
0.00322927
0.912746
0.00599817
4.74111
1.96237
6.64775
0.0464285
0.00635831
0.329666
2.4343
0.422272
0.0317196
0.747124
0.00310845
0.265134
0.00322563
0.0768128
0.406401
0.00320865
0.00324148
0.462726
0.00313492
0.00658675
2.05132
4.07646
6.51031
0.0155352
7.15684
0.0118801
7.65866
3.11686
0.678585
4.12694
0.261444
0.295506
0.00323195
0.00341256
1.57351
2.42934
0.0385111
0.00307517
4.13868
0.00330667
6.48519
7.64317
0.00323041
0.00321514
0.0032302
7.73948
0.0577616
0.00309231
0.00383108
2.58614
0.0094197
0.00454916
4.36805
0.0101015
0.0347758
5.05055
0.00980529
1.13837
0.0152747
3.6016
0.0032319
3.64996
5.34198
1.97887
0.00321373
4.16134
5.83734
0.00322704
3.40305
4.33069
2.42343
0.00333223
1.70354
1.61755
1.71043
4.6139
0.00347552
0.0899123
3.63939
0.0120907
0.0591328
0.00823881
1.45936
2.53526
0.178212
2.09151
7.14155
1.31245
2.03241
0.00322951
7.33712
5.44092
4.53821
2.70689
0.60347
3.30146
7.57686
0.41304
0.0300675
0.00460238
2.68361
0.0032413
4.22292
0.880367
7.64142
0.00359783
0.00345352
0.058763
4.80757
0.0384899
0.00726786
7.54808
0.00490609
2.45273
1.88858
0.00616226
0.00806556
0.928354
0.0130574
0.212981
0.00325046
0.718178
0.00328183
1.00597
0.0031816
0.00591945
0.00387343
0.0102905
0.00485253
3.68487
0.382202
4.0551
0.00357267
0.00395526
0.00665214
0.00334831
0.952322
2.15143
0.00317409
1.54717
0.00326929
5.20057
4.48412
4.57702
0.00392086
0.00321498
4.75672
4.12433
3.1231
1.05195
0.0535223
1.63767
0.00321195
6.3827
0.00321006
0.301247
0.00994584
0.00319358
0.173502
6.17701
4.15842
3.87853
0.837768
0.00675252
0.00321093
0.00346376
2.10787
0.0686619
0.00339243
0.00370313
0.831979
4.28955
4.90283
1.14464
0.632369
4.12233
0.298587
6.18061
0.0165886
0.00622422
4.33115
0.00321341
0.0032196
2.31383
0.00370838
1.49218
0.0043746
5.89022
6.08852
0.00323493
0.00318444
5.23682
0.00372872
0.0032117
7.38426
0.557282
3.66549
4.84148
2.29382
2.17887
0.00591397
7.29422
0.152771
0.105917
1.56146
5.38703
0.0032386
2.18289
1.93252
0.0032461
7.36913
0.0349421
1.72086
0.00318752
5.09129
0.0450667
0.92196
1.79834
0.0118845
3.55551
0.00553071
0.0109232
0.140079
0.763965
2.33061
3.92152
0.00328241
4.79586
4.92169
0.00321044
0.00321848
0.00317265
0.00323633
7.0296
0.00320155
0.826161
2.00768
0.00326115
0.0151825
1.75128
0.0181227
0.0032893
0.00327046
7.43433
1.62263
0.00324605
1.97718
1.56098
1.86437
1.51309
1.569
0.014546
0.019868
0.0032067
0.00375001
0.917932
7.45847
0.00322676
0.255856
4.52127
0.682972
2.83867
1.58572
2.55533
1.07874
3.22312
0.306275
4.97212
0.188968
0.00397037
1.45717
0.00324761
0.785389
2.01678
0.00558352
0.00347832
3.45776
1.20541
6.83287
5.81594
0.00318656
0.00970077
0.0367987
0.362935
4.52038
0.003208
0.00322028
0.00330428
0.170375
0.00322251
2.14648
0.0032396
0.00317702
0.0903348
0.00359234
1.72047
0.00346126
3.22417
6.19533
0.825315
0.351777
0.349653
0.0333221
0.00382055
0.0139061
0.00715054
1.97784
7.07063
4.93751
4.01443
2.91506
0.00312988
2.66074
1.98717
0.0107162
0.00321842
0.00323568
1.45004
0.0036043
7.32896
1.10244
1.9276
5.10963
0.00387976
7.56143
0.00349961
0.442108
0.00359821
0.0263609
4.57923
1.90215
0.00326168
0.343268
1.77437
1.96168
3.62985
1.78633
0.805195
7.67243
3.98385
0.309109
3.70648
5.28029
0.00323026
0.0554962
0.00314315
0.00551047
0.00666338
5.90212
0.0872355
0.00330063
0.00445437
0.38935
7.69364
3.52332
0.0032304
5.78397
1.11189
0.223533
0.00318774
7.69471
6.0376
5.70091
1.85617
0.00316497
3.27169
1.21555
1.98092
2.07919
0.329163
2.46809
0.00354213
0.154732
4.38597
1.92435
0.133417
5.42067
0.00346675
7.47599
0.00502583
2.6085
6.30134
1.51276
3.48677
6.60643
3.7607
0.00317421
4.11503
0.00522704
1.63873
0.00553184
0.16744
0.00323201
2.07644
0.00319079
2.62655
7.1917
3.28719
0.720203
0.00345056
0.00949901
0.0032225
2.42037
0.00327146
1.57244
0.119297
0.129921
0.0032424
0.00365868
5.45506
3.84181
0.0563782
0.83214
0.00319276
0.00327086
0.0197052
0.0144075
0.00318523
0.00317396
4.95832
0.00948362
2.38786
0.00369791
4.02112
0.5054
0.00307987
0.0372604
0.00358297
1.91297
0.0101413
1.89627
0.00321695
0.00577218
1.06457
0.0077704
0.00332695
0.00323621
4.69827
0.00324344
0.00322128
1.55727
0.210417
0.00317275
1.90389
4.25066
0.0224563
0.147779
0.00375227
3.81933
6.57899
0.847309
0.00685927
2.48432
0.0175901
0.0120411
7.57921
0.00340358
4.07655
3.85018
4.65267
3.77442
5.93325
0.00316075
1.06116
0.805595
2.11436
0.0489742
1.94751
0.00385217
0.00386044
4.72591
0.204958
0.00356986
5.03939
4.85956
0.00323025
3.96767
2.19605
0.00446855
0.0972916
0.00322453
1.37518
5.21792
1.33479
2.55659
0.698011
0.00374736
1.71981
0.00321684
7.73534
4.90497
5.59054
4.38278
4.33965
4.41018
4.98304
0.0230252
0.00321675
2.05718
1.22389
0.0031858
0.0032016
4.56938
2.07022
0.78724
3.89089
0.00330997
1.44794
0.00318072
4.40722
0.0109609
6.81472
1.44964
0.00411572
0.00328949
6.12145
0.00346432
2.72276
0.00350664
0.825203
7.25107
0.00319977
0.287858
0.00566423
0.00564249
4.08536
1.70169
0.00541349
5.09164
3.66662
0.0923379
0.00490296
2.77895
0.192842
1.80551
2.4949
3.42705
0.00332797
1.4804
5.27951
2.70037
4.20758
0.0225856
1.15515
0.00321871
1.75957
4.5051
0.133817
5.17421
3.78361
1.39137
5.21403
0.271089
0.0406305
0.00787494
2.00957
0.00322107
0.0384139
0.00362622
0.00321609
0.00322525
1.07568
1.33287
7.11905
7.49716
6.6579
5.42187
0.00321397
0.00631273
3.96596
1.97789
4.40712
0.00319028
6.84156
4.49581
3.31048
2.11103
4.73378
3.52973
7.37034
0.168449
0.561987
0.0708503
5.90124
1.37255
0.00555497
0.0033079
2.21789
7.5523
5.40248
5.6694
0.00318002
1.66611
0.00319592
4.3764
0.00359585
0.395061
3.34789
0.00316324
0.106703
1.96826
1.41222
0.0032404
5.61617
0.00319774
0.00332131
0.00317942
2.58043
0.00318295
0.0144478
2.06324
0.364049
3.83543
0.00313767
1.71988
0.953848
0.00321454
0.571088
1.74316
7.71287
0.656412
0.062585
1.97127
0.970555
5.19422
2.15797
0.10122
0.00314449
1.25833
0.0419111
7.47157
0.0667369
0.00324349
3.03293
2.21302
5.18438
2.86806
1.95397
1.753
5.66603
0.0032148
0.00339074
5.64762
1.39627
0.0032017
0.00322383
6.81094
4.27981
5.69024
0.00692751
1.51531
7.41088
0.00447925
0.0203271
0.00497346
0.813993
0.499227
0.0126649
0.00320301
0.634208
0.00369755
1.53782
0.00971568
0.00324536
0.186442
0.769811
0.458051
0.0106003
0.00419103
0.0778979
0.00375979
0.00318882
1.90167
0.245376
0.0220128
1.47831
2.12896
0.336234
6.01458
0.00348119
0.876034
7.5444
0.0040566
0.0653813
4.64037
0.0113662
0.442619
3.33921
0.0349136
2.31259
3.97069
0.370142
7.03563
3.59264
0.00324642
1.40304
2.12998
1.953
0.00345484
0.00323073
0.647113
1.97265
0.00323349
0.00910889
1.70382
0.00438117
0.00327466
2.8301
1.16014
1.27348
0.0622772
0.00326723
1.54903
3.92194
0.00326328
3.8454
0.115578
0.338279
4.24267
4.67223
0.423066
4.00616
0.00324477
0.486087
3.49969
4.07801
7.24342
4.87114
0.00321217
1.74382
1.01898
0.00321212
0.00317735
0.412757
0.00983766
0.0917413
0.927645
3.86182
0.00506651
5.30342
4.44902
0.00513714
4.38222
5.76494
3.65058
7.47471
5.76532
0.950966
0.00339592
0.00322304
0.120629
5.92387
0.00869986
7.69583
0.248454
0.503378
0.00359525
1.45194
0.641814
0.00523293
0.00332411
0.007982
0.00537527
7.11388
0.00409253
4.17643
0.534053
0.00318491
0.00348297
0.0682887
0.0985641
1.36784
0.0118451
0.0348856
3.9691
0.00329945
3.48712
2.12891
0.510337
0.00323033
2.93573
2.20397
0.00549651
1.22014
0.00332163
2.93781
0.00497952
0.00521033
0.00318067
3.27752
4.86704
0.647851
1.99262
4.4923
0.0116444
0.00677147
3.66237
1.43431
6.0772
0.00402385
2.64589
4.57654
1.85538
6.54616
0.0942379
4.45037
4.67777
0.0283184
1.33885
6.99887
5.15002
1.88645
4.96393
7.6559
0.00320615
0.0131799
0.235811
0.00380442
2.11337
0.464631
3.88036
0.00322924
3.3764
0.815031
3.37755
0.00322122
5.2537
7.18387
2.61988
4.4256
0.00312379
0.955123
0.00555096
0.141751
0.00323401
0.00327107
6.74239
0.288728
0.00339948
4.28559
0.0112321
7.54456
4.17851
0.012801
6.70751
7.04671
0.00331748
0.00442222
2.52816
2.47577
0.0131145
7.6169
0.502078
4.68421
0.003233
4.0783
3.81624
0.0843415
0.225254
2.87646
0.00313964
3.08348
2.22738
2.49637
3.09117
0.00323625
3.71472
0.765497
0.00327839
0.162881
0.0135955
0.0118874
0.00336783
0.335523
7.70314
0.00332993
0.190998
1.60952
0.00319988
0.0100183
1.79753
0.00383616
3.48549
0.00320363
7.23116
1.71903
2.14267
1.66175
0.414034
0.0483682
5.95766
0.722948
7.17715
0.00320965
3.42949
1.59725
0.0396379
3.97389
1.68811
4.61349
7.58057
1.33233
1.27974
0.003231
0.00542851
1.6521
0.51678
7.32168
1.06017
0.0118496
0.0368193
0.0664432
0.0835099
1.74884
2.01143
0.776232
0.0035076
4.89158
4.28965
0.00346199
1.83048
0.00719374
2.70616
0.00323921
5.28065
0.00322041
0.448804
0.512
5.81327
0.00351159
0.0695166
0.0552323
4.07381
1.39584
0.00578529
0.00527666
0.00322416
0.00894773
0.0035128
6.20525
4.66244
0.0031797
0.00321345
3.73631
0.00341289
4.61466
1.87112
0.707688
0.00325771
3.77078
4.39979
6.0629
2.23485
1.75645
2.30295
0.00409533
0.00317977
5.88933
0.0127385
0.00321135
0.00321302
4.08659
0.00335911
7.51908
0.00321672
1.3556
5.93987
1.47049
1.75204
5.17747
0.00318085
0.592329
4.27654
2.61516
6.02657
0.00332289
0.00404065
0.057021
7.6243
3.63776
0.00329202
0.00535293
0.0464095
1.77448
6.63207
1.77806
0.00335698
1.15351
6.77496
0.0648773
0.00321997
0.0311504
3.86606
0.814548
1.79215
0.380918
0.00316625
1.22671
0.0113917
1.9365
0.00322696
0.00350738
7.35925
4.0769
7.6705
2.10307
3.92185
2.54043
3.98636
7.46849
3.63812
4.10864
0.0035927
1.49435
4.03604
0.0183329
0.00325219
0.00449808
0.236973
0.00352348
5.41195
3.45526
3.95516
0.0670403
2.46146
0.015457
3.66464
4.80961
0.00514116
0.359042
2.69334
0.00355614
4.97669
0.608579
0.00322809
1.98629
0.00323676
0.00341053
0.00525756
0.924939
0.553
1.42959
0.00316981
0.555728
2.37027
2.20281
0.0094479
2.03605
0.00323959
4.5508
0.368243
0.00311382
0.00573166
2.77759
0.00742474
5.2841
0.00872541
1.05217
0.00367106
0.00545858
0.259611
4.78252
3.44467
0.00320115
0.00337658
0.00366659
0.00348957
0.00319342
1.74701
0.133653
1.77252
4.38922
0.00316699
2.22555
0.00322404
1.48149
1.77385
4.51933
5.06429
0.0586875
1.35069
0.0807243
0.00322802
0.238548
3.47673
0.521391
0.0108871
0.0734751
0.524283
0.00326335
7.33892
0.0540831
0.00312052
0.0342333
4.89253
1.93661
1.51637
3.21613
7.0331
0.214463
2.3638
0.0268663
4.75909
0.413001
0.00477095
0.00336311
1.01693
0.00378829
2.21172
1.94469
3.41903
4.04865
4.31417
0.00323493
2.01928
0.0136379
0.00383397
5.76826
5.56965
0.0258663
5.42205
7.08728
5.0562
0.00375088
0.00399721
0.00946849
0.00321731
1.21888
2.68322
0.00319757
0.00326843
0.312805
0.00343106
2.26474
0.0210572
1.9187
0.00323495
2.69646
0.0430939
1.78994
0.00321569
0.00712102
6.67697
1.26819
4.26437
2.49173
1.80607
0.0294631
6.40302
6.3919
0.00323326
0.005434
0.00321913
7.28585
0.0709537
0.221142
0.0103451
7.69876
0.348433
0.00611073
0.010567
0.633328
0.0032341
0.812461
0.00408524
5.86348
3.8627
0.00391526
2.62341
0.00314702
3.84663
0.0373527
7.01547
2.23271
0.025562
7.47332
6.97403
0.00321109
4.11071
6.08702
0.00521633
0.0178677
4.83118
1.96005
5.63229
0.101382
5.35001
1.71491
5.00423
6.10279
0.765426
0.00320795
0.9639
0.00439661
0.242978
3.68397
4.11789
3.991
3.06821
6.78827
3.83744
0.00401089
0.537561
0.0320368
0.00566629
1.3559
0.0143506
2.20527
0.00329209
7.59358
0.0512872
4.80663
7.19736
2.0814
5.72945
2.05246
0.00354422
2.1623
2.93192
5.41384
5.75231
0.00727648
0.63142
0.00454887
4.04872
0.211848
1.73562
0.0032179
2.30755
3.44657
3.25706
0.0037729
0.00423246
0.00346181
0.0671479
0.0813333
2.32597
4.67043
0.116134
4.94396
0.0842146
3.66364
0.003207
0.0384759
0.258585
7.44045
4.23143
7.24951
0.502368
0.221792
0.00321521
3.59644
0.656913
2.33889
7.4475
1.73773
7.61512
3.82668
0.00317293
0.672955
0.00379641
0.0118513
0.0574805
0.00699557
0.0034888
0.215905
0.00765529
4.57711
1.62843
1.04486
0.00914999
1.75239
5.28524
0.00414116
0.0056765
6.84856
0.057207
0.00321771
1.93997
6.62427
1.74384
0.551463
0.00672648
0.203973
7.03557
0.0209381
3.32589
1.94826
1.58994
4.11557
2.86405
0.00319178
0.136235
4.6439
0.199598
0.307769
0.00546447
1.022
0.0388437
1.03078
0.003265
0.00337003
0.777619
0.0695334
6.14648
0.00901713
5.42115
2.50194
0.20692
6.85105
0.00873845
1.95726
7.01743
5.82554
0.00315746
2.54209
0.00345063
0.00323177
0.00662619
0.00317379
1.74221
0.00336531
4.60774
0.00524878
2.47521
0.460965
0.003233
0.685712
0.00316832
2.4796
0.00316194
0.197909
3.98947
1.86125
0.00321026
7.57145
1.05029
3.21389
5.79181
1.25515
2.97285
0.00636205
4.05884
0.116957
1.57097
5.62914
1.76148
0.00366913
0.00363993
0.00456561
3.0727
0.528576
0.152261
0.00347079
0.00386438
0.0032678
4.49349
0.152854
0.00318319
3.49059
0.0032014
3.91975
4.55672
0.60237
0.00322106
3.33839
5.01326
5.49755
2.3403
3.51022
0.0031942
3.83743
1.33539
5.27971
0.00448887
0.417359
1.45569
1.57758
0.0283174
6.38299
0.898586
5.5557
5.11817
1.90915
0.718836
0.00343167
0.00311935
0.241616
0.194205
5.18484
0.346368
5.30444
1.89571
0.00385724
0.0635572
0.00355021
4.08999
7.64251
0.275272
0.00320105
0.00321568
5.70866
2.43396
3.01528
5.67284
0.00321301
7.22909
0.00545502
0.00396336
6.686
3.59995
0.00321228
1.89684
4.55762
3.40307
0.0069884
0.0052887
0.529787
0.00311315
3.84656
2.71067
2.80676
0.00322629
0.00322217
2.42846
1.10119
7.16305
0.00322482
1.12334
6.60909
0.0377068
0.00658855
2.2331
2.28391
7.28993
6.12135
1.92719
0.317351
4.50118
0.00426676
5.92961
4.42301
1.23952
0.0437593
2.76463
0.00954366
0.00319063
6.19274
0.452208
0.00318588
4.41345
2.75156
0.00318509
0.140591
5.3792
0.0109146
2.20679
0.00327372
0.00369992
2.46237
0.014485
0.550886
0.167004
0.00315093
5.64178
1.58204
1.30405
1.36712
2.45083
0.668993
1.7992
1.51184
0.00321274
0.00330436
1.45635
1.6733
0.240139
2.71025
4.36475
1.64965
0.00904542
0.00330568
0.00338978
0.00327837
2.79237
0.883014
7.62729
2.53928
7.40245
0.362078
3.02081
0.850431
0.00337232
0.00402653
2.21097
1.1069
2.20117
2.33596
4.7356
0.0207949
0.003235
2.88754
1.3541
1.25031
0.00909654
5.92071
4.56518
2.78876
0.0153559
0.00332878
0.00611878
2.63656
7.65832
0.00742722
7.53325
0.0282797
4.11518
0.206632
0.00593295
0.00324543
0.0564047
2.51758
0.0283107
0.893807
0.0501028
2.05764
0.00318411
2.48352
0.237678
0.00322387
0.00322357
3.53007
5.52295
1.58104
7.67338
1.80879
2.67826
1.5832
0.00397135
0.78077
0.00325929
0.00317554
0.00626391
3.05343
2.22089
6.73663
0.0488431
4.53475
1.6204
2.55952
2.03524
3.49403
0.00459288
1.96314
6.90586
2.5387
0.00659258
6.53549
0.00499287
0.0425661
1.13814
5.48838
4.43096
4.3194
0.0103147
3.2377
0.00402035
4.98791
3.09595
4.09866
0.00315279
2.69916
4.21757
0.0207671
1.68604
2.32947
7.43756
0.922205
0.00358563
6.99549
0.995965
0.00337782
0.00320962
7.65867
0.304395
3.11899
0.00311162
0.0623615
7.20072
7.65475
2.18578
0.00369609
4.60604
4.93149
3.31992
0.00320786
0.119531
0.645326
7.27806
7.21458
2.21559
3.24734
0.00353718
0.936736
0.741396
1.78939
0.00330325
0.0609814
3.5335
0.00319287
3.48574
4.46335
3.57005
0.0031427
0.0031456
1.17702
1.79694
7.1707
1.82982
1.06277
0.00320245
0.00474371
0.00534208
6.50792
2.40636
1.52681
0.859626
7.63019
2.27147
5.23461
7.5656
0.00320746
0.168762
2.82652
1.94772
6.25896
1.36793
3.63809
7.24374
5.23645
2.42096
0.00322203
6.67089
5.02843
2.65244
7.05591
4.1703
2.37254
0.00386999
1.16762
7.60264
3.30028
7.1297
3.52817
5.07655
5.2797
1.8508
4.11094
3.33597
5.23717
6.60057
3.48158
0.00321653
4.17864
0.0722256
0.197314
0.00339069
7.57392
4.55726
0.00365381
0.464401
2.4695
3.07511
0.0125823
0.00321432
7.18382
2.80302
0.00329559
4.14699
0.00317455
0.885219
0.229275
7.40247
2.16777
2.55882
0.00321326
7.5151
2.23781
0.00469985
0.00319654
1.76175
1.76889
1.64248
0.63142
2.57217
2.50228
4.65022
0.287341
0.104485
0.00322659
0.00330604
3.51945
1.9364
2.49024
1.88334
0.366271
0.00324261
0.00318737
6.81531
1.5211
0.574495
0.00471722
0.00344688
7.53786
1.88283
4.52569
0.00312124
2.27754
0.537873
4.87803
3.35532
2.81919
0.00602163
0.00395437
0.00382237
0.00332121
5.7218
0.00321907
1.75476
2.78378
0.906959
0.0480169
1.36272
0.0056551
1.21818
1.0171
0.0169421
0.00396765
1.68846
1.40645
0.00324063
4.37979
0.0060761
3.21788
0.0632408
0.00372317
6.64285
0.00549079
2.03251
0.00313093
0.00390754
6.25304
2.49426
0.502525
0.037581
0.00322897
0.788055
0.00317307
2.7215
0.00398597
0.00655064
0.00320397
0.0350044
4.42982
4.84745
1.73773
4.74775
7.62097
1.13064
0.519186
6.67341
0.00567902
4.67707
1.0608
0.00589456
0.0341272
0.00398043
2.00681
1.8238
2.53476
0.290679
0.0379794
0.671689
0.00388144
6.19776
3.5878
4.98713
1.88251
0.00319351
0.87258
0.218809
3.50361
3.38052
1.45244
2.03382
0.0032111
7.49059
0.498098
6.55348
2.40177
4.09366
5.35216
0.0740308
0.278058
0.899259
0.225887
0.00457466
7.50147
0.0683945
0.00864578
6.97101
0.863846
3.90208
6.93825
4.91254
4.34335
2.88852
0.811823
0.00307102
0.013582
0.00313714
3.0339
6.32327
1.87487
0.0282033
0.0197122
0.00322771
3.75768
1.76461
0.142699
0.00321704
2.12948
0.00349533
0.00763939
3.02444
6.92217
1.44387
0.178959
7.0978
0.00388681
7.54932
1.80002
1.95564
0.00322697
1.27143
1.3552
6.22492
2.51486
6.87966
4.41728
5.88481
0.0148315
0.0390774
2.58695
1.79462
0.00324077
3.55824
0.00320602
0.00316933
7.53551
0.00331504
3.18311
3.75471
0.00346564
0.00408736
1.87138
2.79656
4.7254
6.53729
0.00436472
0.00314446
0.00319781
3.33233
7.46467
0.203961
0.00321995
0.00784122
3.31468
1.18358
1.1899
0.00326283
2.58518
1.84018
1.59651
7.03214
4.32634
3.1402
0.00314028
0.613376
0.00378273
1.42035
7.66447
0.00344598
0.00996527
0.483988
0.00379274
0.00767934
0.0483861
2.1971
5.15347
0.00373697
2.91005
6.18027
0.00989271
1.18137
0.165264
2.47
0.196037
2.5259
0.00324114
6.28112
0.00399926
0.538146
4.35382
0.00402396
0.00347386
0.0239326
0.0479738
2.04438
2.14249
3.74336
3.33669
0.0968267
0.00323033
5.46937
2.99488
5.79726
4.00625
0.00471252
0.00335413
1.44671
1.84836
0.508929
1.37581
1.99134
1.6716
2.14612
5.34788
0.0546845
0.453649
1.89178
0.00952429
0.0270512
1.1036
0.0033097
4.94585
0.0041761
0.904116
2.17625
0.0726577
0.00368575
0.00373229
5.23268
0.660983
3.34338
0.00321366
0.00459793
3.04173
2.14554
0.00671505
0.0198312
4.71496
1.86009
7.57676
1.53946
0.0212174
6.15882
0.00322476
0.00357175
0.0034831
4.737
0.003244
0.00323295
0.00319454
2.03556
0.204333
0.00324527
2.12275
0.00320964
3.18387
0.00403821
3.26992
0.00318123
0.0337519
3.91284
0.64318
6.87456
1.79578
1.44738
0.00320483
5.07546
1.42785
0.870891
5.10677
0.00333277
6.07629
0.00320409
0.014
0.0293112
0.0283432
0.607544
4.41422
0.00321069
0.238384
0.116681
3.6559
0.00322091
0.118646
0.00319354
0.0236963
4.16558
1.73268
0.0649572
3.98257
0.0844875
0.00325905
7.02171
0.0885855
2.39255
5.30396
0.0305713
5.8186
2.56043
1.19058
3.26878
1.80017
0.00315278
0.00325193
2.3149
0.00322726
3.28109
2.85454
0.003706
3.13961
0.00323244
1.70521
0.0175317
0.00313208
0.00332725
2.02378
0.218538
0.00336929
0.00794412
6.58659
7.40248
0.00321355
0.823317
6.35934
0.00324612
0.00511134
0.00350811
3.66798
3.27002
0.0033452
3.49858
0.0031788
2.75211
1.29983
0.597907
0.00322348
4.07269
1.67679
3.35893
0.00730623
0.0032135
1.80348
0.0590724
0.400708
0.00321726
0.071101
0.00324956
0.123918
2.49287
0.0471708
2.76349
0.00321147
2.83272
1.53876
4.58624
6.33019
0.00308351
0.957156
5.39933
3.2244
0.0421712
0.0157294
0.177168
1.02485
0.00319165
0.0702841
3.88297
4.71604
0.027324
4.89714
0.0140132
0.00383581
4.81553
2.69244
1.36865
5.26596
0.00324449
2.24236
0.074304
0.186905
5.06856
0.00349931
1.9684
0.184614
6.15178
0.00320536
6.73689
0.00327837
2.94855
0.0086837
0.69124
6.31
0.00512021
0.680713
0.00321486
0.00339275
1.71627
0.547867
2.79755
0.00362987
0.0031862
0.00321075
7.69587
5.1408
0.00320312
0.00320718
0.00323643
7.01437
3.05263
1.50447
7.59241
1.96162
6.84363
6.75105
0.697945
5.04291
0.00315778
3.19399
2.29386
3.09869
0.00347057
1.97746
2.16597
6.52477
5.3145
5.82556
0.299743
1.71711
0.318974
3.87013
0.00359629
0.00488783
7.4037
0.00314057
0.00319317
7.68811
0.00653856
2.99578
0.0032265
0.00591506
5.28386
2.16634
0.00468016
3.27693
0.0031985
0.933884
4.85432
1.37791
7.54105
1.83337
2.13252
0.106608
0.626242
0.259006
0.00315482
7.70858
0.00351032
0.00348155
0.00321851
2.19999
7.67937
0.00330115
2.27921
2.00105
0.00459253
0.0264391
0.00367426
6.21977
7.52716
0.00814358
0.136163
0.183978
0.0046545
1.35661
1.45078
0.730119
0.00328695
0.00361764
0.880059
0.00805283
0.00324883
0.381498
7.0467
1.29918
0.0170354
4.92906
0.0547605
0.00569854
0.00320803
0.0148385
0.32437
3.49856
7.6988
3.62341
2.71624
5.38289
0.00344986
0.00460142
0.00319938
0.0299261
0.0149591
2.21024
7.02237
0.00326867
1.45538
5.01616
3.08707
0.044685
2.08449
0.0049847
0.00320038
2.54408
0.00352275
0.00407911
3.51787
0.261521
0.00489233
0.0111117
0.0044585
1.82747
0.00972643
0.188576
1.56051
4.38532
0.0716862
2.57675
1.19525
0.083502
0.00317552
0.00316628
0.00363669
1.75624
0.00387384
6.73018
0.0108156
2.5508
1.83966
0.0030785
1.61616
5.89628
1.57819
1.37984
0.568122
1.35842
1.03557
6.91707
0.00398265
1.51308
0.70753
5.07016
1.3265
0.364233
0.0850493
1.71024
3.68644
7.67672
7.38773
0.00320693
2.35949
3.11287
6.11543
0.0031118
2.80946
7.70053
6.73065
4.80629
1.74361
3.04944
0.00464218
0.725143
0.00326982
2.05295
0.00326154
3.58025
6.76176
0.00723219
5.3482
3.27755
4.42402
0.0032114
0.348897
2.04919
2.29511
1.825
6.51927
6.58059
0.715708
0.0033798
0.764691
0.00466504
0.00315849
0.431184
0.00674871
0.00434736
0.154229
6.87673
1.72307
0.00327902
0.070614
1.97388
3.13508
0.0033148
0.00324129
2.20767
0.244198
0.00321253
0.00451636
1.12766
7.61049
0.387092
0.0340381
0.119202
0.00323666
7.20815
0.194256
7.21889
0.00331037
0.00330002
0.00363882
2.07407
6.37554
3.36559
2.10792
0.0284041
7.55572
5.41355
0.0268786
0.00326247
0.618625
5.41452
1.427
6.63624
5.42379
0.00354154
2.20077
1.00134
1.69456
2.70516
1.91935
0.00443648
5.46396
0.00324807
1.77494
0.00314235
0.100862
6.97605
0.00320507
0.184757
6.8221
0.00337841
3.04878
2.1445
2.38177
0.152233
2.05236
2.10228
0.00392913
2.01193
0.00321574
3.62922
0.00322892
7.52466
0.955652
0.720996
1.66407
0.00321386
5.6498
0.12578
6.83378
0.00595082
0.345642
1.00617
5.76977
7.38969
0.00324006
0.014437
4.7588
0.192387
0.004391
2.37908
0.190613
1.59679
0.00376097
5.4021
1.04924
0.0341253
1.66028
4.54497
3.505
0.824744
0.162143
2.21127
0.500975
0.0244364
0.00318985
0.0683638
1.37559
0.0827176
0.0032161
3.30234
7.05845
0.729461
0.0213507
0.00321557
1.6245
1.8308
1.89473
0.0440231
0.191681
7.03203
0.0168747
0.219459
1.83385
4.28957
4.62986
7.14152
0.00320103
2.91617
0.00362213
6.09464
2.00211
7.43643
2.47371
1.59757
0.00666671
0.00330905
3.90928
1.93074
3.20802
0.00569547
0.00323811
0.0919468
7.45238
0.00321754
1.29631
0.777582
0.0261306
0.00331227
7.69384
2.00389
6.86819
0.235355
7.64243
1.79522
3.18784
0.00323004
0.186468
2.53116
2.20346
0.204714
0.0510868
1.73593
0.00321789
3.3922
2.22369
0.00749361
0.00434162
4.21199
3.22352
2.12538
2.2092
3.75806
7.40979
0.0377068
5.6258
7.31522
0.434395
0.0333806
4.25227
0.006121
4.66662
3.98502
0.498009
0.00985187
0.00337568
7.74079
4.5336
6.22883
0.00322575
2.1885
5.34566
1.03775
2.11587
0.00330633
0.00351988
6.20623
2.91649
0.00386151
0.00801708
1.86603
4.4703
6.54941
4.99736
3.18909
0.00321645
1.98879
0.198678
7.50975
3.39883
1.90792
0.530797
7.68955
0.00388657
0.00353755
4.15139
0.358703
0.00341276
0.189644
5.39066
0.538441
3.7134
0.00908898
0.00380513
3.08691
1.93444
3.4901
0.00858433
6.63303
0.0031883
2.48413
0.00350995
0.0202107
7.3505
0.00330445
0.00847652
2.53513
0.00332947
0.00336832
0.00308385
0.00319514
3.86601
7.57427
0.00420175
0.873129
1.26538
0.26379
2.22034
0.00411866
0.0033641
0.00589879
3.9382
4.7797
2.09271
0.00710006
0.0139824
0.00513377
6.60094
0.190027
1.76851
0.648096
0.00342059
7.43157
1.8911
0.00441086
3.81583
2.51089
0.00320296
0.891521
0.0271296
0.00323644
7.47339
0.0964673
0.142511
0.890376
0.00332442
0.0057637
4.3454
3.02463
0.0033813
0.00325505
6.94967
0.00355822
0.00323946
0.00316001
0.00330167
1.9577
0.11024
1.95404
0.342228
5.91847
1.73436
3.09249
5.80927
0.0837401
2.61006
0.180588
3.89571
2.26391
3.44624
1.87313
0.684002
2.20216
0.00319935
0.00379888
0.105898
0.00329712
0.199874
0.210227
0.00322542
4.05287
0.0386416
0.460578
7.27227
4.94577
0.00313575
0.0370828
3.45861
0.0296378
0.0173871
0.00323314
3.2269
0.324071
2.06088
2.82541
0.0573585
2.9803
0.025246
1.72556
4.1853
0.00323142
0.200119
3.04983
0.0448542
2.11686
1.90532
7.36967
3.7249
6.18043
0.00322186
0.00324522
0.003204
6.45815
1.30406
1.07612
0.0032159
0.00431832
3.39901
0.174453
0.00364987
5.42697
3.93042
0.00459523
0.0740389
5.15959
0.00334254
0.0467446
0.00321544
3.37325
0.00570939
0.00320519
4.04273
2.11447
0.00316656
0.912396
0.132342
0.00318346
0.141527
0.604438
0.00364537
0.0553324
3.8073
0.061657
0.00322754
0.00325924
1.33753
0.0040248
6.83507
0.00440403
6.32246
0.00315142
5.96801
2.2497
0.0700451
3.3823
4.43372
7.0028
3.18177
4.61763
0.460943
0.00319364
0.00323011
0.00319056
0.655324
3.82867
7.63477
0.00311689
0.00722204
0.244781
0.00326144
4.72794
0.388208
0.00345113
7.62682
1.1992
0.991966
2.07864
0.885405
0.713597
0.226395
4.40033
3.60239
0.754358
0.00332868
0.00322511
0.0985379
0.00321941
2.293
6.01628
5.418
7.08147
0.00317616
4.51992
0.00400178
7.33211
7.06526
1.42296
4.00695
0.0324648
0.816898
0.18787
1.56665
0.858492
0.62099
5.35328
4.18246
5.92149
0.00560751
6.89339
0.065535
0.00387617
0.0146629
0.00837378
0.0930451
0.565862
5.44184
3.83348
1.32636
0.00441693
4.31155
7.06956
7.36112
0.00400018
0.00681898
0.00329832
5.77798
2.33376
0.332754
3.9572
0.0922795
1.33492
6.17072
0.825503
4.04142
0.00457261
0.00419731
6.05876
0.00314413
6.8368
4.52663
1.5558
4.0445
2.44725
2.30619
5.12577
3.73914
7.53722
0.00455424
0.00320856
0.00314321
0.0103644
4.58869
0.853403
1.60247
5.64258
0.0457363
0.00312036
0.00330378
0.00348512
0.00429932
6.07688
0.00339167
0.0490493
5.14387
0.00315788
0.172619
1.91241
1.31933
4.45961
6.17756
4.664
4.59898
0.731023
7.48661
2.04393
4.45037
7.32027
3.28155
4.93832
0.566056
3.65071
3.07801
0.00325535
0.00323892
5.8239
1.88481
1.89541
0.055591
0.0032395
0.00324916
1.82633
2.41523
0.0354825
0.0738156
0.111072
0.00354779
0.0237245
0.00324114
0.00321299
3.3709
3.51329
5.80018
0.00339802
0.00413043
0.00340755
3.47172
5.89991
0.00327719
0.0400415
6.97937
0.00321813
0.00320251
0.123274
0.772714
0.305961
2.60375
0.00321584
0.132718
0.00316943
0.00801295
0.099025
0.371135
0.00324279
0.0436844
0.0038982
0.191682
0.00324234
0.00313905
0.049779
2.67664
6.07764
1.40325
3.2232
3.99988
3.02733
1.53503
1.35864
6.79864
0.917961
0.004422
0.00442436
6.11381
2.10448
0.488939
0.00996853
0.0319322
7.19443
0.433041
3.78249
0.00322499
0.969015
0.0256912
0.00352777
5.72387
0.00490219
0.617498
6.86955
3.77097
2.54942
1.72311
7.39859
2.59134
3.25415
2.69613
5.07771
1.89999
0.510733
0.00391507
0.00731873
4.83763
0.590244
0.0609092
1.4963
0.00311637
6.44356
0.00325494
6.64604
0.736831
6.313
3.03043
0.00320221
5.54609
0.957829
1.96388
0.00369813
2.84932
0.0829806
3.05363
0.00317415
0.00321596
6.66629
0.0835435
2.16875
3.73263
2.55803
0.937302
0.00537171
0.00311387
1.97534
0.376112
1.14343
0.0032252
3.26717
0.00468832
0.0101557
0.00383496
3.77306
3.79132
0.0121019
2.18974
0.0538901
0.474508
7.24786
0.218854
0.00573512
1.09973
6.82824
1.39733
0.0032374
6.3248
5.38575
2.63776
0.00328172
0.527919
0.00370478
1.27782
1.67139
0.0287993
0.00382116
0.296983
6.99403
0.380976
0.269114
0.0334774
5.08839
0.00355346
7.1659
4.3219
2.31048
6.18167
0.555724
2.22504
4.12701
2.03876
0.00416997
0.00338205
0.00432992
2.08176
0.00389466
0.00321847
5.54464
0.00324659
0.00332916
4.01027
5.91757
2.94734
7.65391
3.49398
0.00461567
2.09932
6.23995
0.00318026
2.65337
0.451057
0.0050849
0.1876
2.89235
4.65315
3.90914
1.78772
0.00311294
2.28126
5.15757
1.94562
5.88892
6.43506
1.13257
1.78142
2.21332
0.00333959
4.93049
1.76876
1.8628
3.63713
0.00768001
6.81878
2.54117
0.119708
0.00417105
7.22736
4.07608
3.98163
0.0599723
0.00355039
6.60796
3.57757
0.814833
3.04379
5.08155
6.27405
1.962
0.00594611
4.53531
2.20447
0.437403
0.00387801
0.00322055
7.36209
1.01274
1.78204
7.27529
0.0050197
3.84216
7.6196
4.30918
0.00317287
0.00322768
0.607833
4.7502
0.240308
1.97432
1.78127
0.0046851
0.00336776
0.853161
7.26983
3.39996
5.64727
3.34018
1.47882
0.00316376
0.634386
6.60846
0.165044
2.67184
0.00321295
0.00319757
0.00346735
4.99708
7.33687
7.46968
1.67449
7.63629
0.0129006
4.61902
1.25109
3.6805
1.80503
0.0717464
4.41366
0.00318971
6.06093
6.08411
2.17823
0.0139505
0.00434759
6.60385
0.0401333
0.306068
0.00319463
7.74293
0.00322328
5.77105
1.82063
0.528245
0.491748
0.0623924
0.299756
0.00322672
0.00402734
0.0574311
0.00333477
3.15448
0.00324699
1.96922
4.10516
4.92524
3.85365
0.00331789
4.62604
0.0320155
0.182584
0.00813939
4.21301
0.103189
5.43975
2.57307
0.00314793
2.94609
0.00324524
0.886597
0.0413834
7.69333
3.1107
1.36484
3.72151
7.05814
0.324173
6.66119
0.92544
0.00451838
0.00321867
6.84278
2.17324
1.44125
3.37406
5.2377
7.39393
4.43547
0.00318139
2.14705
5.11714
0.118188
0.0056581
4.67696
7.31337
3.68174
5.99568
7.39292
4.16218
0.371006
0.00403949
0.00322128
2.13939
0.0837057
5.82324
0.0396571
2.94338
1.91506
0.00321433
0.00363054
1.32323
3.48933
7.15671
0.00371097
0.0771164
7.6371
0.00324129
0.886134
3.28578
0.0682013
7.63147
5.30478
0.00321649
2.19102
7.56915
0.00320334
0.0197034
0.149608
0.00403305
0.172582
0.00346111
0.00317948
0.0845074
4.53481
4.33355
3.10356
1.04295
3.22059
0.0733222
0.00369511
2.13267
7.55377
7.13485
0.0102524
0.0487279
4.25768
6.1709
0.00324612
4.34516
4.0178
0.00398333
7.66583
0.0781424
6.90712
1.05142
0.00347551
0.217863
3.17026
0.00399289
0.00324669
0.00319555
7.57755
0.130126
0.00312789
1.36926
0.909519
2.33076
4.3791
4.40065
2.60474
0.713098
0.0404177
7.66104
5.96625
0.00323447
5.47957
0.0485722
1.79471
5.47239
1.22234
0.907714
7.67584
0.00420973
0.175401
0.687119
0.201726
6.53797
0.0033942
2.69637
5.13813
0.00314702
0.00319812
1.84705
0.558619
0.0561372
0.00325837
4.96543
0.00319577
0.00342841
5.52909
0.0119362
3.48926
4.233
4.18196
4.49912
1.0573
0.0121584
0.0031925
0.00660312
0.00319976
1.74121
1.4045
1.97439
2.74483
0.0034644
5.85583
6.08671
0.00450824
6.45937
4.92519
1.20266
0.00334914
7.33453
4.27243
0.00446406
1.66634
5.58333
0.221897
4.01122
0.400391
0.00322208
7.45875
0.00322432
0.3787
0.00321424
5.2507
7.16897
0.288974
0.00345334
2.56361
0.0037274
0.00649934
0.00324068
0.325129
2.71019
1.2513
5.57813
0.267269
1.77981
0.00328071
0.00309536
0.00773772
0.00993793
0.00360655
4.56988
0.00313774
2.6972
4.39894
0.00322653
1.82549
0.119438
3.18341
4.55555
0.00330932
0.0032221
5.28594
0.0032142
0.0334239
1.93996
5.22849
4.06693
0.00760542
2.54214
0.128018
0.00331921
1.85372
1.11915
1.8135
2.32435
0.909897
0.0169948
0.72631
1.16438
7.51448
2.92566
0.00326382
0.0118772
0.995952
2.19781
6.0058
3.77248
0.198854
7.58514
3.10595
0.037456
3.06488
4.32283
5.46665
7.00167
0.0031045
1.82816
0.00388218
0.0149902
1.79822
0.00319463
0.181159
0.00673302
2.64561
6.4965
0.0235647
2.08077
0.00325286
5.43011
0.0031944
0.0043914
0.902052
0.911597
0.00313978
2.31449
0.00447075
0.0032313
0.042697
0.00318609
0.00321691
1.33382
3.98369
0.921342
3.53468
4.82422
7.31092
0.00310768
2.90213
0.00323933
0.024257
2.62491
3.55817
4.73305
0.175439
0.712619
1.06379
5.22639
0.0732326
5.11596
7.14926
5.13662
0.00329712
0.00345513
1.1905
6.0928
5.51131
0.00623893
3.42947
0.0110555
0.00603509
0.00315241
5.73875
0.42648
0.00322741
1.85416
0.00306536
0.0972436
0.00348784
0.00423331
0.00415522
4.63707
2.6931
4.53964
1.7874
2.58569
4.5467
7.32664
0.274974
3.75714
1.78157
0.531252
0.0735007
0.00332071
1.81194
2.20393
2.91721
2.10031
0.00323223
7.50667
0.884266
0.538494
2.47328
0.998489
1.42231
0.0032006
0.300735
6.44279
7.45157
0.00329583
2.69857
5.90544
0.0190201
0.00337662
7.45506
6.69874
6.1698
0.0032051
0.324772
0.0181522
0.00317726
3.62983
7.43884
6.89053
0.260632
1.8643
0.997336
1.60274
1.11636
5.41738
0.0463834
2.47735
3.84737
2.29319
0.00651851
0.0150168
0.126973
3.16481
7.08005
3.88189
1.5508
1.21621
3.53084
0.00469366
0.00907441
0.00310621
0.00330048
7.57104
0.00336433
2.41374
0.0033263
0.003811
1.72579
0.422496
4.08288
6.77359
3.14873
0.144485
0.00323446
1.72459
1.2313
0.00317543
1.05268
3.38942
0.743431
1.72614
1.45502
3.34956
2.37857
0.00321447
7.32829
0.00416003
1.41524
0.277116
6.31643
0.0032599
4.04952
6.20638
0.211053
0.928584
4.34149
4.3554
0.00382325
0.0262077
6.84284
0.00343024
2.85228
0.00446119
0.0038091
1.97149
0.961902
0.0886865
2.76067
0.258382
0.896036
3.6693
4.12497
0.00315391
5.56148
4.46053
0.00318147
0.667163
4.35581
1.98862
4.89694
0.0085398
1.75426
1.82591
5.40872
0.0198037
0.00318161
0.00802415
0.134434
0.188048
0.00324349
0.00323166
0.00597482
0.272356
0.0447027
0.0089339
1.83918
4.32402
0.00322779
5.13757
1.99789
0.598386
4.1402
2.42434
6.5406
0.00319218
2.18093
0.00815781
6.72796
1.67515
2.43781
1.19696
0.00695973
2.97714
2.52547
4.10071
7.62399
6.0669
0.148919
3.39497
0.00434596
0.00322026
0.0043851
1.28612
0.00348352
2.42836
0.0096966
0.426715
0.00322782
2.03323
5.81368
7.64424
5.65997
7.08346
0.00397635
1.70988
3.17715
0.880172
5.01328
0.00352901
7.11482
0.00433931
0.00397851
4.29154
0.00835057
3.70877
0.00567215
3.34324
0.00326087
0.00311279
1.98307
0.0042972
0.00318731
4.22703
4.31435
0.0207159
3.2044
1.74259
0.00529725
0.00370717
6.96864
0.525998
0.0032176
1.43702
0.00879722
3.14993
0.00566444
0.344088
4.8876
5.2695
0.003672
6.50385
0.00686408
0.00320801
0.00685874
6.93326
6.62292
1.6753
0.00356926
6.90509
1.79613
0.00321201
0.00345146
2.43555
7.50671
6.53036
2.0533
0.00330576
0.00331709
3.3268
0.00429251
0.00343515
0.00321452
2.72918
0.00394654
0.160384
4.67653
3.3715
2.37439
4.65487
2.39949
0.00344077
0.257996
3.56212
0.00324385
0.445355
1.33912
3.71812
6.76789
0.00321167
5.6075
0.509421
0.00320998
0.00342694
3.3946
7.65554
2.47973
0.00322058
6.38746
0.0306825
5.39475
2.74946
0.0207237
3.55856
0.00324773
4.77559
6.18175
0.00326411
1.97013
6.61876
6.86491
0.114845
1.55504
7.48035
0.010508
0.00396653
6.7251
0.00327668
2.58851
0.00506314
0.0174175
0.00446381
0.760079
1.44063
1.95472
0.00469795
4.23494
1.27147
1.42338
0.00321152
2.05572
0.8911
1.91202
0.288433
0.00324037
2.78555
2.20987
2.00545
1.54237
6.29701
2.88977
0.00450478
7.62939
1.81699
7.11687
5.61862
1.81279
5.61252
0.953439
5.41123
4.59388
1.03218
2.96632
0.0136049
0.0032366
1.54483
0.234864
0.00333436
2.70672
1.87148
0.00322563
6.83449
1.42294
0.00332363
4.65878
0.0031196
0.0408938
2.31548
0.00366334
0.0032946
6.18901
2.85771
2.34138
1.28479
5.60045
4.62493
2.96318
1.95245
4.86882
1.2931
6.70657
0.0531529
6.82404
6.48164
7.20167
5.0631
0.00394435
2.07038
4.20462
0.0042942
1.83638
0.418933
0.00321596
0.0041735
7.33799
5.68163
6.5913
3.8585
0.0555567
0.01685
3.05181
0.00567273
6.56049
5.92185
0.003316
0.00442079
6.0989
0.00514595
0.00318799
5.65413
0.462062
0.00661408
0.00322054
0.027478
0.00440403
5.45043
0.00492092
0.360544
4.31467
0.012431
1.46216
0.00322574
5.51734
1.61887
0.233924
2.34057
0.0123679
0.0806232
0.00322427
2.47918
3.05744
0.0193879
6.29949
6.69204
7.60252
0.00313355
1.15188
0.00321197
2.11496
0.00324642
0.00321875
6.18511
2.89021
1.95084
0.062305
6.95153
0.00565044
4.2458
0.00593181
5.10282
0.838511
1.635
1.78004
1.95346
0.00319945
0.00580927
0.00323165
0.00687802
0.0109827
0.0212398
0.00318916
5.76713
4.94103
4.35744
0.00731854
0.0225953
0.742152
7.44091
0.557402
1.77394
0.00405963
2.44831
0.00320606
4.42126
0.00319924
0.00377732
1.39186
0.00322818
0.0371717
0.00333642
7.6567
0.0933556
2.10471
5.00881
6.83799
1.84268
0.00320048
0.05415
0.37961
6.09595
1.22031
5.33886
2.38465
0.00322125
2.42624
0.702759
6.63574
0.00323302
1.67993
1.87017
2.15019
0.00685699
0.00314372
1.33915
0.0031344
0.011483
7.32416
6.00009
0.0864774
2.62294
6.34293
2.35051
0.744269
0.872884
0.0032324
4.50504
2.52001
0.00322358
4.23676
7.29036
1.34121
0.53417
0.00651811
4.11073
7.37697
0.0200418
0.00893115
3.44958
3.70793
7.57068
0.301172
0.554325
2.0506
1.84147
1.35896
4.78779
5.35096
3.74803
0.0307513
3.0489
1.91897
2.12239
0.0137232
1.95072
0.00331108
2.84823
3.27263
0.0971667
5.44368
2.16356
0.00321236
0.00320813
0.00327533
0.0031952
6.8909
1.07159
1.91047
3.7102
1.92411
3.02454
6.12932
0.114203
0.00471418
0.0249298
6.33451
1.92862
4.86138
0.0500072
0.0225483
0.623164
6.51348
0.0361639
7.28579
0.00349898
4.13221
4.37996
1.84917
2.1675
0.0032073
0.00318575
0.0269714
0.335924
0.430762
3.3821
5.61757
1.61216
0.0031779
0.00322956
4.54578
0.00324754
0.400421
7.21084
0.00317286
3.94471
4.49314
6.87973
2.05856
0.403111
6.63517
1.06821
0.0158357
4.34908
0.718216
1.73803
1.80925
4.33645
0.00439441
6.34001
0.00324161
1.38217
0.00326471
6.58952
3.41238
0.00429767
0.12297
7.37346
0.00509906
0.00376917
1.95406
2.95847
0.00366414
3.04185
2.15217
4.06024
0.0735652
0.493043
6.55708
5.557
2.12264
0.00414361
1.00196
0.0865909
0.328549
0.222816
2.261
6.47689
0.137955
0.00317323
0.00324315
4.7436
3.16118
1.9803
4.74443
6.91537
2.92994
0.0157459
1.96841
1.92474
6.30851
3.46904
0.998351
3.4342
2.10904
3.58083
1.38213
0.00322153
0.00655515
0.00447143
6.46799
0.00321973
4.51952
2.82713
3.97191
4.79746
2.17684
0.00390208
4.4438
6.9612
0.00322886
1.85544
1.62096
0.00418142
1.32533
5.78759
0.00421254
0.00718845
1.30128
0.00781328
4.3318
1.83419
0.00321837
0.00369655
0.00323156
0.00597185
4.91348
1.91178
4.97215
0.00830955
6.7522
2.49109
2.10033
0.00322486
2.84297
3.6555
1.34491
2.12963
2.13413
0.00322296
1.18797
0.198614
2.49048
0.886396
0.168303
0.00316411
0.00470894
0.00766772
0.00329413
0.0846924
0.00315044
0.00321654
4.62965
0.87883
1.12561
3.22017
2.2939
6.86692
1.43213
2.26937
3.24551
0.00331217
0.00325069
1.24864
2.12778
3.1804
6.81161
0.00309665
0.00933439
0.00322781
0.00316668
0.0209246
0.00463697
7.74419
5.53177
2.10968
2.00911
0.154065
0.00323928
0.672986
1.90468
4.12156
0.438059
6.18648
0.00322889
1.72492
1.74017
2.01872
0.0383283
2.52925
0.0136175
0.00313793
3.86824
0.00324627
0.00653358
6.01615
0.00334661
2.53831
6.45302
0.00325518
0.207236
1.32972
3.03457
0.617563
5.10725
2.68363
0.983393
0.248807
0.00888531
3.3394
1.63045
7.57683
3.09528
7.44439
5.23696
6.46955
5.26949
0.00322281
0.0247663
7.43104
0.00416727
2.15053
5.12175
1.35514
0.00320995
0.0127158
3.24882
7.12647
2.06704
0.00407702
3.36664
0.349502
0.0911659
0.00321652
0.030143
6.9451
1.88973
0.00312558
0.217439
2.04598
0.0574978
2.10193
0.00363485
1.76581
0.0385111
0.00486696
0.00323397
3.59872
0.00460605
3.292
5.55887
0.00515685
0.00319646
2.60303
2.04878
0.00705406
6.26648
0.311366
3.10025
0.00333929
0.639323
1.79487
0.00319439
0.0502877
0.776815
2.9841
0.0221403
4.8069
1.88242
1.72943
2.03375
0.0537474
2.36942
0.00469797
0.157047
5.6614
3.37692
0.00340768
0.695758
0.643286
4.33411
1.69577
6.10982
0.592512
0.00316519
0.71356
0.00943728
2.17994
1.15738
7.20028
0.00328699
1.97276
0.00445355
2.3918
2.92393
3.0584
0.00812828
0.00322168
7.72382
3.74617
0.00321626
1.88532
0.0580575
0.00697045
0.00323189
0.00326621
7.1659
1.12946
0.0743807
0.238482
0.172702
7.64843
0.00540879
0.00726095
0.00370779
0.00308659
0.384081
1.85095
0.153656
0.0483805
0.0032065
2.42392
1.20876
0.00339436
0.00319225
4.22261
7.73465
1.18201
7.17527
2.77439
0.00326503
0.00318792
0.00320169
0.139688
5.57398
0.00314675
1.99445
1.87241
0.135893
5.83465
0.00316287
0.297696
0.00664215
3.13736
0.530941
2.26865
0.133787
2.54924
0.013744
0.00317835
3.35459
0.00341309
4.69525
3.15474
0.00845241
3.28519
5.41351
2.4599
1.14672
0.00525576
5.51216
0.00349446
0.00321483
0.00410456
0.00316796
6.53986
7.72135
4.24114
2.29298
0.00562738
0.00314451
1.73129
4.26978
0.00432777
0.0132724
0.0553814
0.489675
0.453446
5.83158
3.57704
0.00333976
3.86955
7.7206
5.65118
4.15449
2.73772
0.00312997
0.00963217
0.713608
2.68596
7.23438
2.65912
7.57534
0.00340993
2.68181
3.87217
0.720094
0.75983
3.73457
0.00324776
7.08664
4.40299
6.62191
4.0564
1.77435
2.33595
2.88735
0.137128
0.00324046
3.08535
2.36474
1.13667
4.18921
0.0403144
1.14178
2.00571
6.79203
0.0674022
0.371131
6.05776
0.00515754
0.00317648
0.0032259
3.86242
0.00513171
2.74814
2.84479
2.51517
0.907635
4.76663
0.0032009
0.132454
0.174006
0.0497136
0.620935
0.0038823
6.96706
4.43925
0.409648
0.00379345
3.45495
1.6081
4.43048
0.00318439
5.28548
2.91731
5.62953
0.00324066
0.00319975
6.9337
0.00322847
4.21839
0.656411
0.00320809
6.11971
1.849
2.88967
7.07463
1.047
4.60973
0.00322152
0.00391097
5.36308
2.46377
2.55704
2.89387
0.00336111
6.42741
0.00368149
0.00336291
3.4348
0.0391464
0.202366
4.31445
7.71992
5.29628
1.61995
4.3525
2.30556
0.971067
0.00652755
0.118042
0.145194
0.707119
0.0447764
4.31435
6.74055
7.45981
3.69906
2.20132
0.00324127
3.54464
0.00335857
3.14456
3.48854
6.41293
2.08386
1.18771
0.00701023
0.104586
0.049525
1.19763
6.51574
6.98095
2.23238
0.00368709
3.08019
2.13603
0.00322093
3.84374
0.00323761
7.73716
0.164478
0.0488654
2.34522
0.00353342
5.91747
2.10464
0.00326072
0.0033131
0.502196
0.00499653
3.029
0.00323204
0.0174891
5.47631
1.59745
2.52078
4.70503
0.0032861
5.0512
6.2204
3.34629
0.673201
0.00372764
2.12221
0.00319508
0.390012
1.96374
0.00379655
6.72185
6.44147
0.00769354
1.23312
1.68802
0.0178115
4.56372
1.82992
0.00328537
7.17083
0.070664
0.0217965
0.0586898
0.00859151
5.45485
7.63202
4.55172
0.00323359
0.142818
0.0578038
2.40189
1.80795
4.54551
4.86678
0.855871
4.10734
2.12704
5.06861
0.350853
0.00318747
2.15615
0.00321849
5.28426
0.00347296
7.56715
2.26323
0.00309506
5.52165
1.39514
0.0032226
6.10482
1.41801
5.49545
1.86277
0.7027
1.76604
0.00340844
0.592295
7.60736
0.00352719
2.03811
6.61916
0.00310791
0.00332959
2.37681
0.00392738
0.00603668
1.87068
3.59077
0.00317807
1.25537
5.31082
4.63192
6.38557
5.0448
4.64091
2.70583
0.0041877
5.60138
2.81669
0.0883328
5.34427
0.00436072
4.69736
0.00318837
1.08584
3.22161
0.361207
0.00680649
3.12908
0.0647331
3.50232
0.00324118
0.978047
3.06847
0.0698304
5.42521
7.16563
0.00317421
5.06175
0.00321548
1.1289
0.111545
7.71336
3.02141
1.17293
5.31729
3.17355
0.688857
7.49881
6.97585
0.0031465
2.01227
2.31248
0.00322696
1.44023
7.69168
5.0548
7.12018
0.0036407
0.0255725
5.04748
1.59725
5.23981
1.07997
0.026472
0.0252054
2.03285
0.109198
0.0039943
1.38575
0.00333857
1.09736
0.00320199
3.31047
0.0625008
0.00356601
0.00380786
1.18466
0.00567565
2.14923
1.74281
7.54572
2.31363
4.78553
1.04775
0.00674929
2.81368
0.766832
2.90301
5.27198
0.0162271
0.126812
7.63887
5.24766
4.02138
0.0168519
4.94473
0.00321724
7.63738
1.19166
4.63094
0.469265
0.0251026
1.28118
5.8967
5.59175
3.01324
0.00538867
0.00360475
0.192463
1.71877
3.9023
0.00400624
4.33345
0.0171912
5.51713
1.89588
0.0449332
6.59092
2.58471
2.40536
1.64616
1.56389
7.44197
0.74001
0.156335
0.00320609
0.763978
1.90954
2.02274
0.00327484
0.105389
3.14802
7.13595
0.00324289
3.36054
7.38462
7.41885
2.56258
2.48388
0.351155
4.7121
0.218837
2.38529
1.57384
1.38102
0.00405538
2.46065
7.60355
3.60042
5.63754
7.5928
0.0448984
0.170776
1.22653
1.74467
3.52481
0.352216
0.00321989
7.6902
0.0668034
0.0947247
4.88631
0.37646
0.0165208
0.0117651
4.00482
1.99256
0.00531591
1.20623
0.0267869
0.00377981
5.17339
0.00335672
5.04488
0.00568861
1.6018
0.453847
1.79029
0.00385195
7.58755
0.00931188
2.17507
4.75752
0.00323539
0.0119124
0.00511843
2.13042
0.00324051
7.26939
0.00323055
4.42117
0.00308221
2.46023
0.812763
0.433827
0.0149069
5.30354
0.00320387
0.0031378
0.0188754
1.85612
5.33822
1.58819
0.0158569
0.00350452
2.09027
6.98195
0.00361967
0.010198
0.00327109
0.00320781
0.0215438
2.33856
0.00320797
0.00347922
0.00852596
0.10592
3.84403
2.22627
0.395548
2.89521
0.209339
7.46124
0.754269
7.56038
2.06844
0.383488
0.00322116
3.76619
6.83228
3.45517
0.00682122
0.106174
0.00318578
0.00322018
2.05543
0.00341778
3.69533
0.102092
1.98317
0.014164
2.54205
0.00323871
1.9575
0.235681
3.32803
0.00321843
2.89311
6.55611
0.00409824
2.50119
1.72285
0.0363402
0.00355329
6.20326
2.05649
0.00653832
1.69325
1.71709
2.00695
2.24055
0.872305
0.00336876
0.0357587
4.04115
3.42252
1.8989
0.0032069
1.49747
6.41556
0.00364932
0.0173754
2.88243
0.00335398
7.22514
0.101822
0.00328442
3.74706
2.8013
0.00320511
2.07418
3.18979
4.18515
1.15377
3.78565
1.3494
0.00321657
3.14148
0.346966
5.60113
0.00320225
5.94325
1.44306
0.00344501
4.71773
4.79214
3.26132
0.00322539
0.259693
0.00653713
0.00315654
1.05131
4.53611
4.31853
6.58773
0.230559
0.00382818
0.0209076
0.0237364
7.28184
3.12422
0.00367043
0.12791
0.392914
3.22681
3.28984
6.52035
0.0031578
0.00328812
0.00312558
1.42574
0.00322031
3.1155
0.766444
0.343997
0.253779
0.00731265
4.11774
0.0770945
5.22027
0.00459023
0.00321874
0.010236
0.00603255
0.482907
0.00369825
0.00341294
3.35999
0.00327836
0.00321811
3.05949
1.92195
7.39402
0.00515477
0.00319018
0.0611967
2.47808
0.0530533
1.66805
0.972635
4.65457
3.54747
0.781117
7.38769
0.0610162
0.00325259
0.0912733
0.00360519
1.7739
0.783172
0.0118804
0.0675733
1.18337
0.681351
0.0558428
0.0032891
1.08006
2.14089
0.00321518
0.555552
0.466729
2.14002
0.0806884
0.310341
0.00321501
0.00322144
0.00321621
0.372346
0.0359792
1.73652
0.580103
0.0457045
7.67782
3.07445
0.539206
0.00321532
0.00321802
0.00705976
2.52899
0.203627
4.34925
4.28625
0.00317512
0.683204
0.00350789
0.951364
0.00324713
1.92672
0.0143948
0.00319084
0.00381806
6.92525
2.20067
0.00472774
2.09549
0.283932
4.03224
4.85461
5.26355
0.00695847
3.58481
0.88154
0.00492969
3.97763
0.0428767
7.24056
0.00313451
3.82315
6.40806
0.00919862
2.14102
1.65492
0.385027
6.19253
1.50039
1.61109
3.7744
1.92711
4.08701
0.235403
6.48204
4.7704
4.39397
0.544127
0.0032042
3.10456
0.589108
2.11961
0.0111648
0.206846
0.011025
0.00324355
0.251558
0.00321783
1.40923
1.75472
6.82786
1.64623
1.18628
1.80484
1.39036
5.18801
3.18998
0.00314905
0.558147
0.932643
1.98046
0.850973
1.84271
1.64816
0.00322194
2.93373
2.34651
4.90235
6.44466
0.00410557
7.61675
0.00323412
5.07671
5.40087
3.90089
0.00321807
4.73654
0.00321709
2.65625
3.26393
1.67173
4.78478
1.1931
3.99146
6.39835
0.00318697
0.00396899
1.71773
7.42632
0.0105197
0.0141393
0.00435604
0.00323345
0.00356105
2.87987
3.17795
0.658236
0.00324328
0.0859739
3.94051
0.678065
0.124041
5.53219
0.86677
2.99319
0.106102
0.0780009
0.175746
5.20846
0.00318394
7.64196
0.00321662
2.91726
0.00616714
0.0890255
0.00319203
4.37229
0.00400592
0.00326171
0.00401864
0.00422933
0.00474081
0.0220915
0.00333974
0.977006
0.00861753
3.57435
0.145412
0.00358058
0.00327659
3.86942
0.00331474
3.01015
0.829569
0.0033431
7.35781
3.78341
0.00357363
0.622693
5.40028
0.0351254
0.920052
0.341784
0.222779
7.62381
2.20963
7.16399
1.83726
5.23091
2.83065
0.0155248
0.984797
6.91777
0.609326
0.593788
0.00484455
0.36396
0.528648
0.00548409
7.53436
3.71031
0.400945
0.00321923
0.0032584
0.660296
0.00365584
4.01195
0.0159234
0.0151059
0.987884
0.357602
1.85412
2.5888
5.08348
1.59907
2.12951
0.0049281
0.631422
3.14242
0.0032464
5.14844
0.292628
0.00323028
2.27108
4.36228
1.92351
1.95602
0.00322275
0.740009
0.960818
0.00334306
2.10318
0.00354621
2.26924
0.00343278
1.35485
2.34909
2.19659
0.327768
0.00319062
1.16664
0.0882651
3.43743
0.0376625
3.49416
1.54008
0.543457
0.69576
0.383071
1.95346
5.61767
7.3321
0.00985509
5.33841
2.28828
0.0284794
0.267956
7.3609
4.77101
0.00324743
1.09199
0.00326344
0.0171999
4.30642
7.72838
0.00361982
0.00934808
0.0032551
0.00504918
0.00354042
0.00320437
0.00373513
0.869739
2.95447
2.90055
2.58927
4.70687
4.67017
0.00321985
1.8868
0.62139
3.30127
2.10891
4.41622
0.00322372
0.297397
0.00321905
7.60742
0.446756
0.0488382
0.00327287
0.00372882
0.293135
0.731403
0.546365
0.761084
0.812483
0.00351554
2.75048
0.00323317
6.57659
2.89752
0.00348265
0.0215037
2.40969
0.00317765
0.00610548
7.10827
0.0276557
4.33191
0.00357677
7.61969
0.0031899
0.00535305
0.411856
1.88409
1.34867
2.82154
2.40708
0.00332307
0.349543
3.96255
3.52976
0.117122
0.00321703
0.148232
0.00322015
3.27362
5.12136
0.0880685
3.57381
1.732
2.63309
6.89877
0.0131549
0.0681683
0.00319647
6.25376
0.00322314
0.005366
0.0557129
1.82455
3.75094
0.17605
0.00331862
0.00333538
1.40219
0.00365024
0.00319731
0.00644261
6.66403
2.6494
4.46949
0.938946
0.0181686
2.04935
4.30642
0.00493499
5.96378
0.0146222
0.00317285
0.29986
1.31455
6.63747
1.8233
2.83311
0.0809597
0.00322614
0.00851525
1.68503
2.5911
2.71645
0.00406112
3.98911
1.45955
0.581934
0.00497558
0.00931909
0.0121311
0.00360897
0.00341895
0.276221
7.03079
3.27405
0.00320513
2.19005
0.014254
0.00404885
3.62137
1.14025
0.00320192
0.0936563
7.09739
0.00506396
0.288049
0.0033946
0.00658667
0.599165
6.7951
0.819089
0.0132557
0.00423142
0.131819
0.00316975
0.00319727
0.00330694
0.794257
0.444913
0.00319701
0.00318223
0.156792
5.55645
0.00459507
2.21112
1.83661
1.94064
1.42757
0.019764
2.34629
0.00371666
0.00340517
0.286001
0.0882807
0.0042656
7.54847
0.126088
0.0272033
1.81341
0.00353274
0.00338958
0.718745
3.58004
0.00320851
7.00405
4.94062
1.30192
0.00322449
6.05363
1.22246
2.71355
0.23295
2.53281
2.81533
5.82721
1.13068
5.83565
0.0297356
0.00322958
7.12674
5.42735
5.6247
0.239963
4.48011
2.85318
0.00353456
6.49691
2.65444
5.05113
3.86372
2.65802
0.00494171
0.00673853
7.53542
0.00318973
0.013593
2.94251
3.45409
0.00916024
4.57553
3.64862
1.52247
1.8444
1.79874
2.04281
0.0309698
0.003327
4.38507
0.00360654
2.21729
1.22209
1.90916
7.04988
0.00377699
0.00344759
0.00574436
7.03655
0.00317379
2.45012
0.0185167
0.00319769
5.05483
0.00318441
0.0032914
0.906746
2.68249
0.68756
2.67568
0.00323899
0.579896
0.316785
0.00900352
0.00608148
0.00321539
3.10289
0.389892
6.47812
0.00312293
0.0970879
4.5572
4.41714
0.00774844
0.0032118
0.00321534
4.60803
1.79605
0.0169887
0.151548
0.00574611
0.00318616
1.87841
5.27708
0.480122
0.475472
1.43826
0.120984
0.00793965
0.689105
1.63275
4.97083
6.53553
2.28663
0.00401024
1.50279
1.16008
3.62492
0.0113046
4.31355
0.00322611
0.0032567
5.83783
0.773007
7.70732
0.00364662
7.65366
2.20174
0.0714424
0.00666702
1.89137
6.41875
3.90627
0.00316964
0.00318282
0.00347038
0.0035358
6.11179
0.0881057
0.0032304
0.0868849
5.77304
1.38628
1.49916
6.25657
2.85807
3.00257
7.21588
0.00443547
0.0179728
0.0040016
3.91689
0.157769
1.83757
0.00387092
5.24761
0.090709
0.00315898
0.00535501
0.00412289
2.25034
0.00341541
0.00320934
7.62516
2.26445
2.62485
1.97149
0.004172
3.79106
3.45721
0.00332297
3.47625
0.00335268
0.282903
5.3148
0.0148917
5.76106
0.00317326
0.00324565
1.90521
5.08266
0.374142
2.01973
0.00988885
5.1638
2.50728
1.18974
0.0033366
0.00339441
2.40173
0.00360867
3.4513
0.153071
1.096
0.254305
0.151296
2.24939
0.00358164
0.00343684
4.45337
0.00344407
0.971365
2.48045
0.00324124
0.00320547
0.00321736
2.67261
4.19172
0.00318846
0.0135796
0.112105
3.83236
2.10356
0.00327206
0.00364433
7.66211
3.15485
5.06873
1.03452
0.00376506
0.00375531
5.12509
0.191793
4.9336
3.91286
0.00367164
0.00436648
2.36093
0.262144
0.00431797
6.22079
0.0451215
1.73837
7.71264
7.34945
7.54276
1.8766
0.0032244
0.00324382
4.62393
3.57698
6.70306
0.275172
0.00319032
0.00407777
0.500178
0.00333162
1.30691
4.07471
0.003119
2.76175
0.00322103
0.00325773
0.00323852
6.64447
4.79463
6.07507
0.00706694
0.00347404
1.73763
0.0183799
0.48179
1.9426
4.59667
3.87013
0.0149653
0.00336698
0.00329157
0.0031969
1.37531
6.86392
0.00921607
3.89974
0.876314
0.00323105
0.15531
0.00321623
1.11996
2.14193
6.61176
0.0738923
2.33839
0.00321654
6.15108
0.00616126
0.918076
1.82229
0.00365742
5.95249
0.34936
1.98219
2.77079
0.485731
3.52276
1.97375
4.29226
0.00417041
0.424528
3.91631
0.00399408
1.02538
0.435237
5.20213
4.89057
0.00414475
2.19356
0.00399924
0.373129
0.00588641
0.00317062
4.23244
0.00321854
1.41464
6.62727
0.0032134
0.00483175
3.61392
0.00315693
0.00534348
0.00320941
0.0577997
2.82555
6.34047
0.100582
0.00315603
0.0157134
1.15821
0.6164
0.194972
2.59658
4.13166
0.328182
4.98473
0.0111929
5.95892
0.443174
0.00321993
7.71701
0.0173575
1.75168
0.308934
1.24577
5.10815
0.19037
0.00882628
0.0545473
1.11325
7.12945
0.00331889
1.01186
1.15977
0.0476541
5.6235
2.67415
0.568494
1.26963
0.00333343
0.0452912
0.321953
0.00357227
1.28907
0.00319069
0.0865588
5.53628
2.93733
1.02506
4.76869
0.0444481
0.00321961
1.18232
0.0031266
1.83182
1.97284
6.06564
0.00321186
3.65001
5.15919
2.81583
1.87982
0.00332226
0.277462
0.450644
2.7785
0.540466
0.037971
4.52805
1.02257
0.00321899
1.41835
2.01641
0.00375211
4.00988
0.111888
6.21632
1.31803
0.0447556
0.200141
0.0294303
3.55524
5.3278
0.241169
0.256689
5.00449
1.76288
0.303221
6.35777
0.00333511
5.9165
2.97761
0.081709
0.00342126
3.85861
3.3284
0.330962
6.47749
0.00334098
7.41823
4.05267
0.00324779
0.00321603
0.00607738
2.02274
2.32275
0.00316899
5.55956
5.32131
4.28165
5.16883
0.121571
0.00316073
0.00326818
0.0032211
0.19286
2.35091
0.0054825
0.00326659
0.00361549
3.91596
4.45107
0.00392909
0.0188067
0.0910773
2.02124
4.6595
1.42101
0.913314
1.25198
6.36252
3.89082
0.00805299
1.86712
0.0032039
0.00335617
6.03199
7.00212
0.00370955
1.33515
0.00322856
0.00617397
6.42384
0.00350982
1.77045
0.0159574
3.98728
0.00357101
0.00321851
2.82471
0.00325374
0.514582
4.00094
2.03839
0.88582
3.90976
0.0380033
0.0032765
0.00733169
7.65833
4.9222
1.34566
0.00324545
0.0148268
0.116717
0.0194207
0.525245
0.00376756
1.71129
7.4989
0.00446944
4.80275
0.00325182
4.71222
0.00319981
0.00320671
5.90728
3.90113
6.19076
0.00972814
0.00345362
0.00323807
0.0153048
2.90739
7.51475
0.00361125
0.0158357
4.83939
3.50581
2.36916
0.208584
0.00311707
4.79524
6.96589
0.188072
0.22846
0.478777
0.00347708
6.46621
7.37842
0.471319
7.59956
3.44191
0.0131027
0.00357294
2.88704
0.00322838
7.3383
0.00360718
4.99858
1.46052
0.509507
4.66664
3.70415
3.66419
4.52459
5.67159
0.00312179
1.7518
1.8055
0.0165318
0.00323167
0.456913
7.0646
4.47585
4.18538
6.14801
0.00322835
0.00324379
7.56982
0.396436
3.50081
0.140141
0.715949
0.0372152
0.00323136
0.00327928
0.283631
0.425503
4.36396
7.07309
1.83742
5.17858
2.44833
0.0137525
0.0109653
0.234134
0.407502
4.17718
0.0110013
0.584266
)
;

boundaryField
{
    frontAndBack
    {
        type            empty;
    }
    cylinder
    {
        type            kqRWallFunction;
        value           nonuniform List<scalar> 
244
(
2.68512
2.68497
2.68415
2.68055
2.67379
2.66308
2.64824
2.62956
2.60684
2.58005
2.54922
2.5146
2.47665
2.43596
2.39323
2.34923
2.30472
2.26042
2.21694
2.17482
2.13448
2.09623
2.06031
2.02683
1.99587
1.96745
1.94155
1.9181
1.89704
1.87828
1.86172
1.84727
1.83483
1.82431
1.81561
1.80866
1.80336
1.79964
1.79744
1.79669
1.79735
1.79936
1.8027
1.80733
1.81323
1.82038
1.82882
1.83856
1.84961
1.86202
1.87581
1.89105
1.90778
1.92598
1.9457
1.9668
1.98902
2.0119
2.03498
2.05785
2.08016
2.1016
2.12204
2.14162
2.1603
2.17813
2.19526
2.21193
2.22852
2.24497
2.26052
2.27487
2.28866
2.302
2.31512
2.32831
2.34219
2.35715
2.37349
2.3915
2.41159
2.43339
2.45647
2.48058
2.50533
2.53043
2.55593
2.58195
2.6082
2.63462
2.66126
2.68823
2.71544
2.74287
2.7707
2.79884
2.82729
2.85613
2.88545
2.9152
2.94531
2.97586
3.00697
3.03861
3.07073
3.10345
3.13659
3.17017
3.20432
3.2391
3.27436
3.31016
3.34657
3.38371
3.42134
3.45979
3.499
3.53926
3.58028
3.6224
3.66577
3.71048
3.75652
3.80353
3.85178
3.90129
3.95206
4.00424
4.05775
4.11272
4.16889
4.22622
4.28485
4.3445
4.40506
4.46877
4.54754
4.61942
4.69023
4.76182
4.83421
4.90754
4.98182
5.05709
5.13323
5.21017
5.28772
5.36566
5.44386
5.52213
5.60028
5.67799
5.75516
5.83148
5.90654
5.98015
6.05194
6.12137
6.18798
6.25122
6.30715
6.34815
6.37615
6.39189
6.3953
6.38571
6.36208
6.32298
6.26651
6.19035
6.09175
5.96754
5.8139
5.62635
5.39983
5.12751
4.79608
4.23959
3.98147
3.84804
3.79447
3.7697
3.71994
3.62788
3.52502
3.41338
3.29414
3.17288
3.05289
2.93685
2.82822
2.73011
2.64458
2.57255
2.51403
2.46815
2.43347
2.40824
2.39068
2.37906
2.37206
2.36863
2.36786
2.36915
2.37204
2.37625
2.3816
2.38801
2.39538
2.40368
2.41286
2.42291
2.4338
2.44544
2.45779
2.47074
2.48414
2.49786
2.51171
2.52547
2.5389
2.55181
2.56398
2.57516
2.58518
2.59391
2.60131
2.60737
2.61225
2.61614
2.61931
2.62206
2.62482
2.62788
2.63149
2.63579
2.64091
2.64672
2.65306
2.65962
2.66626
2.67256
2.67801
2.68225
)
;
    }
    domain_boundary
    {
        type            freestream;
        freestreamValue uniform 0.00325;
        value           nonuniform List<scalar> 
64
(
0.0031914
0.00315415
0.00319626
0.00325
0.00325
0.0113976
0.00439948
0.00306936
0.00325
0.212327
0.00910444
0.00325
0.00325
0.00325
0.00309261
0.422272
0.00309231
0.00325
0.00325
0.00325
0.00325
0.00325
0.00325
0.00325
0.423066
0.00320965
0.00325
0.00332289
0.00350738
0.00325
0.00311382
0.00316699
0.00317379
0.00325
0.0283107
0.00325
0.00317552
0.0030785
0.00325
0.00325
0.00325
0.00318026
0.00322328
0.00325
0.00325
0.00313774
0.00318609
0.00306536
0.134434
0.00325
0.00325
0.00325
0.00325
0.00325
0.00325
0.00325
0.00369655
0.00325
0.0537474
0.00322168
0.00319225
0.00316796
0.00325
0.00325
)
;
    }
}


// ************************************************************************* //
