/*--------------------------------*- C++ -*----------------------------------*\
| =========                 |                                                 |
| \\      /  F ield         | OpenFOAM: The Open Source CFD Toolbox           |
|  \\    /   O peration     | Version:  2.3.1                                 |
|   \\  /    A nd           | Web:      www.OpenFOAM.org                      |
|    \\/     M anipulation  |                                                 |
\*---------------------------------------------------------------------------*/
FoamFile
{
    version     2.0;
    format      ascii;
    class       volScalarField;
    location    "0.9";
    object      epsilon;
}
// * * * * * * * * * * * * * * * * * * * * * * * * * * * * * * * * * * * * * //

dimensions      [0 2 -3 0 0 0 0];

internalField   nonuniform List<scalar> 
9648
(
2388.36
2392.44
2391.16
2386.22
2377.07
2362.98
2343.54
2318.96
2289.14
2254.2
2214.33
2169.68
2121.11
2069.57
2015.89
1960.97
1905.92
1851.72
1799.05
1748.43
1700.37
1655.19
1613.04
1574.08
1538.34
1505.73
1476.15
1449.5
1425.69
1404.55
1385.96
1369.78
1355.88
1344.11
1334.4
1326.6
1320.6
1316.32
1313.73
1312.74
1313.25
1315.24
1318.67
1323.48
1329.71
1337.39
1346.49
1356.96
1368.91
1382.46
1397.62
1414.34
1432.86
1453.17
1475.24
1498.93
1524.06
1550.29
1576.89
1603.23
1628.87
586.397
578.646
569.908
560.236
551.663
546.245
544.588
545.417
548.043
552.706
559.128
566.621
574.747
583.117
591.385
599.177
606.312
612.756
618.502
623.486
627.815
631.555
634.76
637.552
640.065
642.361
644.499
646.559
648.626
650.754
652.967
655.327
657.876
660.613
663.575
666.791
670.252
673.96
677.931
682.194
686.742
691.56
696.658
702.049
707.713
713.683
719.954
726.494
733.288
740.337
747.589
755.021
762.58
770.305
778.054
785.808
793.413
800.98
808.362
815.478
822.28
232.328
234.236
237.485
243.111
251.123
261.068
273.133
286.877
302.156
318.594
335.958
353.781
371.708
389.39
406.524
422.866
438.24
452.552
465.742
477.792
488.728
498.586
507.443
515.386
522.51
528.905
534.654
539.851
544.569
548.885
552.864
556.566
560.042
563.336
566.49
569.532
572.495
575.395
578.253
581.087
583.913
586.748
589.592
592.455
595.34
598.241
601.157
604.067
606.969
609.84
612.673
615.468
618.183
620.874
623.422
625.931
628.299
630.666
632.866
634.942
636.885
131.44
140.112
150.189
161.955
175.455
190.614
207.394
225.577
244.909
265.025
285.587
306.201
326.53
346.255
365.121
382.911
399.485
414.76
428.693
441.289
452.572
462.59
471.423
479.16
485.908
491.767
496.837
501.214
504.98
508.223
511.017
513.43
515.53
517.363
518.977
520.413
521.707
522.883
523.966
524.978
525.939
526.868
527.778
528.678
529.573
530.466
531.356
532.24
533.118
533.983
534.816
535.644
536.439
537.214
537.917
538.611
539.29
539.946
540.558
541.132
541.708
97.502
109.368
122.737
137.682
154.216
172.293
191.78
212.44
233.967
255.97
278.073
299.885
321.081
341.37
360.529
378.358
394.753
409.655
423.048
434.965
445.445
454.543
462.355
468.975
474.529
479.134
482.897
485.925
488.299
490.114
491.453
492.388
492.995
493.328
493.428
493.344
493.117
492.77
492.332
491.825
491.265
490.679
490.083
489.492
488.908
488.337
487.786
487.25
486.726
486.217
485.707
485.199
484.7
484.203
483.701
483.197
482.718
482.239
481.745
481.246
480.751
84.5588
98.5739
114.251
131.554
150.395
170.675
192.185
214.637
237.672
260.863
283.823
306.145
327.541
347.733
366.564
383.824
399.436
413.396
425.693
436.417
445.623
453.354
459.747
464.878
468.915
471.99
474.213
475.713
476.551
476.835
476.661
476.088
475.214
474.095
472.756
471.261
469.661
467.961
466.201
464.399
462.565
460.733
458.922
457.151
455.413
453.717
452.068
450.477
448.932
447.42
445.942
444.484
443.052
441.642
440.247
438.896
437.583
436.284
434.983
433.69
432.392
80.2656
96.0991
113.751
133.076
153.853
175.936
199.032
222.809
246.896
270.774
294.112
316.44
337.556
357.179
375.296
391.59
406.04
418.721
429.589
438.832
446.524
452.65
457.446
460.91
463.29
464.737
465.343
465.291
464.581
463.342
461.701
459.671
457.401
454.933
452.256
449.465
446.64
443.733
440.818
437.901
434.97
432.086
429.262
426.523
423.836
421.223
418.69
416.236
413.864
411.555
409.296
407.076
404.912
402.756
400.635
398.571
396.562
394.609
392.656
390.684
388.739
80.0551
97.5373
116.979
138.107
160.533
184.062
208.385
233.135
257.914
282.093
305.445
327.343
347.79
366.43
383.579
398.638
411.665
422.884
432.066
439.619
445.664
450.001
453.152
454.812
455.447
455.215
454.16
452.588
450.328
447.588
444.555
441.118
437.536
433.807
429.872
425.878
421.918
417.85
413.868
409.929
405.981
402.113
398.388
394.782
391.237
387.828
384.496
381.294
378.184
375.173
372.231
369.349
366.525
363.694
360.92
358.246
355.603
353.082
350.527
347.935
345.44
81.762
100.559
121.589
144.113
168.023
192.618
217.743
243.332
268.359
292.696
315.707
337.073
356.474
373.84
389.799
403.518
415.041
424.648
432.346
438.216
442.377
444.877
446.135
446.165
445.109
443.056
440.448
437.407
433.51
429.326
424.838
420.152
415.529
410.555
405.259
400.246
395.069
389.831
384.884
379.809
374.752
369.665
365.21
360.768
356.319
352.312
348.068
344.23
340.229
336.507
332.686
329.195
325.796
322.248
318.811
315.686
312.311
309.501
306.31
302.997
300.06
1653.88
1678.09
1701.18
1723.13
1744.11
1764.56
1784.58
1804.48
1824.25
1843.04
1860.52
1877.25
1893.5
1909.65
1925.93
1943.04
1961.54
1981.95
2004.59
2029.84
2057.35
2086.6
2117.22
2148.84
2181.15
2214.09
2247.85
2282.06
2316.71
2351.82
2387.57
2423.83
2460.62
2498.09
2536.24
2574.99
2614.44
2654.72
2695.9
2737.83
2780.52
2824.24
2868.96
2914.5
2961.21
3008.94
3057.56
3107.12
3157.84
3209.75
3262.77
3316.78
3372.34
3429.04
3487.24
3546.74
3608.27
3671.81
3737.37
3804.84
3874.36
828.736
835.267
841.624
847.723
853.588
859.346
865.147
870.832
876.627
882.17
887.674
893.074
898.486
903.932
909.405
914.95
920.581
926.34
932.213
938.169
944.167
950.148
956.095
961.988
967.816
973.558
979.143
984.542
989.751
994.795
999.688
1004.41
1008.97
1013.4
1017.68
1021.83
1025.86
1029.77
1033.56
1037.23
1040.79
1044.26
1047.62
1050.87
1054.04
1057.09
1060.03
1062.84
1065.55
1068.16
1070.65
1073.03
1075.29
1077.59
1079.69
1081.87
1084
1086.33
1088.53
1090.77
1093.13
638.795
640.62
642.496
644.34
646.155
647.87
649.667
651.37
653.064
654.612
656.111
657.558
659.025
660.463
661.875
663.249
664.578
665.861
667.084
668.237
669.303
670.285
671.17
671.956
672.636
673.208
673.664
674.004
674.216
674.309
674.27
674.105
673.817
673.402
672.874
672.229
671.471
670.596
669.605
668.496
667.275
665.945
664.514
662.966
661.312
659.541
657.64
655.602
653.433
651.136
648.682
646.122
643.414
640.592
637.57
634.46
631.255
627.969
624.588
621.147
617.71
542.258
542.81
543.333
543.844
544.325
544.777
545.198
545.602
545.949
546.198
546.387
546.537
546.628
546.638
546.597
546.491
546.322
546.081
545.762
545.356
544.864
544.286
543.624
542.875
542.031
541.087
540.043
538.899
537.652
536.304
534.854
533.294
531.625
529.854
527.989
526.028
523.971
521.818
519.563
517.208
514.76
512.232
509.625
506.947
504.199
501.377
498.462
495.451
492.338
489.142
485.834
482.422
478.921
475.315
471.575
467.712
463.771
459.737
455.64
451.516
447.392
480.262
479.752
479.221
478.664
478.083
477.446
476.756
476.067
475.376
474.638
473.871
473.064
472.2
471.284
470.31
469.273
468.206
467.069
465.863
464.583
463.232
461.819
460.347
458.819
457.227
455.565
453.829
452.018
450.139
448.19
446.166
444.057
441.863
439.587
437.242
434.827
432.34
429.773
427.12
424.383
421.576
418.704
415.785
412.831
409.851
406.844
403.775
400.669
397.49
394.26
390.957
387.571
384.123
380.597
376.972
373.24
369.422
365.511
361.571
357.61
353.645
431.111
429.826
428.539
427.212
425.867
424.493
423.083
421.659
420.199
418.72
417.207
415.676
414.111
412.499
410.847
409.163
407.456
405.689
403.856
401.961
400.009
398.014
395.988
393.94
391.852
389.715
387.529
385.293
383.023
380.721
378.382
375.981
373.519
370.991
368.421
365.808
363.135
360.404
357.594
354.709
351.76
348.755
345.72
342.682
339.658
336.661
333.632
330.609
327.552
324.503
321.41
318.251
315.064
311.806
308.494
305.053
301.542
297.952
294.368
290.738
287.127
386.817
384.913
383.008
381.097
379.156
377.177
375.173
373.172
371.14
369.064
366.98
364.895
362.781
360.646
358.468
356.279
354.095
351.863
349.566
347.196
344.771
342.326
339.868
337.427
334.975
332.483
329.959
327.394
324.836
322.29
319.777
317.223
314.651
312.025
309.398
306.747
304.031
301.276
298.453
295.558
292.595
289.559
286.497
283.444
280.426
277.507
274.564
271.699
268.821
266.045
263.27
260.411
257.558
254.644
251.718
248.611
245.486
242.25
239.101
235.88
232.706
342.952
340.529
338.104
335.729
333.336
330.965
328.526
326.164
323.777
321.282
318.797
316.359
313.881
311.382
308.805
306.258
303.791
301.287
298.718
296.006
293.214
290.441
287.65
284.9
282.21
279.482
276.72
273.863
271.027
268.267
265.674
263.061
260.521
257.948
255.45
252.966
250.344
247.651
244.941
242.216
239.38
236.412
233.413
230.405
227.412
224.635
221.772
219.088
216.391
213.969
211.612
209.102
206.641
204.114
201.64
198.874
196.169
193.292
190.651
187.89
185.226
296.898
293.977
290.904
288.172
285.288
282.834
280.054
277.694
275.312
272.71
270.1
267.749
265.162
262.606
259.761
256.882
254.348
251.916
249.493
246.817
243.718
240.834
237.873
234.868
232.039
229.259
226.578
223.567
220.335
217.293
214.639
211.972
209.527
207.135
205.09
203.114
200.813
198.216
195.701
193.378
190.983
188.209
185.349
182.53
179.61
177.073
174.196
171.694
169.069
167.129
165.3
163.141
161.167
159.105
157.198
154.728
152.48
149.895
147.818
145.555
143.514
3947
4022.26
4099.51
4178.8
4260.54
4345.67
4433.61
4524.31
4617.49
4713.35
4812.35
4913.36
5016.72
5126.53
5264.54
5389.43
5514.15
5641.45
5771.25
5903.49
6038.5
6176.34
6316.57
6459.42
6604.67
6751.61
6899.94
7049.42
7199.85
7350.36
7500.87
7650.76
7799.17
7945.5
8089.23
8228.97
8363.57
8491.76
8605.56
8689.38
8746.45
8778.38
8784.97
8764.43
8715.15
8634.65
8518.86
8363.1
8163
7913.89
7609.43
7242.7
6808.37
6298.52
5690.34
4732.23
4308.85
4096.46
4012.59
3973.07
3892.26
1095.74
1098.44
1101.34
1104.3
1107.36
1110.65
1114.48
1118.71
1123.41
1128.4
1133.88
1137.15
1138.52
1141.48
1145.03
1150.05
1155.17
1160.23
1165.43
1170.88
1176.6
1182.62
1188.9
1195.45
1202.26
1209.29
1216.58
1224.16
1232.06
1240.35
1249.05
1258.23
1268.02
1278.52
1289.85
1302.23
1315.84
1331.06
1349
1378.15
1413.41
1451.74
1493.22
1538
1586.77
1639.87
1697.38
1759.58
1826.75
1898.45
1973.8
2051.2
2129
2206.26
2275.63
2340.79
2398.93
2484.95
2589.07
2698.18
2657.94
614.248
610.788
607.292
603.776
600.204
596.656
593.217
589.93
586.705
583.442
579.689
574.031
568.129
563.029
558.437
554.473
550.587
546.595
542.543
538.483
534.455
530.456
526.48
522.526
518.59
514.667
510.768
506.895
503.067
499.282
495.561
491.925
488.385
484.986
481.756
478.745
475.997
473.586
471.641
470.677
470.879
475.254
483.441
494.922
510.155
529.792
554.554
585.469
623.542
669.862
725.451
791.102
867.998
956.49
1056.44
1164.59
1271.63
1388.47
1531.65
1717.47
1907.04
443.268
439.154
435.037
430.904
426.724
422.542
418.408
414.37
410.304
406.136
401.148
395.156
389.373
384.117
379.252
374.74
370.331
365.934
361.531
357.151
352.795
348.446
344.111
339.795
335.493
331.214
326.96
322.731
318.529
314.357
310.217
306.114
302.062
298.069
294.149
290.32
286.602
283.014
279.581
276.368
273.456
271.147
270.119
270.813
273.093
277.302
283.897
293.531
307.043
325.458
350.187
382.562
424.255
476.409
539.716
612.223
689.653
773.364
871.618
998.191
1157.04
349.697
345.81
341.94
338.048
334.087
330.126
326.179
322.311
318.409
314.389
309.58
304.285
299.277
294.664
290.302
286.176
282.148
278.207
274.318
270.491
266.702
262.902
259.122
255.369
251.63
247.92
244.237
240.583
236.948
233.336
229.746
226.186
222.661
219.181
215.755
212.396
209.113
205.919
202.823
199.843
197.005
194.373
192.079
190.473
189.678
189.708
190.786
193.213
197.42
203.945
213.58
227.332
246.4
272.055
305.334
346.385
393.792
447.03
508.31
583.165
677.984
283.512
280.016
276.547
273.076
269.465
265.859
262.241
258.738
255.203
251.599
247.292
242.797
238.573
234.691
230.948
227.369
223.849
220.475
217.186
213.994
210.851
207.667
204.519
201.414
198.319
195.263
192.224
189.217
186.213
183.225
180.246
177.294
174.371
171.491
168.659
165.886
163.179
160.547
157.994
155.531
153.17
150.935
148.866
147.05
145.731
144.811
144.411
144.652
145.741
147.952
151.656
157.374
165.78
177.643
193.845
214.961
241.121
272.386
309.358
353.673
408.434
229.446
226.379
223.352
220.373
217.137
213.931
210.661
207.591
204.5
201.434
197.689
193.954
190.437
187.282
184.146
181.151
178.141
175.351
172.649
170.065
167.532
164.9
162.349
159.885
157.41
154.985
152.552
150.159
147.737
145.328
142.906
140.525
138.167
135.865
133.601
131.4
129.253
127.18
125.174
123.252
121.416
119.688
118.078
116.618
115.372
114.49
113.883
113.616
113.792
114.545
116.062
118.596
122.466
128.103
135.981
146.593
160.358
177.599
198.78
224.68
256.577
182.306
179.666
177.107
174.697
171.854
169.083
166.153
163.575
160.977
158.531
155.325
152.269
149.359
146.901
144.309
141.903
139.36
137.146
134.991
132.94
130.953
128.771
126.753
124.932
123.032
121.175
119.256
117.423
115.491
113.579
111.618
109.75
107.896
106.134
104.384
102.709
101.06
99.4906
97.9803
96.5667
95.2262
93.996
92.877
91.8643
90.9892
90.3513
89.9188
89.6796
89.7
90.0523
90.8364
92.1741
94.2352
97.2162
101.366
106.97
114.325
123.765
135.66
150.509
168.973
140.899
138.621
136.551
134.797
132.343
130.033
127.392
125.398
123.332
121.542
118.819
116.349
113.897
112.115
109.953
108.15
105.977
104.351
102.678
101.012
99.485
97.6044
96.0675
94.9862
93.5636
92.1188
90.5634
89.2498
87.6484
86.1187
84.455
83.08
81.6466
80.3939
79.0562
77.8364
76.5314
75.3662
74.2696
73.3045
72.4106
71.62
70.9483
70.3604
69.81
69.3701
69.1098
68.965
69.0447
69.2753
69.8949
70.8205
72.2558
74.1662
76.7641
80.0821
84.4127
89.8492
96.7849
105.481
116.292
3747.88
3589.32
3419.28
3240.56
3062.27
2889.78
2726.45
2576.62
2443.98
2330.55
2236.73
2161.47
2103.16
2059.62
2028.17
2006.29
1991.83
1983.22
1979.04
1978.09
1979.69
1983.28
1988.44
1995.04
2003.05
2012.25
2022.6
2034.04
2046.66
2060.33
2075.01
2090.63
2107.08
2124.13
2141.66
2159.4
2177.03
2194.28
2210.96
2226.77
2241.3
2254.36
2265.82
2275.51
2283.54
2290.19
2295.58
2299.92
2303.72
2307.67
2312.04
2316.97
2322.91
2329.99
2337.92
2346.42
2355.26
2364.47
2373.12
2380.3
2385.41
2466.76
2262.82
2063.29
1871.95
1704.3
1549.52
1406.58
1276.27
1158.8
1055
964.995
888.262
823.884
770.247
726.994
693.295
667.477
647.627
632.217
620.151
610.675
603.197
597.348
592.879
589.692
587.446
586.344
586.133
586.876
588.535
591.122
594.614
598.999
604.237
610.268
617.021
624.38
632.215
640.346
648.569
656.609
664.131
670.746
676.034
679.617
681.147
680.343
677.125
671.658
664.346
655.751
646.579
637.609
629.487
622.426
616.668
611.916
607.907
603.829
599.133
593.256
1994.98
1983.3
1883
1709.4
1530.09
1356.23
1187.11
1033.8
896.808
775.516
670.862
582.347
508.797
448.914
401.658
365.329
337.478
315.43
297.97
284.264
273.493
264.976
258.187
252.746
248.339
244.862
242.01
239.838
238.226
237.15
236.581
236.514
236.931
237.796
239.081
240.745
242.743
245.029
247.546
250.21
252.923
255.578
258.044
260.152
261.746
262.632
262.632
261.592
259.44
256.17
251.915
247.003
241.865
237.017
232.847
229.797
227.996
227.431
227.846
228.976
230.569
1322.73
1470.3
1568.47
1586.76
1518.94
1394.6
1226.87
1056.86
899.797
754.925
628.711
522.97
435.704
365.71
310.763
268.06
234.889
208.713
188.133
172.132
159.766
150.252
142.937
137.27
132.822
129.291
126.45
124.178
122.374
120.967
119.92
119.206
118.797
118.657
118.747
119.031
119.471
120.029
120.661
121.32
121.95
122.5
122.908
123.115
123.065
122.705
121.992
120.9
119.428
117.59
115.438
113.107
110.805
108.805
107.41
106.986
107.812
109.982
113.439
118.084
123.995
793.998
928.916
1071.98
1199.77
1282.31
1301.98
1253.51
1149.13
1013.33
859.168
712.03
585.51
476.628
387.617
316.999
261.107
217.285
183.001
156.233
135.554
119.746
107.833
98.9315
92.2571
87.189
83.2792
80.2274
77.8325
75.9535
74.4806
73.3508
72.5276
71.9726
71.6411
71.4915
71.4853
71.5859
71.7561
71.9593
72.1547
72.2991
72.3513
72.2718
72.0231
71.5729
70.8977
69.9904
68.857
67.5094
65.9849
64.3463
62.7006
61.2224
60.1374
59.7403
60.3171
62.244
65.7948
71.0909
78.2473
87.0666
476.683
561.548
664.061
780.387
898.47
1000.69
1066.88
1081.48
1042.03
956.145
840.514
714.312
586.706
474.918
383.435
307.838
247.918
200.534
162.837
133.704
111.696
95.4471
83.6143
74.9739
68.5763
63.7583
60.0938
57.2925
55.1484
53.496
52.2394
51.3242
50.698
50.3051
50.0966
50.031
50.0686
50.1742
50.3123
50.4456
50.5351
50.5474
50.4475
50.2065
49.7954
49.1983
48.4112
47.4451
46.3102
45.0381
43.6811
42.331
41.1315
40.2872
40.0903
40.9031
43.1834
47.3
53.5091
61.8793
72.2707
296.19
345.751
407.592
483.221
571.751
668.582
763.863
843.53
893.199
902.218
868.172
798.142
704.008
599.709
497.157
400.08
319.822
254.282
199.593
156.81
124.351
100.698
83.8537
71.8048
63.06
56.59
51.7657
48.159
45.4647
43.4227
41.887
40.7713
40.0046
39.5114
39.2312
39.1137
39.115
39.1979
39.3262
39.4639
39.5733
39.6268
39.5901
39.4391
39.1418
38.6897
38.0758
37.3139
36.4055
35.3825
34.2848
33.1925
32.2293
31.5724
31.4966
32.4036
34.7515
39.0435
45.694
54.8624
66.4551
192.013
220.843
257.022
302.168
357.607
423.586
498.417
577.185
652.026
712.245
747.315
750.763
722.541
666.908
592.558
507.72
422.429
341.97
265.981
204.729
156.239
121.001
96.3657
78.9502
66.3969
57.172
50.3662
45.3845
41.7563
39.0436
37.0231
35.5525
34.534
33.8588
33.4477
33.2355
33.1692
33.2067
33.3095
33.4404
33.5607
33.6494
33.671
33.605
33.4134
33.0949
32.6365
32.057
31.349
30.5448
29.6762
28.817
28.0749
27.6073
27.6718
28.6615
31.0565
35.4529
42.4159
52.239
64.8787
129.891
146.793
167.948
194.62
227.865
268.716
317.566
373.932
435.381
497.921
553.744
596.793
620.635
622.411
600.41
556.755
497.348
426.334
352.782
277.791
207.997
157.35
122.064
96.9033
78.3519
64.6919
54.6349
47.4161
42.2704
38.4552
35.6508
33.5977
32.167
31.1946
30.5687
30.1971
30.0125
29.9627
30.0059
30.0966
30.2
30.299
30.3569
30.3526
30.2454
30.0348
29.7091
29.2827
28.7473
28.1287
27.4616
26.8123
26.2856
26.0205
26.2561
27.3712
29.8628
34.3797
41.5921
51.9434
65.3949
1.53003
211.749
189.267
2.36834
2.21716
0.202706
0.000719931
89.6591
0.000796362
0.01465
94.4822
6.95234
0.000720835
246.024
0.165943
136.028
0.000757394
91.2583
118.961
0.000716229
2.37421
235.096
201.097
0.000767009
0.000781098
0.210503
0.000717341
7.80166
0.000753164
0.000819772
6.59653
0.000743002
0.00875702
64.1004
3.94071
112.771
72.3419
15.8679
0.000723262
44.5891
64.8927
28.3126
0.000743321
103.544
172.72
0.712893
0.000869156
0.00865258
1.32064
7.15612
364.555
354.564
0.000698518
0.00102943
0.0638875
0.035805
0.000816877
8.94339
59.1831
282.3
138.173
0.000905854
1.55925
0.0249529
200.052
2.38489
38.8698
62.5793
0.00113195
0.000747678
9.73534
41.4888
55.581
0.0376673
0.0512294
79.8024
228.2
56.3808
0.000700228
5.41439
0.00234133
47.4328
0.0127705
111.818
0.000749937
8.65039
0.000791062
36.8685
0.0111961
0.00136733
0.230885
0.000698542
0.000933799
305.96
142.992
0.000867261
1.57237
1.89428
0.0018463
206.48
1.01832
31.6301
5.96784
0.000696952
0.000725952
0.000694305
1.42258
0.209296
0.000748033
173.701
221.844
0.00480845
235.129
26.7081
112.295
53.9914
28.3791
0.000977484
0.110346
0.00110553
0.00162358
189.042
0.00308138
286.659
411.515
28.1393
0.00074603
7.1793
7.00419
0.000743939
0.0298688
0.0268217
90.7759
0.00187035
63.3798
0.000748855
0.000723802
393.685
348.657
0.000748821
0.775252
149.13
0.230302
0.901388
26.7762
120.085
0.306175
27.7678
0.00525404
275.58
11.0556
0.0383731
49.8139
109.405
188.227
0.00076603
0.000757194
0.511683
0.000695874
41.5756
0.115194
0.00144826
0.000740432
0.000747495
0.000758571
41.0113
69.0099
34.0983
0.000768721
285.061
299.63
406.081
166.255
0.00690583
159.758
43.9688
28.337
0.000750052
0.00169595
192.43
68.3997
29.1246
72.1936
0.000745362
0.000842009
239.589
0.0295257
2.46881
0.000757825
0.000867221
0.17265
0.000797825
330.131
4.0456
0.000691487
0.678373
89.5248
141.762
0.00119744
53.0483
0.000746631
0.000750206
109.355
33.3741
300.498
0.00121443
0.000800625
0.00286721
42.2962
77.3949
9.94932
122.312
14.2882
231.238
0.802498
87.6234
82.8956
26.8342
10.6599
39.2725
0.00144215
0.0292954
0.000747674
0.000726468
28.4729
0.0100084
0.0117338
0.00197883
0.00626875
47.8154
197.291
0.0111059
170.028
7.52576
2.91798
0.000732462
0.531019
39.1528
7.30888
0.0010631
13.2491
35.1405
0.846041
2.46005
270.308
7.55783
4.93116
123.455
0.000955046
0.00072412
0.00102666
0.00427829
28.9047
0.000784567
0.00249331
0.000723656
1.75958
76.8971
76.5747
49.322
12.0418
11.4031
323.705
0.0011398
48.3729
99.034
0.000743915
83.6932
0.000749608
331.995
1.75927
52.6899
0.00154715
0.000748501
20.3296
7.62952
0.000759626
0.000750557
0.000755353
0.000751493
1.17648
35.5138
45.4696
0.0109725
0.000760435
0.00072442
0.000696048
105.921
1.18023
0.00119034
19.2916
0.116143
0.09785
0.000692321
0.782944
0.000760156
0.110987
47.1309
270.114
3.20032
0.000978126
0.00184872
57.1316
0.353562
129.289
321.219
0.000838063
0.00073992
0.000733982
157.37
0.000773565
136.722
0.000749848
24.3681
12.3722
0.0241519
140.679
241.331
0.00127181
50.1923
50.6364
89.0175
91.3558
9.67274
346.261
38.6781
72.3281
142.295
95.8488
55.7874
0.338259
335.847
279.06
62.9671
33.5573
0.00100261
269.08
126.243
229.906
0.0187785
0.000867328
0.000745774
0.00081159
0.684582
1.55244
6.55099
0.124554
0.000726318
170.128
0.000746386
26.7326
23.982
191.924
43.071
19.0428
0.00192919
0.00110639
0.47757
85.4923
0.00437215
7.96247
258.799
36.0939
85.2595
193.564
61.3026
0.000821338
281.906
141.985
96.6844
0.000750474
192.492
151.837
0.000781425
30.5318
0.000751606
390.626
173.353
28.1622
82.7399
114.512
149.1
0.000764706
148.337
0.000964758
68.7624
82.4332
28.3627
278.229
3.62356
0.490438
2.55786
0.00110026
441.801
1.50522
0.00290177
0.00182501
253.58
0.000953186
93.9751
0.000737601
0.000750005
0.00183603
31.8496
0.19289
22.1674
0.00197859
84.7213
0.307068
217.713
279.639
38.9989
335.687
0.000793912
278.262
42.8544
0.000742258
79.7923
26.1583
0.000696659
0.000727442
116.525
0.00206021
27.2681
0.473819
76.0607
0.017655
3.49053
40.2209
122.024
33.4694
84.5101
69.8259
0.00100234
0.0346439
28.8982
21.4499
329.709
337.627
141.057
0.0844903
123.649
122.546
3.40549
90.9052
46.3103
26.4646
0.000822747
85.5532
380.919
0.00107576
90.7838
19.1586
46.9254
0.0153104
0.089199
267.899
0.00193153
325.728
0.00124667
1.80203
0.000738027
7.81221
167.288
0.55408
0.00132121
0.000902832
75.464
26.9386
0.366527
5.5847
292.668
545.67
0.00139434
11.6664
27.3951
72.1129
26.2781
450.843
28.8844
155.732
52.6195
3.47414
7.16902
301.094
53.9817
352.344
171.58
0.238811
174.012
60.0981
0.000792034
91.3057
29.0744
13.0949
0.00975521
97.6181
44.5554
4.18241
52.9408
0.0015915
0.000747177
0.154075
28.3019
107.681
73.4954
0.000750212
0.0007313
0.00074386
28.4383
0.0278274
0.000745733
0.246393
96.2983
270.853
0.00440561
0.0045332
0.000721519
0.000738739
0.00194069
29.823
100.895
21.025
1.8776
295.484
377.918
0.00150966
63.0034
27.9949
28.5472
76.9454
433.731
0.000821803
0.00446784
0.00075089
397.704
0.78072
0.000726902
10.4705
0.352067
300.827
0.000759334
321.885
8.79041
0.0663137
201.008
0.000748078
0.000736432
0.00102744
401.153
53.8006
130.236
314.172
10.9784
28.7147
0.000708819
0.00184602
0.479568
0.015275
0.0163258
178.409
41.106
0.000747845
25.2375
45.3855
183.672
403.517
0.00294572
406.987
0.00182768
0.0217695
148.84
0.000739245
147.185
0.000759584
0.000791536
0.0212886
34.3847
2.90848
324.723
61.4968
0.000886274
28.6406
503.596
0.209189
2.29526
7.36046
0.000774727
0.000759608
0.00230636
136.856
5.42623
0.000783598
268.639
277.65
215.206
0.110271
60.2205
0.00109012
30.5064
0.541948
0.130951
123.556
29.8436
150.197
173.698
0.000761064
0.000711612
0.0049538
73.091
102.782
5.88731
0.00658517
0.000772709
0.00074991
0.00344493
0.128775
0.00211413
73.0982
21.5072
0.00497746
26.4341
171.806
0.000760518
38.2778
0.000742601
3.29535
0.000762491
0.0132091
38.2248
0.0116334
0.000744595
4.03199
360.598
261.078
0.000731069
0.00074849
1.55407
0.138981
0.00074774
99.3633
0.000905296
32.0719
374.086
29.995
86.7789
296.927
132.562
334.63
0.000747584
0.00249948
0.0112205
293.492
59.8986
199.119
5.43401
4.42392
100.483
167.506
126.192
4.9041
46.45
0.000750542
1.53597
40.0554
33.426
312.498
26.4295
1.16103
41.5066
0.204251
0.00984398
40.2436
0.000750991
176.504
0.000887392
2.69362
291.719
184.677
3.04934
0.00250895
7.1669
0.000768721
0.000736236
0.198765
0.0134905
51.3015
0.00877033
28.8729
0.000750521
0.0190272
0.000725472
96.2992
0.00181828
86.4987
302.664
0.0142995
168.079
369.844
0.000756985
98.5936
222.683
0.000785672
286.186
0.279841
0.00082529
0.000791608
279.6
0.000731617
0.00111886
0.12204
0.215478
426.261
269.012
0.000751497
0.00075461
9.11872
28.2211
0.00709683
2.31976
22.2285
0.000747671
0.000953825
0.00091273
168.764
270.072
3.42979
294.128
0.0171584
26.6508
0.000772228
0.0071782
0.0160142
0.0432338
0.000749665
295.95
0.00074193
0.0160553
0.000771767
1.32429
0.0147988
0.0393061
2.50102
5.15155
35.0127
2.15798
9.34015
28.0084
189.368
0.000816254
165.696
324.35
12.8641
76.6099
0.000761771
268.29
79.0572
0.000745631
405.778
66.4718
0.00619057
0.0242188
162.781
162.731
0.221133
314.242
404.032
4.37546
426.113
262.176
129.904
50.8519
21.1145
28.0737
263.287
288.862
0.0142655
307.063
41.0712
407.423
0.000813382
1.59319
2.75165
224.987
164.429
0.0118228
445.916
196.088
6.98293
0.0556055
2.73194
28.204
0.00154697
28.3427
434.98
0.0292915
221.422
14.2239
94.1559
188.944
0.000746045
0.00167834
7.36311
5.36427
0.0133304
0.000748302
0.818818
1.79965
0.00120817
0.000758695
267.891
7.09099
52.7206
10.7872
0.00314555
0.00107542
0.414606
87.8599
0.000823864
22.1108
29.8362
1.83567
164.548
0.00100495
0.392379
0.000740601
1.79732
88.1671
0.0016249
0.184618
41.0213
166.912
0.501303
96.6781
5.11426
0.896895
0.000987504
33.5887
329.579
0.000744065
0.000755862
147.903
0.0157795
0.000758245
73.3958
2.09537
164.66
29.7004
37.8705
0.31358
17.166
204.809
162.211
241.734
0.000763209
273.566
0.000969403
38.2311
0.00079713
0.0014675
45.2095
0.00209504
256.755
0.0121789
0.0322839
45.2192
7.67706
0.574188
0.000897117
184.733
0.000886671
0.00071925
342.11
160.946
41.2298
28.7426
0.000813715
0.000683478
19.1259
148.5
0.000732449
217.96
37.0395
0.000752877
170.462
0.000702657
3.35259
6.40031
10.6343
1.53333
75.898
21.1689
0.000700888
268.331
325.49
0.000744495
0.0134336
28.9916
0.000708993
238.361
162.594
405.157
0.000745531
0.000727853
198.844
0.0991975
0.000836772
31.6272
80.2733
250.45
0.000720911
0.000793951
0.0157532
0.0116097
0.000746817
0.00202956
127.14
50.918
0.000746648
13.4673
0.000747042
9.94611
0.00109068
0.000866908
27.5892
0.000748716
0.345096
0.00073052
49.2978
2.12156
20.3847
186.371
362.383
148.087
5.19797
15.0269
0.000758249
5.64045
276.529
531.341
0.156098
0.00082655
129.147
0.00074608
0.115937
0.000720608
436.661
14.8759
3.11505
195.733
52.438
4.92275
81.4386
7.69072
224.072
115.164
0.000773742
0.000756266
0.00309069
0.000737133
0.0140499
98.5172
0.000932025
249.064
0.00186795
0.296385
3.05109
153.596
0.00135939
42.1655
0.0137027
55.8859
30.8715
431.384
0.000796134
0.000954956
1.42903
86.264
63.1745
66.5805
1.95956
7.95498
19.7794
0.0626171
10.326
1.7757
30.2906
0.000756656
395.037
1.42623
56.5703
0.000787951
53.5902
16.0606
0.00184923
88.2148
17.2807
0.084463
0.000715195
0.00074601
203.629
48.5349
15.0399
0.000737824
0.00953908
50.7495
188.505
3.42297
0.00585418
0.000735779
146.696
130.145
35.937
36.3054
0.000743613
101.701
431.667
0.000746914
0.000749293
18.4476
0.0012632
0.00386619
0.226145
47.2387
0.00105212
36.4462
342.959
0.000731937
0.000821563
0.000727456
0.000769907
67.4936
518.499
333.029
0.0205649
34.2227
47.3492
0.132939
45.2477
0.000824459
31.468
0.53069
30.5728
5.29442
81.7254
101.446
0.147683
0.000759141
159.89
85.1998
275.595
5.71607
29.8748
0.528221
21.0839
0.00353116
0.00133407
152.914
143.102
0.0345934
1.22448
0.000753972
0.0993841
19.7864
0.02799
13.696
4.35506
387.203
36.9016
1.73106
273.598
141.172
56.7285
15.7016
200.38
189.429
3.18398
38.4387
0.00359964
47.795
45.8203
0.000743456
0.000711089
0.348856
0.000748442
0.000775486
57.7208
298.193
0.0007446
84.1898
0.000744933
0.000736797
0.000740808
0.000752912
0.00181375
29.6234
44.5174
248.617
0.000718829
0.00106405
6.71524
0.000855012
0.0282835
0.000762783
0.000866207
166.946
0.000982941
0.00466687
181.77
0.00425421
0.00074945
187.022
0.000745369
0.000760507
1.50011
0.000870604
6.56916
0.0012392
0.0240085
0.000743843
0.000753526
302.506
417.623
43.8976
0.0237057
109.486
16.3259
0.00130193
27.7757
310.902
234.556
478.644
0.000700902
27.7507
56.8677
0.260973
28.7041
101.751
0.350129
31.6517
1.05031
28.5942
0.292577
7.37659
0.000757621
220.214
0.000757348
28.7886
32.6366
0.000747869
0.913327
0.00245491
0.0291754
0.000726506
3.84524
0.000893611
0.000741893
40.3215
0.0363666
0.164599
230.32
152.725
0.000819175
0.000968112
30.7644
259.776
0.000690454
0.000753944
0.196381
23.8886
148.152
0.00209461
15.9578
0.000745426
0.000818138
0.000718503
0.0278725
23.5016
0.00408454
272.794
29.7194
258.097
172.089
0.000842994
298.14
67.3644
0.000732724
0.000754065
0.000750338
0.00115953
0.000740209
123.97
0.000745392
0.00075036
347.349
1.21197
0.00267561
0.0347057
58.6692
7.56095
0.00780195
0.000823899
185.115
0.000762691
6.71211
0.000754986
0.000845472
162.938
164.004
0.0033446
0.000835503
3.98369
0.000744255
364.421
0.000753035
150.349
0.0273448
8.39952
0.11727
3.13058
1.9901
29.5723
0.000760954
0.00085987
0.00489142
59.6328
0.28746
302.171
0.000747048
0.001243
0.00164071
255.998
62.6618
272.451
0.00225865
0.00350612
0.822556
0.000751316
19.7034
38.1338
0.00875869
268.424
180.963
42.5582
0.00154574
1.4405
168.68
224.728
28.0463
0.0105608
121.184
0.542796
133.231
0.14418
2.27109
42.3632
0.000761953
28.6485
0.00122396
0.00508585
0.00621025
0.0476929
0.00090688
10.8434
0.000745938
46.2522
0.13194
0.000867523
1.60692
0.000756578
0.760783
0.2276
40.4522
3.75966
93.0095
0.809842
0.000748392
0.000732218
4.703
0.15899
43.6556
261.035
0.000751624
152.307
37.628
0.0141405
51.9203
10.9628
36.335
38.8579
0.0743275
0.0017838
438.959
70.4314
164.073
0.000746128
27.2886
0.000746414
11.0328
38.2679
359.005
17.5877
28.1889
0.0127808
0.790932
0.000751152
12.084
1.28872
0.000850113
437.406
30.8342
0.000768017
1.6009
0.00517573
0.00101683
374.116
0.00074759
0.0160785
0.0138894
35.5018
0.199029
218.162
1.17415
0.000732612
30.1179
5.05165
31.7548
167.127
0.000769099
1.821
2.66719
118.656
1.01042
0.000751617
0.0408178
94.993
0.00144362
74.8525
306.011
73.1986
15.3646
2.14574
2.89502
555.397
279.48
219.026
3.44067
0.0144106
0.000964311
165.33
0.110495
116.725
261.882
0.00125895
310.493
0.00073533
169.264
0.0007594
0.000751416
2.35087
119.237
0.00619095
25.7886
19.8874
0.000746494
0.000723326
0.00692984
391.938
153.578
172.754
0.000752094
22.0262
181.846
0.0278623
2.64318
0.0129753
0.00083379
0.000745993
0.00220319
0.000769096
0.000748959
0.000737393
0.000749894
55.8667
300.164
98.9812
0.807387
0.000781043
0.000737625
0.000757666
0.000913515
83.0866
151.801
0.1695
0.0021567
0.386015
2.1784
0.000744907
0.000745907
2.46889
0.000745761
0.000784229
0.0130918
39.3364
30.6106
0.0127393
0.229369
16.6601
28.9696
196.203
0.000718544
1.15602
0.000746473
209.191
0.000746112
0.0661077
0.000736912
164.89
273.539
0.000746126
436.926
260.095
0.000915257
0.375492
0.00306009
0.619866
0.680862
0.000741043
0.00216512
356.29
14.6235
7.29859
44.8104
124.156
0.0606335
0.000724923
0.00113356
0.000915506
0.000741303
27.716
0.000735896
0.000745772
0.09209
40.0515
86.456
43.7787
41.9017
4.66535
51.3513
363.539
0.000724031
0.00197307
0.00132875
366.834
82.6415
44.0296
0.676218
97.0963
102.968
387.844
0.000699086
0.591983
19.4848
15.0706
333.244
35.8894
178.79
376.743
0.000710295
0.000779536
136.387
234.126
0.15812
0.000809105
274.749
0.0227718
158.884
0.000741284
0.00920477
0.00413743
0.363348
0.000719313
222.036
0.946561
68.1741
140.271
0.000923865
0.000753817
0.000719259
4.33777
0.000744776
96.297
10.4585
0.000733078
0.00237723
0.00285914
0.00746414
0.000757261
0.000754486
384.622
0.000782835
297.261
187.101
88.0869
145.791
0.000753884
19.9632
27.4944
123.424
0.000809187
0.0885414
0.386219
0.000735609
34.8974
0.000900782
58.2975
37.4505
0.000749908
67.3712
0.0275041
23.7608
0.136152
0.00818156
23.4885
0.000737517
160.729
113.81
0.000752709
2.46898
117.854
0.000734199
0.000767179
0.000752844
165.235
391.003
0.0789474
252.103
0.00358582
205.681
0.00121924
0.000744474
0.186222
0.00071117
0.0623849
29.8528
0.000688779
0.000791838
0.0150727
0.896134
0.00126808
12.5393
0.000756124
0.00381961
222.002
399.064
0.0236501
0.0007088
430.199
0.000742687
0.000723746
63.6609
166.302
12.363
171.837
23.6325
0.00138619
0.000757111
0.000754512
6.01287
0.00182567
178.11
24.1978
384.865
0.0757663
0.00201187
1.2407
112.052
2.02457
0.0233077
14.5569
0.000697333
0.722115
0.000752668
0.096957
3.08293
0.000743468
0.000750506
3.28675
0.000709781
0.0023637
35.043
77.1432
206.857
0.00806248
423.666
0.00772578
386.508
238.582
3.13187
71.6824
1.63099
2.01746
0.000744941
0.000807754
39.6349
30.2231
0.0324133
0.000686059
90.4383
0.000765461
205.601
391.45
0.000748861
0.000744821
0.00075556
376.684
0.0772109
0.000694686
0.000945769
42.3412
0.00360751
0.0014635
80.45
0.00399637
0.113015
113.284
0.0039693
29.7991
0.00754404
61.978
0.000755815
68.5888
132.735
29.0416
0.000745075
146.249
152.384
0.000754248
67.0695
85.9467
35.0104
0.000776244
49.9474
14.8058
35.0214
164.663
0.00082691
0.154108
62.3299
0.00589371
0.0600672
0.00613342
16.2697
294.747
0.836781
54.3119
251.486
51.6384
40.2497
0.00074891
268.474
136.326
84.9149
49.0457
8.02413
64.3327
319.802
1.47314
0.0212989
0.00125267
37.1715
0.000748091
300.835
6.83335
360.887
0.000870479
0.000815551
0.0879136
103.659
0.0722661
0.00242899
310.185
0.00136435
38.912
29.4517
0.02041
0.00289087
14.7015
0.00588676
0.53372
0.000747463
6.36997
0.000765037
6.37615
0.000731517
0.00180306
0.0010065
0.00424487
0.00134288
63.2382
1.67772
75.6509
0.000859364
0.000994767
0.00213707
0.00078437
13.0325
65.423
0.000730377
41.3617
0.00075529
128.891
95.1206
327.322
0.000981569
0.000746589
96.1123
119.26
246.434
7.02935
0.0517027
15.9165
0.000745211
184.655
0.000741674
4.30474
0.00393385
0.000735838
0.4145
371.673
94.282
72.6526
4.71496
0.00222438
0.000742343
0.000820362
61.2475
0.0912761
0.000790383
0.000958599
22.4421
84.6049
108.074
8.57405
11.2438
77.9458
4.13141
390.274
0.0085454
0.00193408
161.187
0.000737278
0.000746624
48.0113
0.000909688
28.6996
0.00115219
155.372
166.098
0.000757776
0.000734822
158.218
0.000913904
0.000744933
358.781
4.99121
69.5587
105.689
33.8049
52.0814
0.00601683
270.954
0.282381
0.156922
13.644
232.728
0.000759548
94.6987
75.6825
0.000763067
278.372
0.11485
59.8961
0.000732413
106.22
0.0398555
12.5113
36.3156
0.00514251
59.5244
0.00162653
0.00449025
0.246357
14.9268
37.2869
75.2387
0.000756061
112.265
270.639
0.000739063
0.000747435
0.000728819
0.000756856
242.568
0.000737393
4.65785
192.651
0.000752721
0.00780273
20.3619
0.0132301
0.000760141
0.000755324
289.349
14.5488
0.000762852
141.057
47.6841
31.3577
14.5101
32.8063
0.00739616
0.0186091
0.000740921
0.000923415
20.7932
294.219
0.000754123
2.23286
121.429
3.74546
77.9767
35.262
90.9867
16.7658
58.1909
1.40882
118.608
0.467766
0.00100049
14.4156
0.000753584
9.18706
106.305
0.00174176
0.000826674
183.36
11.5375
217.937
197.618
0.00073603
0.00383924
0.0303422
1.30809
152.046
0.000737219
0.00074744
0.000771873
0.352163
0.000751235
28.8012
0.000758582
0.000731617
0.398709
0.000868764
16.5794
0.000823917
48.1118
256.817
7.1422
2.18915
2.20592
0.025106
0.000948821
0.00651043
0.00239298
136.344
246.111
111.527
292.201
40.952
0.000709985
35.8143
177.223
0.0197073
0.000746188
0.000758213
61.7327
0.00087281
271.608
7.23671
24.4768
200.259
0.000967837
380.606
0.000833685
2.44621
0.000868663
0.0903301
95.5496
30.7088
0.00075366
1.30243
34.5814
29.0837
83.6696
16.962
4.74409
351.854
167.244
1.10902
107.891
135.271
0.000755843
0.0842421
0.000709331
0.00162246
0.00213546
160.252
0.11488
0.000917743
0.00118485
1.86017
384.774
80.3627
0.000747625
217.965
10.4101
0.841041
0.000730549
395.095
343.061
227.463
134.805
0.000726265
64.0661
24.5636
24.0567
45.1706
1.12176
309.683
0.000849527
0.600227
88.9689
63.2724
0.22923
132.062
0.000817312
296.362
0.00141009
37.7885
265.384
12.9099
58.8701
202.485
100.248
0.000730442
178.493
0.00231262
80.6978
0.00163534
0.932687
0.000744557
212.227
0.000737948
44.2926
257.504
287.53
4.29418
0.000818127
0.00372545
0.000741727
31.0311
0.00075784
15.9438
0.186408
0.216963
0.000761375
0.000949274
158.901
73.1616
0.0570788
7.87667
0.0007261
0.000760973
0.0291954
0.00685747
0.000731074
0.000729775
119.197
0.00365086
40.2519
0.00089837
88.6734
2.78474
0.000687772
0.0651747
0.000859515
157.576
0.0039848
28.8493
0.000747335
0.00172988
9.07878
0.00275157
0.000767207
0.000750647
99.8622
0.000745122
0.000751066
13.6138
0.562402
0.000729792
139.38
229.724
0.0140612
0.266511
0.000923764
67.9462
206.222
8.05691
0.00223874
76.3575
0.0097874
0.00517664
321.282
0.000803529
199.016
81.2635
106.564
78.1111
157.278
0.000723384
6.99748
5.69423
28.1859
0.0484278
19.914
0.000959098
0.000961292
109.517
0.640117
0.000859571
115.363
115.157
0.000742962
80.0198
150.979
0.00118908
0.215419
0.000751075
34.7969
139.82
27.5553
285.254
4.84184
0.00092257
28.6022
0.000746107
371.514
126.83
167.377
102.231
329.756
245.099
142.831
0.0142595
0.000745439
30.7308
25.647
0.000725017
0.000738264
94.4907
38.008
18.8954
64.3508
0.00076647
27.4254
0.000730797
368.455
0.00452856
223.198
36.5277
0.00105534
0.000762629
170.336
0.000820299
106.253
0.000834123
5.80187
300.252
0.000740896
0.778476
0.00167784
0.00166967
188.173
28.9703
0.00160021
178.631
91.2692
0.127496
0.00136081
38.2682
0.425144
18.7581
40.378
80.1566
0.000777293
23.9528
146.789
376.314
201.051
0.0135433
8.74898
0.000746207
52.6088
113.427
0.257411
128.15
66.3223
17.4751
184.311
0.757294
0.0348671
0.00274769
175.236
0.000751205
0.0329258
0.000877062
0.000746567
0.000743424
9.23395
14.5071
248.832
298.225
211.675
265.27
0.000744061
0.00197225
231.427
29.9157
480.752
0.000734089
375.809
87.0256
308.526
42.848
100.835
62.4426
418.999
0.395092
2.49307
0.198574
386.992
11.473
0.00164294
0.000765378
270.692
319.849
246.899
143.626
0.000721646
62.7275
0.000739992
398.873
0.000868071
5.49449
162.64
0.000724719
1.10319
74.0634
26.0364
0.000760417
146.393
0.000740853
0.000771742
0.000729668
38.2474
0.000733896
0.00820578
23.7531
4.56676
523.122
0.00071141
28.0985
11.169
0.00074539
3.07113
28.3213
390.368
4.71564
0.0707098
35.601
11.3861
170.982
32.3693
0.384608
0.000714815
47.0825
0.0776205
292.916
0.236766
0.000761871
51.8611
34.2308
126.873
75.7759
20.8743
53.2983
372.025
0.000745014
0.000798031
361.151
12.5496
0.000739893
0.000747128
221.012
289.896
145.613
0.00227083
68.7952
429.842
0.00119123
0.0124929
0.00138783
5.67105
7.9661
0.00571301
0.000734635
6.71879
0.000902458
29.7976
0.00377986
0.000762658
0.393498
4.751
1.93205
0.00499597
0.00108451
0.257143
0.00092553
0.000728653
30.2919
0.818983
0.0209844
13.1932
71.5039
1.61497
162.448
0.000825811
5.78964
305.842
0.00103505
0.405985
510.748
0.00479263
4.01292
62.8915
0.113322
45.1102
94.6303
2.33123
240.845
425.831
0.000750311
14.3213
26.9246
143.888
0.000812297
0.000749216
3.45645
24.0214
0.000756143
0.0037501
17.1389
0.00115425
0.000758717
119.358
10.1596
19.9039
0.0750354
0.000760218
21.2575
76.3857
0.000756868
141.954
0.388174
4.19496
115.123
100.952
1.95831
98.0037
0.000748158
2.56536
223.152
80.1382
262.404
106.605
0.000747564
27.6155
15.7755
0.000741845
0.000731448
2.20735
0.00381725
0.14086
7.44566
91.2528
0.0014335
141.538
238.673
0.00148474
96.7072
150.073
67.6744
294.259
149.214
7.50469
0.000800287
0.000747285
0.237918
157.063
0.00374186
387.886
0.803735
4.01032
0.000861796
47.4442
2.92503
0.00406719
0.000775983
0.00308712
0.00159574
254.631
0.00104661
182.944
4.28725
0.000726825
0.000828648
0.245073
0.263551
53.7072
0.0050443
0.0270562
258.577
0.000770502
58.3382
42.3083
2.17415
0.000755708
151.922
26.5399
0.00162058
18.3317
0.000765637
48.2425
0.00139016
0.0014956
0.000732502
73.3052
106.162
7.01675
51.4839
91.2652
0.00521564
0.00221286
71.7006
19.9206
309.195
0.00102151
117.871
173.845
135.986
202.941
0.202577
97.4761
133.911
0.0229619
16.1423
241.116
127.148
66.1988
134.121
333.63
0.000744931
0.00665971
1.4371
0.0009391
81.1941
2.28261
102.176
0.000754621
55.0773
4.57875
69.6314
0.000735951
123.288
261.579
39.0645
89.0106
0.000706346
26.534
0.0016378
0.62781
0.000757455
0.000760668
416.564
0.987127
0.000803223
107.242
0.00494863
363.506
401.196
0.00666184
397.671
245.054
0.000774032
0.00117284
35.1924
38.5679
0.00611987
324.924
3.58227
290.729
0.000756518
78.0787
74.1106
0.119379
1.50508
50.3359
0.000707864
56.64
35.0709
271.454
46.3905
0.00075836
68.2904
4.69199
0.000763619
0.914597
0.00641373
0.00515003
0.000789518
1.22008
339.565
0.000780219
0.657011
17.907
0.000736311
0.0039728
28.2329
0.000955351
71.0867
0.000739089
256.948
27.8326
41.9953
26.9805
1.97479
0.0462932
361.39
3.6412
250.641
0.00074319
67.7844
20.6261
0.0407497
78.4684
27.2223
98.8487
315.51
16.0174
11.8018
0.000756011
0.00157763
61.0737
9.92861
267.262
8.62885
0.00768495
0.0344665
0.0743189
0.164994
29.1397
32.7981
4.1137
0.000839143
288.065
84.2426
0.000817045
28.5532
0.00239386
64.0738
0.000759797
145.7
0.000748367
3.02277
4.0807
252.153
0.000836269
0.080803
0.0721091
77.023
22.0882
0.0017375
0.00151863
0.000747102
0.00365196
0.000843353
176.919
228.864
0.000730104
0.000748185
99.4835
0.000806994
95.8535
110.768
4.49263
0.000757008
71.0076
77.9573
175.774
42.405
17.3921
35.857
0.00104827
0.000731749
155.31
0.00571258
0.000741138
0.000743558
69.9689
0.00078995
349.664
0.000746092
13.7293
169.824
12.2995
27.4882
343.138
0.000733355
4.53334
145.371
39.327
212.849
0.000765373
0.00102411
0.069317
380.35
186.451
0.00076816
0.00154897
0.0426018
27.5931
356.709
28.7371
0.000785128
10.0574
214.435
0.07204
0.000746777
0.0238987
233.506
5.3215
29.1377
5.46088
0.000726121
11.8469
0.00493846
33.2766
0.000745328
0.000866574
341.212
90.6863
391.26
81.2458
83.8532
76.6035
78.5511
294.983
214.928
77.0983
0.000868878
24.6497
96.4729
0.010919
0.000755726
0.00119814
0.795329
0.00084205
155.046
75.9849
240.62
0.0758816
43.7101
0.00801813
188.797
106.836
0.00429163
1.36371
59.6417
0.000853321
285.86
4.52921
0.000748198
47.4821
0.000758585
0.000806252
0.00151606
12.4574
4.88149
12.4769
0.000727857
8.32266
29.7918
56.7549
0.00360504
24.1675
0.000760036
93.2681
1.15874
0.000704098
0.00174713
61.4914
0.00250514
127.488
0.00324077
8.54626
0.000893402
0.00159087
1.11384
134.945
61.1471
0.000738365
0.000795528
0.000887956
0.000828897
0.000739035
82.4339
0.222343
27.8417
163.711
0.000718724
54.2665
0.000751787
30.1655
35.2189
188.49
321.2
0.0725162
24.1604
0.101508
0.000754829
0.581771
155.344
3.12151
0.0044543
0.184117
2.60091
0.000759233
271.888
0.0538529
0.000704961
0.0258666
148.687
25.3611
35.1557
61.2878
235.489
0.641258
36.8949
0.0210569
129.07
3.00101
0.00130545
0.000789061
22.2932
0.000932643
25.5317
43.204
57.7584
83.2006
315.625
0.000740546
42.1525
0.00648135
0.0009537
167.91
341.047
0.018541
131.425
248.67
133.657
0.000922735
0.00100911
0.0036046
0.000743367
25.9117
116.209
0.000740956
0.000759414
0.906637
0.000812966
35.2102
0.0138926
44.3488
0.000757871
42.0983
0.039961
27.9959
0.00074926
0.00235258
243.532
10.8821
266.361
36.2446
28.0712
0.0349415
191.067
185.56
0.00074519
0.00158164
0.000750783
265.303
0.0834149
2.61369
0.00412205
356.766
3.36804
0.00189597
0.00497892
4.56977
0.000749741
5.81481
0.00104191
351.756
384.966
0.000982785
35.7693
0.000714374
70.2524
0.0357953
233.218
33.821
0.0170524
423.878
230.558
0.000746541
333.808
166.52
0.00230098
0.0100155
119.5
33.0246
152.95
0.379066
129.556
18.0043
122.545
178.502
8.86473
0.000745745
5.71035
0.00116168
0.906679
63.6116
113.511
92.2848
221.245
216.514
68.8816
0.00101712
3.26251
0.0233884
0.00222304
10.8968
0.0808604
70.3438
0.000763911
314.46
0.0497404
170.254
253.501
22.3103
158.271
28.1007
0.00084857
69.4904
44.326
130.217
153.618
0.00247521
4.39731
0.00122269
128.303
0.492219
28.3798
0.00074314
84.3447
417.065
198.915
0.000927477
0.00109651
0.000817261
0.0788111
0.102253
81.2892
102.77
0.397007
125.241
0.108076
67.0416
0.000739795
0.0416377
0.698709
314.915
392.216
263.077
1.91876
0.527733
0.000748927
62.274
3.5242
28.4933
338.399
30.8981
331.782
292.624
0.000722727
3.4106
0.000938841
0.00768075
0.0772621
0.00229238
0.000830505
0.840388
0.00285986
103.788
47.6051
10.4152
0.00346094
28.423
136.145
0.00106111
0.00169549
221.05
0.107028
0.000732255
28.6321
206.622
28.3669
2.90265
0.00221184
0.534057
238.693
0.0121219
52.9443
43.9687
82.577
85.7435
52.4925
0.00073428
0.247296
158.74
0.453521
0.873767
0.00160193
7.9534
0.0348719
14.6351
0.000759636
0.000792109
6.80893
0.0799024
326.547
0.00371322
330.049
53.7153
0.467132
218.879
0.00338565
157.219
236.114
193.129
0.000723072
49.6928
0.000814386
0.000743088
0.00211894
0.000718978
31.8192
0.000788491
84.988
0.00151167
39.9393
3.66877
0.000741517
4.95173
0.000725651
45.59
0.000725027
0.474745
183.38
28.0109
0.00074473
398.945
13.8037
62.3415
151.173
10.8295
66.1827
0.00199703
80.5886
0.185426
28.8808
157.775
28.4758
0.000894134
0.000882915
0.00122347
68.6471
7.76135
0.285878
0.000826534
0.00100308
0.000760292
97.374
0.276152
0.000723919
388.633
0.000742552
88.8965
96.1588
4.61019
0.000740892
53.786
117.408
138.431
28.2165
58.7978
0.000731269
85.8719
23.4378
154.417
0.00139151
1.41356
64.5426
15.2834
0.0453959
184.884
8.32387
323.733
116.927
42.2387
8.10178
0.000813796
0.000706414
1.42284
0.485008
137.212
1.10353
142.38
51.8655
0.00095867
0.0727363
0.000854328
77.3628
344.516
0.733222
0.00074205
0.000745348
152.69
33.0648
43.9499
356.132
0.000736978
255.123
0.00163172
0.00099586
420.401
393.346
0.000746236
22.4358
95.9556
64.6705
0.002291
0.00152342
7.72387
0.000703768
274.778
36.0931
43.8768
0.000752585
0.000751537
49.7667
15.8491
247.901
0.000753386
32.7608
200.209
0.0313028
0.00236314
34.88
67.7657
335.718
171.352
22.9134
1.10763
109.08
0.00111318
164.03
105.969
25.3881
0.0408516
87.3983
0.00374768
0.000737761
386.272
5.94241
0.000730989
105.092
42.5885
0.000735048
0.296851
321.242
0.00453864
31.9073
0.000762216
0.000906226
41.6077
0.00822862
2.85662
0.319869
0.000717672
142.677
15.7193
10.165
47.0342
32.1195
4.1824
35.4779
13.0804
0.000735658
0.000765609
16.4298
16.2542
0.607797
60.3334
90.0575
17.5985
0.00354806
0.000914436
0.000788965
0.000763061
44.3403
6.53962
324.463
42.8913
283.564
4.52864
162.57
5.58152
0.000791175
0.00102226
49.9713
8.0099
50.6408
100.67
195.081
0.0129531
0.000757983
112.807
18.3129
9.09002
0.0034041
229.157
104.036
50.5899
0.00800765
0.000772918
0.00200756
34.539
331.725
0.00259
333.422
0.0451124
315.915
0.536101
0.00597383
0.000762589
0.0560116
92.1664
0.0821413
5.74463
0.0486894
210.402
0.000728679
55.5319
3.02381
0.000743332
0.000745208
68.6569
164.412
21.3114
331.938
31.0924
108.201
29.8958
0.00100113
9.25587
0.000756728
0.000727167
0.00194588
111.979
37.5561
209.946
0.0458001
113.258
15.2136
93.3656
32.7632
77.0776
0.00123762
31.0526
401.499
56.2828
0.00211668
195.587
0.00139805
0.0383317
23.4512
306.621
109.756
106.022
0.00435871
276.9
0.00102047
156.542
46.2587
113.829
0.00072104
46.5379
102.834
0.0122563
27.8163
37.4072
294.41
11.5259
0.000865188
240.149
10.3997
0.00079355
0.000742958
369.56
1.09468
56.195
0.000697034
0.112115
252.28
375.046
29.3791
0.000898165
105.099
111.725
52.2065
0.000737043
0.196851
3.22067
266.156
255.538
37.6722
118.216
0.000849255
11.7182
8.55484
33.2073
0.000765017
0.0662787
58.5574
0.000736174
57.6882
331.194
78.0594
0.000715796
0.000717666
13.9759
28.2298
272.129
27.9123
13.1836
0.000741144
0.00129628
0.00154294
193.835
81.7831
16.1597
23.7454
390.493
36.651
131.49
316.798
0.000740917
0.951166
46.5548
35.8986
178.005
11.1209
74.9756
257.156
144.584
76.201
0.000752154
413.279
115.727
47.6694
242.465
384.328
29.0477
0.00096172
23.7507
400.917
56.1781
430.502
77.0633
116.017
234.63
62.3143
257.608
118.786
179.875
204.639
70.4457
0.000748376
91.9396
0.100876
0.60098
0.000798498
320.495
290.684
0.000887535
5.2012
49.9663
74.3363
0.00552712
0.000736444
431.702
113.118
0.000764808
95.0975
0.000729415
8.17735
1.37042
288.44
55.3498
92.8504
0.000747657
302.103
102.661
0.0012791
0.000725083
66.025
17.0069
16.9799
6.77971
39.3032
31.5601
100.771
1.54448
0.228466
0.000751436
0.000769308
195.487
25.4428
36.4058
39.7809
2.53856
0.000749437
0.000736118
255.531
24.3035
2.38745
0.00128932
0.00081747
319.359
35.5474
95.391
0.000704279
35.5776
2.17295
114.622
53.7012
46.6009
0.00184165
0.000996178
0.000947524
0.00077138
146.09
0.000750056
41.3249
113.266
9.99016
0.0470459
16.3886
0.0022165
38.7063
6.5574
0.00881232
0.00100016
27.0384
21.497
0.000760461
98.7273
0.00189288
50.612
0.378649
0.000909321
427.303
0.00160538
47.6413
0.000708101
0.000979735
235.425
37.2773
2.64897
0.0347
0.000754106
7.48087
0.000729748
50.3018
0.00100345
0.00211896
0.000735512
0.0286372
94.479
124.607
27.3777
120.925
352.602
12.3337
3.56508
212.563
0.00168941
177.938
9.80003
0.00177719
0.0449008
0.00100175
28.5959
28.0365
40.8388
1.57811
0.152577
3.25833
0.000970205
305.905
69.6697
114.636
45.5831
0.000739158
22.769
1.09562
67.1144
54.5132
15.4532
30.476
0.00074619
298.503
2.72174
201.374
92.5943
175.27
134.346
0.28935
2.4405
5.04833
0.526041
0.00123014
404.547
0.257787
0.00316623
372.535
6.63714
73.508
226.947
111.592
225.679
64.5535
4.9989
0.000683018
0.0152614
0.000713987
50.1292
181.97
28.0659
0.0199203
0.01328
0.000747906
71.862
28.6079
0.353613
0.000749882
27.5681
0.000832579
0.00260931
52.5779
234.85
30.2157
0.377057
243.119
0.000969859
311.649
23.4563
20.9595
0.000754049
18.8541
10.4028
182.741
54.0489
259.13
93.012
392.282
0.00720456
0.0505634
33.9788
18.4862
0.0007439
59.94
0.00073673
0.000718895
307.548
0.000772036
50.4395
62.5483
0.000817966
0.00104583
41.0488
64.3077
225.822
303.239
0.0011469
0.000713892
0.000731486
49.4481
422.979
1.78803
0.000734468
0.00281393
52.7143
10.1388
19.2807
0.000758899
34.8395
33.9383
62.0342
241.091
367.372
46.9129
0.000708697
4.57144
0.000933813
45.1965
339.72
0.000818941
0.00459974
2.68982
0.000936809
0.00265276
0.0549517
45.4237
120.267
0.000915715
116.697
186.016
0.00384216
8.32193
0.315994
57.4291
0.677604
53.5295
0.000760602
179.834
0.00100963
4.34313
86.7751
0.00101966
0.000823605
0.0176758
0.0676797
57.4214
32.57
316.013
62.4762
0.250085
0.000754573
158.085
77.2442
213.011
85.6183
0.00128385
0.000783551
38.6406
18.2491
1.94063
26.9837
188.966
20.4773
24.3613
126.841
0.056067
2.26037
35.5716
0.00378755
0.0183931
8.23007
0.000770058
113.721
0.00107539
15.2662
24.903
0.0868664
0.000897765
0.000914955
124.596
3.58224
57.8846
0.000747555
0.00125171
54.8071
27.9119
0.00217188
0.0607676
117.574
28.0014
400.472
71.6285
0.0140505
178.743
0.000752259
0.000854177
0.00083079
101.108
0.000750686
0.000756175
0.000739605
29.9601
0.642207
0.00075281
64.104
0.000740304
71.8427
0.0010235
63.9718
0.000728335
0.0256262
493.834
5.11737
224.021
27.5831
17.3577
0.000739812
125.591
59.9396
14.2385
317.324
0.000779875
165.727
0.000743891
0.0206697
0.0207585
0.0194868
2.82979
376.554
0.000745306
1.47623
0.182955
182.68
0.000751624
1.11548
0.000737911
0.0202453
84.1754
71.0401
0.0731477
112.341
0.111005
0.000757431
244.072
0.137543
36.2973
128.388
0.021351
372.049
32.67
18.2787
56.2648
18.8864
0.000720997
0.000755584
35.6729
0.000746964
163.736
38.6114
0.000908283
120.223
0.000749431
28.6929
0.00916552
0.00071182
0.000779297
95.383
1.96299
0.000793238
0.00276373
198.272
311.839
0.0007467
5.11922
184.289
0.000749489
0.00144937
0.000839081
69.2156
52.4245
0.000784081
83.7753
0.000722113
59.0222
11.3969
3.13858
0.000746999
124.261
15.2225
59.0488
0.00247227
0.000747873
27.8352
0.0654548
1.34335
0.000740938
0.0974237
0.000747471
0.228811
31.2296
0.0528082
58.2725
0.000746918
51.8412
25.0605
103.028
181.759
0.000690547
20.0405
147.024
59.3068
0.0365028
0.00821913
0.413811
14.5697
0.000735601
0.0799686
225.979
200.564
0.0209208
118.079
0.0207155
0.000949946
109.311
369.259
19.427
132.028
0.000762041
50.8975
0.0935122
0.552695
117.227
0.000836716
165.475
0.390798
195.549
0.000743687
211.354
0.00076353
100.015
0.00373044
9.96826
180.814
0.00145361
8.19857
0.000747341
0.000796759
17.9248
8.84939
49.1495
0.000878008
0.000735332
0.000742579
354.89
128.926
0.000742183
0.000733237
0.000758603
234.317
55.1078
48.6261
327.041
139.268
218.199
211.468
15.2166
131.902
0.000721995
49.2186
42.3911
61.8307
0.000822934
123.197
32.3826
320.388
173.261
165.573
0.946355
30.0205
0.936494
74.4811
0.000867816
0.00135641
374.678
0.000715446
0.000738528
359.106
0.00207475
191.728
0.000744519
0.00179647
128.108
29.058
0.00127192
54.2939
0.000740756
15.1351
109.976
21.3861
308.264
28.0591
61.0285
0.560454
6.73592
0.92274
0.00072141
358.819
0.000840675
0.000828436
0.000734705
46.0012
365.709
0.000766342
73.6704
105.51
0.00123826
0.0205197
0.000894077
201.783
302.683
0.00289626
0.232207
0.432356
0.00126172
26.3009
42.1088
6.46634
0.00076208
0.000875043
6.42516
0.00289758
0.0007469
1.25027
238.211
46.3188
0.00917896
128.204
0.0820119
0.00169804
0.00074567
0.0854655
1.43149
73.6589
361.53
66.5307
54.212
130.486
0.000819147
0.00124117
0.000735169
0.188026
0.0116158
33.5043
239.972
0.000758011
30.4016
113.803
54.2604
0.358486
228.513
0.00139963
0.000735772
98.9297
0.000842662
0.00103802
433.529
1.11986
0.00136661
0.00487163
0.00119232
35.3448
0.00390485
0.381852
20.7833
504.22
0.160892
53.5664
11.5015
0.106361
0.000725774
0.000724653
0.00087985
28.5265
0.00096763
214.181
0.019845
37.6402
20.4073
0.00068837
26.6242
167.756
23.1947
32.5058
2.90963
28.9029
6.48278
228.007
0.00100693
14.3231
5.28848
120.581
17.512
1.16393
0.146561
33.1705
223.256
388.893
414.354
0.000734288
63.2073
447.122
176.281
0.000702695
204.442
378.047
210.314
104.731
29.5716
45.5798
0.00125949
7.50542
0.000761212
30.346
0.000757939
73.6442
241.838
0.00244151
127.547
190.275
394.65
0.00074552
2.15058
30.3116
53.863
34.9774
201.332
199.815
6.31764
0.000796759
7.50075
0.00127458
0.000718623
1.56077
0.003643
0.00114491
0.406648
226.689
29.0625
0.000762847
0.0953655
71.714
157.774
0.000771545
0.000760839
38.8198
0.61478
0.000743808
0.0012118
8.03413
333.427
1.24815
0.0273526
0.204568
0.000758377
383.377
1.38509
256.979
0.000767041
0.000770373
0.000884234
24.4835
192.728
147.105
23.0258
0.0195171
414.231
134.22
0.0180202
0.000756866
2.70908
361.076
24.5338
313.783
142.347
0.000851437
39.9507
9.38785
29.4841
37.6349
20.5648
0.00117808
151.81
0.000752608
31.0843
0.000715932
0.145737
229.626
0.000736724
0.386663
245.454
0.000794497
46.826
70.7376
37.8545
0.789562
100.339
234.712
0.000984996
53.8704
0.000748559
62.2761
0.000754855
303.251
6.90713
4.46365
19.7639
0.000744423
144.352
0.237486
240.336
0.00181616
3.34807
6.21781
185.982
278.182
0.000760284
0.0792145
103.393
0.657154
0.00117043
59.5482
1.05611
83.3549
0.000926278
355.219
12.8336
0.0451284
14.894
82.9727
59.1135
7.13208
0.306598
30.8616
2.21071
0.0170384
0.000725406
0.0915562
16.8468
0.109133
0.000746132
70.5506
389.218
6.78688
0.0126823
0.000743875
32.3837
32.7924
28.1683
0.141309
1.33103
235.681
0.0113813
0.783641
27.9847
507.702
101.88
245.772
0.000742558
153.667
0.000878579
166.117
41.049
426.999
329.273
18.4639
0.00214369
0.000769834
79.4379
28.4783
50.1136
0.00169181
0.000751005
0.133668
289.197
0.000750051
11.8406
6.18757
0.090012
0.000774659
364.015
27.2426
225.777
0.562338
330.248
28.0953
46.007
0.000738708
0.747962
125.081
35.2665
0.444196
0.048755
31.3559
0.000749428
480.151
37.9569
0.0025652
0.00114927
244.151
102.898
38.7825
266.977
65.7875
319.518
0.0332923
165.645
268.932
1.51217
0.074006
83.8193
0.00200878
128.774
73.3525
1.83024
0.00386813
0.000794209
378.493
99.2166
322.63
0.000746744
33.0076
169.651
16.6872
70.7503
0.000770718
0.000841522
175.639
44.1454
0.000962941
0.00310439
22.3073
97.4367
195.937
130.433
49.4585
0.000746492
36.1834
0.431473
421.622
55.8252
33.5418
3.07577
377.605
0.000970802
0.000849015
220.169
2.45881
0.000802679
1.29448
129.987
4.34112
88.4026
0.00357568
0.000937705
54.8446
23.1605
76.0716
0.00313537
202.017
0.00073621
46.4414
0.000835553
0.0119458
279.429
0.000771993
0.00307173
64.046
0.000775599
0.000792616
0.000690313
0.000738853
70.8324
335.998
0.00112352
4.99395
9.94175
1.6599
44.4954
0.00105739
0.000784976
0.00177972
142.794
146.205
173.38
0.00891336
0.00669195
0.00147075
206.67
2.25008
48.384
4.78574
0.00080341
287.729
20.2197
0.00116798
79.7217
94.788
0.000741913
6.53883
0.0184547
0.000758183
374.651
0.213058
0.257549
5.41215
0.000767056
0.00173491
93.9284
44.0433
0.000788287
0.000755682
436.183
0.000857191
0.000747108
0.000722363
0.000770191
175.78
0.601924
39.774
2.38412
169.603
33.4265
58.1087
320.492
0.109064
48.5469
0.386089
71.6101
28.4662
69.7124
28.0741
4.40333
40.8548
0.000736858
0.000938646
0.168665
0.00076886
0.495869
0.470885
0.000753645
97.9195
0.0317646
5.16504
269.279
109.936
0.00070619
0.0300469
75.6982
0.214114
0.00982253
0.000756846
191.107
1.66416
56.2532
39.2299
0.107243
41.5998
0.0243338
28.7972
87.1486
0.000742098
0.451562
44.8742
0.0403904
31.7041
38.0054
429.599
87.639
182.888
0.000742836
0.00076228
0.000743871
191.858
10.2373
10.5911
0.000743402
0.00113882
73.6468
0.955235
0.000887362
129.84
76.9472
0.00123443
0.133828
136.907
0.000782929
0.0775412
0.000744246
73.5991
0.00171007
0.00074338
239.324
23.7292
0.00071905
5.8097
0.226463
0.000733884
0.2625
2.85792
0.000886693
0.202177
85.4958
0.0663914
0.000746561
0.000757051
10.9338
0.00102243
222.911
0.00116588
181.017
0.000719902
196.352
54.0825
0.0844479
63.9262
266.034
242.913
171.817
116.896
2.25202
0.000739209
0.000752975
0.000737251
3.31112
90.8346
350.892
0.000705012
0.00243793
0.592795
0.000756375
120.996
1.34919
0.000820555
386.032
14.9493
15.455
26.0415
6.42002
7.94652
0.743681
109.45
64.3172
6.08764
0.000777929
0.000751643
0.572918
0.000748306
30.393
172.431
131.523
239.907
0.000729441
92.4879
0.00101115
387.32
257.694
24.5989
85.0869
0.0245298
6.43196
0.478835
18.5997
4.63846
3.23474
207.485
102.343
161.156
0.00165895
384.303
0.0728613
0.000967395
0.00839481
0.00305354
0.404263
2.27067
142.227
222.942
14.0628
0.00116964
89.5613
395.875
424.926
0.00101089
0.00224002
0.000769957
160.109
30.5968
1.67884
72.4126
0.396557
30.6623
172.941
6.60761
239.187
0.00122896
0.00108603
278.274
0.000713108
217.746
96.5489
24.5043
75.7206
115.802
94.8781
335.544
74.3301
417.686
0.00122321
0.000745918
0.000716774
0.0041666
222.011
6.10455
15.6753
147.688
0.040668
0.000702777
0.000770412
0.000832192
0.00112505
166.766
0.000799633
0.047406
116.144
0.000721314
0.510418
131.613
24.9412
428.539
173.721
98.3787
485.458
3.50047
297.312
34.0992
419.121
383.268
51.8507
108.687
2.43075
80.9581
160.657
0.000753802
0.000751639
159.645
29.1911
44.8366
0.0840282
0.000743181
0.000754205
30.6065
32.9258
0.0283386
0.289278
0.181577
0.000849518
0.0203213
0.000747488
0.000747991
129.441
189.694
154.276
0.00080205
0.00105989
0.000804703
151.678
156.052
0.000759346
0.0414014
231.392
0.000745876
0.000743304
0.216259
8.24705
1.88613
46.6045
0.000732779
0.221291
0.000728087
0.00283179
0.264152
2.30703
0.000761289
0.0467371
0.000976045
0.411523
0.000749715
0.000712972
0.0469812
60.0271
170.334
16.7457
57.891
78.0942
48.5698
26.2893
23.487
215.057
6.82719
0.0011737
0.00117219
168.132
31.1909
1.79574
0.0039242
0.0985061
251.67
3.2692
85.2745
0.000753438
12.1736
0.016419
0.0008467
161.814
0.00136633
4.65424
222.416
181.987
59.8536
37.6225
424.282
57.9255
73.2796
50.677
114.12
23.0792
4.03829
0.000978274
0.00306133
110.07
2.77956
0.089811
26.104
0.000702313
217.956
0.000753776
209.278
3.57402
415.932
142.659
0.000739146
137.255
6.81752
28.9805
0.000956506
63.8719
0.105436
84.7073
0.000725104
0.000735007
206.201
0.102394
55.3457
83.8582
34.879
6.66583
0.00159476
0.000703371
29.7887
1.27401
19.8274
0.000753485
153.222
0.00156389
0.00401002
0.000950158
66.2496
215.332
0.0052973
51.4234
0.0596089
1.87449
436.221
0.513522
0.00172001
9.55039
220.791
25.9043
0.000758476
397.474
129.053
37.5699
0.000764675
2.17193
0.00090514
10.2683
26.9634
0.0518433
0.000949607
0.862812
365.956
1.27314
1.65175
0.0263494
133.898
0.00085415
255.499
96.0132
42.1112
228.072
2.68708
25.9273
84.0742
32.9399
0.00107147
0.000796849
0.0011369
80.2064
0.00096963
0.000736067
136.975
0.000763305
0.000779803
76.2299
166.786
66.2851
382.927
64.8555
0.00124793
74.3583
185.875
0.000732754
66.4397
6.76505
0.00143462
1.01232
314.825
102.368
140.431
28.0975
0.00070087
49.2146
124.112
47.1451
166.344
188.443
7.608
28.1358
148.908
0.000781389
128.573
27.5654
33.2527
62.3395
0.00270474
239.802
38.6313
0.285634
0.00107654
375.094
82.1442
87.2503
0.213752
0.000851492
329.764
244.539
6.22539
104.708
121.912
293.248
22.6585
0.00181012
448.224
59.5254
3.96223
0.000965907
0.000740275
432.07
6.60486
17.0657
260.652
0.00141243
533.77
400.247
213.867
0.000724428
0.000753825
8.0108
142.767
2.04699
31.4692
26.2523
0.00157065
0.000785838
4.63987
260.343
58.9636
148.136
60.4844
19.9538
0.00072526
4.91358
199.831
1.3229
64.2476
0.000744171
0.000729849
0.000817968
127.008
275.169
293.757
52.9154
357.778
0.00572249
147.255
46.8409
125.872
102.763
0.0869723
430.364
0.000734257
164.768
167.128
60.1874
0.00643479
0.00114296
241.09
0.0416447
1.26952
0.00073751
365.559
0.000749858
163.752
18.7347
3.68509
2.27434
0.0724598
1.94093
0.00075235
0.00102227
0.0636507
0.000781256
71.6647
0.000763444
31.082
142.395
127.018
125.867
0.000772439
224.851
0.0986106
1.2778
0.00290285
97.7154
0.20239
137.456
33.214
0.000716321
41.7721
0.000762624
23.3223
0.0350288
339.212
66.1442
11.8961
64.7411
237.889
1.00936
257.942
6.91029
0.00120835
0.000738702
320.847
53.7056
26.0057
61.9927
128.717
277.242
98.101
0.000725084
32.1587
244.36
0.183959
0.00223323
101.919
270.32
77.2852
162.901
399.511
84.0466
1.47809
0.00102772
0.000733897
27.9655
0.166286
185.712
0.0337611
56.8823
37.1055
0.000744986
0.000878004
25.392
60.7134
247.463
0.000905302
0.0928434
375.489
0.000751964
23.2685
51.1214
0.0795441
385.157
139.855
0.00074598
52.9584
409.143
0.000742609
0.0111035
0.335696
0.00102419
0.397635
0.000820271
0.000723634
0.144754
89.8579
132.527
437.465
9.81219
56.8187
0.183912
0.000959607
24.2015
412.774
245.233
0.00410489
0.0664881
94.922
179.97
0.000748177
86.5054
75.0753
0.00100665
345.566
0.261436
359.896
11.9824
0.000825996
0.697196
67.6833
0.00101024
0.000753507
0.00073996
316.319
0.249418
0.000707944
19.6072
12.0244
40.1968
89.3388
105.521
56.3384
6.58973
0.287541
353.281
159.566
0.000755052
133.761
0.066002
20.0188
135.46
17.8642
6.33957
362.123
0.00109202
0.660423
6.32243
1.17733
196.675
0.000797055
36.0948
118.006
0.000712665
0.000739255
27.9791
3.00102
0.0576515
0.000755091
304.959
0.00072758
0.000810833
135.702
0.00513611
56.8452
99.6052
98.0954
230.892
7.13501
0.00525101
0.000738388
0.00211193
0.000730467
53.0071
26.144
61.6574
37.1042
0.000821182
153.581
400.204
0.00120445
424.459
119.909
15.569
0.000783765
273.126
91.7903
0.00118466
86.6369
181.652
2.00878
92.3654
1.6576
0.000752148
293.258
0.000751032
2.71298
0.000746483
122.823
371.931
1.1642
0.000818668
42.8132
0.000914305
0.00214477
0.00076007
1.18512
165.987
34.4466
194.184
0.972946
45.4051
0.000764444
0.000693245
0.00269249
0.00458077
0.000869916
95.1735
0.000714424
57.4398
545.888
0.000753991
28.0304
0.195762
50.9654
110.866
0.000771625
0.000747203
118.617
0.000748566
0.0256331
21.2039
137.893
84.7725
0.00260628
139.56
0.24049
0.000775358
27.9992
7.9313
21.4867
46.3587
9.419
0.029372
5.269
12.4293
301.572
41.3211
0.000758532
0.00775077
9.16869
31.8522
161.334
157.017
0.483428
365.668
57.7183
0.0300615
135.377
88.514
131.756
231.894
0.000696996
28.0123
0.000965767
0.0116517
48.6912
0.000733956
0.446271
0.00362223
43.4711
192.587
0.0172401
22.969
0.000753985
131.469
0.00073156
0.00115618
9.19661
14.6233
0.000713867
36.2893
0.00119675
0.000756283
0.0375287
0.000731702
0.000746148
23.8712
301.445
5.65628
70.9742
259.339
270.731
0.000698343
62.532
0.000749053
0.0152064
56.1162
71.2939
117.939
0.35452
4.06877
10.6282
134.552
0.131736
133.12
365.556
133.054
0.000769888
0.000821172
10.263
405.06
345.252
0.00194262
60.6865
0.00508579
0.0194916
0.000715088
205.093
1.66965
0.000754241
28.6653
0.000680428
0.144388
0.000825157
0.00109776
0.00107194
204.862
58.395
101.526
19.3599
274.078
189.119
267.118
1.29221
206.267
29.217
5.38265
0.0840154
0.00077522
27.9015
66.1822
46.1765
40.9474
0.000749762
419.219
4.99172
2.74171
72.5645
9.57204
21.7945
0.00074212
0.894403
242.067
291.32
0.000766688
51.5323
192.103
0.0114855
0.000786223
425.426
213.159
240.803
0.000735876
1.77768
0.0097748
0.000725082
84.9276
289.116
222.26
1.61
34.226
9.65835
33.8936
32.5991
147.275
0.0415994
53.1158
111.297
42.9256
0.00210358
0.00734001
0.237955
61.7205
241.178
71.2916
35.3736
38.69
82.0058
0.00127655
0.00339165
0.000698338
0.000770102
317.985
0.000790919
56.4704
0.000779403
0.000942397
28.8222
2.08542
87.7559
424.153
53.4797
0.263182
0.000757751
16.8272
8.85357
0.00072745
11.9167
470.353
7.2229
36.9355
16.6318
66.3819
32.3016
0.000744517
300.664
0.00107212
18.3587
0.825665
190.63
0.0007551
87.5393
218.535
0.655943
12.3804
382.946
102.958
0.00094822
0.0173376
222.264
0.000813189
61.456
0.00118115
0.000941496
24.7579
11.9665
0.126383
120.707
0.690014
6.53175
235.901
78.1267
0.000720588
141.332
89.5684
0.000726719
5.73358
103.966
170.515
196.934
0.00311589
36.7067
54.7348
135.308
0.0185248
0.000733441
0.00287763
0.545357
0.5944
0.000759605
0.000756021
0.00182069
1.26297
0.147921
0.00617914
132.755
103.441
0.000754741
119.059
126.538
5.22
96.7958
53.3467
251.235
0.000726993
64.3007
0.00287373
209.864
28.2988
98.9966
19.2591
0.0022831
63.6853
37.3185
95.9108
344.709
379.337
0.405029
61.4984
0.00115045
0.000738575
0.00116875
24.287
0.000829408
45.8881
0.045523
1.57611
0.000754222
46.9989
165.694
353.568
150.691
240.927
0.00100381
30.31
150.198
9.1488
131.159
0.000846669
244.526
0.00118614
0.0010057
274.259
0.00300739
72.5982
0.00169275
59.7008
0.000753585
0.000699181
30.8819
0.00112192
0.00073589
377.341
94.1567
0.0120004
56.488
28.9808
0.00152028
0.000908389
231.182
2.50131
0.000747455
12.8694
0.00331741
54.7517
0.00172897
0.997963
127.182
198.382
0.000895045
200.616
0.00222981
0.000745778
0.00223941
226.912
206.569
29.3482
0.000858216
438.43
35.0539
0.000747591
0.000810608
52.8747
299.631
200.856
117.243
0.000771571
0.000775356
122.11
0.00112246
0.000813373
0.00074761
138.607
0.000991675
1.24918
115.493
53.8699
55.4805
115.491
95.3791
0.000817242
1.27476
171.227
0.000761315
6.63327
10.8518
70.9203
212.067
0.000745362
157.634
2.83842
0.00074449
0.000811096
54.6895
342.687
54.1326
0.000750498
187.427
0.0247994
132.572
37.4608
0.0120799
60.9382
0.00075435
102.379
179.444
0.000746649
64.1004
202.285
220.301
0.230708
24.2187
347.803
0.00633599
0.00100073
209.064
0.000762405
33.764
0.00142566
0.00968944
0.00288594
5.64743
32.6274
30.0092
0.00130457
260.127
11.8521
30.1146
0.00074109
22.3905
5.02082
47.7964
0.791397
0.000760475
147.377
63.913
27.3115
13.9108
219.974
61.8356
0.00120526
342.686
26.611
244.974
157.123
39.5642
141.27
6.33027
148.191
207.243
9.90618
64.4776
0.00750034
0.000757973
34.1913
0.784055
0.000773744
45.759
31.2523
0.000741321
223.875
11.395
0.0007772
111.834
0.00070657
0.0347548
35.1858
0.000890541
0.000767311
174.617
80.818
37.4722
11.1148
142.045
553.256
54.2762
33.3665
122.418
20.24
213.328
0.149746
220.478
421.121
397.828
114.619
0.000993341
48.0584
89.4218
0.00112335
43.4894
2.99643
0.000748384
0.00107654
429.748
156.921
198.938
74.9128
0.415996
0.0113401
54.6271
0.00177452
197.09
348.512
0.000774222
0.00116596
176.677
0.00146188
0.000724329
158.371
4.05382
0.00212339
0.000751344
0.0188623
0.00116594
149.393
0.00137076
1.37948
363.039
0.00652259
34.7114
0.000753156
152.581
63.3272
1.94575
55.0364
0.0064667
0.132468
0.000752966
56.4316
48.0041
0.0118084
411.241
211.112
406.718
0.000711999
14.9467
0.00074731
161.893
0.00076324
0.000748388
378.071
50.3402
33.0822
0.0670206
422.684
0.00167146
525.174
0.001807
111.043
5.41128
27.705
30.4471
41.9807
0.000738767
0.00175241
0.000756509
0.00223556
0.00455553
0.0124747
0.00073083
157.254
109.23
199.844
0.00305603
0.0183478
7.28172
289.323
2.58774
18.8261
0.00103539
55.8705
0.000744907
348.87
0.000740095
0.000933389
18.743
0.000754401
0.0300701
0.000779956
390.186
0.136692
30.0485
176.215
230.006
29.164
0.000731104
0.0592147
2.77808
199.141
16.4011
135.827
42.8027
0.00073953
55.9227
3.43731
206.364
0.000756133
57.4073
28.5405
24.8767
0.0022374
0.0007156
12.7775
0.000707513
0.00483981
306.452
165.883
0.182617
34.1067
386.169
62.775
4.35332
6.35196
0.000755401
100.167
31.5279
0.000745872
305.351
270.168
12.654
3.4626
0.00207617
91.853
275.596
0.0612475
0.00617078
202.646
59.1339
411.278
1.30761
2.71603
41.7747
31.5519
13.2541
111.008
118.933
69.2891
0.0218172
66.1506
125.059
32.8742
0.00761655
21.8506
0.000774258
41.1242
51.1698
0.249108
126.694
34.2157
0.000745763
0.000745782
0.000895759
0.000738163
226.191
11.5975
20.4684
66.6064
161.36
137.736
168.629
0.27108
0.0012835
0.0176781
189.647
121.196
143.538
0.0482242
0.0135981
3.50739
193.829
0.0433844
265.712
0.000835565
79.2211
360.605
20.0944
33.9509
0.000745204
0.000730642
0.0269844
1.03958
1.6956
77.5949
154.579
20.1002
0.000728913
0.000742991
455.239
0.000763636
1.29505
259.461
0.000723558
220.03
91.5955
233.465
89.6146
3.05781
210.963
7.68479
0.00796536
343.027
4.25269
46.6115
34.7321
158.113
0.00116272
182.584
0.000752074
13.3468
0.000756868
205.033
77.9472
0.00112511
0.6232
279.677
0.0014383
0.000930487
98.9829
113.694
0.000951971
49.7997
56.5896
84.7624
0.0884771
3.81813
204.24
150.567
69.8565
0.00106643
9.23517
0.18634
1.19275
2.72445
51.5467
197.956
0.242781
0.000721451
0.000761632
117.394
61.0051
177.318
149.281
225.743
314.794
0.00787846
97.07
91.1978
180.65
79.808
15.7961
58.0059
63.6095
60.7602
19.7085
0.000751241
0.00217169
0.0011967
258.215
0.000749133
230.593
40.8343
95.9708
113.33
249.81
0.000971803
90.6487
351.839
0.000746132
22.9302
31.8389
0.00107804
30.1409
153.528
0.00108916
0.00240871
25.5475
0.0027513
90.4938
30.0819
0.000747545
0.00389473
0.000755985
0.00182552
108.113
137.518
110.431
0.00299974
213.921
30.9664
39.2339
0.000752715
40.3096
68.639
30.2546
32.0727
241.078
0.000752372
18.0893
0.861316
337.854
6.07889
0.331621
0.000719774
0.00130822
0.00275096
0.000767981
0.117969
0.000718706
0.000743386
544.4
8.88999
11.1967
52.2654
87.2853
345.71
15.897
28.5599
54.8109
0.000766652
0.000755252
13.2939
56.6798
55.7272
220.434
0.000694233
0.00984225
0.000748594
0.000723286
0.0122033
0.00125494
378.063
137.398
77.5886
72.1879
0.599525
0.00075903
4.38109
28.4133
80.0569
5.81765
181.98
0.000754906
31.9337
35.4095
30.3827
0.0308966
44.3599
0.0153008
0.000714039
71.3714
0.000763172
0.00216023
162.586
0.000783154
42.5229
188.834
0.000754705
1.15607
11.0645
90.5924
2.62611
116.527
38.6238
6.53824
0.9356
0.00336546
53.0642
15.7723
413.182
67.0648
290.269
334.487
199.065
123.519
0.000751776
0.0157073
384.105
0.00107462
59.0216
213.293
12.2333
0.00074534
0.00562651
409.567
250.007
31.4655
0.00104134
79.6447
1.04573
0.655897
0.000745726
0.0287501
227.296
28.1478
0.000706109
1.40313
60.9084
0.441929
31.909
0.000881439
46.8557
0.071882
0.00134731
0.000744267
123.954
0.00124437
146.826
152.096
0.00149185
0.000734294
35.714
114.954
0.00242929
250.407
1.14462
52.408
0.000783264
3.57778
39.1819
0.000738976
0.0479016
4.02886
69.486
0.146904
120.101
21.5829
40.6066
49.0678
0.272921
38.3462
0.00127646
0.418133
156.558
56.2987
0.000806282
4.99019
12.8002
87.3625
28.8977
211.482
3.14726
0.000722538
4.96916
0.0435518
28.4185
14.7544
357.058
0.000761573
21.0594
0.00290973
262.16
43.3575
54.7816
0.00291094
0.000750589
361.445
80.9211
0.000741912
110.421
0.0599633
0.00231146
0.000756093
0.000753368
275.441
14.3812
0.0936329
1.24005
0.947537
367.122
0.00157808
0.00381746
0.000906729
0.000689043
2.49178
29.2856
0.324858
0.0497291
0.000744613
53.1497
38.5612
0.000801293
0.000723057
374.537
367.487
15.0518
251.253
62.6036
0.000752745
0.000732234
0.000730967
0.241656
151.066
0.000717087
53.6816
28.8454
0.266075
152.05
0.000722406
0.885503
0.00213069
153.375
2.82633
118.263
0.222319
32.9795
0.0064602
0.000728722
196.471
0.0010484
98.9685
67.9109
0.00313068
80.6294
310.122
30.2509
9.23251
0.0015061
159.602
0.000834886
0.000741387
0.00105142
0.000721359
195.74
367.012
82.7357
43.4716
0.00167245
0.000712151
29.0355
87.2828
0.00113722
0.00674248
0.0627216
1.86377
2.2909
339.017
60.9353
0.00078231
291.229
383.603
141.948
114.87
265.184
0.000710465
0.00371885
5.19913
37.038
258.437
112.947
310.177
0.000804211
45.5566
288.404
6.82588
4.05389
74.4003
0.000763661
240.401
100.156
201.2
78.4447
20.5347
30.0286
145.202
0.234665
0.000760141
80.0772
61.3279
39.2082
83.4283
0.0384313
9.13028
30.9486
218.197
0.115118
1.76109
176.912
0.00147999
0.000729914
0.000743889
204.591
0.00433902
92.6399
39.1158
42.8662
14.817
190.707
0.000742568
0.224714
0.35363
0.0518079
3.29663
0.000971053
228.744
97.6575
1.39627
0.000933907
138.616
37.1353
203.424
0.000728753
132.519
79.9427
140.953
0.000760627
0.000736363
226.05
0.000746371
110.914
3.13192
0.000733989
168.523
29.8093
77.0024
241.282
7.55533
104.985
0.000747198
0.00098182
133.38
34.8183
36.2138
278.837
0.000789637
188.681
0.000899286
0.000790946
58.5839
0.271385
0.440557
491.147
365.006
115.841
79.8602
521.742
33.2589
6.03931
0.00215734
0.185665
0.363605
5.16547
0.0400465
85.7594
214.178
388.28
73.8042
43.364
0.000760652
69.1236
0.000784738
53.0193
67.7312
191.191
91.8544
10.0194
0.00240875
0.15255
0.0459833
29.6373
333.639
232.239
56.7215
0.000897975
45.6933
77.7785
0.000746972
76.5577
0.000758847
352.767
0.340849
0.0461615
53.4411
0.000847313
171.392
46.4786
0.000744991
0.000773985
2.77504
0.0014004
49.9875
0.000756461
0.00925487
148.765
27.376
37.5493
210.315
0.000766116
116.921
181.713
60.6451
8.11387
0.000915789
39.6708
0.000738695
1.26265
41.9729
0.000938861
409.192
195.998
0.00276479
10.9598
16.8033
0.00948243
134.962
31.6444
0.000764384
341.141
0.0811045
0.0133569
0.0623861
0.00313763
148.627
327.042
462.615
0.00074118
0.361922
0.0601451
44.3498
28.4319
438.502
321.234
5.44007
82.5596
32.0821
234.657
4.33051
0.000734634
24.2711
0.000750364
140.014
0.000825904
310.447
34.3206
0.000690756
161.936
17.1621
0.00074997
295.393
11.7528
149.118
21.9317
3.66755
40.2895
0.00105376
3.26579
315.89
0.000845684
62.1576
203.265
0.000695356
0.00078036
54.0607
0.000981629
0.00208534
33.2391
203.787
0.000730762
10.0988
116.469
201.385
192.288
116.876
94.0165
100.674
0.00110422
139.502
83.7091
0.191177
142.661
0.00114363
103.809
0.000736834
10.7377
160.708
1.32236
0.00223138
52.5108
0.0703247
79.6435
0.000752474
6.16228
69.8088
0.0797809
200.083
438.294
0.00072101
267.358
0.000745494
38.3264
0.258235
391.253
58.0654
29.0065
127.835
52.8662
13.3836
298.201
234.855
0.000717463
69.2052
52.9986
0.000753931
36.8276
397.099
101.541
440.244
0.000880316
0.0198557
113.562
72.8734
127.664
8.00488
0.0407333
0.0423763
61.6533
0.188691
0.00100614
13.4614
0.000782252
12.2684
0.000738379
93.8517
0.111349
0.000854793
0.000940749
13.7098
0.00168754
54.2832
31.0291
307.26
33.3633
103.088
9.70392
0.00219747
40.358
10.8245
46.161
135.591
0.00831159
0.239109
368.668
111.39
138.161
0.00962862
107.681
0.000746389
348.897
29.7714
102.455
2.15636
0.0422388
11.8607
186.227
146.374
124.135
0.00158995
0.00086868
1.3159
46.1872
71.0455
0.00101445
90.0866
0.00911106
142.583
22.6685
0.040699
405.707
46.1582
53.3272
54.9578
17.4932
285.881
10.6626
0.363479
0.000735945
6.44058
92.364
22.4314
0.000761165
0.154844
68.7802
351.068
0.000745875
73.8326
281.537
419.144
52.8169
33.8547
1.15381
105.547
1.96311
53.4417
22.0648
11.2779
0.00102979
288.202
319.991
252.247
298.779
324.95
0.0409487
0.597868
12.8734
29.0779
411.148
1.06255
0.000748478
394.223
0.113342
0.136842
143.871
1.29492
0.00929753
0.00560299
83.2063
28.8167
0.00153201
12.5957
0.0202893
0.000934161
135.344
0.000789186
115.935
0.00187061
75.8874
5.87306
28.5382
0.00095848
410.201
0.00518464
38.5751
102.194
0.000757331
0.00571997
0.00144677
103.909
0.000760133
416.075
0.000754474
100.3
0.00068709
43.0928
5.64148
3.28996
0.00805
143.614
0.000743915
0.00071339
0.0114033
24.11
286.319
73.6026
0.00789748
0.000836077
28.9412
235.05
0.000873623
0.00428562
0.000759504
0.000744896
0.0128849
29.421
0.000745235
0.000830387
0.00317044
0.161202
493.618
25.4231
6.04658
41.6124
0.53564
423.664
4.59382
416.24
32.3231
1.81583
0.000743242
74.4061
218.035
70.2946
0.00223695
0.155435
0.000734951
0.000750368
46.2083
0.000804114
71.6957
0.796231
69.3329
0.0163372
57.5456
0.000746222
40.2766
0.581408
52.8372
0.000737206
74.3849
401.102
0.00104982
45.9548
27.5276
0.0341627
0.000850643
355.192
45.7069
0.00208765
33.9397
16.1738
30.0977
39.457
8.63289
0.000791032
0.0277796
116.949
69.4407
27.0305
0.000740772
35.497
190.966
0.000883047
0.00983297
40.8633
0.000783366
254.754
0.782615
0.000757405
67.7678
39.7673
0.000735146
31.9582
427.473
176.876
7.85818
176.559
18.7052
0.000741359
61.557
1.32716
139.821
0.000742273
173.083
25.9537
0.00081713
110.605
114.29
71.0997
0.000753178
3.01325
0.00249423
0.000717735
10.416
114.66
107.334
199.36
0.837064
0.000951153
0.0121546
0.0164195
412.351
61.42
0.000894429
0.217092
1.33609
401.223
71.3796
266.897
0.000720756
0.000765555
0.000708697
12.7138
0.0007464
145.713
10.9866
4.45677
0.964162
0.00307844
80.353
0.323246
121.322
0.00123739
0.000749426
0.00413173
0.00208507
4.6876
0.000904222
0.000805759
59.0769
0.000763743
0.000742416
59.6178
29.6573
291.248
0.00149127
0.000735582
0.090632
32.2083
0.0538878
30.7876
9.94357
138.89
95.9212
7.25159
282.247
0.276258
0.000748442
0.666681
0.000872826
33.5239
5.8656
0.0056996
0.252659
13.3929
4.4684
0.209148
0.000765248
10.4212
23.5851
0.000747062
4.54282
4.09256
39.509
0.112872
1.91392
0.000745654
0.000745784
0.000746131
5.21123
0.0285913
34.4637
2.86806
0.0634255
381.979
51.2322
3.94825
0.000747194
0.000742763
0.00900775
42.4934
0.930383
98.6894
95.8307
0.000726149
3.84909
0.000834666
14.6168
0.00074955
29.2157
0.00702502
0.000730891
0.000948081
330.934
26.9946
0.00129311
23.2616
1.59859
88.1011
126.268
130.171
0.002287
117.622
9.08511
0.00137128
85.8156
0.0379115
262.421
0.000711971
81.5821
228.73
0.00364084
32.6654
20.4574
1.70412
187.197
36.6073
15.5358
79.7616
33.4242
78.1671
0.863989
194.387
137.189
222.219
4.26343
0.000743414
58.1661
3.25142
35.029
0.00493764
0.796099
0.00484724
0.000751709
0.643247
0.000746558
15.5724
35.5872
337.598
32.3937
11.2926
32.137
48.4319
111.927
49.7899
0.000711835
2.30615
19.3386
29.0832
23.5749
41.4417
26.3648
0.0007513
43.3332
37.7435
118.824
410.301
0.00105213
409.591
0.000757285
304.136
129.909
70.5967
0.000746383
116.591
0.000743337
43.6844
74.8836
21.2663
107.366
13.1596
67.261
212.631
0.00073506
0.00100251
16.8112
286.608
0.00637171
0.0162533
0.00114687
0.00074473
0.000855512
303.114
58.7789
11.453
0.000748992
0.111881
77.1526
5.86436
0.213776
138.972
5.36924
104.458
0.180556
0.107248
0.361866
211.123
0.000728404
401.419
0.000745577
42.6369
0.00191485
0.62753
0.000737492
128.321
0.00101401
0.000758453
0.00204241
0.00109837
0.00129791
0.034741
0.000775839
8.72613
0.00313161
384.158
0.367648
0.000903566
0.000754407
75.0722
0.00076781
53.5495
6.4022
0.000777227
277.728
205.17
0.000861245
2.76646
124.741
0.0324354
10.1803
2.39304
0.554992
334.563
44.2664
258.844
40.0577
122.054
48.1407
0.00763309
23.3826
313.056
3.43889
2.65782
0.00133765
4.65407
3.79828
0.00160752
302.846
75.6259
6.22005
0.000739386
0.000752866
13.5225
0.00141138
80.7488
0.00837306
0.0075523
26.9543
4.5349
79.6218
50.6447
136.658
35.7098
34.4585
0.0013708
4.37734
58.2125
0.000749668
108.057
0.836841
0.000748203
45.3253
146.515
22.5226
29.4169
0.000750931
3.67382
19.9281
0.000784716
25.4857
0.000852472
44.831
0.000836026
14.2469
74.919
50.8873
0.959485
0.000737532
24.1057
0.148505
165.339
0.0316385
67.7259
20.0014
4.34756
4.81945
1.98558
32.747
140.644
354.509
0.00393214
126.72
28.6371
0.0232091
0.722166
286.515
106.98
0.000745267
16.951
0.000747458
0.00887557
88.5676
344.877
0.00087509
0.00483753
0.000755656
0.00141879
0.000849774
0.000735119
0.000914847
8.21139
91.2133
55.9478
34.5938
101.157
110.172
0.000749361
39.33
3.45366
74.191
27.0885
192.187
0.000737099
1.13807
0.000737789
327.414
2.61239
0.0458852
0.000756078
0.000916555
1.11136
3.96036
4.4709
7.86463
6.13021
0.00083703
37.569
0.000740001
206.649
46.7064
0.0008301
0.139379
46.7278
0.000731994
0.0018851
267.152
0.018862
192.529
0.000904091
329.872
0.00073084
0.00154881
1.56399
35.5037
11.3299
50.1855
46.0835
0.000777056
1.57351
78.9294
68.2661
0.266482
0.00074407
0.757531
0.00074855
54.5519
133.243
0.127397
57.6334
35.0071
36.1497
406.751
0.00600329
0.0781441
0.000728972
179.797
0.000750459
0.00155275
0.0567654
63.5261
430.155
0.974384
0.000770834
0.000773825
58.5808
0.00141507
0.000740951
0.00204359
206.038
36.57
232.747
12.7958
0.00987424
29.0632
84.6295
0.00148087
159.235
0.00778608
0.000728525
2.04197
13.7225
206.052
90.5256
50.1032
0.101169
0.000753438
0.00306329
32.1894
46.0822
45.4635
0.00103596
73.7183
12.4104
3.2114
0.00138962
0.00520366
0.0053491
0.000870409
0.000822605
2.43586
262.59
54.7848
0.000738676
104.704
0.00667644
0.00103237
68.9605
8.27026
0.000743027
0.13242
334.016
0.0014289
1.62467
0.00080033
0.00213289
5.10348
217.708
5.29181
0.00640443
0.00109592
0.281783
0.000720369
0.000740416
0.000772836
19.6378
2.57379
0.00074027
0.000727189
0.435047
138.529
0.00125033
25.8878
34.0482
43.4409
11.3791
0.0111231
119.574
0.000912037
0.000803318
0.762622
0.613216
0.00110936
411.757
0.260418
0.0273122
71.0101
0.000845058
0.00079445
10.1258
64.7253
0.000735096
248.812
110.983
10.3252
0.000750135
164.197
13.6261
44.9452
0.851365
32.4674
94.9077
157.192
26.828
152.172
0.0210073
0.000754891
262.229
131.385
167.83
0.896269
104.096
55.5263
0.000847963
194.386
51.5616
114.348
79.0916
50.9894
0.00148283
0.00219819
408.253
0.000737511
0.00667313
42.3683
169.656
0.00361627
105.275
210.955
13.551
19.7673
71.0128
51.2587
0.0228101
0.000785907
102.291
0.000870498
26.4701
9.07485
35.9223
277.996
0.000930658
0.000813136
0.00175243
417.55
0.00072841
30.6806
0.0110642
0.000735261
114.395
0.000733982
0.000762728
5.4963
43.7572
9.66482
42.5411
0.000750751
2.53255
0.941594
0.00336619
0.00187659
0.000746724
45.1302
1.43716
194.489
0.000707141
0.140908
104.786
99.2993
0.00271954
0.000745905
0.000746219
95.8101
21.2071
0.0294957
1.14771
0.00171782
0.000723885
19.2659
133.189
8.69552
2.15848
13.9178
0.601001
0.0027797
14.942
20.9137
123.382
197.685
74.7066
0.00205383
14.3034
30.623
67.2622
0.0046918
90.1548
0.000747923
0.000756988
314.051
5.76683
339.421
0.000887352
336.214
39.1677
0.161579
0.00217043
30.974
187.872
82.4516
0.000726473
0.00073313
0.000821352
0.000847016
172.156
0.120756
0.000745344
0.143926
148.77
13.314
26.2385
400.788
56.4261
311.223
412.466
0.001178
0.0103689
0.0010159
196.297
0.439929
21.3527
0.00100557
135.637
0.125422
0.000720435
0.0015507
0.00105678
40.0811
0.000821199
0.000744629
406.882
27.9374
45.4681
25.214
0.00121741
60.7455
58.3198
0.000784762
54.5169
0.000787553
1.12722
292.317
0.00765041
148.079
0.000727906
0.000752085
54.7468
115.413
1.44052
30.4863
0.0039032
121.484
32.2486
9.61319
0.000782572
0.000795784
42.1934
0.000871391
184.018
0.320001
15.8385
0.632844
0.416807
26.7473
0.00085936
0.000836605
241.959
0.00081625
7.47025
44.1474
0.000760523
0.000734327
0.00074872
35.5513
90.9016
0.000735865
0.00622588
0.175846
73.967
24.0923
0.000760958
0.000886832
402.531
94.425
136.047
8.30842
0.000927893
0.00092799
127.204
0.39989
119.105
72.1516
0.000889375
0.00114583
28.9548
1.60146
0.00113854
182.359
0.0427519
17.0879
389.837
277.004
304.881
40.7256
0.000747617
0.000746401
97.0237
71.7794
207.524
1.70427
0.000736561
0.00105443
5.05798
0.000775617
45.4659
149.659
0.000705533
99.5004
0.000746861
0.000752775
0.000759038
226.072
94.4188
221.59
0.00884308
0.000822389
20.0541
0.00989219
2.06917
38.7415
99.3157
125.921
0.0845576
0.000791601
0.000766584
0.000740753
13.2063
303.101
0.00510318
82.3305
10.1958
0.000740663
0.310113
0.000747968
7.4904
44.4706
342.197
0.298629
29.6762
0.000746236
181.452
0.00190872
6.84636
104.247
0.000888699
168.008
1.34466
21.5514
39.149
3.82913
54.08
67.6022
93.5403
0.00107468
1.84397
74.3247
0.00100938
31.5648
2.50042
108.927
99.2733
0.00106749
44.3135
0.0010149
1.31431
0.0180142
0.000727473
141.819
0.000748328
45.6228
225.458
0.000746972
0.0013292
79.0923
0.000721964
0.00154712
0.000745139
0.0774316
47.7437
182.075
0.232516
0.000719915
0.00774349
39.8429
2.92343
0.424928
281.177
89.0443
1.14353
131.993
0.00470454
190.056
2.60151
0.000750192
390.194
0.00919384
34.3614
1.50122
10.5076
116.608
0.568516
0.00340474
0.070532
7.99834
323.518
0.000778747
7.48523
39.8479
0.0464131
140.575
54.3922
2.78864
10.8445
0.000781445
0.0407032
1.09753
0.00086187
44.2569
0.000736103
0.117715
136.837
42.2257
31.5143
117.737
0.0514409
0.000742527
8.50347
0.000708703
60.7865
20.3855
165.39
0.00074632
57.0164
119.023
40.7011
53.7927
0.000780107
0.777238
1.8372
124.283
3.48362
0.257624
104.132
7.63011
0.000749756
58.6008
29.7056
0.000924066
74.0378
0.220667
174.496
9.91484
0.0485258
0.424848
0.0246761
73.1156
135.361
0.888993
1.27119
100.615
17.566
1.32468
202.368
0.000776531
166.439
57.4316
0.242996
0.00080862
78.3517
100.208
0.965125
231.083
0.000783088
403.019
75.0717
0.000754324
0.000747836
0.00187744
29.7364
27.6809
0.000726624
188.983
132.241
95.9177
119.724
0.203487
0.000723872
0.000750945
0.000747113
0.403546
28.3463
0.00160119
0.000749986
0.000872733
97.6598
98.4763
0.000985979
0.0103164
0.14411
21.7608
98.2047
59.7693
20.8859
9.5151
202.123
70.4915
0.00286236
78.7045
0.000743354
0.000789141
163.025
409.791
0.00090893
52.9539
0.000745448
0.00192039
406.577
0.000840491
39.1662
0.00811492
78.0224
0.000854303
0.00074223
62.8865
0.000754145
9.77534
75.2617
41.578
8.51452
79.7234
0.0362233
0.000759182
0.00254287
401.095
119.437
39.5758
0.000744436
0.0071486
0.186683
0.0108002
2.00464
0.000928954
15.8448
400.072
0.00118744
103.562
0.000753755
93.0128
0.000730147
0.00073865
167.869
78.3947
173.075
0.00374881
0.00081489
0.000750317
0.00754337
44.17
300.995
0.000875352
0.00796313
105.116
67.4391
29.9719
0.813168
0.000701395
104.625
414.62
0.729536
0.872369
1.7533
0.000825447
190.339
280.351
8.31245
318.533
59.5736
0.00601583
0.000862099
49.1553
0.000745061
286.174
0.000869576
117.126
14.5837
2.04394
98.144
77.8271
68.2195
92.6554
189.728
0.000707086
72.4296
88.9499
0.00852771
0.000742887
1.68867
316.274
88.995
82.1536
189.189
0.000753553
0.000751207
406.827
1.45899
59.8692
0.246351
3.64156
0.24583
0.000742576
0.000755535
0.770653
2.13954
96.4923
253.712
62.9165
127.838
33.5748
0.00644637
0.00452011
0.544507
1.32468
79.8526
0.00455862
2.57661
)
;

boundaryField
{
    frontAndBack
    {
        type            empty;
    }
    cylinder
    {
        type            epsilonWallFunction;
        value           nonuniform List<scalar> 
244
(
2388.36
2392.44
2391.16
2386.22
2377.07
2362.98
2343.54
2318.96
2289.14
2254.2
2214.33
2169.68
2121.11
2069.57
2015.89
1960.97
1905.92
1851.72
1799.05
1748.43
1700.37
1655.19
1613.04
1574.08
1538.34
1505.73
1476.15
1449.5
1425.69
1404.55
1385.96
1369.78
1355.88
1344.11
1334.4
1326.6
1320.6
1316.32
1313.73
1312.74
1313.25
1315.24
1318.67
1323.48
1329.71
1337.39
1346.49
1356.96
1368.91
1382.46
1397.62
1414.34
1432.86
1453.17
1475.24
1498.93
1524.06
1550.29
1576.89
1603.23
1628.87
1653.88
1678.09
1701.18
1723.13
1744.11
1764.56
1784.58
1804.48
1824.25
1843.04
1860.52
1877.25
1893.5
1909.65
1925.93
1943.04
1961.54
1981.95
2004.59
2029.84
2057.35
2086.6
2117.22
2148.84
2181.15
2214.09
2247.85
2282.06
2316.71
2351.82
2387.57
2423.83
2460.62
2498.09
2536.24
2574.99
2614.44
2654.72
2695.9
2737.83
2780.52
2824.24
2868.96
2914.5
2961.21
3008.94
3057.56
3107.12
3157.84
3209.75
3262.77
3316.78
3372.34
3429.04
3487.24
3546.74
3608.27
3671.81
3737.37
3804.84
3874.36
3947
4022.26
4099.51
4178.8
4260.54
4345.67
4433.61
4524.31
4617.49
4713.35
4812.35
4913.36
5016.72
5126.53
5264.54
5389.43
5514.15
5641.45
5771.25
5903.49
6038.5
6176.34
6316.57
6459.42
6604.67
6751.61
6899.94
7049.42
7199.85
7350.36
7500.87
7650.76
7799.17
7945.5
8089.23
8228.97
8363.57
8491.76
8605.56
8689.38
8746.45
8778.38
8784.97
8764.43
8715.15
8634.65
8518.86
8363.1
8163
7913.89
7609.43
7242.7
6808.37
6298.52
5690.34
4732.23
4308.85
4096.46
4012.59
3973.07
3892.26
3747.88
3589.32
3419.28
3240.56
3062.27
2889.78
2726.45
2576.62
2443.98
2330.55
2236.73
2161.47
2103.16
2059.62
2028.17
2006.29
1991.83
1983.22
1979.04
1978.09
1979.69
1983.28
1988.44
1995.04
2003.05
2012.25
2022.6
2034.04
2046.66
2060.33
2075.01
2090.63
2107.08
2124.13
2141.66
2159.4
2177.03
2194.28
2210.96
2226.77
2241.3
2254.36
2265.82
2275.51
2283.54
2290.19
2295.58
2299.92
2303.72
2307.67
2312.04
2316.97
2322.91
2329.99
2337.92
2346.42
2355.26
2364.47
2373.12
2380.3
2385.41
)
;
        Cmu             0.09;
        kappa           0.41;
        E               9.8;
    }
    domain_boundary
    {
        type            freestream;
        freestreamValue uniform 0.000765;
        value           nonuniform List<scalar> 
64
(
0.000737601
0.000721519
0.000736432
0.000765
0.000765
0.0242188
0.0016249
0.000683478
0.000765
1.05031
0.0363666
0.000765
0.000765
0.000765
0.000688779
2.02457
0.000694686
0.000765
0.000765
0.000765
0.000765
0.000765
0.000765
0.000765
1.95831
0.00074319
0.000765
0.000765373
0.000866574
0.000765
0.000704098
0.000718724
0.000718978
0.000765
0.0821413
0.000765
0.000725774
0.00068837
0.000765
0.000765
0.000765
0.000732754
0.000749858
0.000765
0.000765
0.000714424
0.000731702
0.000680428
0.545357
0.000765
0.000765
0.000765
0.000765
0.000765
0.000765
0.000765
0.00389473
0.000765
0.272921
0.000750589
0.000723057
0.000721359
0.000765
0.000765
)
;
    }
}


// ************************************************************************* //
