/*--------------------------------*- C++ -*----------------------------------*\
| =========                 |                                                 |
| \\      /  F ield         | OpenFOAM: The Open Source CFD Toolbox           |
|  \\    /   O peration     | Version:  2.3.1                                 |
|   \\  /    A nd           | Web:      www.OpenFOAM.org                      |
|    \\/     M anipulation  |                                                 |
\*---------------------------------------------------------------------------*/
FoamFile
{
    version     2.0;
    format      ascii;
    class       surfaceScalarField;
    location    "1";
    object      phi;
}
// * * * * * * * * * * * * * * * * * * * * * * * * * * * * * * * * * * * * * //

dimensions      [0 3 -1 0 0 0 0];

internalField   nonuniform List<scalar> 
5856
(
-4.45579e-08
4.4558e-08
-2.8238e-08
-1.63199e-08
1.03554e-07
-1.31792e-07
2.72132e-07
-1.68578e-07
4.09218e-07
-1.37087e-07
4.752e-07
-6.59819e-08
4.77729e-07
-2.52933e-09
4.25664e-07
5.20655e-08
3.26483e-07
9.91814e-08
2.02296e-07
1.24186e-07
8.82198e-08
1.14077e-07
6.39274e-08
2.42924e-08
-1.71777e-08
6.17357e-08
1.54042e-07
-1.87539e-07
3.36563e-07
-3.14313e-07
4.77818e-07
-3.09833e-07
5.66409e-07
-2.25678e-07
6.21265e-07
-1.20837e-07
6.38338e-07
-1.96029e-08
5.83732e-07
1.06672e-07
4.81905e-07
2.01009e-07
3.4435e-07
2.61741e-07
1.8941e-07
2.69016e-07
2.1452e-07
3.88175e-08
8.29118e-08
-2.11761e-08
2.36188e-07
-3.40815e-07
3.31466e-07
-4.09592e-07
3.53086e-07
-3.31453e-07
3.34487e-07
-2.07078e-07
2.95564e-07
-8.19136e-08
2.40758e-07
3.52024e-08
2.03345e-07
1.44086e-07
1.5285e-07
2.51503e-07
7.34654e-08
3.41126e-07
-5.4243e-08
3.96724e-07
4.36554e-07
-2.76276e-07
5.84952e-08
-7.96712e-08
5.61134e-08
-3.38433e-07
-5.56087e-08
-2.9787e-07
-2.17595e-07
-1.69466e-07
-3.61553e-07
-6.31208e-08
-4.47756e-07
4.28943e-09
-4.65114e-07
5.25606e-08
-4.31787e-07
1.10759e-07
-3.80823e-07
2.00539e-07
-3.63143e-07
3.23445e-07
-4.4359e-07
4.77172e-07
6.85883e-07
-6.92919e-07
-7.60297e-08
-3.6414e-09
-3.17591e-07
-9.68716e-08
-6.51505e-07
3.6044e-08
-9.69478e-07
1.48507e-07
-1.19597e-06
1.63373e-07
-1.29126e-06
9.95813e-08
-1.26065e-06
2.19496e-08
-1.13041e-06
-1.94858e-08
-9.5863e-07
2.87617e-08
-8.21318e-07
1.86134e-07
-7.91767e-07
4.47621e-07
8.14711e-07
-9.20596e-07
-2.98083e-07
2.94442e-07
-7.87699e-07
3.92745e-07
-1.33433e-06
5.82678e-07
-1.82588e-06
6.40053e-07
-2.16735e-06
5.0484e-07
-2.29978e-06
2.32011e-07
-2.21887e-06
-5.8959e-08
-1.95391e-06
-2.8444e-07
-1.6014e-06
-3.23755e-07
-1.27752e-06
-1.37747e-07
-1.03033e-06
2.00429e-07
6.72952e-07
-8.88566e-07
-5.12771e-07
8.07213e-07
-1.19786e-06
1.07783e-06
-1.92252e-06
1.30735e-06
-2.56923e-06
1.28676e-06
-3.02498e-06
9.60582e-07
-3.21363e-06
4.20666e-07
-3.12228e-06
-1.50306e-07
-2.78893e-06
-6.17797e-07
-2.28011e-06
-8.32575e-07
-1.67752e-06
-7.40329e-07
-1.13057e-06
-3.46528e-07
1.97888e-07
-6.55501e-07
-5.77563e-07
1.38478e-06
-1.2945e-06
1.79477e-06
-2.01805e-06
2.03089e-06
-2.63806e-06
1.90678e-06
-3.05157e-06
1.37409e-06
-3.21071e-06
5.79805e-07
-3.13075e-06
-2.30265e-07
-2.86744e-06
-8.81104e-07
-2.43373e-06
-1.26629e-06
-1.83105e-06
-1.34301e-06
-1.08329e-06
-1.09429e-06
-5.64587e-07
-3.20812e-07
-4.10694e-07
1.79547e-06
-9.2897e-07
2.31305e-06
-1.41039e-06
2.51231e-06
-1.77396e-06
2.27035e-06
-1.95676e-06
1.55689e-06
-1.96389e-06
5.86938e-07
-1.85108e-06
-3.43073e-07
-1.67123e-06
-1.06096e-06
-1.44317e-06
-1.49434e-06
-1.12972e-06
-1.65646e-06
-6.42139e-07
-1.58187e-06
-1.27663e-06
6.99082e-08
-7.22089e-08
1.86768e-06
-2.34442e-07
2.47528e-06
-3.21728e-07
2.59959e-06
-3.52226e-07
2.30085e-06
-3.19488e-07
1.52415e-06
-2.30411e-07
4.9786e-07
-7.67463e-08
-4.96737e-07
1.12128e-07
-1.24984e-06
2.96463e-07
-1.67868e-06
4.66932e-07
-1.82693e-06
6.64858e-07
-1.77979e-06
-1.59695e-06
9.8517e-07
3.61617e-07
1.50606e-06
6.00037e-07
2.23686e-06
8.70844e-07
2.32879e-06
1.12705e-06
2.04465e-06
1.33894e-06
1.31226e-06
1.52506e-06
3.11735e-07
1.70277e-06
-6.74438e-07
1.85943e-06
-1.40651e-06
1.99403e-06
-1.81327e-06
2.12897e-06
-1.96187e-06
2.28327e-06
-1.9341e-06
-1.77544e-06
2.46177e-06
4.85045e-07
1.02102e-06
1.23044e-06
1.49147e-06
1.92443e-06
1.63479e-06
2.50134e-06
1.46774e-06
2.94783e-06
8.65769e-07
3.27823e-06
-1.86701e-08
3.48371e-06
-8.79919e-07
3.58085e-06
-1.50364e-06
3.61879e-06
-1.85122e-06
3.65452e-06
-1.99759e-06
3.7285e-06
-2.00809e-06
3.85551e-06
-1.90245e-06
2.93287e-08
-5.03633e-09
7.5604e-08
-4.62752e-08
1.37649e-07
-6.20445e-08
2.44108e-07
-1.0646e-07
3.98952e-07
-1.54844e-07
5.77207e-07
-1.78255e-07
7.33201e-07
-1.55995e-07
8.05131e-07
-7.19298e-08
7.45954e-07
5.91773e-08
5.4203e-07
2.03924e-07
2.41749e-07
3.00281e-07
2.41749e-07
-1.22979e-07
1.5676e-07
-3.21645e-07
1.52391e-07
-4.92513e-07
1.08823e-07
-5.58203e-07
-4.07689e-08
-4.98222e-07
-2.14825e-07
-3.32995e-07
-3.43482e-07
-1.12081e-07
-3.76909e-07
9.63471e-08
-2.80358e-07
2.33969e-07
-7.84447e-08
2.22327e-07
2.15566e-07
9.8565e-08
4.24043e-07
3.40314e-07
-6.33463e-07
5.13946e-07
-1.03637e-06
5.55301e-07
-1.36351e-06
4.35959e-07
-1.58968e-06
1.85397e-07
-1.70668e-06
-9.78231e-08
-1.67085e-06
-3.79305e-07
-1.46929e-06
-5.78476e-07
-1.11727e-06
-6.3238e-07
-7.06211e-07
-4.89499e-07
-3.54642e-07
-1.36002e-07
-1.14315e-07
1.83716e-07
2.25999e-07
-1.10212e-06
9.23144e-07
-1.55391e-06
1.00709e-06
-1.97297e-06
8.55026e-07
-2.33904e-06
5.51468e-07
-2.60865e-06
1.71788e-07
-2.73897e-06
-2.48986e-07
-2.66113e-06
-6.56321e-07
-2.31349e-06
-9.80018e-07
-1.68467e-06
-1.11832e-06
-8.60603e-07
-9.60074e-07
-1.97692e-07
-4.79195e-07
2.83069e-08
-1.16897e-06
1.17152e-06
-1.46515e-06
1.30327e-06
-1.78833e-06
1.17821e-06
-2.13519e-06
8.98334e-07
-2.47517e-06
5.11766e-07
-2.75511e-06
3.09565e-08
-2.90539e-06
-5.06046e-07
-2.83992e-06
-1.04548e-06
-2.43352e-06
-1.52471e-06
-1.59639e-06
-1.79721e-06
-5.20643e-07
-1.55494e-06
-4.92336e-07
-8.34822e-07
1.11777e-06
-8.49282e-07
1.31773e-06
-9.27102e-07
1.25603e-06
-1.06182e-06
1.03306e-06
-1.25443e-06
7.04373e-07
-1.51508e-06
2.91602e-07
-1.81202e-06
-2.09105e-07
-2.07314e-06
-7.84357e-07
-2.16958e-06
-1.42828e-06
-1.88179e-06
-2.085e-06
-9.92774e-07
-2.44395e-06
-1.48511e-06
-2.65978e-07
7.28251e-07
1.36559e-08
1.03809e-06
1.71446e-07
1.09824e-06
2.2907e-07
9.75433e-07
2.05575e-07
7.27868e-07
1.00987e-07
3.96191e-07
-1.17721e-07
9.60215e-09
-4.55981e-07
-4.46097e-07
-8.58636e-07
-1.02563e-06
-1.18527e-06
-1.75836e-06
-9.94544e-07
-2.63468e-06
-2.47965e-06
3.63235e-07
4.42043e-08
8.88925e-07
5.12403e-07
1.23407e-06
7.53088e-07
1.41781e-06
7.91695e-07
1.4668e-06
6.7888e-07
1.3964e-06
4.66591e-07
1.2178e-06
1.88196e-07
9.30502e-07
-1.58795e-07
5.34123e-07
-6.29248e-07
4.18517e-08
-1.26609e-06
-3.6787e-07
-2.22496e-06
-2.84752e-06
8.91648e-07
-7.77535e-07
1.63116e-06
-2.2711e-07
2.16037e-06
2.23882e-07
2.46075e-06
4.91311e-07
2.55991e-06
5.79719e-07
2.49846e-06
5.28041e-07
2.30704e-06
3.79622e-07
1.99857e-06
1.49669e-07
1.56021e-06
-1.90884e-07
1.02547e-06
-7.31348e-07
3.72836e-07
-1.57233e-06
-2.47469e-06
1.50548e-06
-1.29785e-06
2.17197e-06
-8.93602e-07
2.82151e-06
-4.25656e-07
3.29169e-06
2.11358e-08
3.51469e-06
3.56718e-07
3.50378e-06
5.38944e-07
3.30943e-06
5.73979e-07
2.97245e-06
4.86643e-07
2.49791e-06
2.83659e-07
1.83857e-06
-7.20081e-08
1.00909e-06
-7.42851e-07
-1.46559e-06
2.68258e-06
-1.51865e-06
2.98949e-06
-1.20051e-06
3.40424e-06
-8.40402e-07
3.85986e-06
-4.34491e-07
4.21873e-06
-2.14947e-09
4.36761e-06
3.9006e-07
4.27484e-06
6.66758e-07
3.96607e-06
7.95409e-07
3.46472e-06
7.85012e-07
2.75254e-06
6.40171e-07
1.70427e-06
3.05422e-07
2.38672e-07
4.01719e-06
-1.68034e-06
4.17938e-06
-1.3627e-06
4.34031e-06
-1.00133e-06
4.53926e-06
-6.33439e-07
4.78686e-06
-2.49748e-07
5.00674e-06
1.70183e-07
5.08564e-06
5.8786e-07
4.94682e-06
9.34224e-07
4.55947e-06
1.17236e-06
3.85019e-06
1.34945e-06
2.55684e-06
1.59878e-06
2.79551e-06
-4.4959e-08
4.4959e-08
-2.91083e-08
-1.58506e-08
1.01662e-07
-1.3077e-07
2.69611e-07
-1.67949e-07
4.06276e-07
-1.36665e-07
4.71823e-07
-6.55478e-08
4.74239e-07
-2.41509e-09
4.22209e-07
5.20296e-08
3.23259e-07
9.89497e-08
1.9955e-07
1.2371e-07
8.62044e-08
1.13345e-07
6.30441e-08
2.31603e-08
-1.80651e-08
6.30241e-08
1.52124e-07
-1.8604e-07
3.34227e-07
-3.12873e-07
4.75015e-07
-3.08737e-07
5.63235e-07
-2.24884e-07
6.18016e-07
-1.20329e-07
6.34602e-07
-1.90007e-08
5.79717e-07
1.06914e-07
4.77717e-07
2.00949e-07
3.40222e-07
2.61205e-07
1.85698e-07
2.67869e-07
2.13058e-07
3.56844e-08
8.25757e-08
-1.95515e-08
2.35196e-07
-3.38661e-07
3.30287e-07
-4.07963e-07
3.51771e-07
-3.30221e-07
3.3299e-07
-2.06103e-07
2.9363e-07
-8.09688e-08
2.38631e-07
3.5998e-08
2.00822e-07
1.44723e-07
1.49905e-07
2.51866e-07
7.01303e-08
3.4098e-07
-5.80661e-08
3.96065e-07
4.36209e-07
-2.81217e-07
5.80625e-08
-7.7614e-08
5.60136e-08
-3.36612e-07
-5.55557e-08
-2.96394e-07
-2.17654e-07
-1.68124e-07
-3.6186e-07
-6.18965e-08
-4.48234e-07
5.40544e-09
-4.65788e-07
5.35516e-08
-4.32742e-07
1.11677e-07
-3.8228e-07
2.01404e-07
-3.65401e-07
3.24102e-07
-4.47204e-07
4.77869e-07
6.87455e-07
-6.9845e-07
-7.58714e-08
-1.74261e-09
-3.16839e-07
-9.56446e-08
-6.50848e-07
3.76156e-08
-9.68978e-07
1.50007e-07
-1.19565e-06
1.64772e-07
-1.291e-06
1.00757e-07
-1.26045e-06
2.29992e-08
-1.13041e-06
-1.83607e-08
-9.58986e-07
2.99815e-08
-8.22609e-07
1.87725e-07
-7.94584e-07
4.49844e-07
8.17759e-07
-9.24888e-07
-2.97554e-07
2.95811e-07
-7.87227e-07
3.94028e-07
-1.33384e-06
5.84227e-07
-1.82551e-06
6.41675e-07
-2.16692e-06
5.06184e-07
-2.29906e-06
2.32894e-07
-2.21793e-06
-5.8124e-08
-1.95294e-06
-2.83356e-07
-1.6008e-06
-3.22156e-07
-1.27774e-06
-1.35337e-07
-1.03153e-06
2.03635e-07
6.76677e-07
-8.90446e-07
-5.12562e-07
8.08373e-07
-1.19777e-06
1.07924e-06
-1.92283e-06
1.30928e-06
-2.56997e-06
1.28882e-06
-3.02583e-06
9.62046e-07
-3.21423e-06
4.2129e-07
-3.12229e-06
-1.50061e-07
-2.78827e-06
-6.17378e-07
-2.27909e-06
-8.31336e-07
-1.67653e-06
-7.37899e-07
-1.13009e-06
-3.42796e-07
2.01685e-07
-6.55103e-07
-5.77885e-07
1.38626e-06
-1.29549e-06
1.79684e-06
-2.02007e-06
2.03386e-06
-2.64103e-06
1.90978e-06
-3.05493e-06
1.37594e-06
-3.21385e-06
5.80207e-07
-3.13318e-06
-2.30725e-07
-2.86899e-06
-8.81574e-07
-2.43429e-06
-1.26603e-06
-1.83066e-06
-1.34153e-06
-1.08201e-06
-1.09145e-06
-5.61092e-07
-3.19234e-07
-4.11822e-07
1.79808e-06
-9.31233e-07
2.31625e-06
-1.41383e-06
2.51646e-06
-1.77829e-06
2.27424e-06
-1.96134e-06
1.559e-06
-1.96815e-06
5.87021e-07
-1.85493e-06
-3.43944e-07
-1.67466e-06
-1.06185e-06
-1.44608e-06
-1.49461e-06
-1.13177e-06
-1.65584e-06
-6.42867e-07
-1.58035e-06
-1.27443e-06
7.04758e-08
-7.40277e-08
1.87211e-06
-2.37318e-07
2.47954e-06
-3.25235e-07
2.60437e-06
-3.55989e-07
2.305e-06
-3.23218e-07
1.52622e-06
-2.34074e-07
4.97877e-07
-8.04937e-08
-4.97524e-07
1.0829e-07
-1.25063e-06
2.92561e-07
-1.67888e-06
4.63104e-07
-1.82639e-06
6.61558e-07
-1.7788e-06
-1.59589e-06
9.83013e-07
3.59485e-07
1.51262e-06
5.97329e-07
2.2417e-06
8.68443e-07
2.33326e-06
1.12494e-06
2.04851e-06
1.33676e-06
1.3144e-06
1.52232e-06
3.12324e-07
1.69938e-06
-6.74588e-07
1.85546e-06
-1.40671e-06
1.98966e-06
-1.81308e-06
2.12447e-06
-1.96119e-06
2.27895e-06
-1.93328e-06
-1.77493e-06
2.45798e-06
4.81283e-07
1.03134e-06
1.2271e-06
1.49588e-06
1.92226e-06
1.63809e-06
2.49965e-06
1.47111e-06
2.94581e-06
8.68245e-07
3.27567e-06
-1.7539e-08
3.48062e-06
-8.79543e-07
3.57726e-06
-1.50335e-06
3.61474e-06
-1.85056e-06
3.6502e-06
-1.99665e-06
3.72422e-06
-2.0073e-06
3.85156e-06
-1.90226e-06
2.88444e-08
-5.6841e-09
7.51908e-08
-4.63464e-08
1.3711e-07
-6.19191e-08
2.4342e-07
-1.0631e-07
3.97976e-07
-1.54556e-07
5.75857e-07
-1.77881e-07
7.31472e-07
-1.55614e-07
8.03198e-07
-7.17261e-08
7.44067e-07
5.91305e-08
5.40642e-07
2.03425e-07
2.41117e-07
2.99525e-07
2.41117e-07
-1.26186e-07
1.56186e-07
-3.25302e-07
1.5277e-07
-4.96307e-07
1.09085e-07
-5.61989e-07
-4.0628e-08
-5.02079e-07
-2.14466e-07
-3.37018e-07
-3.42942e-07
-1.16153e-07
-3.76479e-07
9.25303e-08
-2.80409e-07
2.30686e-07
-7.90251e-08
2.20218e-07
2.13893e-07
9.7669e-08
4.22074e-07
3.38786e-07
-6.39707e-07
5.14676e-07
-1.04294e-06
5.56001e-07
-1.37008e-06
4.36225e-07
-1.5965e-06
1.85795e-07
-1.71377e-06
-9.7198e-08
-1.6782e-06
-3.7851e-07
-1.47652e-06
-5.78158e-07
-1.12376e-06
-6.33169e-07
-7.10962e-07
-4.91825e-07
-3.56314e-07
-1.40754e-07
-1.1443e-07
1.8019e-07
2.24356e-07
-1.10888e-06
9.25104e-07
-1.56095e-06
1.00807e-06
-1.98016e-06
8.55442e-07
-2.34649e-06
5.52119e-07
-2.61643e-06
1.72741e-07
-2.74682e-06
-2.4812e-07
-2.66903e-06
-6.55942e-07
-2.32112e-06
-9.81081e-07
-1.69103e-06
-1.12191e-06
-8.6507e-07
-9.66716e-07
-1.98644e-07
-4.86237e-07
2.57123e-08
-1.17388e-06
1.1741e-06
-1.47011e-06
1.3043e-06
-1.79317e-06
1.1785e-06
-2.13969e-06
8.9864e-07
-2.47917e-06
5.12216e-07
-2.75878e-06
3.1497e-08
-2.90908e-06
-5.05641e-07
-2.84425e-06
-1.04592e-06
-2.43898e-06
-1.52718e-06
-1.60239e-06
-1.80331e-06
-5.24163e-07
-1.56447e-06
-4.98451e-07
-8.36886e-07
1.12054e-06
-8.51232e-07
1.31865e-06
-9.28587e-07
1.25585e-06
-1.0624e-06
1.03245e-06
-1.25376e-06
7.03582e-07
-1.51311e-06
2.90839e-07
-1.80931e-06
-2.0944e-07
-2.07044e-06
-7.84782e-07
-2.16848e-06
-1.42914e-06
-1.88387e-06
-2.08791e-06
-9.96567e-07
-2.45177e-06
-1.49502e-06
-2.656e-07
7.31034e-07
1.40402e-08
1.03901e-06
1.72191e-07
1.0977e-06
2.30561e-07
9.7408e-07
2.08034e-07
7.26109e-07
1.04505e-07
3.94369e-07
-1.12901e-07
7.9661e-09
-4.50226e-07
-4.47457e-07
-8.52595e-07
-1.02678e-06
-1.18111e-06
-1.7594e-06
-9.94265e-07
-2.63862e-06
-2.48928e-06
3.64747e-07
4.70527e-08
8.90275e-07
5.13479e-07
1.23551e-06
7.52465e-07
1.41962e-06
7.89972e-07
1.46913e-06
6.76602e-07
1.39936e-06
4.64138e-07
1.22153e-06
1.85792e-07
9.34699e-07
-1.60621e-07
5.39068e-07
-6.31144e-07
4.72059e-08
-1.26753e-06
-3.64404e-07
-2.22701e-06
-2.85369e-06
8.92874e-07
-7.75345e-07
1.63238e-06
-2.26023e-07
2.16158e-06
2.23264e-07
2.46217e-06
4.89383e-07
2.5617e-06
5.77073e-07
2.50067e-06
5.25161e-07
2.30966e-06
3.76805e-07
2.00183e-06
1.47205e-07
1.56385e-06
-1.93161e-07
1.02914e-06
-7.32821e-07
3.75888e-07
-1.57376e-06
-2.4778e-06
1.50467e-06
-1.297e-06
2.17201e-06
-8.93361e-07
2.82178e-06
-4.26515e-07
3.29216e-06
1.901e-08
3.51554e-06
3.53687e-07
3.50519e-06
5.35519e-07
3.31137e-06
5.70623e-07
2.97498e-06
4.83588e-07
2.50081e-06
2.8101e-07
1.84177e-06
-7.37741e-08
1.01179e-06
-7.4378e-07
-1.46601e-06
2.67974e-06
-1.51876e-06
2.98771e-06
-1.20134e-06
3.40326e-06
-8.42055e-07
3.85917e-06
-4.36904e-07
4.21829e-06
-5.43465e-09
4.36769e-06
3.86119e-07
4.2756e-06
6.62713e-07
3.96751e-06
7.91675e-07
3.46667e-06
7.81855e-07
2.75514e-06
6.37754e-07
1.70703e-06
3.04327e-07
2.41027e-07
4.01378e-06
-1.68098e-06
4.17668e-06
-1.36424e-06
4.33832e-06
-1.00369e-06
4.53778e-06
-6.36364e-07
4.78547e-06
-2.53126e-07
5.00551e-06
1.66079e-07
5.0848e-06
5.83429e-07
4.94657e-06
9.29901e-07
4.55978e-06
1.16864e-06
3.85107e-06
1.34647e-06
2.55803e-06
1.59736e-06
2.79906e-06
-4.54145e-08
4.54145e-08
-2.99612e-08
-1.54533e-08
1.00245e-07
-1.30206e-07
2.68e-07
-1.67755e-07
4.04614e-07
-1.36614e-07
4.70099e-07
-6.5485e-08
4.72451e-07
-2.35155e-09
4.20326e-07
5.2125e-08
3.21299e-07
9.90262e-08
1.97646e-07
1.23653e-07
8.4581e-08
1.13065e-07
6.25833e-08
2.19977e-08
-1.87286e-08
6.41431e-08
1.50886e-07
-1.85067e-07
3.32913e-07
-3.12234e-07
4.73617e-07
-3.08459e-07
5.61762e-07
-2.24759e-07
6.165e-07
-1.20222e-07
6.32842e-07
-1.86942e-08
5.77657e-07
1.07311e-07
4.7531e-07
2.01373e-07
3.37542e-07
2.61422e-07
1.82942e-07
2.67664e-07
2.12673e-07
3.28522e-08
8.24011e-08
-1.8258e-08
2.34719e-07
-3.37386e-07
3.29895e-07
-4.0741e-07
3.51448e-07
-3.30012e-07
3.3261e-07
-2.05921e-07
2.92971e-07
-8.05827e-08
2.37693e-07
3.6584e-08
1.9946e-07
1.45543e-07
1.48013e-07
2.52819e-07
6.77343e-08
3.417e-07
-6.10796e-08
3.96478e-07
4.3708e-07
-2.85486e-07
5.78877e-08
-7.61457e-08
5.63338e-08
-3.35832e-07
-5.48058e-08
-2.9627e-07
-2.16803e-07
-1.68015e-07
-3.61201e-07
-6.15231e-08
-4.47859e-07
6.07518e-09
-4.6574e-07
5.44647e-08
-4.33102e-07
1.12906e-07
-3.83188e-07
2.02905e-07
-3.67104e-07
3.25617e-07
-4.50134e-07
4.79508e-07
6.89857e-07
-7.02911e-07
-7.54334e-08
-7.12387e-10
-3.15633e-07
-9.56323e-08
-6.49116e-07
3.72131e-08
-9.66996e-07
1.49865e-07
-1.1936e-06
1.65076e-07
-1.28903e-06
1.01513e-07
-1.2588e-06
2.42318e-08
-1.12944e-06
-1.64583e-08
-9.58686e-07
3.21539e-08
-8.2351e-07
1.90441e-07
-7.97112e-07
4.5311e-07
8.21254e-07
-9.28509e-07
-2.96797e-07
2.96085e-07
-7.85524e-07
3.93095e-07
-1.33138e-06
5.83069e-07
-1.82248e-06
6.40963e-07
-2.16345e-06
5.06043e-07
-2.29527e-06
2.33334e-07
-2.21417e-06
-5.68636e-08
-1.94959e-06
-2.81039e-07
-1.59867e-06
-3.1877e-07
-1.27743e-06
-1.30796e-07
-1.03289e-06
2.0857e-07
6.80931e-07
-8.92566e-07
-5.1173e-07
8.07815e-07
-1.19624e-06
1.07761e-06
-1.921e-06
1.30782e-06
-2.56812e-06
1.28809e-06
-3.02398e-06
9.619e-07
-3.21216e-06
4.2152e-07
-3.11978e-06
-1.4925e-07
-2.78509e-06
-6.15723e-07
-2.27579e-06
-8.28073e-07
-1.67385e-06
-7.32733e-07
-1.12923e-06
-3.36054e-07
2.06881e-07
-6.5518e-07
-5.77736e-07
1.38555e-06
-1.2955e-06
1.79537e-06
-2.02093e-06
2.03325e-06
-2.64317e-06
1.91033e-06
-3.05817e-06
1.3769e-06
-3.21751e-06
5.80856e-07
-3.1363e-06
-2.3046e-07
-2.87081e-06
-8.81213e-07
-2.43425e-06
-1.26463e-06
-1.82872e-06
-1.33826e-06
-1.07872e-06
-1.08605e-06
-5.5532e-07
-3.16516e-07
-4.12262e-07
1.79781e-06
-9.32585e-07
2.31569e-06
-1.41679e-06
2.51745e-06
-1.7831e-06
2.27664e-06
-1.96757e-06
1.56137e-06
-1.97492e-06
5.88207e-07
-1.86148e-06
-3.43898e-07
-1.6805e-06
-1.06219e-06
-1.45066e-06
-1.49447e-06
-1.13426e-06
-1.65466e-06
-6.42342e-07
-1.57798e-06
-1.27112e-06
7.34539e-08
-7.46804e-08
1.87249e-06
-2.38754e-07
2.47977e-06
-3.28169e-07
2.60687e-06
-3.60517e-07
2.30898e-06
-3.28782e-07
1.52964e-06
-2.39919e-07
4.99343e-07
-8.61105e-08
-4.97706e-07
1.03147e-07
-1.25145e-06
2.87899e-07
-1.67922e-06
4.59034e-07
-1.8258e-06
6.58664e-07
-1.77761e-06
-1.59465e-06
9.82197e-07
3.59663e-07
1.51283e-06
5.97484e-07
2.24194e-06
8.67694e-07
2.33666e-06
1.12324e-06
2.05344e-06
1.33431e-06
1.31857e-06
1.51929e-06
3.1436e-07
1.696e-06
-6.74414e-07
1.85195e-06
-1.4074e-06
1.9863e-06
-1.81357e-06
2.12149e-06
-1.96099e-06
2.27642e-06
-1.93254e-06
-1.77418e-06
2.45595e-06
4.83589e-07
1.02924e-06
1.22959e-06
1.49594e-06
1.92401e-06
1.64224e-06
2.50071e-06
1.47674e-06
2.94588e-06
8.73406e-07
3.27487e-06
-1.46278e-08
3.47892e-06
-8.7847e-07
3.57496e-06
-1.50344e-06
3.61215e-06
-1.85076e-06
3.64767e-06
-1.9965e-06
3.72205e-06
-2.00692e-06
3.84987e-06
-1.90199e-06
2.79387e-08
-5.94109e-09
7.37479e-08
-4.58091e-08
1.34854e-07
-6.11057e-08
2.40142e-07
-1.05288e-07
3.93978e-07
-1.53836e-07
5.71621e-07
-1.77643e-07
7.27603e-07
-1.55983e-07
7.99932e-07
-7.23286e-08
7.41762e-07
5.81703e-08
5.39338e-07
2.02423e-07
2.40646e-07
2.98693e-07
2.40646e-07
-1.29944e-07
1.56855e-07
-3.30326e-07
1.54573e-07
-5.02121e-07
1.1069e-07
-5.67729e-07
-3.96813e-08
-5.07498e-07
-2.14067e-07
-3.42006e-07
-3.43134e-07
-1.2064e-07
-3.77348e-07
8.89905e-08
-2.8196e-07
2.28108e-07
-8.0947e-08
2.1887e-07
2.11661e-07
9.72187e-08
4.20343e-07
3.37865e-07
-6.4529e-07
5.16659e-07
-1.04849e-06
5.57769e-07
-1.37483e-06
4.37029e-07
-1.60037e-06
1.85862e-07
-1.71684e-06
-9.75935e-08
-1.68079e-06
-3.79184e-07
-1.4789e-06
-5.79245e-07
-1.12589e-06
-6.34965e-07
-7.12396e-07
-4.94441e-07
-3.56299e-07
-1.44436e-07
-1.13995e-07
1.78039e-07
2.2387e-07
-1.11356e-06
9.27304e-07
-1.56419e-06
1.00841e-06
-1.9814e-06
8.54232e-07
-2.34596e-06
5.50426e-07
-2.61485e-06
1.71297e-07
-2.74514e-06
-2.48895e-07
-2.66795e-06
-6.56438e-07
-2.32104e-06
-9.81874e-07
-1.69169e-06
-1.12379e-06
-8.66199e-07
-9.69928e-07
-1.98894e-07
-4.89267e-07
2.49761e-08
-1.17679e-06
1.17559e-06
-1.47088e-06
1.3025e-06
-1.79132e-06
1.17467e-06
-2.13551e-06
8.94614e-07
-2.47358e-06
5.09371e-07
-2.75302e-06
3.05452e-08
-2.90437e-06
-5.0509e-07
-2.84135e-06
-1.04489e-06
-2.43823e-06
-1.52691e-06
-1.60342e-06
-1.80474e-06
-5.25297e-07
-1.56739e-06
-5.00321e-07
-8.38398e-07
1.12142e-06
-8.51046e-07
1.31514e-06
-9.26219e-07
1.24985e-06
-1.05789e-06
1.02629e-06
-1.2478e-06
6.99279e-07
-1.50672e-06
2.89464e-07
-1.80348e-06
-2.08331e-07
-2.06606e-06
-7.82316e-07
-2.16609e-06
-1.42688e-06
-1.88377e-06
-2.08706e-06
-9.97682e-07
-2.45348e-06
-1.498e-06
-2.66059e-07
7.32295e-07
1.37408e-08
1.03534e-06
1.72682e-07
1.09091e-06
2.323e-07
9.66671e-07
2.11004e-07
7.20575e-07
1.08269e-07
3.92198e-07
-1.0901e-07
8.94809e-09
-4.46751e-07
-4.44574e-07
-8.50095e-07
-1.02353e-06
-1.17999e-06
-1.75716e-06
-9.94578e-07
-2.63889e-06
-2.49258e-06
3.65912e-07
4.98678e-08
8.89708e-07
5.11547e-07
1.23382e-06
7.46796e-07
1.41767e-06
7.82818e-07
1.4678e-06
6.70444e-07
1.39918e-06
4.60821e-07
1.22228e-06
1.85846e-07
9.3633e-07
-1.58623e-07
5.40445e-07
-6.2765e-07
4.81797e-08
-1.2649e-06
-3.6411e-07
-2.2266e-06
-2.85669e-06
8.95879e-07
-7.72557e-07
1.63326e-06
-2.25833e-07
2.15976e-06
2.20293e-07
2.4582e-06
4.84377e-07
2.55681e-06
5.71832e-07
2.49626e-06
5.21377e-07
2.30668e-06
3.75425e-07
2.00008e-06
1.47979e-07
1.56317e-06
-1.90738e-07
1.02914e-06
-7.30874e-07
3.76139e-07
-1.57359e-06
-2.48055e-06
1.5058e-06
-1.29616e-06
2.1734e-06
-8.93439e-07
2.82156e-06
-4.27863e-07
3.28944e-06
1.64994e-08
3.51052e-06
3.50747e-07
3.49896e-06
5.32938e-07
3.30534e-06
5.69044e-07
2.97012e-06
4.83202e-07
2.49775e-06
2.81628e-07
1.84028e-06
-7.3403e-08
1.01165e-06
-7.4496e-07
-1.46891e-06
2.67841e-06
-1.51861e-06
2.98712e-06
-1.20215e-06
3.40291e-06
-8.43653e-07
3.8581e-06
-4.38694e-07
4.2157e-06
-6.85092e-09
4.36334e-06
3.85295e-07
4.27e-06
6.62381e-07
3.9617e-06
7.91502e-07
3.46182e-06
7.81507e-07
2.75229e-06
6.36134e-07
1.70636e-06
3.00968e-07
2.37452e-07
4.01241e-06
-1.68116e-06
4.17539e-06
-1.36512e-06
4.33705e-06
-1.00532e-06
4.53664e-06
-6.38282e-07
4.78432e-06
-2.54531e-07
5.0039e-06
1.65716e-07
5.08222e-06
5.84064e-07
4.94296e-06
9.30759e-07
4.55569e-06
1.16878e-06
3.84726e-06
1.34456e-06
2.55503e-06
1.5932e-06
2.79248e-06
-4.57504e-08
4.57504e-08
-3.03429e-08
-1.54076e-08
1.00231e-07
-1.30574e-07
2.68403e-07
-1.68172e-07
4.054e-07
-1.36996e-07
4.71323e-07
-6.59234e-08
4.73811e-07
-2.48867e-09
4.21679e-07
5.21325e-08
3.22512e-07
9.9167e-08
1.98634e-07
1.23878e-07
8.53543e-08
1.13279e-07
6.26606e-08
2.26936e-08
-1.88938e-08
6.46441e-08
1.50895e-07
-1.85197e-07
3.33105e-07
-3.12784e-07
4.74083e-07
-3.0915e-07
5.62521e-07
-2.25435e-07
6.17344e-07
-1.20746e-07
6.34281e-07
-1.94259e-08
5.79372e-07
1.07042e-07
4.7715e-07
2.01389e-07
3.39308e-07
2.6172e-07
1.84488e-07
2.68099e-07
2.128e-07
3.43486e-08
8.22621e-08
-1.7618e-08
2.34464e-07
-3.37398e-07
3.29604e-07
-4.07924e-07
3.51286e-07
-3.30832e-07
3.32781e-07
-2.06929e-07
2.938e-07
-8.17658e-08
2.38814e-07
3.55603e-08
2.01045e-07
1.44811e-07
1.49888e-07
2.52546e-07
6.96587e-08
3.4195e-07
-5.91736e-08
3.96931e-07
4.37054e-07
-2.83427e-07
5.751e-08
-7.5128e-08
5.58207e-08
-3.35709e-07
-5.52999e-08
-2.96804e-07
-2.16987e-07
-1.69144e-07
-3.60927e-07
-6.29904e-08
-4.47148e-07
4.45554e-09
-4.64474e-07
5.28866e-08
-4.31264e-07
1.116e-07
-3.80848e-07
2.0213e-07
-3.64393e-07
3.25495e-07
-4.4709e-07
4.79628e-07
6.89927e-07
-6.99963e-07
-7.57625e-08
6.34477e-10
-3.16045e-07
-9.54271e-08
-6.49298e-07
3.6449e-08
-9.66811e-07
1.48369e-07
-1.19291e-06
1.63113e-07
-1.28788e-06
9.94165e-08
-1.25714e-06
2.21487e-08
-1.12696e-06
-1.85799e-08
-9.55448e-07
3.06209e-08
-8.19382e-07
1.89428e-07
-7.92406e-07
4.52652e-07
8.21817e-07
-9.24296e-07
-2.96763e-07
2.97397e-07
-7.85196e-07
3.93006e-07
-1.33062e-06
5.81878e-07
-1.82133e-06
6.39077e-07
-2.16199e-06
5.03775e-07
-2.29368e-06
2.31101e-07
-2.2121e-06
-5.94302e-08
-1.94687e-06
-2.83813e-07
-1.59495e-06
-3.21295e-07
-1.27252e-06
-1.33006e-07
-1.02744e-06
2.07569e-07
6.8207e-07
-8.87688e-07
-5.11189e-07
8.08587e-07
-1.1951e-06
1.07692e-06
-1.91962e-06
1.3064e-06
-2.56693e-06
1.28638e-06
-3.02312e-06
9.59969e-07
-3.21127e-06
4.19252e-07
-3.11866e-06
-1.5204e-07
-2.78345e-06
-6.19019e-07
-2.27328e-06
-8.31467e-07
-1.67062e-06
-7.35669e-07
-1.12549e-06
-3.37563e-07
2.08082e-07
-6.51502e-07
-5.7672e-07
1.38531e-06
-1.29404e-06
1.79424e-06
-2.01997e-06
2.03233e-06
-2.6435e-06
1.90991e-06
-3.06008e-06
1.37655e-06
-3.22038e-06
5.79555e-07
-3.13954e-06
-2.32886e-07
-2.87354e-06
-8.85015e-07
-2.43583e-06
-1.26918e-06
-1.82896e-06
-1.34254e-06
-1.07785e-06
-1.08868e-06
-5.5447e-07
-3.15294e-07
-4.11332e-07
1.79664e-06
-9.31382e-07
2.31429e-06
-1.4166e-06
2.51755e-06
-1.78493e-06
2.27824e-06
-1.97168e-06
1.56331e-06
-1.98079e-06
5.88666e-07
-1.86804e-06
-3.45638e-07
-1.68703e-06
-1.06603e-06
-1.45665e-06
-1.49955e-06
-1.13915e-06
-1.66004e-06
-6.45512e-07
-1.58231e-06
-1.27272e-06
7.27369e-08
-7.41643e-08
1.8708e-06
-2.37789e-07
2.47791e-06
-3.28247e-07
2.608e-06
-3.62553e-07
2.31254e-06
-3.32715e-07
1.53347e-06
-2.45063e-07
5.01014e-07
-9.16004e-08
-4.991e-07
9.76731e-08
-1.2553e-06
2.82301e-07
-1.68418e-06
4.53031e-07
-1.83077e-06
6.52591e-07
-1.78188e-06
-1.59741e-06
9.77287e-07
3.59607e-07
1.5112e-06
5.98518e-07
2.239e-06
8.68364e-07
2.33816e-06
1.12285e-06
2.05806e-06
1.3329e-06
1.32342e-06
1.51724e-06
3.16676e-07
1.6936e-06
-6.75464e-07
1.84934e-06
-1.41104e-06
1.9836e-06
-1.81845e-06
2.11869e-06
-1.96586e-06
2.27313e-06
-1.93632e-06
-1.77605e-06
2.45177e-06
4.8634e-07
1.02486e-06
1.23291e-06
1.49244e-06
1.92685e-06
1.64422e-06
2.5031e-06
1.4818e-06
2.94757e-06
8.78948e-07
3.27586e-06
-1.16199e-08
3.47899e-06
-8.78596e-07
3.57432e-06
-1.50636e-06
3.61116e-06
-1.85529e-06
3.64671e-06
-2.00141e-06
3.72134e-06
-2.01095e-06
3.84919e-06
-1.9039e-06
2.8828e-08
-6.13446e-09
7.52321e-08
-4.64041e-08
1.37144e-07
-6.19118e-08
2.43732e-07
-1.06588e-07
3.9859e-07
-1.54859e-07
5.76855e-07
-1.78265e-07
7.32681e-07
-1.55827e-07
8.04423e-07
-7.17415e-08
7.4499e-07
5.94331e-08
5.41207e-07
2.03783e-07
2.41391e-07
2.99816e-07
2.41391e-07
-1.27989e-07
1.56204e-07
-3.2778e-07
1.53386e-07
-4.9889e-07
1.09199e-07
-5.6415e-07
-4.1328e-08
-5.03415e-07
-2.15594e-07
-3.37521e-07
-3.44158e-07
-1.15863e-07
-3.77485e-07
9.32523e-08
-2.80856e-07
2.31396e-07
-7.87104e-08
2.20718e-07
2.14461e-07
9.79232e-08
4.22611e-07
3.39314e-07
-6.4339e-07
5.16166e-07
-1.04732e-06
5.57314e-07
-1.37472e-06
4.36597e-07
-1.60133e-06
1.85285e-07
-1.71855e-06
-9.83699e-08
-1.68224e-06
-3.80468e-07
-1.47946e-06
-5.80268e-07
-1.12539e-06
-6.34924e-07
-7.11319e-07
-4.92784e-07
-3.56062e-07
-1.40797e-07
-1.14232e-07
1.80781e-07
2.25082e-07
-1.11195e-06
9.28155e-07
-1.56488e-06
1.01024e-06
-1.98471e-06
8.56425e-07
-2.3515e-06
5.52075e-07
-2.62138e-06
1.71515e-07
-2.75161e-06
-2.50244e-07
-2.67304e-06
-6.58832e-07
-2.32401e-06
-9.83954e-07
-1.69256e-06
-1.12424e-06
-8.65304e-07
-9.68049e-07
-1.98409e-07
-4.86114e-07
2.66729e-08
-1.17453e-06
1.17839e-06
-1.47147e-06
1.30718e-06
-1.79493e-06
1.17989e-06
-2.1415e-06
8.98647e-07
-2.48074e-06
5.10753e-07
-2.75995e-06
2.89624e-08
-2.91022e-06
-5.0856e-07
-2.84535e-06
-1.04883e-06
-2.43991e-06
-1.52968e-06
-1.6029e-06
-1.80506e-06
-5.24096e-07
-1.56492e-06
-4.97423e-07
-8.35198e-07
1.1259e-06
-8.50115e-07
1.3221e-06
-9.2749e-07
1.25726e-06
-1.06087e-06
1.03202e-06
-1.25169e-06
7.01571e-07
-1.51063e-06
2.87906e-07
-1.80723e-06
-2.11957e-07
-2.06878e-06
-7.87279e-07
-2.16746e-06
-1.431e-06
-1.88343e-06
-2.08909e-06
-9.96375e-07
-2.45197e-06
-1.4938e-06
-2.63031e-07
7.37426e-07
1.57474e-08
1.04332e-06
1.73728e-07
1.09928e-06
2.32443e-07
9.73309e-07
2.10267e-07
7.23747e-07
1.06706e-07
3.91468e-07
-1.10871e-07
5.61948e-09
-4.48979e-07
-4.49171e-07
-8.52038e-07
-1.02794e-06
-1.18093e-06
-1.7602e-06
-9.94145e-07
-2.63876e-06
-2.48794e-06
3.67456e-07
5.46758e-08
8.91404e-07
5.19372e-07
1.23561e-06
7.55076e-07
1.41918e-06
7.89736e-07
1.46847e-06
6.74455e-07
1.3986e-06
4.6134e-07
1.22083e-06
1.83389e-07
9.33559e-07
-1.61899e-07
5.37433e-07
-6.31814e-07
4.51949e-08
-1.26796e-06
-3.65699e-07
-2.22786e-06
-2.85364e-06
8.96841e-07
-7.69428e-07
1.63455e-06
-2.18335e-07
2.16113e-06
2.28494e-07
2.45918e-06
4.9168e-07
2.55705e-06
5.76588e-07
2.4953e-06
5.2309e-07
2.30422e-06
3.74468e-07
1.99688e-06
1.45447e-07
1.55948e-06
-1.94422e-07
1.02536e-06
-7.33834e-07
3.73468e-07
-1.57598e-06
-2.48018e-06
1.50379e-06
-1.29593e-06
2.17456e-06
-8.89112e-07
2.82371e-06
-4.20651e-07
3.29055e-06
2.48411e-08
3.50985e-06
3.57283e-07
3.49647e-06
5.36475e-07
3.30134e-06
5.6959e-07
2.96526e-06
4.81529e-07
2.49243e-06
2.78409e-07
1.83551e-06
-7.69185e-08
1.00854e-06
-7.48999e-07
-1.47164e-06
2.67412e-06
-1.51828e-06
2.98466e-06
-1.19965e-06
3.40267e-06
-8.38662e-07
3.85928e-06
-4.31765e-07
4.2158e-06
7.62346e-10
4.36085e-06
3.91428e-07
4.26493e-06
6.65505e-07
3.95486e-06
7.91597e-07
3.45421e-06
7.7906e-07
2.7457e-06
6.31592e-07
1.7018e-06
2.94906e-07
2.30158e-07
4.01107e-06
-1.68017e-06
4.17286e-06
-1.36144e-06
4.33407e-06
-9.99876e-07
4.5344e-06
-6.32098e-07
4.78302e-06
-2.47848e-07
5.0017e-06
1.72746e-07
5.07775e-06
5.89452e-07
4.93606e-06
9.33289e-07
4.54724e-06
1.16788e-06
3.83813e-06
1.34071e-06
2.54664e-06
1.58639e-06
2.7768e-06
3.88018e-06
2.08143e-06
-4.94059e-06
3.73308e-06
1.63856e-06
3.96491e-06
1.40296e-06
4.40978e-06
1.02287e-06
4.85589e-06
4.19657e-07
5.14886e-06
-3.11641e-07
5.25374e-06
-9.84799e-07
5.23319e-06
-1.48309e-06
5.17295e-06
-1.79098e-06
5.13037e-06
-1.95501e-06
5.12846e-06
-2.00618e-06
-1.94406e-06
5.17007e-06
6.6859e-06
2.18924e-06
-6.79372e-06
6.59309e-06
1.73137e-06
6.65126e-06
1.3448e-06
6.8049e-06
8.69229e-07
6.92857e-06
2.95987e-07
6.9336e-06
-3.16672e-07
6.83232e-06
-8.83517e-07
6.68699e-06
-1.33777e-06
6.55529e-06
-1.65927e-06
6.46898e-06
-1.8687e-06
6.43226e-06
-1.96946e-06
-1.94093e-06
6.42913e-06
8.04248e-06
1.93595e-06
-7.78919e-06
8.18634e-06
1.58751e-06
8.30759e-06
1.22356e-06
8.36888e-06
8.0793e-07
8.3344e-06
3.30472e-07
8.18879e-06
-1.71064e-07
8.00724e-06
-7.01963e-07
7.81903e-06
-1.14956e-06
7.66723e-06
-1.50748e-06
7.57586e-06
-1.77733e-06
7.54387e-06
-1.93746e-06
-1.93795e-06
7.54089e-06
8.56686e-06
-8.24716e-06
8.8197e-06
9.01192e-06
9.11584e-06
9.09497e-06
8.93047e-06
8.76545e-06
8.59629e-06
8.47364e-06
8.41482e-06
8.42066e-06
8.45684e-06
5.24755e-06
-1.75782e-06
5.33959e-06
-1.45475e-06
5.41792e-06
-1.07966e-06
5.46893e-06
-6.84453e-07
5.52071e-06
-3.01524e-07
5.61028e-06
8.06159e-08
5.7174e-06
4.80733e-07
5.75456e-06
8.97065e-07
5.62757e-06
1.29935e-06
5.29803e-06
1.679e-06
4.86739e-06
2.02941e-06
2.71416e-06
4.94874e-06
6.43671e-06
-1.7654e-06
6.43904e-06
-1.45707e-06
6.43789e-06
-1.07851e-06
6.42204e-06
-6.68606e-07
6.38133e-06
-2.60817e-07
6.33206e-06
1.29893e-07
6.32974e-06
4.83051e-07
6.38793e-06
8.38871e-07
6.45937e-06
1.22791e-06
6.50131e-06
1.63706e-06
6.54026e-06
1.99046e-06
2.44322e-06
6.8112e-06
7.5182e-06
-1.74271e-06
7.44866e-06
-1.38753e-06
7.37565e-06
-1.0055e-06
7.31041e-06
-6.0336e-07
7.24311e-06
-1.93522e-07
7.13879e-06
2.34211e-07
7.04461e-06
5.77232e-07
7.0134e-06
8.70088e-07
7.07847e-06
1.16284e-06
7.23309e-06
1.48243e-06
7.43919e-06
1.78436e-06
2.06449e-06
7.81791e-06
8.44182e-06
8.29454e-06
8.13564e-06
8.02673e-06
7.97464e-06
7.88536e-06
7.79329e-06
7.71646e-06
7.70245e-06
7.78825e-06
7.97514e-06
8.29507e-06
3.87844e-06
2.10164e-06
3.72583e-06
1.64849e-06
3.9568e-06
1.40713e-06
4.40319e-06
1.02472e-06
4.85089e-06
4.20541e-07
5.14494e-06
-3.11583e-07
5.25044e-06
-9.85042e-07
5.23004e-06
-1.48295e-06
5.16971e-06
-1.79023e-06
5.12709e-06
-1.95403e-06
5.12529e-06
-2.00551e-06
-1.94412e-06
5.16714e-06
6.6952e-06
2.21765e-06
6.59121e-06
1.75247e-06
6.64334e-06
1.35501e-06
6.7961e-06
8.71963e-07
6.92156e-06
2.95082e-07
6.9287e-06
-3.1873e-07
6.82889e-06
-8.85231e-07
6.68437e-06
-1.33843e-06
6.55315e-06
-1.65901e-06
6.46725e-06
-1.86813e-06
6.43091e-06
-1.96917e-06
-1.94128e-06
6.42807e-06
8.06778e-06
1.96778e-06
8.20191e-06
1.61835e-06
8.31255e-06
1.24436e-06
8.36751e-06
8.16999e-07
8.331e-06
3.31597e-07
8.18538e-06
-1.73112e-07
8.00465e-06
-7.04503e-07
7.81731e-06
-1.15109e-06
7.66638e-06
-1.50808e-06
7.57588e-06
-1.77763e-06
7.54467e-06
-1.93795e-06
-1.93875e-06
7.54214e-06
8.6111e-06
8.85125e-06
9.02797e-06
9.12211e-06
9.09637e-06
8.92994e-06
8.76469e-06
8.59595e-06
8.47419e-06
8.41656e-06
8.42373e-06
8.46072e-06
5.24493e-06
-1.75877e-06
5.3373e-06
-1.4566e-06
5.4159e-06
-1.0823e-06
5.46718e-06
-6.87642e-07
5.51914e-06
-3.05083e-07
5.60855e-06
7.66676e-08
5.71551e-06
4.76464e-07
5.7527e-06
8.92717e-07
5.62591e-06
1.29543e-06
5.29644e-06
1.67594e-06
4.86647e-06
2.02733e-06
2.71492e-06
4.9506e-06
6.43577e-06
-1.76646e-06
6.4381e-06
-1.45893e-06
6.43691e-06
-1.08111e-06
6.42096e-06
-6.71694e-07
6.38023e-06
-2.64353e-07
6.33067e-06
1.26228e-07
6.32789e-06
4.79251e-07
6.38556e-06
8.35039e-07
6.45662e-06
1.22438e-06
6.49816e-06
1.63439e-06
6.53701e-06
1.98848e-06
2.4429e-06
6.80903e-06
7.51939e-06
-1.74372e-06
7.44948e-06
-1.38902e-06
7.37602e-06
-1.00765e-06
7.31026e-06
-6.05937e-07
7.24282e-06
-1.96912e-07
7.13809e-06
2.3096e-07
7.04342e-06
5.7392e-07
7.01156e-06
8.66897e-07
7.07595e-06
1.15999e-06
7.23003e-06
1.48031e-06
7.43559e-06
1.78292e-06
2.06415e-06
7.81434e-06
8.44553e-06
8.29749e-06
8.13767e-06
8.0279e-06
7.97504e-06
7.8853e-06
7.79276e-06
7.71539e-06
7.70074e-06
7.78595e-06
7.97217e-06
8.29162e-06
3.87783e-06
2.10201e-06
3.72398e-06
1.6498e-06
3.95554e-06
1.41067e-06
4.40246e-06
1.02982e-06
4.85038e-06
4.25491e-07
5.14405e-06
-3.08298e-07
5.24922e-06
-9.83644e-07
5.22849e-06
-1.48271e-06
5.16799e-06
-1.79026e-06
5.12542e-06
-1.95393e-06
5.12384e-06
-2.00534e-06
-1.94413e-06
5.16597e-06
6.69211e-06
2.21894e-06
6.58685e-06
1.75506e-06
6.63882e-06
1.3587e-06
6.79239e-06
8.76243e-07
6.91927e-06
2.98615e-07
6.92727e-06
-3.16297e-07
6.82794e-06
-8.84319e-07
6.68363e-06
-1.3384e-06
6.5526e-06
-1.65923e-06
6.46692e-06
-1.86826e-06
6.43077e-06
-1.96919e-06
-1.94139e-06
6.42803e-06
8.06417e-06
1.96912e-06
8.19835e-06
1.62087e-06
8.30945e-06
1.2476e-06
8.36541e-06
8.20285e-07
8.32979e-06
3.34238e-07
8.18502e-06
-1.71528e-07
8.00483e-06
-7.04134e-07
7.81788e-06
-1.15145e-06
7.66727e-06
-1.50862e-06
7.57703e-06
-1.77802e-06
7.54593e-06
-1.93809e-06
-1.93879e-06
7.54334e-06
8.60777e-06
8.84856e-06
9.02625e-06
9.12145e-06
9.09675e-06
8.93097e-06
8.7662e-06
8.5977e-06
8.47615e-06
8.41874e-06
8.42607e-06
8.463e-06
5.24401e-06
-1.75919e-06
5.33647e-06
-1.45758e-06
5.41495e-06
-1.08379e-06
5.46607e-06
-6.89408e-07
5.51822e-06
-3.06672e-07
5.60808e-06
7.58487e-08
5.71531e-06
4.76834e-07
5.75218e-06
8.93896e-07
5.62464e-06
1.29632e-06
5.29417e-06
1.67502e-06
4.86405e-06
2.02332e-06
2.70749e-06
4.94904e-06
6.43574e-06
-1.7669e-06
6.43802e-06
-1.45987e-06
6.43673e-06
-1.0825e-06
6.4206e-06
-6.73279e-07
6.3798e-06
-2.65873e-07
6.33053e-06
1.25121e-07
6.32839e-06
4.78977e-07
6.38662e-06
8.35666e-07
6.45764e-06
1.2253e-06
6.49822e-06
1.63444e-06
6.53552e-06
1.98602e-06
2.43711e-06
6.80589e-06
7.52036e-06
-1.74393e-06
7.4502e-06
-1.38971e-06
7.37651e-06
-1.00881e-06
7.31059e-06
-6.0736e-07
7.24312e-06
-1.98403e-07
7.13843e-06
2.29809e-07
7.04405e-06
5.73358e-07
7.01272e-06
8.66995e-07
7.07751e-06
1.1605e-06
7.2314e-06
1.48056e-06
7.43578e-06
1.78164e-06
2.06062e-06
7.81228e-06
8.44741e-06
8.29895e-06
8.13873e-06
8.02868e-06
7.97588e-06
7.88618e-06
7.79371e-06
7.71648e-06
7.702e-06
7.78718e-06
7.97268e-06
8.29039e-06
3.87762e-06
2.09628e-06
3.72353e-06
1.64653e-06
3.95614e-06
1.41161e-06
4.4038e-06
1.03414e-06
4.85192e-06
4.30824e-07
5.14501e-06
-3.04706e-07
5.24954e-06
-9.83125e-07
5.22837e-06
-1.48519e-06
5.16787e-06
-1.79479e-06
5.12562e-06
-1.95916e-06
5.12438e-06
-2.00971e-06
-1.94624e-06
5.16672e-06
6.68814e-06
2.21403e-06
6.58196e-06
1.7527e-06
6.63417e-06
1.3594e-06
6.78877e-06
8.79549e-07
6.91709e-06
3.02506e-07
6.92582e-06
-3.1344e-07
6.82703e-06
-8.84328e-07
6.68325e-06
-1.34142e-06
6.55288e-06
-1.66442e-06
6.46782e-06
-1.87409e-06
6.43203e-06
-1.97391e-06
-1.94357e-06
6.42935e-06
8.06033e-06
1.96598e-06
8.19348e-06
1.61956e-06
8.30445e-06
1.24842e-06
8.36122e-06
8.22778e-07
8.32658e-06
3.37148e-07
8.18289e-06
-1.69749e-07
8.00375e-06
-7.05188e-07
7.81782e-06
-1.15549e-06
7.668e-06
-1.5146e-06
7.5781e-06
-1.78419e-06
7.54687e-06
-1.94268e-06
-1.94065e-06
7.54394e-06
8.60489e-06
8.84474e-06
9.02235e-06
9.11825e-06
9.09467e-06
8.92982e-06
8.76612e-06
8.5986e-06
8.47757e-06
8.41975e-06
8.42579e-06
8.4615e-06
5.24466e-06
-1.75811e-06
5.33639e-06
-1.45317e-06
5.41352e-06
-1.07701e-06
5.4632e-06
-6.81784e-07
5.51443e-06
-2.99077e-07
5.60409e-06
8.30871e-08
5.71038e-06
4.83162e-07
5.74528e-06
8.9839e-07
5.61571e-06
1.29745e-06
5.28449e-06
1.67193e-06
4.85428e-06
2.0166e-06
2.69048e-06
6.43689e-06
-1.76564e-06
6.43872e-06
-1.45499e-06
6.43661e-06
-1.07489e-06
6.41927e-06
-6.64444e-07
6.3764e-06
-2.56215e-07
6.32569e-06
1.33806e-07
6.32227e-06
4.86575e-07
6.37852e-06
8.42141e-07
6.44659e-06
1.22938e-06
6.48475e-06
1.63377e-06
6.5217e-06
1.97966e-06
2.41847e-06
7.52072e-06
-1.74242e-06
7.4503e-06
-1.38457e-06
7.37644e-06
-1.00103e-06
7.31061e-06
-5.98622e-07
7.24125e-06
-1.86847e-07
7.13502e-06
2.40029e-07
7.0387e-06
5.82893e-07
7.00481e-06
8.76035e-07
7.06544e-06
1.16875e-06
7.21373e-06
1.48547e-06
7.41428e-06
1.77911e-06
2.04356e-06
8.44534e-06
8.29676e-06
8.13729e-06
8.02817e-06
7.97581e-06
7.88472e-06
7.78997e-06
7.70912e-06
7.68829e-06
7.7627e-06
7.93601e-06
-6.17839e-07
1.42387e-06
8.628e-07
-3.89238e-07
1.3245e-06
-2.03693e-07
1.1161e-06
-8.72083e-08
8.50667e-07
-5.85004e-08
5.14436e-07
-1.66259e-07
1.13874e-07
-2.90763e-07
-2.35715e-07
-4.01798e-07
-5.93921e-07
-4.88608e-07
-9.74486e-07
-5.73419e-07
-1.31069e-06
-6.15102e-07
-1.68209e-06
-2.09809e-06
-5.456e-07
-4.09965e-07
1.27097e-06
5.62868e-07
-2.50132e-07
1.16467e-06
-1.04563e-07
9.70529e-07
-1.49078e-09
7.47594e-07
5.12604e-08
4.61684e-07
4.28712e-08
1.22263e-07
1.52564e-08
-2.081e-07
-2.84962e-08
-5.50169e-07
-1.21375e-07
-8.81608e-07
-2.80432e-07
-1.15163e-06
-4.89893e-07
-1.47263e-06
-1.91745e-06
-6.70531e-07
-1.34293e-07
1.1388e-06
2.66458e-07
3.67581e-09
1.0267e-06
1.25611e-07
8.48594e-07
2.26885e-07
6.4632e-07
2.9915e-07
3.89419e-07
3.27016e-07
9.43975e-08
3.1937e-07
-2.00454e-07
2.53384e-07
-4.84183e-07
1.09533e-07
-7.37756e-07
-9.39644e-08
-9.48137e-07
-3.80992e-07
-1.18561e-06
-1.53235e-06
-7.66094e-07
7.31649e-08
6.69562e-08
9.98684e-07
2.07042e-07
8.92819e-07
3.19722e-07
7.35914e-07
4.13443e-07
5.52599e-07
4.79407e-07
3.23455e-07
5.03273e-07
7.05318e-08
4.79053e-07
-1.76235e-07
3.92179e-07
-3.97309e-07
2.39658e-07
-5.85235e-07
6.20559e-08
-7.70535e-07
-1.66113e-07
-9.57437e-07
-6.63812e-07
-1.03466e-06
-4.33293e-07
-2.12432e-06
-6.63851e-07
-1.29364e-06
-9.44756e-07
-8.26168e-07
-1.09734e-06
-5.29635e-07
-1.12627e-06
-1.53457e-07
-1.12482e-06
2.03794e-07
-1.14766e-06
5.01003e-07
-1.17323e-06
7.64857e-07
-1.18365e-06
9.83393e-07
-1.14958e-06
1.16113e-06
-1.04385e-06
1.30796e-06
1.42042e-06
-8.50346e-07
-5.63048e-07
-2.2318e-06
-6.42715e-07
-1.21397e-06
-8.31907e-07
-6.36976e-07
-9.48156e-07
-4.13386e-07
-9.73912e-07
-1.27702e-07
-9.56079e-07
1.85961e-07
-9.30333e-07
4.75257e-07
-8.97851e-07
7.32374e-07
-8.58643e-07
9.44185e-07
-8.04507e-07
1.107e-06
-7.20055e-07
1.2235e-06
1.29055e-06
-5.90188e-07
-7.0062e-07
-2.29728e-06
-6.97986e-07
-1.2166e-06
-7.77961e-07
-5.57001e-07
-8.35444e-07
-3.55903e-07
-8.43824e-07
-1.19322e-07
-8.14642e-07
1.56779e-07
-7.62031e-07
4.22646e-07
-6.92455e-07
6.62799e-07
-6.11252e-07
8.62982e-07
-5.19581e-07
1.01533e-06
-4.13437e-07
1.11736e-06
1.16511e-06
-2.88001e-07
-6.74849e-07
-2.28624e-06
-7.19722e-07
-1.17173e-06
-7.28531e-07
-5.48192e-07
-7.43479e-07
-3.40955e-07
-7.40582e-07
-1.22219e-07
-7.0732e-07
1.23517e-07
-6.45705e-07
3.61031e-07
-5.59729e-07
5.76823e-07
-4.56177e-07
7.5943e-07
-3.40141e-07
8.99292e-07
-2.13596e-07
9.90815e-07
-7.77303e-08
1.02925e-06
-6.08891e-07
1.45076e-06
-3.74865e-07
1.36687e-06
-1.92101e-07
1.17012e-06
-8.10387e-08
8.8402e-07
-5.5306e-08
5.26037e-07
-1.64849e-07
1.15171e-07
-2.8954e-07
-2.37252e-07
-4.0028e-07
-5.95899e-07
-4.86256e-07
-9.76611e-07
-5.69791e-07
-1.31302e-06
-6.09658e-07
-1.68524e-06
-2.1014e-06
-5.38538e-07
-4.26111e-07
1.28668e-06
-2.55991e-07
1.19675e-06
-1.06938e-07
1.02107e-06
5.1542e-12
7.77077e-07
5.36254e-08
4.72417e-07
4.52384e-08
1.23558e-07
1.7733e-08
-2.09747e-07
-2.55243e-08
-5.52642e-07
-1.17899e-07
-8.84236e-07
-2.75728e-07
-1.15519e-06
-4.83888e-07
-1.47708e-06
-1.92221e-06
-6.63085e-07
-1.47657e-07
1.14634e-06
-7.13966e-09
1.05624e-06
1.19551e-07
8.94378e-07
2.27566e-07
6.69062e-07
3.02037e-07
3.97945e-07
3.30455e-07
9.51409e-08
3.2294e-07
-2.02232e-07
2.56947e-07
-4.86649e-07
1.13416e-07
-7.40705e-07
-8.95486e-08
-9.52229e-07
-3.75795e-07
-1.19084e-06
-1.53845e-06
-7.59555e-07
6.05431e-08
1.00806e-06
1.96653e-07
9.20125e-07
3.18674e-07
7.72357e-07
4.17061e-07
5.70676e-07
4.84327e-07
3.30678e-07
5.07956e-07
7.15126e-08
4.8326e-07
-1.77536e-07
3.95963e-07
-3.99352e-07
2.43237e-07
-5.87979e-07
6.54042e-08
-7.74397e-07
-1.62395e-07
-9.63039e-07
-6.58911e-07
-1.04193e-06
-4.2632e-07
-2.12484e-06
-6.58227e-07
-1.29275e-06
-9.40499e-07
-8.25996e-07
-1.09429e-06
-5.30629e-07
-1.12481e-06
-1.55377e-07
-1.12367e-06
2.02272e-07
-1.14701e-06
4.99158e-07
-1.17306e-06
7.62783e-07
-1.18392e-06
9.81383e-07
-1.15022e-06
1.15943e-06
-1.04478e-06
1.30677e-06
1.41991e-06
-8.51439e-07
-5.56097e-07
-2.23183e-06
-6.36622e-07
-1.21223e-06
-8.27511e-07
-6.35107e-07
-9.45066e-07
-4.13073e-07
-9.7194e-07
-1.28504e-07
-9.54585e-07
1.84917e-07
-9.29196e-07
4.73769e-07
-8.97111e-07
7.30698e-07
-8.58266e-07
9.42537e-07
-8.0442e-07
1.10559e-06
-7.2019e-07
1.22254e-06
1.29014e-06
-5.90425e-07
-6.94907e-07
-2.29648e-06
-6.92952e-07
-1.21418e-06
-7.74015e-07
-5.54044e-07
-8.3273e-07
-3.54359e-07
-8.41911e-07
-1.19322e-07
-8.13101e-07
1.56107e-07
-7.60885e-07
4.21553e-07
-6.916e-07
6.61413e-07
-6.10681e-07
8.61618e-07
-5.19237e-07
1.01414e-06
-4.13272e-07
1.11657e-06
1.16481e-06
-2.87941e-07
-6.71543e-07
-2.28384e-06
-7.16733e-07
-1.16899e-06
-7.25978e-07
-5.44799e-07
-7.41307e-07
-3.39029e-07
-7.38845e-07
-1.21785e-07
-7.05866e-07
1.23129e-07
-6.44578e-07
3.60264e-07
-5.58925e-07
5.75761e-07
-4.55607e-07
7.58299e-07
-3.39765e-07
8.98303e-07
-2.13329e-07
9.90139e-07
-7.752e-08
1.029e-06
-6.09944e-07
1.45102e-06
-3.75605e-07
1.3679e-06
-1.9222e-07
1.17178e-06
-8.03897e-08
8.85899e-07
-5.40415e-08
5.27685e-07
-1.63133e-07
1.16233e-07
-2.87646e-07
-2.37431e-07
-3.98316e-07
-5.96359e-07
-4.84101e-07
-9.77379e-07
-5.67246e-07
-1.31402e-06
-6.06487e-07
-1.68631e-06
-2.10183e-06
-5.34984e-07
-4.2628e-07
1.28687e-06
-2.55915e-07
1.19754e-06
-1.06442e-07
1.0223e-06
9.47415e-10
7.78509e-07
5.50538e-08
4.73579e-07
4.70245e-08
1.24263e-07
1.94023e-08
-2.09809e-07
-2.38219e-08
-5.53134e-07
-1.15858e-07
-8.85343e-07
-2.72722e-07
-1.15716e-06
-4.80632e-07
-1.4784e-06
-1.92309e-06
-6.5937e-07
-1.47612e-07
1.14654e-06
-6.99395e-09
1.05692e-06
1.19928e-07
8.95382e-07
2.28235e-07
6.70202e-07
3.02957e-07
3.98857e-07
3.31603e-07
9.56171e-08
3.24237e-07
-2.02443e-07
2.58592e-07
-4.8749e-07
1.15569e-07
-7.4232e-07
-8.72436e-08
-9.54346e-07
-3.73096e-07
-1.19255e-06
-1.53992e-06
-7.56267e-07
6.07553e-08
1.00827e-06
1.96948e-07
9.20725e-07
3.1911e-07
7.73221e-07
4.17726e-07
5.71586e-07
4.85227e-07
3.31356e-07
5.09093e-07
7.17506e-08
4.84648e-07
-1.77998e-07
3.97633e-07
-4.00475e-07
2.45196e-07
-5.89882e-07
6.7332e-08
-7.76483e-07
-1.60596e-07
-9.64619e-07
-6.56626e-07
-1.04389e-06
-4.23254e-07
-2.12395e-06
-6.55703e-07
-1.29225e-06
-9.38582e-07
-8.26063e-07
-1.09296e-06
-5.31476e-07
-1.12413e-06
-1.5681e-07
-1.1228e-06
2.01263e-07
-1.14601e-06
4.98394e-07
-1.17196e-06
7.62457e-07
-1.18274e-06
9.81538e-07
-1.14902e-06
1.15987e-06
-1.04383e-06
1.30714e-06
1.41993e-06
-8.51237e-07
-5.51846e-07
-2.23147e-06
-6.33268e-07
-1.21083e-06
-8.25133e-07
-6.34197e-07
-9.43534e-07
-4.13074e-07
-9.71049e-07
-1.29296e-07
-9.53883e-07
1.84097e-07
-9.28514e-07
4.73026e-07
-8.96366e-07
7.30308e-07
-8.57422e-07
9.42593e-07
-8.03532e-07
1.10598e-06
-7.19398e-07
1.22301e-06
1.29048e-06
-5.89946e-07
-6.91708e-07
-2.29603e-06
-6.89854e-07
-1.21268e-06
-7.71688e-07
-5.52364e-07
-8.31264e-07
-3.53498e-07
-8.41022e-07
-1.19539e-07
-8.12464e-07
1.5554e-07
-7.60415e-07
4.20976e-07
-6.91151e-07
6.61044e-07
-6.10163e-07
8.61606e-07
-5.18637e-07
1.01445e-06
-4.12667e-07
1.11704e-06
1.16524e-06
-2.87432e-07
-6.69549e-07
-2.28311e-06
-7.14784e-07
-1.16745e-06
-7.24457e-07
-5.42691e-07
-7.40116e-07
-3.37838e-07
-7.38005e-07
-1.2165e-07
-7.05249e-07
1.22784e-07
-6.44157e-07
3.59883e-07
-5.58583e-07
5.75471e-07
-4.55236e-07
7.58258e-07
-3.39309e-07
8.98524e-07
-2.12815e-07
9.90542e-07
-7.69788e-08
1.02941e-06
-6.10803e-07
1.45076e-06
-3.77486e-07
1.36774e-06
-1.94546e-07
1.17229e-06
-8.22776e-08
8.87092e-07
-5.49262e-08
5.29056e-07
-1.63137e-07
1.16648e-07
-2.86868e-07
-2.39414e-07
-3.96446e-07
-6.00996e-07
-4.82089e-07
-9.83045e-07
-5.6647e-07
-1.31889e-06
-6.08024e-07
-1.68918e-06
-2.10276e-06
-5.38766e-07
-4.26271e-07
1.28709e-06
-2.56315e-07
1.19778e-06
-1.0697e-07
1.02295e-06
9.0908e-10
7.79212e-07
5.59142e-08
4.74051e-07
4.90407e-08
1.23521e-07
2.19848e-08
-2.12358e-07
-2.13639e-08
-5.57647e-07
-1.1426e-07
-8.9015e-07
-2.72877e-07
-1.16028e-06
-4.83216e-07
-1.47884e-06
-1.92231e-06
-6.63666e-07
-1.47265e-07
1.14692e-06
-6.69946e-09
1.05721e-06
1.20347e-07
8.95903e-07
2.29157e-07
6.70403e-07
3.04571e-07
3.98637e-07
3.33855e-07
9.42374e-08
3.26722e-07
-2.05225e-07
2.60366e-07
-4.91291e-07
1.16092e-07
-7.45875e-07
-8.80159e-08
-9.56169e-07
-3.75788e-07
-1.19107e-06
-1.53778e-06
-7.6032e-07
6.13061e-08
1.00863e-06
1.97564e-07
9.20956e-07
3.20018e-07
7.73449e-07
4.18869e-07
5.71552e-07
4.86724e-07
3.30781e-07
5.10821e-07
7.01409e-08
4.86215e-07
-1.80619e-07
3.98434e-07
-4.0351e-07
2.45168e-07
-5.9261e-07
6.65789e-08
-7.77579e-07
-1.61933e-07
-9.62553e-07
-6.58939e-07
-1.04077e-06
-4.27552e-07
-2.12359e-06
-6.60169e-07
-1.28785e-06
-9.4224e-07
-8.19303e-07
-1.09548e-06
-5.22507e-07
-1.12324e-06
-1.45014e-07
-1.12428e-06
2.11042e-07
-1.14977e-06
5.09974e-07
-1.17957e-06
7.76718e-07
-1.1967e-06
1.00016e-06
-1.1703e-06
1.18448e-06
-1.06489e-06
1.33121e-06
1.41872e-06
-5.56521e-07
-2.23073e-06
-6.37218e-07
-1.20716e-06
-8.27942e-07
-6.2858e-07
-9.45104e-07
-4.05345e-07
-9.70944e-07
-1.19175e-07
-9.54428e-07
1.94526e-07
-9.30751e-07
4.86297e-07
-9.00345e-07
7.46311e-07
-8.61612e-07
9.61426e-07
-8.01889e-07
1.12476e-06
-7.02776e-07
1.2321e-06
1.27881e-06
-6.94878e-07
-2.29617e-06
-6.92511e-07
-1.20952e-06
-7.73544e-07
-5.47546e-07
-8.32077e-07
-3.46812e-07
-8.4056e-07
-1.10692e-07
-8.11699e-07
1.65665e-07
-7.59238e-07
4.33836e-07
-6.8926e-07
6.76333e-07
-6.05343e-07
8.77509e-07
-5.0614e-07
1.02556e-06
-3.90822e-07
1.11678e-06
1.15445e-06
-6.71242e-07
-2.28387e-06
-7.16107e-07
-1.16466e-06
-7.25323e-07
-5.3833e-07
-7.4034e-07
-3.31795e-07
-7.37108e-07
-1.13925e-07
-7.03675e-07
1.32233e-07
-6.40824e-07
3.70985e-07
-5.5314e-07
5.88649e-07
-4.46673e-07
7.71042e-07
-3.27258e-07
9.06144e-07
-1.99535e-07
9.89057e-07
1.02187e-06
1.64951e-07
8.59608e-07
-2.58758e-08
2.88926e-07
7.68844e-07
3.9053e-07
6.3431e-07
4.72318e-07
4.70811e-07
5.23529e-07
2.72244e-07
5.36394e-07
5.76669e-08
5.07611e-07
-1.47452e-07
4.33701e-07
-3.23398e-07
3.21814e-07
-4.73348e-07
1.9992e-07
-6.48641e-07
1.10384e-07
-8.67901e-07
-9.24271e-07
1.72938e-07
7.33199e-07
-4.65291e-08
2.84654e-07
6.57128e-07
3.76379e-07
5.42585e-07
4.46107e-07
4.01082e-07
4.86892e-07
2.31459e-07
4.95088e-07
4.94718e-08
4.7254e-07
-1.24904e-07
4.22467e-07
-2.73326e-07
3.49677e-07
-4.00558e-07
2.53488e-07
-5.52452e-07
1.27094e-07
-7.41507e-07
-7.97177e-07
1.50135e-07
6.21736e-07
-3.86716e-08
2.49263e-07
5.58001e-07
3.305e-07
4.61348e-07
3.91509e-07
3.40072e-07
4.26758e-07
1.9621e-07
4.33887e-07
4.23425e-08
4.16608e-07
-1.07625e-07
3.80105e-07
-2.36823e-07
3.27066e-07
-3.47519e-07
2.4713e-07
-4.72516e-07
1.26867e-07
-6.21244e-07
-6.7031e-07
1.26365e-07
5.23936e-07
-2.85645e-08
2.13744e-07
4.70622e-07
2.86319e-07
3.88773e-07
3.40674e-07
2.85717e-07
3.71939e-07
1.64944e-07
3.79077e-07
3.5205e-08
3.64058e-07
-9.26057e-08
3.32004e-07
-2.04768e-07
2.8593e-07
-3.01446e-07
2.17277e-07
-4.03862e-07
1.12983e-07
-5.1695e-07
-5.57327e-07
1.08554e-07
4.36797e-07
-2.14143e-08
1.87514e-07
3.91661e-07
2.52615e-07
3.23672e-07
3.00991e-07
2.37342e-07
3.2977e-07
1.36165e-07
3.36787e-07
2.81879e-08
3.23045e-07
-7.88641e-08
2.93342e-07
-1.75065e-07
2.50076e-07
-2.5818e-07
1.88654e-07
-3.42441e-07
9.87266e-08
-4.27023e-07
-4.58601e-07
9.63365e-08
3.57865e-07
-1.7405e-08
1.67144e-07
3.20854e-07
2.26339e-07
2.64478e-07
2.70776e-07
1.92905e-07
2.97041e-07
1.099e-07
3.04118e-07
2.11108e-08
2.92091e-07
-6.68369e-08
2.64268e-07
-1.47241e-07
2.23072e-07
-2.16984e-07
1.66059e-07
-2.85428e-07
8.67427e-08
-3.47706e-07
-3.71858e-07
8.66664e-08
2.85892e-07
-1.46931e-08
1.51638e-07
2.55882e-07
2.06057e-07
2.10059e-07
2.46617e-07
1.52344e-07
2.71201e-07
8.5316e-08
2.78146e-07
1.41654e-08
2.67762e-07
-5.6453e-08
2.41873e-07
-1.21352e-07
2.02711e-07
-1.77822e-07
1.48941e-07
-2.31658e-07
7.76519e-08
-2.76417e-07
-2.94206e-07
7.92651e-08
2.19411e-07
-1.27841e-08
1.39697e-07
1.95451e-07
1.90192e-07
1.59563e-07
2.28132e-07
1.14405e-07
2.51178e-07
6.22702e-08
2.58096e-07
7.24779e-09
2.48692e-07
-4.70494e-08
2.24664e-07
-9.73235e-08
1.87458e-07
-1.40617e-07
1.3648e-07
-1.8068e-07
7.11882e-08
-2.11125e-07
-2.23018e-07
7.47394e-08
1.56822e-07
-1.21499e-08
1.31609e-07
1.38581e-07
1.79105e-07
1.12067e-07
2.14886e-07
7.8623e-08
2.36612e-07
4.05442e-08
2.43293e-07
5.67534e-10
2.34855e-07
-3.86121e-08
2.12162e-07
-7.46304e-08
1.76449e-07
-1.04903e-07
1.27752e-07
-1.31984e-07
6.67317e-08
-1.50105e-07
-1.56286e-07
7.45045e-08
9.66189e-08
-1.43017e-08
1.28404e-07
8.46814e-08
1.73832e-07
6.66389e-08
2.07593e-07
4.48624e-08
2.28034e-07
2.01031e-08
2.33936e-07
-5.33482e-09
2.25524e-07
-3.01997e-08
2.03203e-07
-5.23101e-08
1.68455e-07
-7.01546e-08
1.21171e-07
-8.46999e-08
6.31793e-08
-9.21134e-08
-9.31068e-08
8.61862e-08
4.06876e-08
-3.02548e-08
1.36944e-07
3.39233e-08
1.7836e-07
2.52234e-08
2.08625e-07
1.45972e-08
2.25616e-07
3.11259e-09
2.28742e-07
-8.46098e-09
2.17921e-07
-1.93785e-08
1.93907e-07
-2.82963e-08
1.58257e-07
-3.45051e-08
1.11789e-07
-3.82312e-08
5.74422e-08
-3.7767e-08
-3.56645e-08
1.25447e-07
-8.47596e-08
1.59371e-07
1.84594e-07
1.99191e-07
2.02304e-07
1.93843e-07
1.74464e-07
1.46168e-07
1.11663e-07
7.34316e-08
3.56645e-08
-5.14854e-07
-1.77139e-06
-6.54824e-07
-1.03176e-06
-6.51065e-07
-5.5195e-07
-6.54068e-07
-3.37953e-07
-6.49632e-07
-1.26655e-07
-6.20485e-07
9.43696e-08
-5.63468e-07
3.04015e-07
-4.79713e-07
4.93068e-07
-3.7404e-07
6.53757e-07
-2.52472e-07
7.77724e-07
-1.20348e-07
8.58691e-07
8.91169e-07
1.77302e-08
-3.95735e-07
-1.37565e-06
-5.36244e-07
-8.91251e-07
-5.5651e-07
-5.31684e-07
-5.69496e-07
-3.24966e-07
-5.69343e-07
-1.26808e-07
-5.45851e-07
7.08782e-08
-4.97117e-07
2.55281e-07
-4.23572e-07
4.19523e-07
-3.28137e-07
5.58321e-07
-2.15575e-07
6.65162e-07
-9.15921e-08
7.34708e-07
7.61825e-07
3.77517e-08
-2.9784e-07
-1.07781e-06
-4.32178e-07
-7.56914e-07
-4.72393e-07
-4.91469e-07
-4.95442e-07
-3.01918e-07
-5.00351e-07
-1.21899e-07
-4.82285e-07
5.28123e-08
-4.40705e-07
2.137e-07
-3.77099e-07
3.55917e-07
-2.93874e-07
4.75097e-07
-1.94912e-07
5.662e-07
-8.5052e-08
6.24848e-07
6.46997e-07
2.9776e-08
-2.25528e-07
-8.52282e-07
-3.48495e-07
-6.33947e-07
-4.0255e-07
-4.37414e-07
-4.33196e-07
-2.71271e-07
-4.4251e-07
-1.12585e-07
-4.28854e-07
3.91562e-08
-3.93245e-07
1.78091e-07
-3.37563e-07
3.00235e-07
-2.64329e-07
4.01862e-07
-1.7725e-07
4.79121e-07
-8.06035e-08
5.28202e-07
5.4655e-07
1.98436e-08
-1.76787e-07
-6.75495e-07
-2.86984e-07
-5.2375e-07
-3.47097e-07
-3.77301e-07
-3.82126e-07
-2.36242e-07
-3.94566e-07
-1.00145e-07
-3.84729e-07
2.93194e-08
-3.53953e-07
1.47315e-07
-3.04617e-07
2.50898e-07
-2.3929e-07
3.36536e-07
-1.61424e-07
4.01255e-07
-7.51154e-08
4.41893e-07
4.5643e-07
1.50047e-08
-1.43513e-07
-5.31981e-07
-2.42169e-07
-4.25094e-07
-3.03833e-07
-3.15637e-07
-3.40836e-07
-1.9924e-07
-3.55364e-07
-8.56158e-08
-3.48388e-07
2.23434e-08
-3.21792e-07
1.20719e-07
-2.77639e-07
2.06745e-07
-2.18668e-07
2.77565e-07
-1.48159e-07
3.30745e-07
-6.99823e-08
3.63717e-07
3.74949e-07
1.14994e-08
-1.20727e-07
-4.11254e-07
-2.09795e-07
-3.36026e-07
-2.70535e-07
-2.54898e-07
-3.07984e-07
-1.61791e-07
-3.23737e-07
-6.98624e-08
-3.19041e-07
1.76472e-08
-2.95693e-07
9.73716e-08
-2.55795e-07
1.66846e-07
-2.01966e-07
2.23737e-07
-1.3739e-07
2.66169e-07
-6.57725e-08
2.921e-07
3.00341e-07
8.83492e-09
-1.05024e-07
-3.0623e-07
-1.86547e-07
-2.54503e-07
-2.45352e-07
-1.96093e-07
-2.82464e-07
-1.24679e-07
-2.98879e-07
-5.34477e-08
-2.9582e-07
1.45887e-08
-2.74968e-07
7.65194e-08
-2.38378e-07
1.30256e-07
-1.88578e-07
1.73937e-07
-1.28689e-07
2.0628e-07
-6.21956e-08
2.25607e-07
2.31137e-07
7.00805e-09
-9.40453e-08
-2.12185e-07
-1.69792e-07
-1.78756e-07
-2.26505e-07
-1.39379e-07
-2.62997e-07
-8.81873e-08
-2.79712e-07
-3.67327e-08
-2.77741e-07
1.26178e-08
-2.58621e-07
5.73998e-08
-2.24407e-07
9.60419e-08
-1.77585e-07
1.27115e-07
-1.21107e-07
1.49801e-07
-5.84433e-08
1.62943e-07
1.65933e-07
6.76156e-09
-8.5645e-08
-1.2654e-07
-1.56625e-07
-1.07776e-07
-2.11364e-07
-8.46409e-08
-2.47042e-07
-5.25089e-08
-2.63704e-07
-2.00712e-08
-2.62283e-07
1.11966e-08
-2.44209e-07
3.93257e-08
-2.11426e-07
6.32597e-08
-1.66527e-07
8.22154e-08
-1.12402e-07
9.5676e-08
-5.24193e-08
1.02961e-07
1.03716e-07
9.79782e-09
-7.63602e-08
-5.01797e-08
-1.41297e-07
-4.28394e-08
-1.92486e-07
-3.34513e-08
-2.25741e-07
-1.92537e-08
-2.40815e-07
-4.99784e-09
-2.38378e-07
8.75996e-09
-2.19907e-07
2.08548e-08
-1.87454e-07
3.0807e-08
-1.43567e-07
3.83277e-08
-9.11825e-08
4.32918e-08
-3.36048e-08
4.53832e-08
4.5117e-08
2.49937e-08
-5.01797e-08
-9.30191e-08
-1.2647e-07
-1.45724e-07
-1.50722e-07
-1.41962e-07
-1.21107e-07
-9.03003e-08
-5.19726e-08
-8.68086e-09
3.67024e-08
8.18194e-08
1.5509e-07
8.70704e-07
2.82478e-07
7.92737e-07
3.92782e-07
6.62053e-07
4.77497e-07
4.8596e-07
5.29138e-07
2.79038e-07
5.41204e-07
5.94463e-08
5.11603e-07
-1.47935e-07
4.37124e-07
-3.24873e-07
3.24747e-07
-4.75603e-07
2.02307e-07
-6.51956e-07
1.11846e-07
-8.72578e-07
-9.30085e-07
1.64964e-07
7.43491e-07
2.81272e-07
6.76429e-07
3.79127e-07
5.64198e-07
4.50839e-07
4.14248e-07
4.91788e-07
2.38089e-07
4.99258e-07
5.19772e-08
4.75959e-07
-1.24637e-07
4.25346e-07
-2.7426e-07
3.52094e-07
-4.02351e-07
2.55381e-07
-5.55244e-07
1.28191e-07
-7.45387e-07
-8.01895e-07
1.42968e-07
6.30299e-07
2.46136e-07
5.73261e-07
3.32334e-07
4.78e-07
3.95069e-07
3.51513e-07
4.30553e-07
2.02605e-07
4.37279e-07
4.52516e-08
4.19468e-07
-1.06826e-07
3.82538e-07
-2.3733e-07
3.29133e-07
-3.48946e-07
2.4872e-07
-4.7483e-07
1.27773e-07
-6.2444e-07
-6.74122e-07
1.19476e-07
5.30667e-07
2.10892e-07
4.81846e-07
2.86809e-07
4.02082e-07
3.42898e-07
2.95424e-07
3.74677e-07
1.70826e-07
3.81689e-07
3.82394e-08
3.66443e-07
-9.15806e-08
3.34084e-07
-2.04971e-07
2.87676e-07
-3.02538e-07
2.18607e-07
-4.0576e-07
1.13727e-07
-5.1956e-07
-5.60395e-07
1.03334e-07
4.42338e-07
1.83816e-07
4.01364e-07
2.52107e-07
3.33791e-07
3.0218e-07
2.45351e-07
3.31648e-07
1.41358e-07
3.38791e-07
3.10963e-08
3.24995e-07
-7.77841e-08
2.95099e-07
-1.75075e-07
2.51562e-07
-2.59001e-07
1.89768e-07
-3.43966e-07
9.93394e-08
-4.29132e-07
-4.61055e-07
9.12226e-08
3.62615e-07
1.64102e-07
3.28485e-07
2.25359e-07
2.72533e-07
2.71213e-07
1.99497e-07
2.98235e-07
1.14336e-07
3.05699e-07
2.36321e-08
2.93656e-07
-6.57408e-08
2.65699e-07
-1.47119e-07
2.24325e-07
-2.17627e-07
1.66988e-07
-2.86629e-07
8.72521e-08
-3.49396e-07
-3.73803e-07
8.16874e-08
2.89762e-07
1.48447e-07
2.61725e-07
2.04749e-07
2.16231e-07
2.46592e-07
1.57654e-07
2.72046e-07
8.88826e-08
2.79342e-07
1.63357e-08
2.6904e-07
-5.54385e-08
2.4311e-07
-1.21188e-07
2.03785e-07
-1.78302e-07
1.49749e-07
-2.32593e-07
7.80884e-08
-2.77736e-07
-2.95715e-07
7.4179e-08
2.22591e-07
1.36289e-07
1.99615e-07
1.88351e-07
1.64169e-07
2.27723e-07
1.18283e-07
2.51587e-07
6.50185e-08
2.58968e-07
8.95514e-09
2.4974e-07
-4.62111e-08
2.25718e-07
-9.71663e-08
1.88386e-07
-1.4097e-07
1.3718e-07
-1.81386e-07
7.15662e-08
-2.12122e-07
-2.24149e-07
6.9847e-08
1.59506e-07
1.28227e-07
1.41235e-07
1.77164e-07
1.15232e-07
2.14179e-07
8.12673e-08
2.3673e-07
4.24673e-08
2.43918e-07
1.76716e-09
2.3573e-07
-3.80227e-08
2.13057e-07
-7.44938e-08
1.77271e-07
-1.05184e-07
1.28375e-07
-1.3249e-07
6.70666e-08
-1.50814e-07
-1.57082e-07
7.04164e-08
9.88873e-08
1.25613e-07
8.60386e-08
1.72033e-07
6.88118e-08
2.06872e-07
4.64292e-08
2.28018e-07
2.13205e-08
2.34431e-07
-4.64546e-09
2.26283e-07
-2.98745e-08
2.04025e-07
-5.22363e-08
1.69186e-07
-7.03439e-08
1.21744e-07
-8.50479e-08
6.34844e-08
-9.25549e-08
-9.35976e-08
8.26868e-08
4.11942e-08
1.33941e-07
3.47844e-08
1.76856e-07
2.58971e-08
2.07967e-07
1.53179e-08
2.25698e-07
3.58927e-09
2.2925e-07
-8.19741e-09
2.1865e-07
-1.92743e-08
1.94712e-07
-2.82987e-08
1.58975e-07
-3.46069e-08
1.12328e-07
-3.84004e-08
5.77282e-08
-3.79552e-08
-3.58694e-08
1.23014e-07
1.57798e-07
1.83695e-07
1.99013e-07
2.02602e-07
1.94405e-07
1.75131e-07
1.46832e-07
1.12225e-07
7.38245e-08
3.58694e-08
-5.13892e-07
-1.76995e-06
-6.53526e-07
-1.02936e-06
-6.49349e-07
-5.48977e-07
-6.52324e-07
-3.36054e-07
-6.4806e-07
-1.26048e-07
-6.19181e-07
9.42492e-08
-5.62393e-07
3.03476e-07
-4.78913e-07
4.92281e-07
-3.7347e-07
6.52856e-07
-2.52082e-07
7.76915e-07
-1.20061e-07
8.58118e-07
8.90942e-07
1.79963e-08
-3.95387e-07
-1.37457e-06
-5.35587e-07
-8.89157e-07
-5.55317e-07
-5.29246e-07
-5.68046e-07
-3.23326e-07
-5.67953e-07
-1.26141e-07
-5.44625e-07
7.09213e-08
-4.96075e-07
2.54927e-07
-4.22743e-07
4.18948e-07
-3.27519e-07
5.57633e-07
-2.15134e-07
6.64529e-07
-9.12463e-08
7.3423e-07
7.61608e-07
3.80873e-08
-2.97717e-07
-1.07685e-06
-4.31722e-07
-7.55153e-07
-4.71454e-07
-4.89514e-07
-4.94231e-07
-3.00548e-07
-4.99109e-07
-1.21263e-07
-4.81151e-07
5.29638e-08
-4.3971e-07
2.13486e-07
-3.76255e-07
3.55493e-07
-2.932e-07
4.74578e-07
-1.944e-07
5.65729e-07
-8.46229e-08
6.24453e-07
6.46715e-07
3.02708e-08
-2.25427e-07
-8.51422e-07
-3.48104e-07
-6.32476e-07
-4.01755e-07
-4.35863e-07
-4.3216e-07
-2.70144e-07
-4.414e-07
-1.12023e-07
-4.2782e-07
3.93842e-08
-3.9231e-07
1.77975e-07
-3.36728e-07
2.99911e-07
-2.63637e-07
4.01487e-07
-1.76674e-07
4.78766e-07
-8.0129e-08
5.27909e-07
5.46461e-07
2.0124e-08
-1.76676e-07
-6.74746e-07
-2.86621e-07
-5.2253e-07
-3.464e-07
-3.76084e-07
-3.81223e-07
-2.35322e-07
-3.93611e-07
-9.96352e-08
-3.83768e-07
2.95414e-08
-3.53053e-07
1.4726e-07
-3.03816e-07
2.50674e-07
-2.38568e-07
3.36239e-07
-1.60806e-07
4.01004e-07
-7.45765e-08
4.41679e-07
4.56366e-07
1.55192e-08
-1.43394e-07
-5.31352e-07
-2.41802e-07
-4.24122e-07
-3.03212e-07
-3.14674e-07
-3.40032e-07
-1.98502e-07
-3.54495e-07
-8.51721e-08
-3.47514e-07
2.25602e-08
-3.20932e-07
1.20678e-07
-2.7685e-07
2.06593e-07
-2.17961e-07
2.7735e-07
-1.47505e-07
3.30548e-07
-6.94024e-08
3.63576e-07
3.74898e-07
1.20651e-08
-1.206e-07
-4.10752e-07
-2.09454e-07
-3.35268e-07
-2.69972e-07
-2.54156e-07
-3.07255e-07
-1.6122e-07
-3.22931e-07
-6.94957e-08
-3.182e-07
1.78297e-08
-2.94886e-07
9.73633e-08
-2.55026e-07
1.66733e-07
-2.01281e-07
2.23605e-07
-1.36745e-07
2.66012e-07
-6.51651e-08
2.91996e-07
3.00307e-07
9.42623e-09
-1.04893e-07
-3.05859e-07
-1.86227e-07
-2.53935e-07
-2.44831e-07
-1.95552e-07
-2.81792e-07
-1.24259e-07
-2.98125e-07
-5.31627e-08
-2.9503e-07
1.47351e-08
-2.74193e-07
7.65262e-08
-2.37636e-07
1.30176e-07
-1.87896e-07
1.73865e-07
-1.28051e-07
2.06168e-07
-6.15881e-08
2.25532e-07
2.31099e-07
7.62016e-09
-9.39195e-08
-2.11939e-07
-1.69479e-07
-1.78376e-07
-2.26008e-07
-1.39023e-07
-2.6239e-07
-8.78763e-08
-2.7899e-07
-3.65625e-08
-2.76989e-07
1.27341e-08
-2.57878e-07
5.74146e-08
-2.2369e-07
9.59879e-08
-1.76905e-07
1.2708e-07
-1.20472e-07
1.49736e-07
-5.78454e-08
1.62905e-07
1.65894e-07
7.35918e-09
-8.55237e-08
-1.26415e-07
-1.56328e-07
-1.07571e-07
-2.10906e-07
-8.44451e-08
-2.4645e-07
-5.23324e-08
-2.6304e-07
-1.99726e-08
-2.61576e-07
1.12708e-08
-2.43507e-07
3.93457e-08
-2.10758e-07
6.32384e-08
-1.65886e-07
8.22079e-08
-1.11801e-07
9.56508e-08
-5.18425e-08
1.02946e-07
1.03735e-07
1.03164e-08
-7.62641e-08
-5.01514e-08
-1.41056e-07
-4.27787e-08
-1.92108e-07
-3.33936e-08
-2.25249e-07
-1.91914e-08
-2.4026e-07
-4.96179e-09
-2.37786e-07
8.79694e-09
-2.19308e-07
2.0868e-08
-1.86878e-07
3.08081e-08
-1.43005e-07
3.83352e-08
-9.06494e-08
4.32949e-08
-3.31001e-08
4.5397e-08
4.51419e-08
2.54931e-08
-5.01514e-08
-9.29301e-08
-1.26324e-07
-1.45515e-07
-1.50477e-07
-1.4168e-07
-1.20812e-07
-9.00039e-08
-5.16687e-08
-8.37385e-09
3.70232e-08
8.21651e-08
1.55412e-07
8.70851e-07
2.82919e-07
7.93218e-07
3.93397e-07
6.62743e-07
4.7832e-07
4.86664e-07
5.30164e-07
2.79512e-07
5.42407e-07
5.95069e-08
5.12914e-07
-1.48504e-07
4.38541e-07
-3.26101e-07
3.26112e-07
-4.77453e-07
2.03404e-07
-6.53776e-07
1.12521e-07
-8.73736e-07
-9.31371e-07
1.65352e-07
7.43587e-07
2.81763e-07
6.76807e-07
3.79803e-07
5.64703e-07
4.51712e-07
4.14754e-07
4.92813e-07
2.38412e-07
5.00378e-07
5.19418e-08
4.77075e-07
-1.25202e-07
4.26376e-07
-2.75402e-07
3.52897e-07
-4.03974e-07
2.55898e-07
-5.56776e-07
1.28479e-07
-7.46318e-07
-8.02892e-07
1.43431e-07
6.30427e-07
2.46683e-07
5.73555e-07
3.33006e-07
4.78379e-07
3.95898e-07
3.51862e-07
4.31505e-07
2.02805e-07
4.38283e-07
4.51636e-08
4.20407e-07
-1.07326e-07
3.83327e-07
-2.38322e-07
3.29639e-07
-3.50286e-07
2.48977e-07
-4.76115e-07
1.27924e-07
-6.25265e-07
-6.74968e-07
1.19825e-07
5.30726e-07
2.11445e-07
4.81936e-07
2.8748e-07
4.02344e-07
3.43681e-07
2.95661e-07
3.7555e-07
1.70936e-07
3.82591e-07
3.81233e-08
3.67279e-07
-9.20139e-08
3.34721e-07
-2.05765e-07
2.88093e-07
-3.03657e-07
2.18801e-07
-4.06823e-07
1.13838e-07
-5.20301e-07
-5.61131e-07
1.03853e-07
4.42392e-07
1.84395e-07
4.01393e-07
2.52779e-07
3.3396e-07
3.02921e-07
2.45519e-07
3.32454e-07
1.41403e-07
3.3962e-07
3.09566e-08
3.25745e-07
-7.81389e-08
2.95692e-07
-1.75712e-07
2.51941e-07
-2.59905e-07
1.89958e-07
-3.44841e-07
9.94379e-08
-4.29781e-07
-4.61693e-07
9.17685e-08
3.62689e-07
1.64661e-07
3.285e-07
2.26008e-07
2.72613e-07
2.71924e-07
1.99604e-07
2.98973e-07
1.14354e-07
3.0642e-07
2.35105e-08
2.94329e-07
-6.60486e-08
2.66261e-07
-1.47643e-07
2.247e-07
-2.18345e-07
1.67181e-07
-2.87321e-07
8.73481e-08
-3.49948e-07
-3.74345e-07
8.22588e-08
2.89856e-07
1.49053e-07
2.61706e-07
2.05393e-07
2.16273e-07
2.47261e-07
1.57736e-07
2.72737e-07
8.88772e-08
2.80029e-07
1.62186e-08
2.69668e-07
-5.56875e-08
2.43622e-07
-1.21597e-07
2.04138e-07
-1.78861e-07
1.4995e-07
-2.33133e-07
7.81902e-08
-2.78188e-07
-2.96155e-07
7.48739e-08
2.22603e-07
1.36922e-07
1.99659e-07
1.88974e-07
1.64221e-07
2.28366e-07
1.18343e-07
2.52237e-07
6.50068e-08
2.59596e-07
8.85947e-09
2.50313e-07
-4.6405e-08
2.26195e-07
-9.74789e-08
1.88716e-07
-1.41382e-07
1.37377e-07
-1.81794e-07
7.16657e-08
-2.12477e-07
-2.24489e-07
7.05431e-08
1.59419e-07
1.28854e-07
1.41348e-07
1.77766e-07
1.15309e-07
2.14804e-07
8.13055e-08
2.37344e-07
4.24664e-08
2.44508e-07
1.6959e-09
2.36271e-07
-3.81681e-08
2.13486e-07
-7.46943e-08
1.77592e-07
-1.05488e-07
1.28566e-07
-1.32769e-07
6.71615e-08
-1.51072e-07
-1.57327e-07
7.09306e-08
9.88046e-08
1.26162e-07
8.61164e-08
1.72617e-07
6.88543e-08
2.0745e-07
4.64721e-08
2.2859e-07
2.13259e-08
2.34982e-07
-4.69584e-09
2.26774e-07
-2.99604e-08
2.0444e-07
-5.23596e-08
1.69464e-07
-7.0512e-08
1.2193e-07
-8.52343e-08
6.35732e-08
-9.27152e-08
-9.37541e-08
8.31229e-08
4.11748e-08
1.34429e-07
3.48106e-08
1.77359e-07
2.59236e-08
2.08487e-07
1.5344e-08
2.26221e-07
3.5921e-09
2.29743e-07
-8.21749e-09
2.19095e-07
-1.93121e-08
1.95093e-07
-2.83575e-08
1.59256e-07
-3.46759e-08
1.12504e-07
-3.8482e-08
5.78149e-08
-3.8026e-08
-3.59392e-08
1.2334e-07
1.5815e-07
1.84074e-07
1.99418e-07
2.0301e-07
1.94793e-07
1.75481e-07
1.47123e-07
1.12447e-07
7.39652e-08
3.59392e-08
-5.13315e-07
-1.7698e-06
-6.52708e-07
-1.02805e-06
-6.48372e-07
-5.47027e-07
-6.51367e-07
-3.34844e-07
-6.47262e-07
-1.25755e-07
-6.18599e-07
9.41213e-08
-5.6196e-07
3.03244e-07
-4.78572e-07
4.92084e-07
-3.73127e-07
6.52813e-07
-2.51673e-07
7.7707e-07
-1.19559e-07
8.58428e-07
8.91297e-07
1.85524e-08
-3.95273e-07
-1.37452e-06
-5.35278e-07
-8.88049e-07
-5.54683e-07
-5.27622e-07
-5.67253e-07
-3.22274e-07
-5.6722e-07
-1.25788e-07
-5.44036e-07
7.09369e-08
-4.95603e-07
2.54812e-07
-4.22352e-07
4.18832e-07
-3.27142e-07
5.57603e-07
-2.14717e-07
6.64645e-07
-9.07376e-08
7.34449e-07
7.61878e-07
3.86812e-08
-2.97765e-07
-1.07676e-06
-4.31585e-07
-7.54229e-07
-4.70982e-07
-4.88225e-07
-4.9357e-07
-2.99686e-07
-4.9844e-07
-1.20919e-07
-4.80571e-07
5.3068e-08
-4.39216e-07
2.13458e-07
-3.75818e-07
3.55434e-07
-2.9278e-07
4.74566e-07
-1.93953e-07
5.65818e-07
-8.41035e-08
6.24599e-07
6.46846e-07
3.09277e-08
-2.25477e-07
-8.5128e-07
-3.47994e-07
-6.31712e-07
-4.01356e-07
-4.34862e-07
-4.31592e-07
-2.6945e-07
-4.40816e-07
-1.11695e-07
-4.27278e-07
3.95301e-08
-3.91814e-07
1.77993e-07
-3.36264e-07
2.99883e-07
-2.63184e-07
4.01486e-07
-1.76205e-07
4.78838e-07
-7.96164e-08
5.28011e-07
5.46533e-07
2.06972e-08
-1.76693e-07
-6.74586e-07
-2.86494e-07
-5.21912e-07
-3.46042e-07
-3.75314e-07
-3.80724e-07
-2.34768e-07
-3.93083e-07
-9.93361e-08
-3.83238e-07
2.96853e-08
-3.5256e-07
1.47315e-07
-3.03343e-07
2.50666e-07
-2.38103e-07
3.36247e-07
-1.60329e-07
4.01064e-07
-7.40748e-08
4.41756e-07
4.56459e-07
1.59986e-08
-1.43383e-07
-5.31204e-07
-2.41656e-07
-4.23639e-07
-3.02883e-07
-3.14087e-07
-3.39584e-07
-1.98067e-07
-3.54007e-07
-8.49128e-08
-3.47021e-07
2.26987e-08
-3.2044e-07
1.20734e-07
-2.7638e-07
2.06606e-07
-2.17501e-07
2.77368e-07
-1.47026e-07
3.30589e-07
-6.89083e-08
3.63638e-07
3.74975e-07
1.25767e-08
-1.2057e-07
-4.10634e-07
-2.09303e-07
-3.34905e-07
-2.69669e-07
-2.53721e-07
-3.06848e-07
-1.60887e-07
-3.22477e-07
-6.92843e-08
-3.17729e-07
1.79504e-08
-2.94409e-07
9.74145e-08
-2.54564e-07
1.66762e-07
-2.00821e-07
2.23625e-07
-1.36279e-07
2.66047e-07
-6.4679e-08
2.92038e-07
3.00359e-07
9.93609e-09
-1.04852e-07
-3.05781e-07
-1.86078e-07
-2.5368e-07
-2.44551e-07
-1.95248e-07
-2.81419e-07
-1.24019e-07
-2.97699e-07
-5.30041e-08
-2.94581e-07
1.48325e-08
-2.73736e-07
7.65687e-08
-2.37184e-07
1.3021e-07
-1.87446e-07
1.73887e-07
-1.27593e-07
2.06195e-07
-6.11201e-08
2.25565e-07
2.31119e-07
8.11997e-09
-9.38767e-08
-2.11905e-07
-1.69333e-07
-1.78223e-07
-2.25747e-07
-1.38834e-07
-2.62046e-07
-8.77201e-08
-2.78594e-07
-3.64569e-08
-2.76568e-07
1.28066e-08
-2.57457e-07
5.74582e-08
-2.23258e-07
9.60111e-08
-1.76478e-07
1.27106e-07
-1.20034e-07
1.49751e-07
-5.73973e-08
1.62927e-07
1.65891e-07
7.831e-09
-8.54859e-08
-1.26419e-07
-1.56201e-07
-1.07508e-07
-2.10681e-07
-8.43548e-08
-2.46149e-07
-5.22523e-08
-2.6269e-07
-1.99152e-08
-2.61197e-07
1.13132e-08
-2.4311e-07
3.93714e-08
-2.10363e-07
6.32638e-08
-1.65486e-07
8.22296e-08
-1.11397e-07
9.56619e-08
-5.14315e-08
1.02962e-07
1.03772e-07
1.06878e-08
-7.62453e-08
-5.01737e-08
-1.40977e-07
-4.27757e-08
-1.91954e-07
-3.33777e-08
-2.25035e-07
-1.91711e-08
-2.40005e-07
-4.94586e-09
-2.37506e-07
8.814e-09
-2.19019e-07
2.0885e-08
-1.86569e-07
3.08136e-08
-1.42684e-07
3.83447e-08
-9.03207e-08
4.32985e-08
-3.27596e-08
4.54007e-08
4.51612e-08
2.5851e-08
-5.01737e-08
-9.29494e-08
-1.26327e-07
-1.45498e-07
-1.50444e-07
-1.4163e-07
-1.20745e-07
-8.99315e-08
-5.15868e-08
-8.28835e-09
3.71124e-08
8.22735e-08
1.5604e-07
8.71147e-07
2.83582e-07
7.93413e-07
3.94325e-07
6.62706e-07
4.79316e-07
4.86561e-07
5.31353e-07
2.78744e-07
5.43501e-07
5.7993e-08
5.13673e-07
-1.50791e-07
4.38738e-07
-3.28575e-07
3.25738e-07
-4.7961e-07
2.02719e-07
-6.5456e-07
1.12327e-07
-8.72162e-07
-9.28447e-07
1.66012e-07
7.43817e-07
2.82338e-07
6.77087e-07
3.80609e-07
5.64435e-07
4.52588e-07
4.14582e-07
4.93729e-07
2.37603e-07
5.01085e-07
5.06372e-08
4.77366e-07
-1.27072e-07
4.26269e-07
-2.77478e-07
3.52347e-07
-4.05688e-07
2.55099e-07
-5.57312e-07
1.2798e-07
-7.45043e-07
-8.00466e-07
1.4412e-07
6.30625e-07
2.47513e-07
5.73694e-07
3.33711e-07
4.78237e-07
3.96793e-07
3.51499e-07
4.32214e-07
2.02183e-07
4.38757e-07
4.40939e-08
4.20564e-07
-1.08879e-07
3.8313e-07
-2.40043e-07
3.29013e-07
-3.51571e-07
2.48197e-07
-4.76497e-07
1.27428e-07
-6.24274e-07
-6.73038e-07
1.20437e-07
5.30885e-07
2.12094e-07
4.82037e-07
2.88161e-07
4.02169e-07
3.44368e-07
2.95292e-07
3.76207e-07
1.70344e-07
3.83105e-07
3.71955e-08
3.67416e-07
-9.31907e-08
3.34467e-07
-2.07094e-07
2.87558e-07
-3.04662e-07
2.18144e-07
-4.07083e-07
1.13416e-07
-5.19546e-07
-5.59622e-07
1.04385e-07
4.42499e-07
1.85258e-07
4.01164e-07
2.53417e-07
3.34011e-07
3.03513e-07
2.45196e-07
3.32957e-07
1.40901e-07
3.39962e-07
3.01904e-08
3.25866e-07
-7.9095e-08
2.95506e-07
-1.76733e-07
2.51505e-07
-2.60661e-07
1.89443e-07
-3.45021e-07
9.91035e-08
-4.29206e-07
-4.60519e-07
9.22952e-08
3.6278e-07
1.65004e-07
3.28456e-07
2.26529e-07
2.72485e-07
2.72478e-07
1.99246e-07
2.9952e-07
1.13859e-07
3.0673e-07
2.29802e-08
2.94441e-07
-6.68054e-08
2.66162e-07
-1.48455e-07
2.2437e-07
-2.18869e-07
1.66801e-07
-2.87452e-07
8.70899e-08
-3.49496e-07
-3.73429e-07
8.27822e-08
2.89934e-07
1.49601e-07
2.61638e-07
2.05861e-07
2.16225e-07
2.47722e-07
1.57385e-07
2.73035e-07
8.85462e-08
2.80255e-07
1.57598e-08
2.69756e-07
-5.63064e-08
2.43505e-07
-1.22203e-07
2.0388e-07
-1.79244e-07
1.4964e-07
-2.33212e-07
7.79787e-08
-2.77835e-07
-2.9545e-07
7.54615e-08
2.22592e-07
1.37472e-07
1.99627e-07
1.89608e-07
1.64089e-07
2.28803e-07
1.1819e-07
2.52598e-07
6.47513e-08
2.59828e-07
8.53003e-09
2.50399e-07
-4.68775e-08
2.26104e-07
-9.79078e-08
1.88515e-07
-1.41655e-07
1.37134e-07
-1.81831e-07
7.14959e-08
-2.12196e-07
-2.23955e-07
7.10999e-08
1.59323e-07
1.29379e-07
1.41348e-07
1.78232e-07
1.15236e-07
2.1524e-07
8.11817e-08
2.37716e-07
4.22757e-08
2.44759e-07
1.48728e-09
2.36329e-07
-3.84481e-08
2.13444e-07
-7.50227e-08
1.77418e-07
-1.05629e-07
1.28366e-07
-1.32779e-07
6.70209e-08
-1.50851e-07
-1.56934e-07
7.13281e-08
9.86831e-08
1.26559e-07
8.61168e-08
1.73006e-07
6.87893e-08
2.07778e-07
4.64095e-08
2.28904e-07
2.1149e-08
2.35186e-07
-4.79451e-09
2.26838e-07
-3.01001e-08
2.04372e-07
-5.2557e-08
1.69338e-07
-7.05947e-08
1.2175e-07
-8.51909e-08
6.34515e-08
-9.25527e-08
-9.34822e-08
8.34039e-08
4.11303e-08
1.34781e-07
3.474e-08
1.77624e-07
2.59463e-08
2.08751e-07
1.52816e-08
2.26377e-07
3.52349e-09
2.29843e-07
-8.26074e-09
2.19107e-07
-1.93635e-08
1.94974e-07
-2.84244e-08
1.59076e-07
-3.46966e-08
1.12318e-07
-3.84328e-08
5.76909e-08
-3.7926e-08
-3.57913e-08
1.23404e-07
1.58144e-07
1.8409e-07
1.99372e-07
2.02895e-07
1.94635e-07
1.75271e-07
1.46847e-07
1.1215e-07
7.37172e-08
3.57913e-08
-5.14145e-07
-1.76973e-06
-6.53412e-07
-1.02539e-06
-6.48761e-07
-5.42982e-07
-6.51181e-07
-3.29374e-07
-6.46275e-07
-1.1883e-07
-6.16334e-07
1.02291e-07
-5.58181e-07
3.12832e-07
-4.72397e-07
5.02865e-07
-3.64265e-07
6.62911e-07
-2.41388e-07
7.83267e-07
-1.10361e-07
8.5803e-07
8.85633e-07
-3.95819e-07
-1.37391e-06
-5.35648e-07
-8.85563e-07
-5.54708e-07
-5.23922e-07
-5.66719e-07
-3.17363e-07
-5.65842e-07
-1.19708e-07
-5.41681e-07
7.81305e-08
-4.91789e-07
2.6294e-07
-4.16512e-07
4.27587e-07
-3.19142e-07
5.65542e-07
-2.05525e-07
6.6965e-07
-8.19721e-08
7.34477e-07
7.57132e-07
-2.98083e-07
-1.07582e-06
-4.3172e-07
-7.51925e-07
-4.70734e-07
-4.84907e-07
-4.9277e-07
-2.95328e-07
-4.96899e-07
-1.15578e-07
-4.78014e-07
5.92449e-08
-4.35431e-07
2.20357e-07
-3.70401e-07
3.62558e-07
-2.85721e-07
4.80862e-07
-1.85805e-07
5.69734e-07
-7.58552e-08
6.24527e-07
6.42605e-07
-2.25627e-07
-8.50196e-07
-3.4793e-07
-6.29623e-07
-4.00902e-07
-4.31935e-07
-4.30583e-07
-2.65647e-07
-4.39067e-07
-1.07094e-07
-4.24612e-07
4.47901e-08
-3.88066e-07
1.83812e-07
-3.3117e-07
3.05662e-07
-2.56848e-07
4.06539e-07
-1.6897e-07
4.81856e-07
-7.21865e-08
5.27744e-07
5.41854e-07
-1.7672e-07
-6.73476e-07
-2.86286e-07
-5.20056e-07
-3.45441e-07
-3.72781e-07
-3.79577e-07
-2.31511e-07
-3.91244e-07
-9.54275e-08
-3.80536e-07
3.40817e-08
-3.48887e-07
1.52163e-07
-2.98548e-07
2.55323e-07
-2.32295e-07
3.40287e-07
-1.53812e-07
4.03373e-07
-6.75415e-08
4.41473e-07
4.52898e-07
-1.43317e-07
-5.30159e-07
-2.41342e-07
-4.22032e-07
-3.0217e-07
-3.11952e-07
-3.38338e-07
-1.95343e-07
-3.52102e-07
-8.16633e-08
-3.44308e-07
2.62877e-08
-3.16813e-07
1.24668e-07
-2.71856e-07
2.10366e-07
-2.12104e-07
2.80535e-07
-1.41086e-07
3.32355e-07
-6.30162e-08
3.63403e-07
3.72477e-07
-1.20443e-07
-4.09716e-07
-2.08907e-07
-3.33568e-07
-2.68878e-07
-2.51982e-07
-3.05538e-07
-1.58683e-07
-3.20531e-07
-6.66706e-08
-3.15051e-07
2.08077e-08
-2.90885e-07
1.00502e-07
-2.50235e-07
1.69716e-07
-1.95756e-07
2.26056e-07
-1.30796e-07
2.67395e-07
-5.92416e-08
2.91849e-07
2.98543e-07
-1.04685e-07
-3.05031e-07
-1.85622e-07
-2.5263e-07
-2.43705e-07
-1.93898e-07
-2.80069e-07
-1.22319e-07
-2.95741e-07
-5.09979e-08
-2.9193e-07
1.69964e-08
-2.70313e-07
7.88845e-08
-2.33021e-07
1.32424e-07
-1.82671e-07
1.75706e-07
-1.22448e-07
2.07171e-07
-5.60309e-08
2.25432e-07
2.29728e-07
-9.36805e-08
-2.1135e-07
-1.68847e-07
-1.77464e-07
-2.24876e-07
-1.37869e-07
-2.6068e-07
-8.6515e-08
-2.7663e-07
-3.50482e-08
-2.73964e-07
1.43307e-08
-2.54151e-07
5.90718e-08
-2.19276e-07
9.7549e-08
-1.7193e-07
1.2836e-07
-1.1519e-07
1.50431e-07
-5.26058e-08
1.62848e-07
1.64972e-07
-8.52781e-08
-1.26072e-07
-1.55702e-07
-1.07041e-07
-2.09803e-07
-8.37676e-08
-2.44794e-07
-5.15237e-08
-2.6078e-07
-1.90626e-08
-2.5866e-07
1.22106e-08
-2.39921e-07
4.03333e-08
-2.06561e-07
6.41892e-08
-1.61169e-07
8.29677e-08
-1.0681e-07
9.60713e-08
-4.68852e-08
1.02924e-07
1.03785e-07
-7.60406e-08
-5.00316e-08
-1.40494e-07
-4.25874e-08
-1.91122e-07
-3.31398e-08
-2.23765e-07
-1.88807e-08
-2.38219e-07
-4.60819e-09
-2.35184e-07
9.17578e-09
-2.16117e-07
2.12664e-08
-1.83107e-07
3.11787e-08
-1.38777e-07
3.86383e-08
-8.61625e-08
4.34564e-08
-2.85802e-08
4.53413e-08
4.49504e-08
-5.00316e-08
-9.2619e-08
-1.25759e-07
-1.4464e-07
-1.49248e-07
-1.40072e-07
-1.18806e-07
-8.76269e-08
-4.89885e-08
-5.53213e-09
3.98092e-08
)
;

boundaryField
{
    rotor
    {
        type            calculated;
        value           nonuniform List<scalar> 
192
(
5.66098e-24
1.50832e-23
2.30577e-23
-4.38664e-23
9.79175e-23
-4.96309e-24
-9.71678e-23
-8.9594e-23
-4.33365e-23
-6.48691e-23
1.03269e-23
7.38002e-24
7.05818e-23
1.14383e-23
-1.51516e-22
5.36633e-23
4.88812e-23
-1.47703e-22
2.28509e-23
-1.03307e-22
1.20975e-23
-1.02622e-23
1.04691e-24
1.29249e-24
-2.58474e-25
-5.68725e-25
-8.33513e-23
-7.106e-23
4.46936e-23
-5.43354e-23
-1.2356e-23
-3.71973e-23
1.22694e-22
7.19909e-24
-1.56622e-22
1.31703e-22
8.98912e-23
-9.02789e-23
1.26533e-22
-3.35396e-23
5.6119e-23
7.72638e-23
-4.8907e-23
7.09824e-23
-7.52992e-23
2.84601e-23
2.48801e-23
1.87407e-24
-7.21198e-24
-6.64328e-24
1.73061e-23
7.02458e-23
1.01847e-23
-3.12776e-24
6.65621e-23
8.05209e-23
1.07533e-23
8.03919e-24
7.70311e-23
4.01312e-23
-6.48303e-23
-1.98394e-23
-1.46566e-23
1.9051e-23
-7.78842e-23
-5.34565e-23
1.19036e-22
3.88129e-23
2.09639e-23
3.36688e-23
2.92874e-23
-8.01333e-24
8.01329e-24
1.9568e-23
-6.94055e-24
2.11707e-23
8.6466e-24
1.2608e-22
1.53804e-23
-9.48285e-23
1.83802e-22
-3.89292e-23
1.85159e-22
-4.76275e-23
5.55748e-25
9.59529e-23
-1.18778e-23
6.81132e-23
-3.47803e-23
1.63472e-22
-2.5914e-23
6.9406e-24
3.64089e-23
-2.65732e-23
9.24111e-24
1.12704e-23
4.23516e-22
0
0
0
8.47033e-22
0
8.47033e-22
-8.47033e-22
0
8.47033e-22
0
0
-8.47033e-22
0
0
0
-8.47033e-22
0
-8.47033e-22
0
0
-8.47033e-22
0
0
0
0
0
0
0
0
-8.47033e-22
0
-8.47033e-22
-8.47033e-22
0
-1.69407e-21
0
0
0
0
0
0
8.47033e-22
0
8.47033e-22
8.47033e-22
0
1.69407e-21
-4.23516e-22
0
0
0
0
8.47033e-22
8.47033e-22
0
8.47033e-22
0
0
0
4.23516e-22
4.23516e-22
0
0
0
-8.47033e-22
-8.47033e-22
-8.47033e-22
-1.69407e-21
-8.47033e-22
-8.47033e-22
-1.69407e-21
0
4.23516e-22
0
8.47033e-22
0
0
8.47033e-22
-8.47033e-22
-8.47033e-22
0
-8.47033e-22
0
-4.23516e-22
0
0
-8.47033e-22
0
0
-8.47033e-22
8.47033e-22
0
0
0
-1.69407e-21
)
;
    }
    stator
    {
        type            calculated;
        value           nonuniform List<scalar> 
192
(
-4.70198e-38
0
-5.56714e-35
3.00927e-36
0
3.00927e-35
-2.0881e-53
-6.01853e-36
4.81482e-35
0
-1.14521e-34
1.20371e-35
-6.56205e-35
0
2.40741e-35
0
0
6.62038e-35
0
3.00927e-36
3.00927e-36
0
-5.97629e-36
1.61748e-35
1.12116e-34
0
-3.16395e-35
3.00927e-36
-3.00927e-36
-1.2206e-35
1.80556e-35
-6.18751e-36
4.79793e-35
0
4.81482e-35
2.39051e-35
2.40741e-35
3.59422e-35
1.20371e-35
3.61112e-35
-6.01853e-36
0
0
0
0
0
0
0
0
0
-1.05324e-35
-1.58912e-36
0
-3.00927e-36
0
-1.20371e-35
-1.80556e-35
0
-6.01853e-35
0
2.42431e-35
4.81482e-35
0
7.54006e-35
0
1.80556e-35
-1.18681e-35
-3.00927e-36
5.52012e-35
-3.1555e-35
0
1.12074e-34
4.70198e-38
-6.06078e-36
0
0
3.00927e-36
0
6.62038e-35
2.40741e-35
0
2.40741e-35
0
-6.52825e-35
1.20371e-35
1.02484e-34
0
9.0278e-35
-6.01853e-36
-5.0029e-35
2.86725e-35
-4.13774e-36
3.00927e-36
-5.19098e-35
0
-4.70198e-38
0
-6.01853e-36
0
0
6.01853e-36
-3.00927e-36
0
6.01853e-36
0
0
0
0
0
6.01853e-36
0
0
-6.01853e-36
0
0
-6.01853e-36
-1.20371e-35
0
0
0
0
6.01853e-36
3.00927e-36
6.01853e-36
0
6.01853e-36
-6.01853e-36
0
0
0
0
0
0
-6.01853e-36
-3.00927e-36
-6.01853e-36
0
0
6.01853e-36
0
0
0
0
1.20371e-35
0
-6.01853e-36
-3.00927e-36
-6.01853e-36
0
-6.01853e-36
6.01853e-36
0
0
0
0
0
0
6.01853e-36
3.00927e-36
6.01853e-36
0
0
-6.01853e-36
0
0
0
0
-1.20371e-35
0
6.01853e-36
0
0
-6.01853e-36
3.00927e-36
0
-6.01853e-36
0
0
0
0
0
-6.01853e-36
0
0
6.01853e-36
0
0
6.01853e-36
1.20371e-35
0
0
0
)
;
    }
    AMI1
    {
        type            cyclicAMI;
        value           nonuniform List<scalar> 
96
(
1.61625e-06
1.33467e-06
1.03134e-06
7.0401e-07
3.51347e-07
-6.56061e-09
-5.3695e-07
-9.80402e-07
-1.38483e-06
-1.71851e-06
-1.9433e-06
-1.97413e-06
-1.72769e-06
-1.24025e-06
-8.46613e-07
-4.94446e-07
-1.41436e-07
3.235e-07
6.69303e-07
9.46918e-07
1.17685e-06
1.39663e-06
1.59748e-06
1.74456e-06
1.65175e-06
1.3782e-06
1.06765e-06
7.22859e-07
3.57335e-07
-6.67798e-09
-5.39255e-07
-9.82345e-07
-1.38633e-06
-1.72e-06
-1.94512e-06
-1.97575e-06
-1.72853e-06
-1.24098e-06
-8.47826e-07
-4.9617e-07
-1.44052e-07
3.20701e-07
6.66465e-07
9.44268e-07
1.17463e-06
1.39511e-06
1.59669e-06
1.7447e-06
1.65297e-06
1.38008e-06
1.06992e-06
7.25078e-07
3.58947e-07
-5.75535e-09
-5.3936e-07
-9.8295e-07
-1.38707e-06
-1.72061e-06
-1.94542e-06
-1.97572e-06
-1.72834e-06
-1.24124e-06
-8.48578e-07
-4.97311e-07
-1.45608e-07
3.19508e-07
6.6583e-07
9.44229e-07
1.17498e-06
1.39538e-06
1.59614e-06
1.74291e-06
1.65147e-06
1.37971e-06
1.07082e-06
7.26876e-07
3.60726e-07
-4.89632e-09
-5.41493e-07
-9.8797e-07
-1.39356e-06
-1.72638e-06
-1.94872e-06
-1.97635e-06
-1.72626e-06
-1.23599e-06
-8.41568e-07
-4.89499e-07
-1.34489e-07
3.31127e-07
6.77644e-07
9.56883e-07
1.18958e-06
1.41106e-06
1.6058e-06
1.73241e-06
)
;
    }
    AMI2
    {
        type            cyclicAMI;
        value           nonuniform List<scalar> 
96
(
-1.66883e-06
-1.5531e-06
-1.30164e-06
-9.67152e-07
-5.43143e-07
-6.11528e-09
3.60219e-07
7.04956e-07
1.0613e-06
1.3955e-06
1.72378e-06
2.02859e-06
2.01201e-06
1.52419e-06
1.10707e-06
6.82216e-07
1.82389e-07
-2.05239e-07
-4.78171e-07
-7.39279e-07
-9.72974e-07
-1.1952e-06
-1.41369e-06
-1.61392e-06
-1.69221e-06
-1.6009e-06
-1.35288e-06
-9.95082e-07
-5.5177e-07
-5.62839e-09
3.61943e-07
7.0664e-07
1.06259e-06
1.39656e-06
1.72511e-06
2.03028e-06
2.01262e-06
1.52466e-06
1.10827e-06
6.84424e-07
1.85894e-07
-2.03417e-07
-4.75817e-07
-7.36726e-07
-9.70524e-07
-1.19314e-06
-1.41221e-06
-1.61325e-06
-1.69251e-06
-1.60224e-06
-1.35516e-06
-9.97729e-07
-5.54033e-07
-7.14212e-09
3.61945e-07
7.07029e-07
1.06316e-06
1.39717e-06
1.72555e-06
2.03033e-06
2.01222e-06
1.5247e-06
1.10894e-06
6.85849e-07
1.87987e-07
-2.02599e-07
-4.75179e-07
-7.36509e-07
-9.70761e-07
-1.19359e-06
-1.41233e-06
-1.61252e-06
-1.6912e-06
-1.60105e-06
-1.35523e-06
-9.9936e-07
-5.56407e-07
-8.43727e-09
3.63145e-07
7.10574e-07
1.06869e-06
1.40327e-06
1.73073e-06
2.0335e-06
2.01237e-06
1.52047e-06
1.10137e-06
6.75751e-07
1.7277e-07
-2.09996e-07
-4.84493e-07
-7.46913e-07
-9.83026e-07
-1.21089e-06
-1.43662e-06
-1.62081e-06
)
;
    }
    front
    {
        type            empty;
        value           nonuniform 0();
    }
    back
    {
        type            empty;
        value           nonuniform 0();
    }
}


// ************************************************************************* //
