/*--------------------------------*- C++ -*----------------------------------*\
| =========                 |                                                 |
| \\      /  F ield         | OpenFOAM: The Open Source CFD Toolbox           |
|  \\    /   O peration     | Version:  2.3.1                                 |
|   \\  /    A nd           | Web:      www.OpenFOAM.org                      |
|    \\/     M anipulation  |                                                 |
\*---------------------------------------------------------------------------*/
FoamFile
{
    version     2.0;
    format      ascii;
    class       volScalarField;
    location    "0.91";
    object      k;
}
// * * * * * * * * * * * * * * * * * * * * * * * * * * * * * * * * * * * * * //

dimensions      [0 2 -2 0 0 0 0];

internalField   nonuniform List<scalar> 
9648
(
2.69291
2.70332
2.70336
2.70115
2.69568
2.68597
2.67207
2.65426
2.63238
2.60642
2.57644
2.54269
2.50561
2.46578
2.42386
2.38058
2.33668
2.29286
2.2497
2.20775
2.16742
2.12903
2.09281
2.05892
2.02745
1.99841
1.97182
1.94762
1.92576
1.90616
1.88874
1.87341
1.86007
1.84864
1.83904
1.83117
1.82496
1.82034
1.81724
1.8156
1.81536
1.8165
1.81896
1.82271
1.82774
1.83403
1.8416
1.85048
1.86067
1.87221
1.88515
1.89954
1.91541
1.93277
1.95165
1.97193
1.99336
2.01546
2.03781
2.05997
2.08158
1.69654
1.70277
1.70772
1.71204
1.71761
1.72694
1.74208
1.76452
1.79417
1.83099
1.87477
1.92492
1.98058
2.0408
2.1046
2.17102
2.2392
2.30834
2.37779
2.44704
2.51567
2.58335
2.64989
2.71514
2.77902
2.84152
2.90271
2.96263
3.02131
3.07885
3.1354
3.19101
3.24576
3.29979
3.35317
3.40593
3.45821
3.51009
3.56157
3.61262
3.66333
3.71381
3.76401
3.81392
3.86362
3.91298
3.962
4.0108
4.05944
4.10775
4.15566
4.20307
4.25005
4.29622
4.34187
4.38672
4.43098
4.47393
4.51586
4.55677
4.59673
1.37853
1.42777
1.48295
1.54436
1.61386
1.69228
1.77896
1.8734
1.97469
2.08211
2.19436
2.31053
2.42952
2.55022
2.67155
2.79251
2.91225
3.02999
3.1451
3.2571
3.36563
3.47045
3.57143
3.66853
3.76183
3.85147
3.93762
4.02042
4.10009
4.17686
4.25091
4.32248
4.39182
4.45903
4.52431
4.58785
4.64977
4.71023
4.7693
4.82709
4.88371
4.9392
4.9937
5.04725
5.09983
5.15145
5.20207
5.25178
5.30042
5.34801
5.39453
5.44002
5.48468
5.52784
5.57041
5.61138
5.65151
5.6897
5.72717
5.7635
5.79876
1.29701
1.38776
1.48945
1.60161
1.72395
1.85599
1.99674
2.14481
2.29852
2.45638
2.61667
2.77803
2.93906
3.09865
3.25564
3.40905
3.55812
3.7022
3.84084
3.97372
4.10064
4.22144
4.3362
4.44508
4.54835
4.64628
4.73923
4.8275
4.91142
4.99132
5.06759
5.14055
5.2105
5.27776
5.34252
5.40506
5.46557
5.52424
5.58123
5.63669
5.69075
5.74356
5.7952
5.84581
5.89539
5.94399
5.99163
6.03834
6.08406
6.12877
6.1726
6.21522
6.25683
6.29726
6.337
6.37552
6.41284
6.44897
6.48396
6.51786
6.55045
1.33315
1.45878
1.59953
1.75371
1.91982
2.09654
2.28201
2.47396
2.67024
2.86859
3.06697
3.26356
3.45696
3.64594
3.82941
4.00628
4.1759
4.33788
4.49186
4.63782
4.77566
4.90537
5.02718
5.14139
5.24849
5.34902
5.44337
5.53206
5.61545
5.69403
5.76825
5.83852
5.90534
5.969
6.02976
6.08799
6.14395
6.19777
6.24971
6.29992
6.34855
6.3958
6.44184
6.48678
6.53065
6.57352
6.61541
6.65634
6.6964
6.73536
6.77338
6.81034
6.84609
6.88069
6.9143
6.947
6.97852
7.00892
7.03813
7.06601
7.09261
1.42271
1.57942
1.75467
1.94593
2.15057
2.36633
2.59053
2.82036
3.05288
3.28524
3.51513
3.74024
3.95932
4.17094
4.37446
4.56853
4.75249
4.92638
5.08982
5.2432
5.38662
5.51994
5.64381
5.75838
5.8646
5.96315
6.05461
6.1397
6.21863
6.29206
6.36065
6.42471
6.48499
6.54188
6.59553
6.64642
6.69499
6.74126
6.78556
6.82802
6.86872
6.90801
6.94608
6.98313
7.0191
7.05413
7.08836
7.12153
7.15392
7.18534
7.21574
7.24507
7.27332
7.30031
7.32628
7.35121
7.37518
7.39812
7.41974
7.43981
7.45872
1.543
1.72846
1.9355
2.16044
2.39945
2.64971
2.90774
3.17018
3.43379
3.6946
3.95055
4.19848
4.43751
4.66607
4.88465
5.09079
5.2841
5.46516
5.63324
5.78948
5.93428
6.06696
6.18902
6.29988
6.40127
6.49425
6.57923
6.65759
6.72892
6.79415
6.85427
6.90917
6.96018
7.00774
7.0516
7.09254
7.13145
7.16776
7.20221
7.23485
7.26548
7.29469
7.32277
7.35
7.376
7.40112
7.42554
7.44907
7.47198
7.49392
7.51491
7.53478
7.55362
7.5711
7.5873
7.60272
7.61735
7.631
7.64312
7.65352
7.66274
1.68085
1.8929
2.12938
2.38502
2.65474
2.93489
3.22214
3.51274
3.80274
4.08726
4.36468
4.63024
4.88413
5.12401
5.35327
5.56729
5.76584
5.95063
6.11917
6.27406
6.41674
6.54485
6.66243
6.76596
6.85879
6.94278
7.01792
7.08691
7.14775
7.20197
7.25137
7.29432
7.33338
7.36912
7.40067
7.42921
7.45598
7.47951
7.50177
7.52249
7.54077
7.55746
7.57321
7.58834
7.60204
7.61517
7.62731
7.63879
7.64972
7.65996
7.6692
7.67734
7.68473
7.69034
7.69469
7.69847
7.70107
7.70374
7.70433
7.70259
7.70024
1.82706
2.06078
2.32396
2.60453
2.90258
3.20727
3.51807
3.83425
4.14426
4.4494
4.74317
5.02446
5.28801
5.5343
5.76869
5.98748
6.18832
6.37365
6.54354
6.69378
6.82964
6.95089
7.06013
7.15694
7.23812
7.3091
7.37226
7.42931
7.47677
7.51791
7.55445
7.58468
7.60972
7.63065
7.64684
7.66138
7.67182
7.67978
7.68765
7.69315
7.69641
7.69682
7.69879
7.69926
7.69809
7.69806
7.69414
7.69112
7.68591
7.68061
7.67345
7.66612
7.65938
7.65059
7.64065
7.63065
7.61731
7.60836
7.59474
7.57736
7.56138
2.10233
2.12209
2.14098
2.15898
2.17614
2.19259
2.20859
2.22449
2.24033
2.25527
2.26901
2.2822
2.29495
2.30748
2.32008
2.33339
2.34777
2.36353
2.38096
2.40046
2.42168
2.44419
2.46775
2.49195
2.51653
2.5415
2.56702
2.59278
2.61872
2.6449
2.67144
2.69821
2.72524
2.75267
2.78044
2.80853
2.83703
2.86604
2.89549
2.92531
2.9556
2.98647
3.01789
3.04981
3.08235
3.11533
3.14879
3.18285
3.21755
3.25277
3.28856
3.325
3.3622
3.39992
3.43851
3.47788
3.51834
3.55959
3.60198
3.64564
3.69066
4.6358
4.67277
4.7088
4.74405
4.77826
4.81097
4.84172
4.87119
4.89839
4.92482
4.9495
4.97316
4.99572
5.01725
5.03764
5.05675
5.07472
5.09148
5.10707
5.12148
5.13475
5.14691
5.15785
5.16763
5.17626
5.18372
5.18987
5.19447
5.19761
5.19927
5.19945
5.19819
5.19555
5.19149
5.18606
5.17933
5.17127
5.16197
5.1514
5.13958
5.12657
5.11241
5.09718
5.08083
5.06335
5.04467
5.02468
5.00345
4.98089
4.95705
4.93187
4.90531
4.87751
4.84801
4.81754
4.7855
4.75251
4.7181
4.6833
4.64801
4.61236
5.83234
5.8648
5.89565
5.92557
5.95444
5.98267
6.00899
6.034
6.05679
6.07827
6.0981
6.11668
6.13384
6.14993
6.16473
6.17817
6.19026
6.20098
6.21033
6.21829
6.22493
6.23023
6.23419
6.23681
6.23809
6.238
6.23658
6.23378
6.22955
6.22384
6.2167
6.20804
6.19789
6.18631
6.17328
6.15884
6.14297
6.1257
6.10703
6.087
6.06569
6.04318
6.01952
5.99475
5.96883
5.94171
5.91322
5.88334
5.85199
5.81919
5.78491
5.74889
5.71126
5.67186
5.6309
5.58807
5.54361
5.49776
5.45099
5.40338
5.35508
6.58201
6.61227
6.64123
6.66861
6.69474
6.71965
6.7431
6.76495
6.7851
6.80361
6.82049
6.83579
6.84953
6.86178
6.87242
6.88162
6.88932
6.8955
6.90012
6.90319
6.90476
6.90492
6.90366
6.90102
6.89693
6.89136
6.88431
6.8758
6.86585
6.85443
6.84149
6.82696
6.81085
6.79318
6.77402
6.75336
6.73116
6.7074
6.68208
6.65526
6.62707
6.59761
6.56707
6.53553
6.50302
6.46951
6.43476
6.39873
6.36135
6.32263
6.28242
6.2406
6.19715
6.15196
6.10499
6.05605
6.00532
5.9531
5.89987
5.84566
5.7909
7.11789
7.14199
7.16464
7.18569
7.20504
7.22281
7.23897
7.25348
7.26663
7.27841
7.28864
7.29737
7.30459
7.31022
7.31431
7.31696
7.318
7.31746
7.31524
7.31137
7.30595
7.29911
7.29094
7.28149
7.27067
7.25841
7.24474
7.22971
7.2134
7.19583
7.17692
7.1565
7.13454
7.11107
7.0862
7.05987
7.03201
7.00257
6.97145
6.9387
6.90451
6.869
6.83248
6.79518
6.75722
6.71864
6.67907
6.6385
6.59685
6.55423
6.5103
6.46483
6.41794
6.36936
6.31901
6.26642
6.21205
6.156
6.09897
6.04091
5.98239
7.47628
7.49251
7.50717
7.52035
7.5318
7.54151
7.54962
7.55596
7.56067
7.56384
7.56562
7.566
7.56489
7.5622
7.55794
7.55229
7.54518
7.53641
7.52582
7.51337
7.49929
7.48381
7.4671
7.44932
7.43026
7.4098
7.388
7.36491
7.34086
7.31594
7.29016
7.26306
7.23468
7.20489
7.17399
7.1418
7.10809
7.07289
7.03593
6.99725
6.95698
6.91523
6.87245
6.82909
6.78547
6.74187
6.69751
6.65278
6.60727
6.56156
6.51485
6.46664
6.4174
6.36661
6.31431
6.25941
6.20279
6.14422
6.08513
6.02482
5.96416
7.67073
7.67743
7.68258
7.68615
7.688
7.68807
7.68635
7.68307
7.67812
7.6713
7.6631
7.65374
7.64294
7.63057
7.61651
7.60133
7.58508
7.56716
7.54721
7.52499
7.50091
7.47549
7.44893
7.42163
7.3933
7.36348
7.33228
7.29961
7.26631
7.23275
7.19936
7.165
7.13
7.09379
7.05715
7.01954
6.9802
6.93949
6.89714
6.85309
6.80725
6.75947
6.71046
6.66093
6.61136
6.5629
6.51356
6.46488
6.41569
6.36786
6.31964
6.26955
6.21909
6.16715
6.11443
6.05813
6.00067
5.94067
5.88137
5.82035
5.75939
7.69646
7.69177
7.6854
7.67788
7.66864
7.65799
7.64521
7.63188
7.61704
7.5995
7.58056
7.56111
7.54009
7.51761
7.49271
7.46699
7.44156
7.41477
7.38593
7.3537
7.31874
7.28294
7.24584
7.20816
7.17039
7.13105
7.09018
7.0466
7.00208
6.958
6.91637
6.87411
6.83277
6.79057
6.74958
6.70853
6.66447
6.61837
6.57145
6.52387
6.47401
6.42129
6.3669
6.31161
6.25608
6.2035
6.14889
6.09663
6.04362
5.99505
5.94735
5.89638
5.84591
5.7941
5.74281
5.68594
5.62919
5.56862
5.51131
5.45144
5.39262
7.54225
7.52375
7.50193
7.4811
7.4574
7.43593
7.41018
7.38708
7.36388
7.33772
7.30947
7.28163
7.2512
7.22059
7.1846
7.14614
7.11143
7.0779
7.04451
7.00622
6.95934
6.91477
6.86844
6.81959
6.77241
6.72493
6.67817
6.62536
6.56662
6.50911
6.45801
6.40649
6.35853
6.31079
6.26935
6.22992
6.1843
6.13233
6.08121
6.03317
5.98385
5.92868
5.87004
5.81111
5.75082
5.69587
5.63517
5.57964
5.52163
5.47512
5.43091
5.37957
5.33109
5.28175
5.23442
5.17762
5.12323
5.06244
5.00934
4.95292
4.89943
3.73703
3.7844
3.83304
3.88295
3.93416
3.98679
4.04077
4.09624
4.15291
4.21077
4.27
4.33021
4.39136
4.45572
4.53578
4.60832
4.67999
4.75238
4.82555
4.89962
4.97463
5.05059
5.1274
5.20499
5.28317
5.3617
5.44046
5.51927
5.59793
5.6761
5.7537
5.83041
5.90582
5.97973
6.05179
6.12143
6.1882
6.25148
6.30716
6.34791
6.37566
6.39111
6.39421
6.38428
6.36028
6.32079
6.26392
6.18731
6.08825
5.96354
5.80936
5.62121
5.39402
5.12103
4.7837
4.23243
3.97691
3.8454
3.79272
3.76768
3.7162
4.57607
4.53944
4.50204
4.46397
4.42527
4.3866
4.34772
4.3094
4.27112
4.2333
4.19676
4.15504
4.11002
4.06761
4.01991
3.97419
3.92838
3.88244
3.83687
3.79191
3.74758
3.70363
3.65994
3.61647
3.57315
3.52999
3.48699
3.44426
3.40182
3.35972
3.31809
3.27703
3.23669
3.19727
3.15903
3.12226
3.08737
3.05494
3.02556
3.00093
2.97839
2.95814
2.94051
2.92607
2.91572
2.91038
2.91108
2.91911
2.93596
2.96288
3.00114
3.05187
3.11635
3.19675
3.2829
3.41485
3.58754
3.85555
4.23712
4.73473
5.06449
5.30628
5.25699
5.20691
5.15576
5.10351
5.05069
4.99759
4.94467
4.89152
4.83814
4.78156
4.71722
4.65363
4.59331
4.53317
4.47381
4.41371
4.35284
4.29161
4.23042
4.16935
4.10814
4.04675
3.98516
3.92327
3.86109
3.79859
3.73578
3.67259
3.60905
3.54511
3.48079
3.41615
3.35121
3.28606
3.22077
3.15548
3.09029
3.02535
2.9609
2.89688
2.83292
2.76956
2.70763
2.64742
2.58952
2.53477
2.48438
2.43998
2.40371
2.37831
2.36733
2.37544
2.40807
2.46812
2.56695
2.70855
2.92365
3.25697
3.76042
4.37628
5.73575
5.68054
5.62468
5.56782
5.50957
5.45072
5.39161
5.33288
5.2739
5.21413
5.14766
5.07557
5.00614
4.94016
4.87543
4.81157
4.7473
4.68273
4.618
4.55343
4.48895
4.42412
4.35907
4.29384
4.2283
4.16252
4.09642
4.03001
3.96317
3.89586
3.82804
3.75976
3.69103
3.6219
3.55243
3.48271
3.41279
3.34273
3.27255
3.20225
3.13181
3.06117
2.98967
2.91724
2.84455
2.77169
2.6989
2.62661
2.55549
2.48661
2.42136
2.3619
2.31109
2.27263
2.25018
2.24985
2.27992
2.35816
2.51409
2.79103
3.2166
5.92346
5.86489
5.80591
5.74605
5.68432
5.62196
5.55927
5.49735
5.43506
5.37171
5.30025
5.2254
5.15391
5.08599
5.01933
4.95356
4.8876
4.82214
4.75698
4.69237
4.62793
4.56287
4.49765
4.43239
4.3668
4.30105
4.23499
4.16863
4.10174
4.03433
3.96636
3.89794
3.82912
3.76003
3.69073
3.62133
3.55192
3.48256
3.41325
3.34401
3.27484
3.20576
3.13664
3.06693
2.99643
2.92526
2.8535
2.7812
2.70854
2.63583
2.56348
2.49208
2.42254
2.35607
2.29416
2.23968
2.19865
2.18185
2.20615
2.29682
2.48407
5.90272
5.84243
5.78203
5.72102
5.65722
5.59276
5.52764
5.46402
5.40019
5.33568
5.2624
5.1877
5.11657
5.04947
4.98308
4.91757
4.85175
4.78749
4.72402
4.66161
4.59948
4.53619
4.47308
4.41027
4.34707
4.28386
4.22023
4.15634
4.09168
4.02645
3.96055
3.89434
3.82785
3.76135
3.69482
3.62848
3.56237
3.49662
3.43118
3.36615
3.30152
3.23738
3.17371
3.11038
3.04693
2.98287
2.91821
2.85304
2.7874
2.72139
2.6551
2.58857
2.52179
2.45473
2.3872
2.31977
2.25479
2.19759
2.15711
2.1469
2.18587
5.69637
5.63579
5.57548
5.51541
5.45058
5.38535
5.31866
5.25503
5.19142
5.12841
5.05528
4.98275
4.91365
4.84985
4.78557
4.72249
4.65834
4.59724
4.53718
4.47873
4.42059
4.36023
4.30098
4.24292
4.18407
4.12544
4.06591
4.00637
3.94549
3.88406
3.82173
3.75957
3.69729
3.63552
3.57387
3.51281
3.45217
3.39228
3.33302
3.27464
3.217
3.16037
3.10465
3.04982
2.99566
2.94176
2.88736
2.83251
2.77734
2.72201
2.66658
2.61104
2.55521
2.49864
2.44069
2.38072
2.31881
2.25665
2.198
2.14934
2.12065
5.3288
5.26897
5.21037
5.15386
5.08936
5.02499
4.95752
4.89586
4.83453
4.77583
4.7042
4.63517
4.56906
4.51074
4.44979
4.39112
4.32965
4.27349
4.21821
4.16467
4.11157
4.05438
4.0002
3.9494
3.89646
3.84356
3.78881
3.73494
3.67841
3.6216
3.56338
3.50673
3.45
3.39483
3.33959
3.28557
3.23174
3.17937
3.12793
3.0782
3.0295
2.98244
2.93681
2.89229
2.84878
2.80635
2.76372
2.72057
2.67739
2.63442
2.59198
2.55002
2.5084
2.46659
2.42386
2.37925
2.332
2.28193
2.22993
2.17833
2.13151
4.83589
4.77658
4.7218
4.67173
4.60925
4.54722
4.47941
4.42243
4.36603
4.31417
4.24519
4.18009
4.11685
4.06602
4.00875
3.95645
3.89803
3.84864
3.79902
3.74974
3.70174
3.64682
3.59877
3.55933
3.51276
3.46442
3.41364
3.36656
3.31334
3.26077
3.20564
3.15635
3.10575
3.05893
3.01056
2.96462
2.91698
2.87287
2.83029
2.79087
2.75256
2.71634
2.68211
2.64902
2.61593
2.58346
2.55135
2.5185
2.48719
2.45632
2.42831
2.4014
2.3763
2.35139
2.32652
2.3003
2.2721
2.24093
2.20677
2.16927
2.12992
3.62352
3.52002
3.40764
3.28783
3.16621
3.04607
2.93012
2.8219
2.72445
2.63973
2.56857
2.5109
2.46578
2.43172
2.40696
2.3897
2.37824
2.3713
2.36782
2.36694
2.36806
2.37076
2.37476
2.37989
2.38608
2.39322
2.40132
2.41028
2.42013
2.43082
2.44228
2.45445
2.46724
2.4805
2.49409
2.50783
2.52151
2.53491
2.54781
2.56002
2.5713
2.58144
2.59034
2.59794
2.60424
2.60938
2.61355
2.61699
2.62003
2.62307
2.62643
2.63038
2.63509
2.64075
2.64726
2.65451
2.66218
2.67016
2.67794
2.68494
2.69052
5.05901
4.9869
4.86517
4.69221
4.49978
4.29014
4.06155
3.82119
3.57738
3.338
3.10916
2.89713
2.70551
2.53542
2.38715
2.2618
2.15877
2.07556
2.00893
1.9562
1.9149
1.88275
1.85792
1.83908
1.82525
1.81539
1.80941
1.80659
1.80675
1.80961
1.81496
1.82256
1.83212
1.84333
1.85583
1.86927
1.88316
1.89702
1.91027
1.92233
1.9325
1.94
1.944
1.94367
1.93835
1.92754
1.91102
1.88906
1.86246
1.83261
1.80129
1.77057
1.74255
1.71894
1.70076
1.68862
1.68211
1.68068
1.68307
1.68797
1.69314
4.87989
5.23909
5.43776
5.44791
5.31517
5.1191
4.8613
4.5662
4.25069
3.9265
3.60553
3.29896
3.01413
2.75599
2.52759
2.33037
2.16284
2.02115
1.90253
1.80611
1.72941
1.66945
1.6232
1.58785
1.56108
1.54128
1.52696
1.5174
1.5118
1.50958
1.51029
1.51349
1.51869
1.52538
1.53303
1.54112
1.54912
1.55651
1.56269
1.56704
1.56893
1.56777
1.563
1.55408
1.54056
1.52211
1.49859
1.47012
1.43725
1.40098
1.36294
1.32543
1.2912
1.26297
1.24297
1.23303
1.23388
1.24552
1.26717
1.29774
1.33548
3.74982
4.33827
4.9023
5.33665
5.55769
5.60017
5.47826
5.23018
4.91639
4.55721
4.18023
3.80885
3.45516
3.13012
2.83877
2.58139
2.35543
2.1592
1.99171
1.85235
1.73902
1.64931
1.57996
1.52727
1.48766
1.45846
1.43748
1.42329
1.41462
1.41048
1.41016
1.41304
1.41843
1.42556
1.43373
1.44223
1.45036
1.45741
1.46266
1.46535
1.46474
1.46014
1.45095
1.43665
1.41685
1.39142
1.36042
1.32421
1.2834
1.23903
1.19265
1.14663
1.10406
1.06857
1.04394
1.03351
1.03912
1.06113
1.09888
1.1514
1.2178
2.78782
3.21778
3.7592
4.3527
4.8984
5.31744
5.55827
5.59527
5.4646
5.19429
4.83483
4.44434
4.04263
3.65591
3.29907
2.97506
2.68565
2.4291
2.20701
2.01972
1.86497
1.74102
1.64446
1.57071
1.51504
1.4736
1.44356
1.42282
1.40961
1.40245
1.40036
1.40259
1.40827
1.41645
1.42624
1.43679
1.44724
1.45676
1.46448
1.4695
1.47093
1.46797
1.45988
1.44604
1.42591
1.39931
1.36626
1.32711
1.28237
1.23303
1.18055
1.1272
1.07615
1.03143
0.99816
0.981782
0.985971
1.01258
1.06196
1.13304
1.22391
2.29601
2.50101
2.82
3.25616
3.78091
4.33821
4.85161
5.23917
5.4528
5.47977
5.33409
5.05975
4.68967
4.28229
3.88039
3.4934
3.13886
2.81816
2.5304
2.2815
2.07403
1.90711
1.77679
1.67684
1.60087
1.5435
1.50113
1.47111
1.45108
1.4389
1.43329
1.43336
1.4381
1.44636
1.45707
1.46923
1.48186
1.49398
1.50462
1.51276
1.51735
1.51755
1.51246
1.50138
1.48358
1.45882
1.42698
1.38839
1.34336
1.29279
1.23795
1.18101
1.125
1.07393
1.03327
1.0098
1.0089
1.03499
1.09055
1.17531
1.28687
2.12584
2.1828
2.31228
2.53408
2.85947
3.28398
3.77915
4.29042
4.74971
5.09166
5.2709
5.27747
5.12933
4.859
4.51105
4.11024
3.71281
3.33289
2.96939
2.64499
2.36866
2.14461
1.96969
1.83491
1.73148
1.65214
1.59242
1.54909
1.5191
1.49925
1.4878
1.48363
1.48565
1.49242
1.50269
1.51528
1.52906
1.54293
1.55579
1.5665
1.5739
1.57712
1.57515
1.56724
1.55243
1.53048
1.50112
1.46469
1.42131
1.37187
1.31746
1.2602
1.20296
1.14953
1.10525
1.07713
1.07216
1.09709
1.15686
1.25287
1.38278
2.09655
2.08372
2.10689
2.18295
2.32956
2.56115
2.88338
3.28548
3.73819
4.19214
4.58783
4.87358
5.02079
5.01835
4.88103
4.63165
4.30685
3.93401
3.5174
3.11915
2.75921
2.46176
2.22949
2.04932
1.90949
1.80032
1.7163
1.65383
1.6097
1.57878
1.55871
1.54783
1.54502
1.54848
1.55672
1.56834
1.58202
1.59651
1.61056
1.62289
1.63233
1.63795
1.63868
1.63379
1.62203
1.60317
1.57684
1.54335
1.50267
1.45567
1.40339
1.34782
1.29167
1.2386
1.19367
1.16383
1.15703
1.18185
1.24553
1.35165
1.49821
2.09154
2.05876
2.03944
2.04379
2.08498
2.17773
2.33611
2.56942
2.87704
3.2466
3.64347
4.03146
4.36744
4.61633
4.74804
4.75331
4.63414
4.39678
4.07731
3.67534
3.23944
2.8676
2.57293
2.3389
2.1498
1.99867
1.87971
1.79085
1.72707
1.68025
1.64796
1.62707
1.61665
1.61466
1.619
1.62804
1.64025
1.65411
1.66824
1.68099
1.69162
1.69875
1.70166
1.69934
1.69061
1.67482
1.65205
1.62173
1.58453
1.5406
1.49172
1.43917
1.38577
1.33527
1.29202
1.26285
1.25622
1.28242
1.34967
1.46472
1.62433
0.295569
6.57888
6.28655
0.213557
0.358489
0.125867
0.00316227
2.39243
0.00337836
0.0233266
3.30887
1.05336
0.00316398
5.86284
0.110337
5.49681
0.00326083
2.48965
3.60875
0.00315834
0.213675
5.69411
6.29692
0.00329934
0.00333258
0.105402
0.00316051
0.512726
0.0032472
0.0034602
0.688228
0.00324746
0.0162931
2.52628
0.772453
3.38747
2.53673
1.53677
0.00316525
2.62281
1.91332
2.07481
0.003209
4.77249
3.0835
0.279102
0.00360808
0.0151312
0.139767
1.07476
6.51929
7.84531
0.00310788
0.00405476
0.0372609
0.00881204
0.00345088
0.693682
2.41015
7.52908
2.52418
0.0036952
0.148712
0.0317817
6.60544
0.436044
1.98574
1.71831
0.00431909
0.00321286
1.21249
2.51962
1.74033
0.0144369
0.0394495
4.08643
6.90931
3.21681
0.00310859
0.915133
0.00709785
2.62828
0.0108419
4.81108
0.00321772
1.04892
0.00336161
2.23559
0.0148243
0.00491164
0.118876
0.00310418
0.00378262
7.69536
5.60786
0.00359454
0.433765
0.293158
0.00604001
6.70896
0.202576
2.55257
0.740795
0.00310011
0.00316495
0.00309734
0.307171
0.124402
0.00324122
6.22843
6.89965
0.00932252
4.43847
1.53019
2.57529
2.76004
1.79094
0.0039058
0.0850944
0.00417986
0.00435608
3.33347
0.00727259
7.48425
7.75262
0.971761
0.00321413
1.00147
1.0077
0.00320978
0.034052
0.033325
1.74596
0.00566745
3.08081
0.00321952
0.00316028
7.75391
7.88164
0.00322915
0.160602
5.7567
0.105015
0.29926
1.56932
4.78722
0.0397876
1.65445
0.0120759
6.96863
1.25224
0.00916206
2.77248
4.7465
6.43591
0.00330604
0.0032671
0.214821
0.00311586
1.9582
0.0312186
0.0051072
0.00319865
0.00321885
0.00323666
2.77704
1.7785
1.59176
0.00332144
6.62146
4.7041
3.20175
4.85823
0.0139518
3.58758
1.71027
1.90103
0.00324007
0.00567759
2.94412
3.06085
2.12296
3.8099
0.00321477
0.00352229
4.74297
0.0359239
0.558673
0.00323738
0.00360436
0.104281
0.00339206
7.79853
0.671255
0.00310474
0.252627
1.83813
5.37287
0.00448931
1.93909
0.00321723
0.00323265
4.90522
2.41643
7.19223
0.00453311
0.00339402
0.00765443
2.77812
2.21463
1.0712
5.05435
1.5517
7.0177
0.191298
4.33763
4.17726
1.99525
1.3258
2.34144
0.00487964
0.0369074
0.0032245
0.00320145
1.82784
0.0181288
0.0201163
0.00570274
0.0130937
2.72697
4.51469
0.0188625
5.96508
1.05295
0.407718
0.00318307
0.161933
2.74701
1.00979
0.00413862
1.18308
1.1335
0.181699
0.276387
7.3728
0.792019
0.492503
5.21961
0.00383894
0.00316141
0.00403222
0.0104882
1.75423
0.00336143
0.00649332
0.00316477
0.382465
4.06727
4.02032
2.74745
1.29832
1.39951
7.71966
0.00433996
2.08498
4.53358
0.00320938
1.95298
0.00321716
4.03156
0.381119
1.56859
0.00533185
0.00321957
1.84203
0.504578
0.00323891
0.00323597
0.00325034
0.00324556
0.355546
1.63155
2.97547
0.0147405
0.00324057
0.00316419
0.00309846
4.75322
0.224755
0.00446549
1.68124
0.0875399
0.0407793
0.00309195
0.261717
0.00323971
0.0504887
1.48242
4.58348
0.311062
0.00391341
0.00596098
3.20767
0.140106
1.98401
7.67257
0.00350143
0.00319725
0.00318704
5.88016
0.0033107
4.78236
0.00322116
1.9389
1.23116
0.027032
2.84344
3.94959
0.00467406
2.72698
2.71561
1.67094
4.78637
1.08404
7.87716
2.46889
3.98305
3.60554
4.55664
1.73126
0.156801
7.81458
7.44771
2.99999
2.15124
0.0039562
6.8541
2.66773
6.94966
0.0274864
0.00358529
0.00321401
0.00342297
0.177045
0.416527
0.685948
0.0918806
0.00317472
6.16107
0.00321477
1.4816
1.95027
6.48394
2.51564
1.80078
0.00596628
0.00425491
0.0866962
2.78712
0.0103034
0.751188
5.04503
2.05679
4.1265
6.15647
3.32901
0.00346231
7.45249
5.58552
1.76614
0.00323424
6.4799
5.81663
0.00333221
1.99188
0.00323797
6.75312
5.41689
1.8795
4.18949
2.45132
5.77969
0.00329185
5.76848
0.00386163
3.66924
3.97837
1.9144
7.42794
0.703781
0.211956
0.539887
0.00423925
4.31838
0.147614
0.00813738
0.0051006
4.36288
0.00382926
4.34955
0.00319228
0.00323513
0.00599805
1.82772
0.104528
1.8488
0.00570185
4.26434
0.162454
6.75821
4.38175
2.66819
6.11815
0.00338429
7.43237
2.85131
0.00321108
3.90392
2.06641
0.00310272
0.00316807
3.36366
0.00647761
1.87827
0.0864155
2.35602
0.0267503
0.600463
2.69022
4.74573
2.42162
3.86523
3.76357
0.0039554
0.0216627
1.69498
1.69586
7.67795
6.35706
5.35233
0.0652288
5.22061
5.19645
0.50005
1.763
2.91021
2.08292
0.00347912
4.11138
7.88715
0.0041604
4.45044
1.82969
2.93853
0.0241205
0.0675246
6.03515
0.00597407
7.67281
0.00461588
0.260254
0.00320385
0.969349
2.34681
0.229519
0.00479594
0.00370144
2.713
1.61597
0.0817398
0.402243
5.73184
4.11353
0.00450963
1.41275
1.65708
3.2765
1.51471
4.22108
1.96089
5.24707
3.1961
0.49144
0.9769
7.56763
1.94506
7.76639
6.1752
0.033589
3.28333
2.89496
0.00337789
1.83491
1.62922
1.35858
0.0173447
4.89573
1.4765
0.684509
1.9479
0.0054506
0.00321495
0.0420669
2.36689
4.49997
2.59086
0.00322112
0.00318939
0.00321529
1.71849
0.0276874
0.00321532
0.123653
4.46137
4.84562
0.0105123
0.0107393
0.0031555
0.00320511
0.00599534
1.76889
1.76821
1.67024
0.450659
7.62661
5.83566
0.00525886
3.26958
1.84252
1.94605
4.03388
7.48129
0.00346168
0.0104552
0.00323797
3.89121
0.241238
0.00316911
1.33195
0.161153
7.58729
0.00323852
7.7671
1.11587
0.0472913
6.64034
0.00323171
0.00319501
0.00404776
7.8168
3.20737
5.38745
4.94162
1.0376
1.76944
0.00312664
0.0060228
0.0865689
0.0133859
0.0251077
1.99971
2.14924
0.00322448
1.29879
1.84524
6.36729
7.80723
0.00821964
7.7757
0.00591234
0.0302504
3.46987
0.00320137
5.67513
0.00324076
0.00336662
0.0221937
2.15324
0.615976
2.59411
1.91273
0.00365963
1.76988
4.63602
0.0516537
0.209948
0.868291
0.00331472
0.00326706
0.00692824
5.43689
0.543435
0.00335767
7.40982
5.80415
6.82861
0.0317609
2.04336
0.00420842
2.36252
0.163546
0.0908637
2.66175
1.67837
1.93736
6.21484
0.00327889
0.00313288
0.0104625
4.18961
4.68569
0.950432
0.0138444
0.00333401
0.00323886
0.00881253
0.0265435
0.00660177
2.1881
1.74677
0.0115651
1.57346
6.17085
0.00327097
2.39122
0.00321746
0.53825
0.00324484
0.0221565
2.38955
0.0200814
0.00320606
0.747471
7.89904
7.14617
0.00318976
0.00326425
0.383568
0.0275344
0.00321641
4.32452
0.00370015
1.68566
7.89795
2.31833
1.72741
2.48442
3.66776
7.69238
0.00322908
0.00743477
0.0148034
4.23689
1.46238
6.57925
0.672795
0.35586
4.29863
3.50785
5.16444
0.719549
2.75959
0.0032224
0.355983
1.70286
2.4642
3.9495
1.97541
0.220832
2.49211
0.102454
0.00941829
1.77279
0.00323934
5.55273
0.00366411
0.385204
7.51403
2.7711
0.556067
0.00740975
0.767763
0.00329877
0.00319165
0.106443
0.0224632
1.81559
0.015273
1.74729
0.00322131
0.0279129
0.0031663
4.57079
0.00509958
4.12816
2.55067
0.0218828
1.95452
7.51768
0.00325799
1.74285
4.29079
0.0033584
7.48046
0.0603727
0.00348437
0.00339476
7.25264
0.00317846
0.00428942
0.0866675
0.100932
7.15501
7.36803
0.00322105
0.00327014
1.0902
2.26983
0.0145707
0.268778
1.96825
0.00321772
0.00383257
0.00372374
6.12967
7.373
0.496961
7.09019
0.0260413
1.61323
0.00332435
0.0147591
0.0248416
0.0363014
0.00322988
6.73472
0.00320089
0.0249945
0.00332189
0.238042
0.0224032
0.0147499
0.448385
0.678793
2.30064
0.405396
1.04832
1.82952
5.01524
0.00343836
4.72478
7.76873
1.13429
4.02926
0.00327852
4.34492
4.00968
0.00321581
7.43434
2.32239
0.00809013
0.0107276
5.93948
5.71963
0.0573427
7.6817
7.35498
0.778918
7.35357
7.33714
4.9324
1.94028
1.66516
0.986135
7.35582
7.57163
0.0218569
7.36728
2.64958
4.36486
0.00343245
0.33845
0.397015
6.88926
6.0316
0.0201957
4.29558
6.4998
0.462269
0.0334729
0.388844
1.82129
0.00534662
1.85724
6.98169
0.0337583
6.84298
1.38498
4.51259
6.46249
0.00322213
0.00565523
1.03178
0.698644
0.0182045
0.00321835
0.19297
0.261495
0.0045094
0.00323647
4.2393
0.971772
3.16429
1.01512
0.00861122
0.0041716
0.0886999
3.35979
0.00345942
1.86135
1.7022
0.472064
2.35273
0.00397035
0.118208
0.00320211
0.355228
4.33956
0.00434824
0.117951
2.1101
5.74514
0.223517
3.96837
0.603294
0.169077
0.00392589
2.41113
7.78125
0.00321145
0.00328246
5.76037
0.0244738
0.00323561
3.88335
0.254438
1.95762
2.0122
1.49454
0.144628
1.68088
3.49755
5.87568
4.27249
0.00327528
5.44008
0.00389211
2.60152
0.00340133
0.00452044
2.1173
0.0065555
3.87769
0.0206979
0.0396675
1.87194
0.737225
0.0649712
0.00367324
6.38996
0.00364261
0.00315333
7.86344
5.99034
2.76511
1.93619
0.00343409
0.00307304
1.82048
5.75707
0.00319864
6.62641
1.70896
0.00324236
6.04512
0.00311729
0.357677
0.891397
1.32315
0.355837
1.61327
1.94957
0.00311328
7.38411
7.37883
0.00321542
0.016793
1.93146
0.00313174
7.06044
5.28228
4.41813
0.00321766
0.00317071
3.40629
0.0408305
0.0035015
1.85025
1.74008
4.07425
0.00315387
0.00337935
0.0242874
0.0194304
0.00321705
0.00641196
5.22254
2.88901
0.00322231
1.35307
0.00321472
0.718835
0.00421306
0.00358531
2.22883
0.00326668
0.121492
0.00317615
3.03522
0.187183
1.74985
6.33347
4.39157
3.55806
0.801179
1.23324
0.00323548
0.912521
7.42673
4.10642
0.106337
0.0034662
5.36166
0.0032147
0.0311756
0.0031561
7.2191
0.786261
0.3718
6.53444
2.24302
0.490257
4.17346
0.730324
6.86317
4.51375
0.0033099
0.00327467
0.00819172
0.00323351
0.0227175
4.48167
0.00377888
7.18896
0.00600636
0.0759229
0.573092
4.59017
0.00487534
2.77831
0.0169172
3.1372
2.39168
6.98972
0.00339944
0.00384367
0.247134
3.64136
1.67849
3.63632
0.418147
1.04209
1.68343
0.050572
1.03385
0.259601
1.69455
0.00328317
4.34065
0.409737
3.08343
0.0033647
2.99219
0.999204
0.00459695
1.66356
1.74534
0.0651213
0.00314942
0.00321799
4.71414
2.76289
1.39442
0.00320707
0.017544
2.00502
6.3796
0.463741
0.0125893
0.00322434
5.65496
5.38433
2.08353
2.62242
0.00321317
3.49049
7.50356
0.00321103
0.00321771
1.26116
0.00410177
0.00986132
0.0327944
1.96851
0.00410699
2.21407
7.75254
0.00320527
0.00346256
0.00316813
0.0033058
3.73795
4.65488
7.82855
0.0289475
2.41799
2.20314
0.0867601
2.93138
0.00348278
1.69973
0.219799
2.08426
0.686896
1.67349
3.06214
0.0283324
0.00323893
5.97039
4.52419
4.55709
0.887656
1.79292
0.175083
1.56472
0.00927531
0.00483141
3.32042
5.64555
0.0216265
0.135346
0.00324505
0.0777893
1.86037
0.0276969
1.05292
0.683269
3.84336
2.17035
0.429968
6.68739
5.48294
2.94953
1.60755
4.06825
3.53865
0.555827
2.60211
0.00610534
2.75231
2.88498
0.00320396
0.00313659
0.121627
0.00322656
0.00333025
3.01505
4.38936
0.00321993
3.22103
0.0032147
0.00319228
0.0032156
0.0032627
0.00594155
1.94829
2.79013
7.18685
0.00315997
0.0039045
0.939819
0.00355385
0.0329674
0.00324572
0.00361035
4.24516
0.00390855
0.0109328
2.85022
0.0104731
0.00321966
3.80986
0.00321417
0.00326639
0.263437
0.00360494
0.927586
0.00457584
0.0299575
0.00320422
0.00325372
7.60345
7.69629
2.8077
0.0267384
2.89031
1.55699
0.00473196
1.77169
4.1735
7.00455
4.595
0.00312649
1.90227
2.56218
0.145733
1.74482
4.49166
0.172562
2.06851
0.21768
1.7239
0.0388176
0.995569
0.00323487
6.85719
0.00329277
1.80238
2.45374
0.00321514
0.31078
0.00729817
0.0192745
0.00317637
0.750856
0.00366234
0.00322136
2.54198
0.00952654
0.109865
6.94845
1.94025
0.00345908
0.00387897
2.37341
7.29592
0.00309371
0.00324632
0.0720554
1.38523
5.58559
0.00658608
1.61641
0.0032179
0.00344264
0.00314815
0.0347496
1.00546
0.0101253
6.35295
1.82491
7.28462
6.17668
0.00351843
7.27823
3.72996
0.00317934
0.00322625
0.00321814
0.00439822
0.00320252
3.71707
0.003208
0.00323926
6.63767
0.320971
0.00774399
0.0217069
1.98751
0.906701
0.00831296
0.00345873
6.40083
0.00324544
0.824127
0.00326191
0.00352291
6.02905
5.90935
0.00868938
0.00351319
0.338088
0.00320642
6.71418
0.00325504
5.71752
0.0248828
0.741852
0.0328316
0.374497
0.37328
1.53405
0.00324274
0.00356536
0.011547
3.35699
0.119768
7.58564
0.00321939
0.00458652
0.00555458
7.26056
2.80755
3.11893
0.00693336
0.00897707
0.213411
0.00322349
1.28636
2.43357
0.0169504
5.74912
6.22377
2.01303
0.0053364
0.381865
2.88976
6.94811
1.80624
0.0187964
3.02534
0.0629206
5.37514
0.0910994
0.511448
2.70761
0.00324365
1.76662
0.00455263
0.011842
0.00804738
0.0499169
0.00370085
1.25044
0.00322631
3.09908
0.095321
0.00361223
0.241611
0.00323205
0.281714
0.116954
2.3085
0.472547
4.70704
0.240786
0.00321697
0.00319023
0.712533
0.091296
2.86832
7.30358
0.00322406
3.80121
2.67323
0.0231501
2.04499
0.574748
2.36608
2.18866
0.0332886
0.00588144
7.21394
1.56045
5.90992
0.00321077
1.66458
0.00321541
1.26156
2.41793
7.74633
1.66127
1.89905
0.0108408
0.293834
0.0032212
1.38686
0.291176
0.00354563
3.3421
2.09597
0.00329555
0.441191
0.0111424
0.00401191
6.55918
0.00322321
0.00577789
0.0225542
2.53395
0.0503103
6.75813
0.224771
0.00319697
2.04381
0.599576
2.20014
4.01251
0.00329519
0.468404
0.611797
5.097
0.302805
0.0032376
0.0463174
2.12301
0.00488196
3.83575
3.27073
3.91532
1.63906
0.493875
0.484549
4.40359
7.45126
6.86349
0.321269
0.0235025
0.00386823
2.03718
0.0504461
4.64198
7.30473
0.00409475
7.7267
0.00318497
3.28907
0.00323803
0.0032211
0.551143
4.6957
0.0130808
2.18376
1.86315
0.0032208
0.00316209
0.0144486
7.83368
5.28554
6.08088
0.00322309
1.85284
6.30067
0.0341669
0.237325
0.0213289
0.00349764
0.00321943
0.00678323
0.00330225
0.00321631
0.00318967
0.0032312
3.00808
7.58385
4.21322
0.150614
0.00333581
0.00320076
0.00323543
0.00372012
2.51476
5.75557
0.110396
0.006685
0.114466
0.352979
0.00321157
0.00322079
0.566836
0.00320934
0.00335255
0.0194267
2.39973
1.9256
0.0215818
0.132689
1.40065
2.31082
6.56391
0.00315324
0.112777
0.00321392
6.62068
0.00321925
0.0471521
0.00320235
5.94027
2.94314
0.00322286
7.39443
7.28914
0.00372675
0.181866
0.00813337
0.138315
0.258678
0.00323381
0.00672662
7.82114
1.17712
0.715778
1.89334
5.00612
0.0496044
0.00317999
0.00431638
0.00372988
0.00320206
2.19594
0.00323075
0.00321558
0.0738746
2.63191
4.30291
2.41958
2.05892
0.74354
2.94283
7.88712
0.00317822
0.00569137
0.00482176
7.90581
3.86505
2.81461
0.123679
4.52041
4.70252
7.86583
0.00312252
0.0792204
1.42584
1.3121
7.83754
1.74614
6.28226
7.75856
0.0031452
0.0033259
5.51552
7.04633
0.0990678
0.00341489
4.04324
0.0312056
5.78664
0.00323582
0.0172577
0.010064
0.142699
0.00315031
6.88199
0.1736
3.58216
2.8874
0.00375271
0.00322735
0.00315776
0.709936
0.00321661
1.73826
1.04669
0.00318054
0.00708097
0.00790699
0.0152088
0.00323333
0.00326826
7.74446
0.00334781
7.54455
6.22396
4.69635
3.72588
0.00324642
1.16988
1.59134
4.138
0.0034155
0.0591388
0.182198
0.00319935
2.01016
0.00368103
1.63609
2.54564
0.00321801
1.52383
0.0249621
1.89618
0.0966201
0.0161311
1.56272
0.00319974
1.94998
5.01074
0.00322549
0.373572
3.72358
0.00319169
0.00329029
0.00322552
5.86521
4.42849
0.0643009
7.23961
0.00608376
5.8462
0.00418984
0.00321597
0.0704679
0.00314087
0.0501711
1.1209
0.00309855
0.00337434
0.0132815
0.16375
0.00466425
1.44592
0.00323163
0.0072577
6.84828
7.84253
0.0319076
0.00314214
6.81255
0.00323087
0.00315989
3.53758
6.09276
1.11895
4.79466
1.96855
0.00495597
0.00326574
0.00322921
0.900611
0.00598532
4.64971
1.91343
6.78994
0.0468251
0.00635759
0.325351
2.49598
0.421698
0.0316833
0.767224
0.00311385
0.264848
0.00322555
0.0767465
0.413211
0.00320837
0.00324101
0.475354
0.00313775
0.00656248
2.01968
4.0427
6.6587
0.015498
7.3233
0.0117937
7.7826
3.17361
0.673164
4.1261
0.251279
0.302297
0.0032307
0.00341045
1.57383
2.36965
0.038451
0.00307894
4.12922
0.00331045
6.63587
7.77139
0.0032298
0.00321474
0.00323018
7.89993
0.0578288
0.00309491
0.00383013
2.51087
0.00941114
0.00451458
4.40781
0.0100738
0.0342383
4.99726
0.00978244
1.16245
0.0152333
3.51527
0.00323185
3.67767
5.16776
1.98702
0.00321343
4.06851
5.81691
0.00322701
3.3215
4.25156
2.42799
0.00333406
1.71962
1.58399
1.72577
4.51323
0.00347268
0.0895553
3.55703
0.0121003
0.0590215
0.00805246
1.42498
2.56754
0.181734
2.09044
7.23629
1.35028
2.02288
0.00322893
7.36092
5.49727
4.57149
2.64685
0.619616
3.31827
7.64743
0.412356
0.0299945
0.0046032
2.61329
0.00324192
4.23151
0.871041
7.73935
0.00359554
0.00346039
0.0588862
4.77922
0.0378156
0.0072707
7.61107
0.00490044
2.39315
1.89155
0.00637864
0.00804797
0.94609
0.0130494
0.212069
0.00325345
0.734425
0.00328072
0.993407
0.00318154
0.00590912
0.0038857
0.0102669
0.00484701
3.60941
0.376232
3.98731
0.00357387
0.00395015
0.00664365
0.00334632
0.964025
2.15793
0.00317457
1.54183
0.00326814
5.28396
4.50452
4.60439
0.00391705
0.00321477
4.77552
4.06731
3.17873
1.03495
0.0534161
1.6541
0.00321174
6.37222
0.00320968
0.289438
0.0099235
0.00319339
0.172415
6.3059
4.13966
3.90783
0.829573
0.00675209
0.00321054
0.00346598
2.04042
0.068501
0.00339277
0.00372101
0.850991
4.24431
4.89121
1.11893
0.604528
4.04045
0.286213
6.32302
0.0165443
0.00621136
4.23983
0.00321504
0.00321918
2.30981
0.00370527
1.51102
0.0043712
5.87507
6.07062
0.00323492
0.00318442
5.08275
0.00372526
0.00321146
7.5396
0.564356
3.72491
4.82592
2.23654
2.17674
0.00601492
7.4252
0.152479
0.105966
1.53027
5.34438
0.0032386
2.12165
1.87943
0.0032461
7.43905
0.0344397
1.68264
0.00318754
5.02207
0.0449717
0.934613
1.80109
0.0118528
3.47069
0.00552119
0.0109143
0.13981
0.78481
2.35775
3.83194
0.00328997
4.89284
4.95115
0.00320939
0.00321812
0.00317271
0.00323612
7.14445
0.00320058
0.818504
2.0224
0.0032629
0.0151461
1.74617
0.0181731
0.00329229
0.00326943
7.52248
1.5865
0.00324605
1.98928
1.54061
1.86659
1.47556
1.5841
0.0145055
0.0196589
0.00320636
0.00374795
0.941352
7.6157
0.00322674
0.274318
4.44
0.672579
2.76914
1.59645
2.54321
1.09241
3.29961
0.304217
4.88087
0.187795
0.00397187
1.42652
0.00324664
0.795505
2.02762
0.00558252
0.0034759
3.45178
1.20196
6.85761
5.74008
0.00318658
0.00971247
0.0367384
0.360028
4.50499
0.00320693
0.00321994
0.00330283
0.17013
0.00322242
2.15896
0.00323948
0.00317711
0.0870702
0.00358978
1.68314
0.00345874
3.2804
6.19906
0.84053
0.3543
0.355749
0.0332411
0.00381778
0.0138732
0.00714755
2.02436
7.18963
4.94326
4.01007
2.84128
0.00313169
2.59925
2.01515
0.0109326
0.00321805
0.00323567
1.47926
0.00360099
7.39292
1.08575
1.94379
5.02883
0.00387493
7.72976
0.00349725
0.43988
0.00359492
0.0264822
4.55629
1.90446
0.00326037
0.339236
1.7774
1.97347
3.5537
1.74498
0.796014
7.84336
3.9151
0.306132
3.69126
5.10113
0.00323025
0.0557227
0.00314919
0.00550826
0.00664936
5.96217
0.0872744
0.0033161
0.00445592
0.384812
7.83437
3.45082
0.00322948
5.72094
1.13499
0.222333
0.00318653
7.85817
6.13605
5.6474
1.87518
0.00316545
3.19384
1.23419
1.93132
2.03734
0.327491
2.49386
0.00353899
0.156865
4.41347
1.93684
0.133417
5.35743
0.00346738
7.55883
0.0050182
2.64875
6.32557
1.48061
3.40725
6.6572
3.70448
0.0031744
4.11457
0.00515495
1.66186
0.00553398
0.171162
0.00323076
2.09971
0.00319079
2.63731
7.29557
3.34268
0.711319
0.00344784
0.00951132
0.00322132
2.36491
0.0032699
1.53616
0.119099
0.130014
0.0032424
0.00364702
5.42596
3.75215
0.0562653
0.82395
0.00319289
0.00326971
0.0193623
0.0143706
0.0031854
0.00317406
4.86599
0.00946811
2.39055
0.00369758
4.11912
0.504333
0.00308393
0.0374747
0.00358252
1.93039
0.010114
1.89992
0.00321672
0.00576482
1.04984
0.00777461
0.00332762
0.0032355
4.66629
0.00325231
0.00322122
1.52555
0.208805
0.00317306
1.94034
4.24646
0.0224037
0.147869
0.00374797
3.73976
6.69543
0.837957
0.00686386
2.47976
0.0175458
0.0120101
7.6557
0.00340286
4.08058
3.7609
4.75516
3.68482
5.92001
0.00316119
1.04729
0.790008
2.12148
0.0488905
1.90231
0.00384734
0.00386197
4.63241
0.203378
0.00356639
5.04951
4.76695
0.00323172
4.04406
2.25171
0.00446091
0.0974871
0.00322425
1.37794
5.07924
1.3515
2.59171
0.690429
0.00374307
1.7231
0.00321631
7.90044
4.86499
5.58035
4.48958
4.36482
4.42473
4.85193
0.0230361
0.00321636
2.07223
1.24365
0.00319024
0.00320131
4.5956
2.08926
0.767257
3.94776
0.00330968
1.46682
0.00318071
4.44147
0.0109639
6.92238
1.46819
0.0041166
0.00329095
6.16535
0.00346663
2.74387
0.00351291
0.810541
7.40297
0.00319963
0.28752
0.00565298
0.00562984
4.02917
1.7051
0.00541403
5.06937
3.62842
0.0922541
0.00489611
2.70744
0.192837
1.75952
2.50758
3.41485
0.00332837
1.47981
5.20037
2.72449
4.1624
0.0225379
1.12942
0.00321831
1.77476
4.44196
0.133375
5.26634
3.7087
1.36336
5.10324
0.269832
0.0406688
0.00786568
2.04095
0.00322101
0.0384635
0.00362786
0.00321582
0.00322405
1.0627
1.30247
7.18725
7.55414
6.78056
5.42675
0.00321359
0.0062973
4.02528
1.98196
4.42933
0.00319018
6.978
4.40188
3.36322
2.09966
4.69064
3.44427
7.53758
0.167451
0.556791
0.0717901
6.04452
1.34672
0.00555218
0.00330775
2.23703
7.72143
5.38157
5.63539
0.00317997
1.69925
0.00319584
4.39642
0.00359228
0.396681
3.41087
0.00316356
0.110051
1.91758
1.42316
0.0032404
5.68674
0.00319766
0.00332359
0.00317953
2.57294
0.00318294
0.0143543
2.09257
0.372497
3.86121
0.00314002
1.72579
0.954788
0.00321424
0.562196
1.7482
7.87876
0.645831
0.0624836
1.99102
0.970349
5.05569
2.10821
0.0983874
0.00314606
1.29629
0.0422479
7.52502
0.0665534
0.00324349
3.09567
2.23342
5.09869
2.79915
1.90678
1.76851
5.80072
0.00321421
0.00338854
5.77259
1.36752
0.00320143
0.00322329
6.89831
4.32225
5.63012
0.00693179
1.54268
7.56514
0.00447513
0.0203668
0.00496444
0.798631
0.510979
0.0126895
0.003202
0.644822
0.00369926
1.5464
0.00971216
0.00324536
0.186602
0.754716
0.454301
0.0105404
0.00419245
0.0758818
0.00375541
0.00318777
1.92063
0.242704
0.0220876
1.44353
2.10449
0.332914
5.98924
0.00348392
0.864231
7.67875
0.00405308
0.0685404
4.65236
0.0113538
0.453051
3.36209
0.0343349
2.32698
3.88522
0.362382
7.11048
3.62873
0.00324506
1.37103
2.07605
1.99233
0.00345363
0.00323006
0.637031
2.00764
0.0032334
0.0091037
1.72426
0.00437796
0.00327558
2.76478
1.13503
1.27911
0.0621585
0.00326619
1.5237
3.94689
0.00326187
3.76378
0.115274
0.345853
4.22655
4.58598
0.408843
3.96362
0.00324353
0.478498
3.48856
4.10256
7.32583
4.80946
0.00321213
1.75203
1.0341
0.00321126
0.0031774
0.412989
0.00981165
0.0917884
0.907748
3.77899
0.0050662
5.16484
4.48912
0.00513677
4.28837
5.79828
3.56246
7.58758
5.71373
0.931331
0.00339356
0.00322253
0.120066
5.89241
0.00866014
7.83849
0.245778
0.507757
0.00359514
1.47437
0.636972
0.00530442
0.00332223
0.00794889
0.00537277
7.26618
0.00408643
4.2134
0.535494
0.00318387
0.00348413
0.0676011
0.0985286
1.41394
0.0118196
0.0348007
3.96815
0.00329828
3.43453
2.1142
0.50822
0.00323031
2.92409
2.14902
0.00549937
1.23547
0.00332261
2.86349
0.00496952
0.00521312
0.00318061
3.21373
4.81068
0.659756
1.98437
4.41757
0.0116036
0.00675753
3.54204
1.41907
6.13188
0.00402527
2.63625
4.57041
1.87506
6.65045
0.0943547
4.53282
4.57238
0.0283888
1.37235
7.12798
5.05872
1.90049
4.85389
7.78488
0.00320613
0.0132029
0.239321
0.00380182
2.0592
0.458126
3.86482
0.00322919
3.31876
0.807649
3.37786
0.00322129
5.21869
7.34069
2.61551
4.36961
0.00312643
0.950661
0.00553914
0.138918
0.00323399
0.00326982
6.90287
0.28639
0.00339755
4.27639
0.0111955
7.71022
4.21454
0.0127296
6.85754
7.18085
0.00331565
0.00442408
2.56711
2.41343
0.0131282
7.72983
0.500721
4.75563
0.00323296
3.98969
3.83877
0.0841735
0.233656
2.95518
0.00314581
3.16811
2.24917
2.53198
3.02203
0.00323624
3.70733
0.750339
0.00327721
0.166376
0.0136261
0.0118694
0.0033691
0.332687
7.84773
0.00332831
0.190623
1.57157
0.0031989
0.00999456
1.8017
0.00383171
3.54422
0.00320274
7.26958
1.73612
2.12525
1.67273
0.397681
0.0482793
6.0782
0.717527
7.20795
0.0032087
3.34729
1.64236
0.0394753
3.99381
1.69792
4.5298
7.69538
1.36086
1.25275
0.00323099
0.00541788
1.67087
0.513775
7.35052
1.03665
0.0117655
0.03691
0.0663067
0.0832566
1.75218
2.01294
0.769843
0.00350572
4.94773
4.20471
0.00346199
1.84648
0.00717604
2.69509
0.00323921
5.16464
0.00322004
0.45825
0.515855
5.79737
0.00351454
0.0693896
0.0553141
4.03556
1.39763
0.00577447
0.00527842
0.00322363
0.00894085
0.0035234
6.15186
4.63549
0.00317976
0.00321342
3.71926
0.00341049
4.54129
1.88675
0.694066
0.00325687
3.68382
4.44847
5.98869
2.20639
1.71546
2.32413
0.0040963
0.00317971
5.86491
0.012722
0.00321104
0.00321231
4.13894
0.00335752
7.68429
0.00321631
1.34763
5.86124
1.44207
1.76525
5.2955
0.00318091
0.606067
4.177
2.54806
5.99735
0.00332362
0.00403755
0.0568762
7.79435
3.60114
0.00329089
0.00534398
0.046303
1.7867
6.75029
1.79613
0.00335517
1.18695
6.81898
0.0648679
0.00321959
0.0311927
3.92528
0.814012
1.77204
0.38281
0.00316651
1.22995
0.0113655
1.9378
0.00322585
0.00350058
7.50943
4.08152
7.80806
2.11178
3.86016
2.5038
4.00698
7.54318
3.64911
4.03149
0.00358965
1.49501
4.02888
0.0182586
0.00325133
0.00449418
0.234577
0.00352509
5.35324
3.44844
3.98932
0.0669838
2.4612
0.0154168
3.73242
4.72826
0.00522505
0.355057
2.65871
0.00355319
5.02822
0.604122
0.00322747
1.92577
0.00323676
0.00340923
0.00525536
0.936642
0.559284
1.39614
0.00316998
0.571152
2.31019
2.20428
0.00942585
1.99304
0.00323958
4.49623
0.367574
0.00311586
0.00573156
2.73824
0.00742739
5.20622
0.00870591
1.05208
0.0036724
0.00544784
0.261995
4.76421
3.35735
0.00320086
0.00337464
0.00366651
0.00349198
0.00319338
1.76561
0.133478
1.78742
4.38121
0.00316595
2.22375
0.00322394
1.49827
1.79038
4.53628
5.1611
0.058535
1.36266
0.0805893
0.00322801
0.238474
3.47333
0.516438
0.0108578
0.0725461
0.517319
0.00326242
7.39153
0.0540613
0.00312332
0.0341506
4.87025
1.8889
1.52464
3.22587
7.03072
0.212424
2.28841
0.0269336
4.74777
0.405122
0.00476569
0.00336106
1.03898
0.00378646
2.15789
1.94865
3.38314
3.95538
4.33893
0.00323499
2.01572
0.0136511
0.00383071
5.9021
5.67329
0.0259105
5.42595
7.21475
5.14382
0.00375221
0.00399356
0.00944246
0.00321644
1.23917
2.67444
0.00319752
0.00326712
0.311938
0.00342854
2.29193
0.0209632
1.86641
0.00323494
2.62804
0.0430121
1.7961
0.00321568
0.00710656
6.78981
1.29145
4.32114
2.42698
1.80999
0.0291755
6.48771
6.40757
0.00323405
0.00542222
0.00321911
7.34174
0.0708273
0.214037
0.0103173
7.86863
0.357814
0.00611294
0.0105065
0.624195
0.00323334
0.796986
0.00408012
5.97498
3.90468
0.00391087
2.55638
0.00314948
3.81197
0.037444
7.03775
2.24559
0.0255041
7.61721
6.96799
0.00321101
4.10426
6.09903
0.00514185
0.017822
4.73578
1.9613
5.54988
0.0983046
5.27812
1.74162
4.93756
6.23649
0.77552
0.00320792
0.950612
0.00438922
0.241052
3.62165
4.06786
3.96369
3.12915
6.7638
3.77431
0.00400531
0.533078
0.0319592
0.00567768
1.32843
0.0152565
2.20196
0.0032905
7.75103
0.0511691
4.70056
7.23305
2.03087
5.64922
2.09543
0.00354604
2.12599
2.85443
5.38271
5.67781
0.00727459
0.638617
0.00454399
3.95637
0.211883
1.7388
0.00321697
2.25491
3.48175
3.24412
0.00377084
0.00422694
0.00346168
0.0672118
0.0811892
2.32096
4.57886
0.118098
4.84977
0.0840741
3.57605
0.00320608
0.0382474
0.257764
7.60647
4.26508
7.35678
0.499917
0.221742
0.00321517
3.50847
0.6472
2.28057
7.60526
1.74114
7.70966
3.88132
0.00317558
0.664799
0.00379724
0.0117614
0.0575519
0.00698065
0.00349012
0.21594
0.00764708
4.67098
1.61169
1.01688
0.00912533
1.75544
5.40406
0.00413795
0.00567997
6.82741
0.0567855
0.00321884
1.94931
6.70557
1.74694
0.543704
0.00672756
0.202492
7.09533
0.0208892
3.25358
1.9529
1.62284
4.02191
2.79733
0.00319041
0.135908
4.62981
0.199043
0.307076
0.00545508
1.02179
0.0387595
1.04081
0.00326402
0.00336787
0.767796
0.0695503
6.2239
0.00900749
5.51475
2.49594
0.206512
6.8496
0.00870668
1.9919
7.07202
5.75649
0.00315829
2.53753
0.00345797
0.00323069
0.00661294
0.00317384
1.74556
0.00336335
4.64435
0.00525131
2.49995
0.466502
0.00323626
0.67845
0.00316863
2.43292
0.00316265
0.197149
4.03801
1.86708
0.00321005
7.74037
1.05447
3.13735
5.81696
1.22996
2.92464
0.00634975
4.07702
0.116947
1.57572
5.76855
1.7646
0.00366928
0.00364132
0.00456055
3.01957
0.542929
0.152273
0.00346934
0.00387924
0.00326675
4.32918
0.152792
0.00318785
3.53104
0.00320133
3.8319
4.55196
0.61593
0.00321991
3.25722
5.07148
5.55114
2.28228
3.45425
0.00319568
3.75052
1.34616
5.11816
0.00450562
0.416459
1.48893
1.5379
0.0278652
6.37608
0.921812
5.63861
5.08565
1.91047
0.729589
0.00342994
0.00312116
0.23866
0.193033
5.08941
0.345008
5.2106
1.90684
0.00385368
0.0636299
0.00354726
4.00438
7.74585
0.274711
0.00320096
0.00321532
5.80753
2.37061
2.94256
5.79419
0.00321474
7.2394
0.00544359
0.00396109
6.84651
3.64117
0.00321214
1.84941
4.54882
3.49053
0.00697393
0.00528229
0.544232
0.00311511
3.83774
2.64222
2.73429
0.00322616
0.00322211
2.43756
1.10906
7.16614
0.00322481
1.15146
6.62822
0.0376183
0.00656361
2.23954
2.28074
7.43444
6.18041
1.97327
0.315044
4.4061
0.00426219
6.02169
4.45376
1.25795
0.0436782
2.71735
0.00955592
0.00319087
6.33376
0.464194
0.00318613
4.31828
2.68048
0.00318505
0.139903
5.46413
0.0108874
2.1523
0.00327263
0.00369712
2.46656
0.0143887
0.542678
0.166788
0.00315215
5.58387
1.54741
1.28199
1.392
2.38739
0.657031
1.80127
1.47835
0.00321532
0.00330695
1.48867
1.63642
0.239444
2.70686
4.27411
1.60956
0.00904985
0.00332149
0.00339025
0.0032774
2.83284
0.878856
7.75802
2.48043
7.51647
0.370077
2.98586
0.831919
0.00337034
0.00402755
2.20525
1.08472
2.19715
2.27358
4.66366
0.0208354
0.003235
2.82416
1.34134
1.22821
0.00907189
5.8817
4.46993
2.7245
0.0153098
0.00332845
0.00611426
2.5713
7.82103
0.00740574
7.70109
0.0278664
4.112
0.205234
0.00602963
0.00324543
0.0564172
2.51179
0.0260086
0.877906
0.0500962
2.07946
0.00318283
2.46193
0.22822
0.00322269
0.0032231
3.6262
5.40811
1.57255
7.81485
1.7961
2.67109
1.60238
0.00397275
0.792113
0.00325809
0.00317609
0.00625044
2.98708
2.17842
6.73442
0.0488732
4.43978
1.58139
2.5043
2.03702
3.4848
0.00459467
1.98243
7.06065
2.51243
0.00659706
6.51816
0.00499222
0.042482
1.15845
5.55006
4.33717
4.22725
0.0103256
3.29322
0.00402107
4.85505
3.11496
4.08242
0.00315372
2.76588
4.12727
0.0207211
1.69292
2.35284
7.60266
0.929245
0.0035856
7.11552
0.982947
0.00337867
0.00320931
7.76938
0.300833
3.04113
0.00311786
0.062822
7.2154
7.76942
2.12978
0.00369566
4.70962
4.94242
3.24179
0.00320854
0.119565
0.637285
7.36335
7.2562
2.17405
3.17833
0.00353406
0.943016
0.752254
1.79223
0.00330595
0.0609308
3.45426
0.00319266
3.4016
4.49203
3.48982
0.00314385
0.00314661
1.18896
1.80143
7.33481
1.84093
1.06093
0.00320223
0.00473488
0.00533254
6.48593
2.36097
1.49125
0.882836
7.74996
2.27541
5.14475
7.63788
0.00320664
0.172585
2.75438
1.94855
6.29848
1.33973
3.55256
7.26203
5.09305
2.41668
0.00322202
6.82877
5.04782
2.59489
7.13374
4.20835
2.31259
0.00386843
1.18766
7.73114
3.1942
7.29382
3.44982
5.00913
5.24366
1.86523
4.12047
3.26508
5.11369
6.56015
3.52636
0.00321642
4.08422
0.0722611
0.195921
0.00339052
7.66106
4.63489
0.00365523
0.477002
2.46439
3.05358
0.0125499
0.00321674
7.34833
2.79636
0.00329404
4.1617
0.00317458
0.908716
0.230828
7.56466
2.15772
2.55311
0.0032132
7.57614
2.1765
0.00470163
0.00319746
1.71487
1.73022
1.60493
0.643094
2.61622
2.44032
4.66325
0.288991
0.104412
0.00322616
0.00330687
3.50466
1.97061
2.48825
1.88499
0.375197
0.00324128
0.00318732
6.93892
1.51615
0.571665
0.00471512
0.00344422
7.70743
1.87669
4.43921
0.00312472
2.28579
0.534734
4.70618
3.28249
2.74746
0.00601023
0.00394886
0.00381777
0.0033236
5.68971
0.00321899
1.76555
2.71952
0.905102
0.0479352
1.33715
0.00567019
1.24597
1.00095
0.0168953
0.0039688
1.70096
1.40392
0.00324063
4.28505
0.00606339
3.16005
0.0661057
0.0037219
6.80454
0.00548111
2.03595
0.00313402
0.00390797
6.26264
2.42985
0.494663
0.037659
0.00322888
0.783256
0.00317322
2.74195
0.0039847
0.00655166
0.00320291
0.03505
4.33637
4.75072
1.74818
4.6507
7.79094
1.11202
0.514309
6.78883
0.00566961
4.67266
1.03782
0.00588333
0.0343436
0.00397841
1.96045
1.8291
2.55861
0.292698
0.0373977
0.667515
0.00388162
6.25214
3.49991
4.90441
1.8911
0.00319349
0.897909
0.209008
3.41717
3.30891
1.41793
2.03922
0.00321099
7.56728
0.490346
6.50971
2.39494
4.12565
5.26817
0.0747591
0.285024
0.889682
0.225717
0.0045702
7.67023
0.0683242
0.00862492
7.10799
0.852857
3.88816
6.96061
4.82835
4.35626
2.88281
0.802698
0.00307533
0.0132393
0.00313843
3.04864
6.3573
1.88199
0.0281866
0.0195752
0.00322714
3.8161
1.76778
0.142052
0.00321702
2.11228
0.00349674
0.00762273
3.05063
7.05701
1.45934
0.178915
7.13918
0.00388251
7.61804
1.81905
1.90528
0.00322693
1.27371
1.33071
6.16214
2.48631
7.01415
4.32536
6.03114
0.0148403
0.0393096
2.65371
1.74925
0.00324024
3.47578
0.00320657
0.00317813
7.60004
0.00331322
3.10196
3.80348
0.00346595
0.00408238
1.87729
2.78764
4.69249
6.60056
0.00435811
0.00314661
0.00319692
3.39861
7.62716
0.202679
0.00322746
0.00782055
3.23434
1.1562
1.20187
0.00326184
2.63928
1.8424
1.61726
7.13207
4.32687
3.0631
0.00314587
0.606379
0.00378371
1.44261
7.78754
0.00344398
0.0099147
0.467803
0.00379424
0.00766572
0.0482228
2.18321
5.07843
0.00373912
2.90385
6.3262
0.00987006
1.16284
0.165039
2.46411
0.195362
2.49485
0.00324114
6.32585
0.00399577
0.546157
4.2704
0.00401895
0.00347235
0.0237855
0.0476955
2.0256
2.14914
3.79596
3.35426
0.0978513
0.00323023
5.33314
2.98391
5.72936
3.91316
0.00471429
0.00335252
1.44287
1.80682
0.50656
1.39364
2.00645
1.63189
2.09531
5.32004
0.0545643
0.447193
1.88426
0.00949991
0.0270564
1.08581
0.00331091
4.9907
0.00417099
0.900531
2.12274
0.0725314
0.00368764
0.00372861
5.1569
0.655466
3.25896
0.00321357
0.00459834
2.96619
2.09118
0.00671958
0.0202533
4.65013
1.86552
7.74571
1.58331
0.0211153
6.09277
0.00322468
0.00357199
0.00348024
4.69538
0.00324275
0.0032329
0.00319451
2.04402
0.202817
0.00324452
2.1299
0.00320937
3.12646
0.00403491
3.3002
0.00317976
0.0337311
3.94265
0.646643
6.93938
1.76697
1.41621
0.00320391
4.9822
1.45698
0.873373
5.19814
0.0033309
6.0362
0.00320404
0.0139511
0.0292372
0.0282725
0.601235
4.41725
0.00321052
0.243667
0.116754
3.61318
0.0032209
0.118059
0.00319339
0.0237836
4.07447
1.75044
0.0648502
3.90775
0.0844539
0.00325805
7.16187
0.0883557
2.30217
5.22295
0.0305077
5.95174
2.49744
1.19878
3.18523
1.75417
0.00315381
0.00325107
2.32895
0.00322643
3.34778
2.9216
0.00370348
3.13397
0.00323174
1.70831
0.0174898
0.00313352
0.00332566
2.03458
0.219691
0.00336756
0.00794814
6.58669
7.56632
0.0032134
0.807861
6.39621
0.00324686
0.00511179
0.00350679
3.71788
3.18722
0.00334323
3.45738
0.00318383
2.7105
1.26816
0.58764
0.00322294
3.97828
1.64059
3.36688
0.00728963
0.00321344
1.8114
0.0591413
0.399083
0.00321755
0.0711494
0.00324883
0.123533
2.54217
0.0470215
2.71896
0.00321141
2.85546
1.53519
4.42187
6.30822
0.00308655
0.979131
5.23661
3.24184
0.0422011
0.0157661
0.176331
1.03548
0.00319146
0.0702887
3.8842
4.72066
0.0272164
4.8028
0.0139413
0.00383339
4.86409
2.71719
1.35988
5.16863
0.00324449
2.24355
0.0741541
0.185316
4.90079
0.00349654
1.98219
0.184274
6.2778
0.003206
6.78535
0.00327736
2.94202
0.0086423
0.709146
6.28549
0.00512132
0.695194
0.00321472
0.00339469
1.67501
0.532196
2.82356
0.00362702
0.00318719
0.00321
7.82558
5.04838
0.00320296
0.00320668
0.00323643
7.04491
3.06729
1.52485
7.66572
1.97409
6.8513
6.74167
0.717504
4.9469
0.00315832
3.12702
2.31207
3.03008
0.00347259
1.98926
2.18001
6.60074
5.17286
5.74343
0.298266
1.71092
0.318683
3.88035
0.00359724
0.00487834
7.56243
0.00314174
0.00319307
7.81153
0.00652543
3.06343
0.00322649
0.00590204
5.32837
2.12709
0.0046715
3.19275
0.0031984
0.952676
4.8922
1.3783
7.59916
1.84608
2.13863
0.110533
0.638288
0.256605
0.00315547
7.84094
0.0035081
0.00347875
0.00321873
2.18725
7.79971
0.00329966
2.27534
2.01224
0.00459286
0.0265082
0.00367575
6.33833
7.66373
0.00812289
0.135986
0.183113
0.0046564
1.37385
1.43787
0.748757
0.0032883
0.00361867
0.862376
0.00803275
0.0032482
0.380902
7.09302
1.32776
0.0170226
5.00442
0.0549509
0.00568885
0.00320798
0.0157338
0.320653
3.49887
7.86996
3.53373
2.71108
5.31769
0.00344718
0.00459963
0.00319971
0.0318552
0.0148227
2.22067
7.11822
0.00326882
1.4702
5.01242
3.11575
0.0465708
2.10198
0.00498323
0.00320059
2.53715
0.0035233
0.00407746
3.55172
0.263522
0.00489365
0.0110771
0.00445897
1.82652
0.00970076
0.188499
1.53168
4.40845
0.0725
2.57049
1.2008
0.08345
0.0031739
0.00316666
0.00363456
1.76055
0.00386896
6.69125
0.0110121
2.5532
1.79583
0.00308156
1.63018
6.0344
1.55956
1.38843
0.558986
1.37377
1.0197
6.89201
0.00398331
1.48171
0.701594
5.0132
1.31244
0.363772
0.0846992
1.71384
3.71033
7.81214
7.55629
0.00320918
2.34073
3.13824
6.22226
0.00311423
2.86902
7.83573
6.76883
4.7267
1.74694
2.9827
0.00463477
0.729368
0.00326883
2.06559
0.00326045
3.66134
6.90442
0.00723429
5.33194
3.266
4.4277
0.00321122
0.350873
2.05673
2.28827
1.82292
6.62592
6.55616
0.733024
0.00337816
0.764011
0.00466626
0.00316064
0.428847
0.00665229
0.00434106
0.153192
6.95357
1.71312
0.00327765
0.0704457
1.98568
3.12631
0.0033161
0.00324128
2.20672
0.243678
0.00321171
0.00451239
1.11108
7.69441
0.386245
0.0340847
0.119186
0.00323665
7.35989
0.197525
7.26693
0.00331375
0.00329888
0.0036375
2.02281
6.31388
3.29928
2.05788
0.0283506
7.71992
5.30011
0.0268598
0.00326199
0.614124
5.54446
1.4323
6.71494
5.26655
0.00353898
2.19916
1.01832
1.69811
2.74309
1.94605
0.00443772
5.59181
0.00324756
1.77798
0.00314353
0.100906
6.98623
0.00320551
0.1848
6.97199
0.00337817
2.97056
2.15154
2.40507
0.149903
2.06212
2.11883
0.00392485
2.01989
0.00321565
3.57733
0.00322889
7.62466
0.933748
0.709113
1.68581
0.0032135
5.58698
0.125406
6.99361
0.00595318
0.354802
0.991767
5.6979
7.42842
0.00324005
0.0153231
4.74747
0.191635
0.00438573
2.36625
0.186626
1.62815
0.00376187
5.52739
1.04636
0.0343304
1.62314
4.57518
3.44587
0.841439
0.161945
2.15483
0.495619
0.0244778
0.00319548
0.068431
1.35084
0.0827295
0.00321528
3.29681
7.20982
0.726845
0.0213363
0.00321489
1.64148
1.83316
1.9015
0.0404759
0.195308
7.06425
0.0169181
0.219834
1.83832
4.31402
4.53696
7.14085
0.00320099
2.90439
0.00361848
6.09123
1.9972
7.58419
2.49661
1.55845
0.00665266
0.0033073
3.81569
1.93708
3.25525
0.00568424
0.00323734
0.091754
7.50171
0.00321752
1.30721
0.76375
0.0264284
0.00331094
7.8196
2.04725
6.94733
0.234874
7.76754
1.80073
3.25736
0.00323605
0.188093
2.47515
2.20675
0.204385
0.0509873
1.75601
0.00321781
3.41816
2.24379
0.00747529
0.00433562
4.22328
3.16097
2.09827
2.22888
3.67977
7.57048
0.0376261
5.71115
7.365
0.432794
0.0333248
4.21063
0.00611645
4.65376
3.90238
0.496255
0.00985268
0.00337349
7.89162
4.59406
6.30375
0.00322494
2.20506
5.19498
1.05407
2.07578
0.00330602
0.0035207
6.15993
2.88365
0.00385978
0.00798526
1.81919
4.53887
6.54656
5.09818
3.12511
0.00321615
1.98911
0.198389
7.65719
3.31537
1.89128
0.529913
7.8215
0.00388792
0.00353622
4.15972
0.368417
0.00341135
0.193413
5.39075
0.54866
3.6819
0.00909088
0.00380438
3.10765
1.90727
3.41321
0.00856335
6.63987
0.0031882
2.43924
0.00351557
0.0201669
7.50273
0.00330308
0.00845589
2.52899
0.00333123
0.00336684
0.00308734
0.00319501
3.83313
7.74442
0.00418535
0.861797
1.23839
0.254371
2.20108
0.0041165
0.0033635
0.00588718
3.92135
4.75062
2.13228
0.0072215
0.0140132
0.0051254
6.55156
0.192125
1.78249
0.638947
0.00342036
7.53586
1.84689
0.00441092
3.7394
2.45393
0.00320279
0.872416
0.0271133
0.00323646
7.63674
0.0967016
0.1425
0.88061
0.00332518
0.00576591
4.25151
3.06392
0.00338182
0.00325396
7.1131
0.00355539
0.00324031
0.00316052
0.00330089
1.98022
0.114115
1.95112
0.348852
5.83849
1.73672
3.0914
5.88129
0.0836095
2.60852
0.180224
3.85258
2.2062
3.44453
1.87812
0.671614
2.17196
0.00319829
0.00380029
0.105661
0.00329563
0.198813
0.209915
0.0032254
3.9654
0.0385778
0.473103
7.41193
4.87874
0.00314202
0.037057
3.38385
0.0305612
0.0174387
0.00323312
3.21424
0.323475
2.05985
2.75461
0.0570376
3.04817
0.0250323
1.72832
4.2036
0.00323054
0.199695
2.97719
0.0448291
2.12482
1.90667
7.53195
3.64609
6.10933
0.00322195
0.00324522
0.00320405
6.41949
1.27797
1.06132
0.00321514
0.00432031
3.32565
0.16909
0.00365024
5.3327
3.97221
0.00459045
0.0741251
5.06389
0.00334207
0.0471537
0.0032148
3.30216
0.00569658
0.00320506
4.04988
2.0632
0.0031706
0.900928
0.13236
0.00318338
0.141176
0.598254
0.00364353
0.0518652
3.72123
0.0615246
0.00322704
0.00325838
1.30802
0.00402237
6.9261
0.00440569
6.30475
0.00315219
5.97229
2.24612
0.070117
3.29894
4.45043
7.14554
3.17034
4.52166
0.454636
0.00319373
0.00322953
0.00319046
0.650112
3.74667
7.72415
0.00311903
0.00720597
0.244422
0.00326123
4.63096
0.385825
0.00344891
7.79694
1.18825
1.0079
2.10043
0.866201
0.725736
0.224469
4.30701
3.58209
0.78068
0.00332842
0.00322492
0.0987705
0.00321912
2.23461
5.94321
5.35825
7.08178
0.00317621
4.46717
0.00399749
7.49237
7.22801
1.42903
3.89623
0.0323873
0.801088
0.186865
1.52918
0.849399
0.611804
5.27666
4.09279
5.97764
0.00559824
7.0382
0.0655444
0.00387768
0.014562
0.00835589
0.0942657
0.56341
5.26879
3.84472
1.34697
0.00441514
4.3329
7.22534
7.52639
0.003995
0.00680407
0.00329694
5.6975
2.36132
0.331103
3.89464
0.0936554
1.35403
6.20498
0.809838
4.06864
0.00456456
0.0041985
6.07888
0.00314681
6.8417
4.52394
1.54728
3.96041
2.38733
2.24498
5.23751
3.64878
7.68057
0.00455575
0.0032086
0.00314474
0.0103528
4.62241
0.848292
1.56224
5.71854
0.0457321
0.00312498
0.00330214
0.00348264
0.00429241
6.10298
0.00339084
0.0490047
5.10868
0.0031585
0.171676
1.9546
1.33371
4.46413
6.21658
4.5866
4.60793
0.725624
7.5835
2.06521
4.45606
7.47846
3.20136
4.87362
0.563576
3.56867
3.03693
0.00325538
0.00323821
5.93418
1.85121
1.89677
0.0558029
0.00323909
0.00324823
1.8084
2.44656
0.0355176
0.0743897
0.110822
0.00354964
0.0238085
0.00324206
0.00321296
3.30092
3.49006
5.73178
0.00339691
0.00412442
0.00340514
3.51691
5.85565
0.00327821
0.0398663
6.96983
0.00321771
0.00320249
0.123226
0.789195
0.31092
2.60534
0.00321652
0.132684
0.00316966
0.00799518
0.0991149
0.37822
0.00324279
0.0437828
0.00389656
0.191272
0.00324105
0.00314072
0.0497334
2.6444
6.0161
1.37486
3.25135
3.90782
2.94802
1.55088
1.36749
6.79416
0.898497
0.00442012
0.00441705
6.08305
2.11713
0.487338
0.00994188
0.0314446
7.20555
0.433873
3.69789
0.00322497
0.974016
0.0256401
0.00352526
5.63695
0.004898
0.610922
6.85094
3.77204
2.54106
1.73201
7.56408
2.56298
3.19221
2.64099
4.92293
1.88727
0.531759
0.00391249
0.00731105
4.8818
0.583833
0.0606226
1.51041
0.00312006
6.56771
0.00325355
6.59952
0.731079
6.47019
3.0222
0.00320191
5.50093
0.942929
1.97457
0.00371697
2.80767
0.0830489
3.04314
0.00317545
0.00322027
6.70465
0.0833988
2.17098
3.64923
2.50936
0.915625
0.00536963
0.00311635
1.93413
0.375723
1.15965
0.00322518
3.26124
0.00471356
0.0101329
0.00383205
3.69572
3.79261
0.0120737
2.18702
0.0539794
0.472979
7.40703
0.218808
0.00573847
1.07535
6.89788
1.41352
0.00323737
6.47255
5.37204
2.56869
0.00328054
0.526079
0.00370617
1.24654
1.68532
0.0284233
0.00381755
0.296427
7.12595
0.380365
0.276163
0.0334139
4.98193
0.00355322
7.28035
4.22604
2.30835
6.18068
0.548687
2.16935
4.03593
2.05943
0.00416696
0.00338056
0.00432797
2.09094
0.00389363
0.00322253
5.49543
0.00324659
0.00332786
3.92139
5.84117
2.90132
7.77248
3.52107
0.00460888
2.10788
6.17136
0.0031814
2.64608
0.460721
0.00507518
0.182451
2.93375
4.68277
3.90014
1.79114
0.00311679
2.28645
5.07307
1.95304
5.81108
6.43891
1.11612
1.78475
2.27017
0.00333974
4.83384
1.77847
1.85126
3.58197
0.00768511
6.97775
2.57738
0.119422
0.00416982
7.37698
3.98446
4.07387
0.0592494
0.00354736
6.69778
3.56474
0.813334
3.03714
4.99454
6.31718
1.91463
0.00593845
4.55
2.207
0.447874
0.00387455
0.00321945
7.51278
0.999939
1.7426
7.28791
0.00502006
3.86654
7.75099
4.32092
0.00317432
0.00322762
0.623837
4.73342
0.256357
1.93887
1.74791
0.00471262
0.00336743
0.843085
7.29139
3.31344
5.57036
3.36819
1.45699
0.0031641
0.634381
6.62546
0.176701
2.66408
0.00321224
0.00320094
0.00346773
4.90126
7.46502
7.57697
1.69137
7.7296
0.0128672
4.60252
1.28707
3.64227
1.82334
0.0718109
4.43521
0.00318957
6.03717
6.08705
2.18224
0.0139143
0.00434639
6.70069
0.0399427
0.302839
0.00319442
7.89222
0.00322257
5.6857
1.84456
0.523701
0.485185
0.0624707
0.29903
0.00322651
0.00402176
0.0575115
0.00333351
3.09915
0.00324699
1.93241
4.07499
4.82878
3.804
0.00331615
4.66657
0.0315349
0.185042
0.00814382
4.20412
0.10299
5.27496
2.50934
0.00314931
2.87369
0.00324524
0.912837
0.0412916
7.85929
3.04858
1.33833
3.63847
7.0755
0.322818
6.74322
0.906496
0.00451057
0.00321775
6.93996
2.17394
1.4554
3.39737
5.15176
7.42401
4.33945
0.00318034
2.15663
5.09997
0.117978
0.00567753
4.6936
7.39209
3.75363
5.94556
7.55871
4.19035
0.366047
0.00404014
0.00322221
2.1154
0.0834796
5.79105
0.0395637
2.8781
1.91626
0.00321372
0.00362806
1.33845
3.40206
7.16452
0.00370947
0.0769709
7.74371
0.00324047
0.911935
3.20871
0.0680837
7.74663
5.13151
0.00321584
2.19
7.70088
0.00320321
0.0196525
0.149089
0.00403393
0.171783
0.00346293
0.00317859
0.084145
4.56236
4.22993
3.12993
1.0676
3.28558
0.0726408
0.00371519
2.08001
7.68994
7.1389
0.0102545
0.0488717
4.36936
6.2874
0.00324492
4.26705
3.93124
0.00398166
7.78329
0.0759257
7.03195
1.04208
0.00347303
0.216158
3.10579
0.00399422
0.0032458
0.00319572
7.68181
0.129728
0.00313036
1.36164
0.922058
2.28472
4.29072
4.30569
2.57195
0.711209
0.0434436
7.77239
5.96208
0.00323399
5.43851
0.0487093
1.83966
5.4067
1.22519
0.892283
7.79365
0.00420716
0.176467
0.669293
0.202427
6.50878
0.00339619
2.62982
5.08111
0.003151
0.00319791
1.85617
0.548624
0.0560429
0.00325697
5.04421
0.0031957
0.00342881
5.51385
0.0119236
3.40796
4.1397
4.08945
4.54276
1.04374
0.0121263
0.00319242
0.00658717
0.00319925
1.71809
1.42193
1.92946
2.67599
0.00346624
5.82135
6.23679
0.0045004
6.61934
4.76475
1.19561
0.00334716
7.41536
4.17833
0.00445725
1.69184
5.45387
0.22411
3.92147
0.396344
0.00322206
7.53678
0.00322407
0.365696
0.00321406
5.20747
7.31364
0.286614
0.00345084
2.58973
0.0037232
0.00649588
0.00324067
0.322609
2.7761
1.27444
5.47082
0.264633
1.79209
0.00327952
0.00310008
0.0077403
0.00988504
0.00360396
4.4886
0.0031394
2.65688
4.4184
0.0032265
1.83011
0.119241
3.10334
4.45874
0.00330927
0.00322165
5.24334
0.0032142
0.0334081
1.89351
5.13573
3.97287
0.00758919
2.61227
0.127604
0.00331875
1.86195
1.10275
1.79541
2.32055
0.903005
0.016863
0.725409
1.14221
7.61655
2.85298
0.0032627
0.0117937
1.0218
2.2525
5.99829
3.80222
0.198027
7.75425
3.06616
0.0373678
3.00006
4.23077
5.34635
7.01349
0.00310903
1.8341
0.00388087
0.0148574
1.81113
0.00319356
0.180316
0.00663196
2.66507
6.50956
0.0234305
2.03143
0.00325241
5.38645
0.00319574
0.00438794
0.894258
0.929903
0.0031412
2.26013
0.00447128
0.00323129
0.0426757
0.00318457
0.00321653
1.34622
3.97673
0.910793
3.44983
4.83866
7.41233
0.00311211
2.89418
0.0032381
0.0242015
2.58922
3.65552
4.6368
0.175252
0.700579
1.0939
5.35525
0.0733014
5.02161
7.28923
5.04205
0.00329587
0.00345393
1.16346
6.24552
5.62195
0.00622406
3.30888
0.0110581
0.00623268
0.00315581
5.65418
0.423054
0.00322737
1.82243
0.00306947
0.0971715
0.00348815
0.00422711
0.00414915
4.65963
2.65562
4.44622
1.82371
2.62585
4.54815
7.34631
0.274954
3.82415
1.78471
0.543219
0.0733682
0.00332076
1.81914
2.20115
2.8412
2.11586
0.00323161
7.64659
0.873172
0.531135
2.46862
0.979802
1.41844
0.00320053
0.300119
6.48738
7.51983
0.00329411
2.64528
5.89131
0.0189584
0.00337717
7.60577
6.65511
6.16438
0.00320592
0.329961
0.0181395
0.00317924
3.55463
7.50429
6.90423
0.252851
1.87266
0.979642
1.61375
1.14507
5.23766
0.0463771
2.45001
3.83148
2.25896
0.00652094
0.0150053
0.126584
3.09084
7.13139
3.84016
1.56609
1.24411
3.45934
0.00468532
0.00905014
0.00311018
0.00329937
7.63665
0.00336314
2.40098
0.00332485
0.00381369
1.72978
0.416456
3.98824
6.93651
3.06774
0.144244
0.00323445
1.68379
1.21168
0.00317586
1.04215
3.41614
0.744037
1.72954
1.42143
3.35395
2.31772
0.00321392
7.48895
0.00415385
1.39303
0.276097
6.25064
0.00325846
3.95654
6.22694
0.208985
0.938555
4.34136
4.43286
0.0038243
0.0262209
6.8102
0.00342785
2.8059
0.00445728
0.00381207
1.96213
0.965943
0.0885093
2.752
0.258501
0.876557
3.66054
4.06685
0.0031546
5.49039
4.32944
0.00318325
0.663593
4.26125
2.00153
4.89973
0.00852808
1.75745
1.80312
5.32982
0.0195994
0.00318162
0.00800324
0.125004
0.186868
0.00324319
0.00323169
0.00596392
0.271988
0.0413461
0.00891728
1.8595
4.23024
0.00322778
5.06841
2.0088
0.572041
4.04853
2.40418
6.60064
0.00319189
2.18598
0.0081616
6.71596
1.68071
2.37592
1.20807
0.00694494
2.92295
2.53995
4.01009
7.70893
6.20217
0.148326
3.31014
0.00433959
0.00321941
0.00438009
1.30131
0.00348394
2.3873
0.0102505
0.423739
0.00322778
2.0357
5.73033
7.74039
5.76068
7.07567
0.00397107
1.70586
3.1188
0.885305
4.91712
0.00352602
7.15787
0.00432161
0.00397584
4.36024
0.00833243
3.78747
0.0056753
3.2584
0.00326206
0.00311808
1.98588
0.00429055
0.00318724
4.26353
4.41048
0.0206657
3.12353
1.74531
0.00528752
0.00370669
6.94896
0.518992
0.00321735
1.40879
0.00880727
3.06962
0.00565172
0.343644
4.88132
5.17979
0.00366802
6.44805
0.00684996
0.00320801
0.00685035
6.96903
6.7002
1.67874
0.00356604
7.06665
1.79702
0.00321198
0.00345039
2.41284
7.55727
6.48116
2.10937
0.00330415
0.00331604
3.32043
0.00428679
0.00343516
0.00321441
2.67832
0.00394171
0.171316
4.57973
3.29462
2.36359
4.55841
2.3923
0.00343855
0.259661
3.5607
0.00324383
0.453913
1.31479
3.62777
6.7672
0.00321147
5.51756
0.502226
0.00320976
0.00342654
3.31897
7.7696
2.45494
0.00322049
6.34606
0.0305879
5.42579
2.68231
0.0207244
3.51029
0.00324699
4.70855
6.28319
0.00326526
1.93515
6.59577
6.87575
0.114551
1.54489
7.6424
0.0104259
0.00396784
6.73956
0.00327538
2.5244
0.00505311
0.0174398
0.00452829
0.762394
1.45136
1.9159
0.0046907
4.28317
1.25157
1.43851
0.0032106
2.00525
0.881065
1.85062
0.288265
0.00324037
2.74362
2.18562
1.95674
1.51093
6.34737
2.84061
0.00450283
7.717
1.78091
7.17024
5.52929
1.81981
5.55597
0.94004
5.31784
4.60527
1.02712
2.9153
0.0135118
0.00323666
1.55926
0.232384
0.00333443
2.72075
1.84944
0.00323591
6.93155
1.39466
0.00332185
4.66016
0.00312151
0.0408469
2.25899
0.00366486
0.0032941
6.14364
2.84938
2.28786
1.25271
5.63464
4.63741
2.95231
1.92833
4.77308
1.29775
6.7977
0.0520628
6.79666
6.6418
7.36274
4.99735
0.0039407
2.072
4.20271
0.00429244
1.8383
0.427309
0.00321586
0.00416709
7.50102
5.59832
6.58247
3.90926
0.0597136
0.0168956
3.136
0.00565797
6.54908
6.03044
0.00331425
0.00441664
6.0279
0.00513628
0.00319654
5.56588
0.471593
0.00661641
0.00322052
0.0274535
0.004405
5.3577
0.00491219
0.356574
4.34763
0.012352
1.47957
0.00322584
5.42575
1.63905
0.249822
2.33198
0.0122876
0.0802958
0.00322428
2.45955
2.97787
0.0193217
6.4559
6.65389
7.73774
0.0031351
1.14863
0.00321203
2.16067
0.00324642
0.00321856
6.32024
2.91794
1.92526
0.0623321
7.11618
0.00563968
4.27026
0.00592581
5.08452
0.821485
1.65371
1.78303
1.95495
0.00319918
0.0058124
0.00323164
0.00686374
0.0109893
0.0211883
0.00318993
5.87878
4.88316
4.30599
0.00731034
0.0226714
0.743533
7.54947
0.553867
1.73243
0.00405377
2.43103
0.00320603
4.43811
0.00319906
0.00377348
1.37522
0.00322814
0.0371667
0.00333693
7.82618
0.0931729
2.02279
4.99027
6.97977
1.86032
0.00320355
0.0542257
0.369809
6.1663
1.21588
5.44074
2.40547
0.00323145
2.41144
0.69605
6.70626
0.00323296
1.69741
1.88419
2.09733
0.00686157
0.00314494
1.31597
0.00313922
0.0114522
7.48214
5.93604
0.0868597
2.67684
6.48438
2.34673
0.731048
0.854834
0.00323269
4.41069
2.45769
0.00322307
4.28135
7.41373
1.31336
0.527454
0.00650692
4.10874
7.41195
0.0203816
0.00891152
3.43955
3.77002
7.71003
0.298109
0.546382
2.04318
1.84382
1.33987
4.74989
5.26836
3.6589
0.0306697
2.99309
1.9331
2.12664
0.0136282
1.9035
0.00330986
2.77543
3.20243
0.0981079
5.34654
2.1178
0.00321218
0.00320809
0.00329054
0.003195
6.86197
1.05624
1.86161
3.68518
1.94251
2.96243
6.14633
0.114221
0.00470888
0.0249766
6.27384
1.94199
4.73608
0.049914
0.0224957
0.610935
6.5244
0.0363319
7.33876
0.00349863
4.10517
4.39779
1.80573
2.12026
0.00320741
0.00318612
0.0267729
0.335694
0.427574
3.31583
5.53048
1.57455
0.00317811
0.00323089
4.54671
0.00324754
0.399452
7.29684
0.00317128
3.94462
4.44503
7.02722
2.06832
0.410193
6.76408
1.0527
0.0158226
4.36292
0.705007
1.75215
1.81181
4.32707
0.00438947
6.31043
0.00324081
1.35646
0.00326322
6.54373
3.34431
0.00429084
0.121855
7.46877
0.00508971
0.00376493
1.96671
2.95235
0.00365248
2.963
2.15554
3.96555
0.0735735
0.495564
6.5049
5.69209
2.13025
0.00413929
0.98189
0.0871394
0.325447
0.214485
2.25326
6.42509
0.137747
0.00317219
0.00324315
4.64707
3.08588
2.00669
4.62086
6.95213
2.97293
0.015726
1.98043
1.93803
6.27615
3.39938
1.01526
3.39312
2.05082
3.51704
1.40014
0.00322168
0.00655242
0.00447177
6.50715
0.00321957
4.55456
2.7539
3.88671
4.70206
2.19855
0.00390117
4.45509
7.0845
0.00322776
1.81034
1.62794
0.00417564
1.33706
5.72049
0.00420969
0.00718788
1.31759
0.00782242
4.3715
1.83687
0.00321808
0.00374724
0.00323153
0.00595997
4.88079
1.95106
4.94183
0.00830885
6.81097
2.42842
2.0789
0.0032248
2.77747
3.56487
1.3633
2.14634
2.15425
0.00322293
1.19502
0.185994
2.51226
0.888203
0.168413
0.0031668
0.00470171
0.00766574
0.00329316
0.0845232
0.00315131
0.00321614
4.64281
0.845408
1.10219
3.13767
2.23809
6.98152
1.45575
2.22175
3.24129
0.00331726
0.00324986
1.28162
2.11398
3.23855
6.77538
0.00310103
0.00941121
0.0032273
0.00316764
0.0208732
0.00463869
7.9023
5.47564
2.05929
2.0199
0.156316
0.00323923
0.661769
1.86536
4.15021
0.446728
6.11882
0.00322886
1.72412
1.7435
2.03436
0.0382482
2.47519
0.0132978
0.00313927
3.74643
0.00324627
0.00652824
6.02844
0.00334461
2.58716
6.44457
0.00325466
0.198704
1.29688
3.02539
0.614225
5.07177
2.64717
0.970006
0.24708
0.00889459
3.26989
1.59506
7.73727
3.0369
7.53511
5.34593
6.41049
5.21466
0.00322275
0.0246985
7.59516
0.00416922
2.15517
5.06103
1.32618
0.00320981
0.0126828
3.2824
7.21736
2.0846
0.0040787
3.34389
0.348949
0.088407
0.00321616
0.0302474
6.96376
1.89537
0.00312881
0.225036
2.05456
0.0617486
2.10756
0.00363117
1.77893
0.0378225
0.00485921
0.00323283
3.52524
0.00459793
3.28721
5.47066
0.00515542
0.00319543
2.5357
2.10634
0.00703293
6.27938
0.308322
3.02078
0.00333763
0.630609
1.80226
0.00319428
0.0501772
0.770242
2.97382
0.0233423
4.71121
1.93348
1.74068
2.03345
0.0561276
2.39775
0.0046903
0.15606
5.57657
3.33152
0.0034057
0.69854
0.615786
4.24331
1.71535
6.11409
0.58466
0.00316627
0.70011
0.00996692
2.12497
1.15136
7.34147
0.00328563
1.92603
0.00452051
2.42419
2.87308
3.14539
0.00812668
0.00322226
7.86738
3.74027
0.00321605
1.90012
0.0580336
0.00695484
0.00323186
0.00326865
7.32789
1.1251
0.0742295
0.229373
0.175184
7.7537
0.00540325
0.00725803
0.00370389
0.00309158
0.392489
1.82246
0.153287
0.0484564
0.00320674
2.42578
1.23771
0.00339223
0.00319319
4.26104
7.88105
1.1739
7.21384
2.7371
0.00326758
0.003188
0.00320526
0.139607
5.70633
0.00314776
2.00283
1.88792
0.135447
5.83681
0.00316364
0.296543
0.0066332
3.08402
0.522894
2.3344
0.133567
2.48647
0.0137061
0.00317866
3.34378
0.0034341
4.6402
3.14613
0.00846084
3.25766
5.48229
2.39866
1.11931
0.00525511
5.58694
0.00349163
0.0032138
0.00410623
0.00316626
6.52377
7.8621
4.26797
2.26035
0.00561717
0.00314819
1.71982
4.27962
0.00432864
0.0132939
0.0552775
0.486828
0.437199
5.92824
3.51815
0.00333784
3.92468
7.86639
5.63526
4.07485
2.78479
0.00313166
0.00962005
0.71938
2.61733
7.27999
2.59523
7.71628
0.00340762
2.70868
3.86277
0.719838
0.753336
3.64405
0.00324777
7.10541
4.41079
6.62621
3.96586
1.73098
2.27603
2.83661
0.136926
0.00324046
3.05256
2.36068
1.17278
4.18946
0.0403983
1.11388
2.00893
6.76042
0.067626
0.366341
5.98077
0.00514947
0.00317648
0.00322608
3.84209
0.00521953
2.74247
2.77339
2.53998
0.926443
4.77152
0.00320089
0.132516
0.173658
0.0497876
0.613612
0.00387967
6.97197
4.34472
0.407959
0.00379244
3.45039
1.62236
4.43984
0.00318552
5.37619
2.8814
5.62224
0.00324066
0.00319974
6.93578
0.00322744
4.14869
0.65218
0.0032074
6.13823
1.85173
2.88079
7.13223
1.03022
4.61921
0.00322111
0.00390603
5.28214
2.4464
2.49086
2.94403
0.00336029
6.40203
0.00368002
0.00336101
3.40418
0.042002
0.202031
4.33962
7.85807
5.21127
1.64452
4.37465
2.34805
0.959412
0.00652315
0.11796
0.144509
0.694635
0.0447519
4.27484
6.70489
7.62648
3.60944
2.1804
0.00324127
3.45776
0.00335706
3.17724
3.40325
6.48396
2.09267
1.16397
0.0069886
0.10444
0.049425
1.21985
6.60649
7.02323
2.23183
0.00368898
3.00616
2.14348
0.00322052
3.91771
0.00323759
7.88694
0.164198
0.0487664
2.33333
0.0035302
6.06149
2.10993
0.00326218
0.00331221
0.494555
0.00498827
3.0357
0.00323205
0.0174452
5.38556
1.60562
2.45529
4.65466
0.0032849
4.97157
6.32676
3.22669
0.687802
0.00372538
2.09902
0.00319493
0.388774
1.96422
0.00379205
6.87909
6.38677
0.00768977
1.20784
1.64513
0.0178099
4.45555
1.85036
0.00328384
7.30495
0.0705373
0.021778
0.0585669
0.00859632
5.36395
7.79751
4.55165
0.00323753
0.142233
0.0578032
2.35902
1.78149
4.55845
4.9716
0.839165
4.13734
2.07855
5.0393
0.357779
0.00318733
2.10257
0.00321851
5.19072
0.00347321
7.69049
2.20954
0.0031008
5.55631
1.3547
0.00322226
6.14613
1.39127
5.40608
1.83447
0.697236
1.7688
0.00342904
0.581165
7.76253
0.00352562
2.0362
6.66665
0.0031141
0.00332809
2.3631
0.00392648
0.00603515
1.8725
3.6575
0.00317804
1.23283
5.26961
4.65367
6.32694
4.96328
4.65775
2.69968
0.00417774
5.58204
2.8096
0.0888176
5.25184
0.00435649
4.72385
0.00318851
1.10348
3.2143
0.358721
0.00679256
3.14135
0.0646208
3.47356
0.00324046
0.966209
3.01746
0.0696918
5.33397
7.32676
0.00318315
5.07865
0.00321476
1.16382
0.111496
7.87535
3.03853
1.1241
5.15381
3.16496
0.655655
7.62921
7.06263
0.00314749
2.02249
2.30289
0.00322692
1.45916
7.84948
5.05244
7.27894
0.00363969
0.0256478
4.99584
1.64859
5.15566
1.05504
0.0261138
0.0248929
2.04183
0.108884
0.00399323
1.3628
0.00333758
1.10928
0.00320102
3.25782
0.062933
0.0035647
0.00380482
1.14595
0.00566628
2.14749
1.73744
7.66578
2.35154
4.71146
1.02588
0.00674862
2.74148
0.783644
2.82707
5.3942
0.0162053
0.126431
7.74096
5.19104
4.00932
0.0168976
4.92967
0.00321693
7.72899
1.21436
4.68541
0.464073
0.0248121
1.25583
5.93868
5.51138
2.94758
0.00539018
0.00360284
0.196665
1.73326
3.81496
0.00400819
4.33973
0.0171461
5.43444
1.87176
0.0448368
6.74507
2.60728
2.38692
1.66391
1.52634
7.47827
0.751117
0.155682
0.00320703
0.779656
1.92322
2.05619
0.00327341
0.10535
3.08801
7.27023
0.00324518
3.29014
7.5204
7.58675
2.57044
2.41975
0.349256
4.77313
0.218832
2.3695
1.54949
1.35269
0.00405348
2.49039
7.76704
3.58685
5.68245
7.68195
0.0448072
0.171253
1.25132
1.74772
3.56167
0.351259
0.00321949
7.8571
0.067
0.0947971
4.86922
0.374201
0.016567
0.0117802
3.91061
1.94755
0.00530759
1.23201
0.0266903
0.00377548
5.3047
0.003355
5.06057
0.00566707
1.62488
0.463163
1.7668
0.00384721
7.75404
0.00922439
2.14078
4.69661
0.00323534
0.0119261
0.00511121
2.1941
0.00324051
7.43695
0.00323041
4.28489
0.00308716
2.40876
0.795826
0.437913
0.01494
5.20839
0.00320386
0.00313923
0.0189355
1.81169
5.3739
1.63759
0.0158167
0.00350169
2.00669
7.06558
0.00361793
0.0102106
0.00327063
0.00320771
0.0215226
2.27964
0.00320789
0.00349028
0.00853349
0.105707
3.87281
2.17126
0.38936
2.82801
0.208283
7.62172
0.744264
7.71473
2.07146
0.378503
0.00322101
3.67518
6.85854
3.3733
0.0068059
0.106283
0.00318568
0.00322009
2.05543
0.00341652
3.60432
0.0991679
1.9944
0.0140983
2.51777
0.0032399
1.95538
0.235787
3.25355
0.00321778
2.86576
6.70749
0.00409319
2.52071
1.7383
0.0364336
0.00355176
6.3142
2.05534
0.0065418
1.69693
1.68006
1.96305
2.20077
0.835237
0.00336903
0.0357412
4.02318
3.34138
1.85601
0.00320606
1.514
6.48298
0.00364852
0.0174067
2.81301
0.00335593
7.23085
0.0986866
0.0032843
3.72409
2.74309
0.00320632
2.0781
3.21902
4.18542
1.13591
3.78504
1.36636
0.00321549
3.06848
0.342861
5.59578
0.00320213
6.09025
1.45893
0.00344233
4.62135
4.69661
3.19445
0.00322534
0.255854
0.0064937
0.00315886
1.07788
4.44086
4.22646
6.61064
0.229536
0.00382678
0.020854
0.0237813
7.44945
3.05246
0.00367091
0.127731
0.391041
3.26144
3.22116
6.57116
0.00315859
0.00328663
0.00312739
1.44106
0.00321988
3.10772
0.783823
0.342921
0.252365
0.00726838
4.10451
0.0740124
5.20874
0.00458336
0.00321863
0.0102482
0.00603233
0.501383
0.00369901
0.00341323
3.37069
0.00327735
0.00321706
2.98955
1.92508
7.5612
0.00515392
0.00319002
0.0609073
2.42174
0.0529545
1.67184
0.959119
4.61492
3.495
0.809851
7.52688
0.059975
0.00325537
0.0885083
0.00360315
1.79242
0.778156
0.0118914
0.0673601
1.1373
0.67058
0.0526122
0.00328876
1.08957
2.08943
0.003215
0.533968
0.475933
2.11376
0.0805284
0.315073
0.00321471
0.00322076
0.00321591
0.376574
0.0359075
1.72196
0.572377
0.0453981
7.84898
3.09937
0.53681
0.00321516
0.00321703
0.00718707
2.58513
0.191736
4.25331
4.18935
0.00317607
0.674646
0.00350673
0.967881
0.00324577
1.94153
0.01441
0.00319189
0.00381419
7.03512
2.15131
0.00472125
2.04345
0.287357
3.93961
4.75695
5.33703
0.00694901
3.51007
0.879489
0.00492308
3.88465
0.0427808
7.32989
0.00313608
3.73376
6.4736
0.00919635
2.15955
1.58993
0.37919
6.34136
1.51746
1.57639
3.68523
1.94754
4.06503
0.234747
6.53818
4.74238
4.37097
0.531128
0.0032041
3.12625
0.577857
2.12056
0.0111815
0.207145
0.0110427
0.00324249
0.251545
0.00321752
1.43375
1.76005
6.93575
1.65238
1.18503
1.82502
1.4149
5.1656
3.12957
0.00315454
0.555589
0.954128
1.98961
0.874941
1.84481
1.63538
0.00322187
2.88
2.36458
5.02069
6.60176
0.00410695
7.78017
0.00323413
5.15039
5.3804
3.82139
0.00321772
4.85453
0.00321625
2.68151
3.20378
1.60402
4.69458
1.17138
4.01432
6.53359
0.00318684
0.00396456
1.67558
7.54354
0.0104331
0.0140693
0.00435005
0.00323452
0.00356205
2.92366
3.09918
0.631866
0.00324192
0.0858357
3.96046
0.673717
0.123751
5.56125
0.853068
2.9319
0.105806
0.077845
0.175916
5.14283
0.00318517
7.78438
0.00321617
2.86089
0.0061552
0.0865242
0.0031919
4.27242
0.00400806
0.00326083
0.00406756
0.00422278
0.00473353
0.0217989
0.0033472
0.956916
0.00859817
3.61675
0.144757
0.00359914
0.00328231
3.90405
0.00331947
3.0371
0.813032
0.00335005
7.44934
3.76894
0.00357017
0.619301
5.28601
0.0352185
0.917146
0.348683
0.222499
7.72062
2.22216
7.3142
1.83946
5.22143
2.85796
0.0155172
1.00888
7.02092
0.597537
0.590687
0.0048379
0.370483
0.525712
0.00547657
7.67739
3.71908
0.396712
0.0032182
0.00325704
0.633068
0.00368852
3.91897
0.0159597
0.0151224
0.975548
0.363082
1.86928
2.60214
5.13516
1.6125
2.13132
0.00491818
0.636697
3.06474
0.00324505
5.13231
0.291477
0.0032297
2.24724
4.34868
1.87591
1.97027
0.00322262
0.732997
0.982069
0.00334163
2.05113
0.00354306
2.24364
0.00344929
1.36818
2.34516
2.19404
0.326973
0.00319056
1.18714
0.0881941
3.38439
0.0376048
3.5903
1.50974
0.525258
0.689018
0.383738
1.97401
5.62021
7.48268
0.00986625
5.31219
2.23743
0.0285485
0.267032
7.5256
4.68217
0.00325226
1.10495
0.00326451
0.0171632
4.32009
7.87999
0.00362149
0.0093312
0.00325432
0.00504236
0.0035398
0.00320546
0.00373747
0.85793
2.94692
2.8374
2.52269
4.62449
4.62789
0.00321969
1.89949
0.612522
3.27053
2.08826
4.42097
0.00322901
0.293682
0.00321828
7.70645
0.452546
0.0488348
0.00327493
0.00372538
0.289368
0.724396
0.548688
0.78053
0.79614
0.00351459
2.68081
0.00323886
6.69881
2.92579
0.00347975
0.0227697
2.37309
0.00317788
0.00609123
7.27091
0.0275941
4.27322
0.00359608
7.72137
0.0031908
0.00534367
0.408576
1.88154
1.32342
2.7539
2.36848
0.00332222
0.345236
3.87091
3.54942
0.116893
0.00321659
0.147547
0.00321983
3.2518
5.25025
0.0878938
3.5728
1.7377
2.57939
7.05662
0.0131574
0.0680465
0.00319604
6.20317
0.00322291
0.00535763
0.0557216
1.78427
3.78774
0.177152
0.00331761
0.00333568
1.44717
0.00368265
0.00319733
0.00644624
6.70752
2.59622
4.49654
0.952566
0.0181223
2.00052
4.33445
0.00494064
5.92312
0.0146567
0.00317292
0.306528
1.3297
6.70494
1.83947
2.76406
0.0810044
0.0032261
0.00849679
1.68874
2.53486
2.74307
0.00406244
3.93655
1.43194
0.57116
0.00496877
0.00922591
0.0121509
0.00361251
0.00343182
0.282887
7.18957
3.25487
0.00320417
2.25588
0.0142212
0.00404401
3.49251
1.12261
0.00320193
0.0934682
7.22291
0.00505655
0.291213
0.00339415
0.00657168
0.571308
6.8605
0.801613
0.0132817
0.00422881
0.131382
0.00317352
0.00319778
0.00330557
0.780325
0.447928
0.00319691
0.00318386
0.156311
5.4956
0.0045956
2.15709
1.85583
1.94681
1.39935
0.0197128
2.41519
0.00371318
0.00340519
0.285467
0.0860555
0.00425972
7.71532
0.125763
0.0269937
1.82896
0.00353438
0.00338844
0.730598
3.57769
0.00321056
7.16462
4.91274
1.27929
0.00322396
6.03283
1.17298
2.73613
0.232556
2.47029
2.80931
5.75497
1.1531
5.83939
0.0296731
0.00322954
7.29095
5.39074
5.67552
0.240177
4.35679
2.79353
0.00353133
6.46118
2.60526
5.00579
3.873
2.60659
0.00494545
0.0067236
7.704
0.00318977
0.013624
2.87256
3.45058
0.00916021
4.68611
3.64311
1.49223
1.79832
1.81461
2.04795
0.030903
0.00334028
4.49529
0.00361233
2.27124
1.20234
1.92735
7.19027
0.00377308
0.00344705
0.00574346
7.20178
0.0031739
2.3892
0.0185778
0.00319668
5.03833
0.0031843
0.00329016
0.896787
2.75376
0.7046
2.60733
0.00323834
0.574793
0.316752
0.00901135
0.00606973
0.00321518
3.15936
0.387044
6.53931
0.00312503
0.0971548
4.67132
4.32082
0.00775703
0.00321164
0.00321508
4.55012
1.77979
0.0168534
0.161674
0.00573635
0.00319207
1.83315
5.18882
0.467826
0.469335
1.40586
0.118975
0.00792989
0.707894
1.59607
5.09706
6.595
2.24684
0.0040598
1.4647
1.18384
3.6493
0.0112771
4.35621
0.00322558
0.00325581
5.9025
0.769216
7.85417
0.00364297
7.77334
2.16558
0.0722638
0.00665168
1.9112
6.44436
4.01245
0.00316986
0.00318273
0.00346954
0.00353269
6.05266
0.0879239
0.00322915
0.0868299
5.73416
1.35561
1.516
6.4072
2.80004
3.04877
7.38171
0.00442951
0.0180024
0.00400511
3.88012
0.157461
1.88712
0.00388416
5.38025
0.0907821
0.00316009
0.00535691
0.004117
2.21154
0.0034288
0.00320917
7.77075
2.21195
2.56329
1.92209
0.00419405
3.84654
3.41266
0.00333633
3.49813
0.00335087
0.280215
5.36036
0.014849
5.71972
0.00317343
0.00324452
1.91673
5.06369
0.370345
2.0243
0.00986397
5.08579
2.44598
1.16712
0.00333508
0.00339347
2.3536
0.00361403
3.52042
0.15271
1.10457
0.253857
0.150723
2.19423
0.00358101
0.00345299
4.4825
0.00344419
0.952553
2.42979
0.00324123
0.00320738
0.00321724
2.60539
4.29643
0.00318833
0.0135456
0.11188
3.74086
2.1449
0.0032712
0.0036412
7.81036
3.10078
5.0742
1.01121
0.00377008
0.00376272
5.03264
0.191702
4.83891
3.87418
0.00367179
0.00436212
2.3027
0.250996
0.00432042
6.33503
0.0450424
1.70016
7.8596
7.4676
7.67113
1.88146
0.00322387
0.00324599
4.54829
3.67523
6.71447
0.280586
0.00319018
0.0040841
0.515791
0.00333031
1.33374
4.06701
0.00312124
2.75554
0.0032206
0.0032588
0.00323849
6.79947
4.81298
6.05083
0.00719091
0.00347336
1.69555
0.0183386
0.476898
1.95744
4.50578
3.81421
0.0159506
0.00336492
0.00329106
0.0031969
1.34589
6.95971
0.00910462
4.00681
0.880537
0.00323448
0.155157
0.0032161
1.10157
2.13131
6.71634
0.0723271
2.28709
0.003216
6.29044
0.00615262
0.899997
1.83977
0.00365391
6.07319
0.34608
1.93502
2.71407
0.463499
3.58168
1.93298
4.39131
0.00416426
0.419759
3.7847
0.00398874
1.05614
0.438791
5.18019
4.90223
0.00413978
2.17683
0.00400315
0.371312
0.00612165
0.00317074
4.21874
0.00321834
1.4375
6.78049
0.00321328
0.00482388
3.61152
0.0031575
0.00534607
0.00320928
0.057876
2.84841
6.32399
0.100971
0.00315692
0.0156747
1.19256
0.612464
0.194856
2.63518
4.23632
0.325491
5.024
0.0111922
6.02055
0.449831
0.00321984
7.86579
0.017311
1.75482
0.307741
1.21522
5.06452
0.188805
0.00879758
0.0546339
1.09621
7.25805
0.00333047
0.988563
1.19538
0.0475759
5.5761
2.66825
0.563696
1.23845
0.00333188
0.0452064
0.319338
0.00356939
1.31596
0.00319053
0.0866425
5.53433
2.86258
1.05662
4.88918
0.0442153
0.00321954
1.16389
0.00312853
1.79649
1.92657
6.03179
0.00321173
3.71347
5.11267
2.7636
1.89172
0.00333355
0.276512
0.447475
2.7148
0.532974
0.0406425
4.43228
0.999126
0.0032189
1.46543
2.02769
0.00375055
3.95444
0.111639
6.22335
1.29414
0.0448513
0.199856
0.0295042
3.5614
5.2412
0.239142
0.25857
5.00531
1.72347
0.30021
6.51078
0.00333391
6.03874
2.9105
0.0829716
0.00342134
3.94909
3.26894
0.330162
6.5646
0.0033391
7.58583
3.97305
0.003247
0.00321589
0.00608118
2.03305
2.26541
0.00316915
5.43923
5.39241
4.3967
5.10235
0.121512
0.00316117
0.00326847
0.00322066
0.192604
2.29374
0.00547092
0.00326711
0.0036132
3.90465
4.43641
0.00392405
0.0187915
0.0910723
1.97132
4.63449
1.4572
0.937386
1.2315
6.51515
3.8335
0.00803517
1.88167
0.00320429
0.00335451
5.9933
7.1639
0.00370822
1.37878
0.0032274
0.0061777
6.5787
0.00350725
1.77327
0.015923
3.99586
0.00357106
0.00321743
2.81592
0.00325246
0.509072
3.97437
2.05103
0.874328
3.99828
0.0380943
0.00327497
0.00731106
7.80306
5.03729
1.36817
0.00325048
0.0147968
0.116631
0.0193688
0.523351
0.00377208
1.67452
7.66796
0.00446296
4.75445
0.00325059
4.73571
0.00320355
0.00320664
6.04233
3.9823
6.19895
0.00970524
0.00345328
0.00323749
0.0153027
2.87687
7.63961
0.00360834
0.0157972
4.79334
3.59516
2.31472
0.209052
0.00312186
4.71357
7.1286
0.189
0.227302
0.477198
0.00347513
6.47181
7.50027
0.456573
7.71739
3.355
0.013074
0.00357021
2.91284
0.00322719
7.50478
0.00361101
5.05887
1.42805
0.507615
4.66804
3.70953
3.68524
4.47416
5.56272
0.00312373
1.76896
1.82206
0.0164893
0.00323354
0.45568
7.1858
4.4975
4.09436
6.29656
0.00322876
0.00324264
7.7384
0.394531
3.46636
0.140059
0.710617
0.0397164
0.00323335
0.00328467
0.282964
0.419554
4.26837
7.23476
1.85211
5.0908
2.41519
0.013718
0.0109619
0.233812
0.406656
4.12042
0.0109748
0.581387
)
;

boundaryField
{
    frontAndBack
    {
        type            empty;
    }
    cylinder
    {
        type            kqRWallFunction;
        value           nonuniform List<scalar> 
244
(
2.69291
2.70332
2.70336
2.70115
2.69568
2.68597
2.67207
2.65426
2.63238
2.60642
2.57644
2.54269
2.50561
2.46578
2.42386
2.38058
2.33668
2.29286
2.2497
2.20775
2.16742
2.12903
2.09281
2.05892
2.02745
1.99841
1.97182
1.94762
1.92576
1.90616
1.88874
1.87341
1.86007
1.84864
1.83904
1.83117
1.82496
1.82034
1.81724
1.8156
1.81536
1.8165
1.81896
1.82271
1.82774
1.83403
1.8416
1.85048
1.86067
1.87221
1.88515
1.89954
1.91541
1.93277
1.95165
1.97193
1.99336
2.01546
2.03781
2.05997
2.08158
2.10233
2.12209
2.14098
2.15898
2.17614
2.19259
2.20859
2.22449
2.24033
2.25527
2.26901
2.2822
2.29495
2.30748
2.32008
2.33339
2.34777
2.36353
2.38096
2.40046
2.42168
2.44419
2.46775
2.49195
2.51653
2.5415
2.56702
2.59278
2.61872
2.6449
2.67144
2.69821
2.72524
2.75267
2.78044
2.80853
2.83703
2.86604
2.89549
2.92531
2.9556
2.98647
3.01789
3.04981
3.08235
3.11533
3.14879
3.18285
3.21755
3.25277
3.28856
3.325
3.3622
3.39992
3.43851
3.47788
3.51834
3.55959
3.60198
3.64564
3.69066
3.73703
3.7844
3.83304
3.88295
3.93416
3.98679
4.04077
4.09624
4.15291
4.21077
4.27
4.33021
4.39136
4.45572
4.53578
4.60832
4.67999
4.75238
4.82555
4.89962
4.97463
5.05059
5.1274
5.20499
5.28317
5.3617
5.44046
5.51927
5.59793
5.6761
5.7537
5.83041
5.90582
5.97973
6.05179
6.12143
6.1882
6.25148
6.30716
6.34791
6.37566
6.39111
6.39421
6.38428
6.36028
6.32079
6.26392
6.18731
6.08825
5.96354
5.80936
5.62121
5.39402
5.12103
4.7837
4.23243
3.97691
3.8454
3.79272
3.76768
3.7162
3.62352
3.52002
3.40764
3.28783
3.16621
3.04607
2.93012
2.8219
2.72445
2.63973
2.56857
2.5109
2.46578
2.43172
2.40696
2.3897
2.37824
2.3713
2.36782
2.36694
2.36806
2.37076
2.37476
2.37989
2.38608
2.39322
2.40132
2.41028
2.42013
2.43082
2.44228
2.45445
2.46724
2.4805
2.49409
2.50783
2.52151
2.53491
2.54781
2.56002
2.5713
2.58144
2.59034
2.59794
2.60424
2.60938
2.61355
2.61699
2.62003
2.62307
2.62643
2.63038
2.63509
2.64075
2.64726
2.65451
2.66218
2.67016
2.67794
2.68494
2.69052
)
;
    }
    domain_boundary
    {
        type            freestream;
        freestreamValue uniform 0.00325;
        value           nonuniform List<scalar> 
64
(
0.00319228
0.0031555
0.00319501
0.00325
0.00325
0.0107276
0.00434824
0.00307304
0.00325
0.21768
0.00952654
0.00325
0.00325
0.00325
0.00309855
0.421698
0.00309491
0.00325
0.00325
0.00325
0.00325
0.00325
0.00325
0.00325
0.408843
0.0032087
0.00325
0.00332362
0.00350058
0.00325
0.00311586
0.00316595
0.00317384
0.00325
0.0260086
0.00325
0.0031739
0.00308156
0.00325
0.00325
0.00325
0.0031814
0.00322257
0.00325
0.00325
0.0031394
0.00318457
0.00306947
0.125004
0.00325
0.00325
0.00325
0.00325
0.00325
0.00325
0.00325
0.00374724
0.00325
0.0561276
0.00322226
0.00319319
0.00316626
0.00325
0.00325
)
;
    }
}


// ************************************************************************* //
