/*--------------------------------*- C++ -*----------------------------------*\
| =========                 |                                                 |
| \\      /  F ield         | OpenFOAM: The Open Source CFD Toolbox           |
|  \\    /   O peration     | Version:  2.3.1                                 |
|   \\  /    A nd           | Web:      www.OpenFOAM.org                      |
|    \\/     M anipulation  |                                                 |
\*---------------------------------------------------------------------------*/
FoamFile
{
    version     2.0;
    format      ascii;
    class       surfaceVectorField;
    location    "0.4";
    object      Uf;
}
// * * * * * * * * * * * * * * * * * * * * * * * * * * * * * * * * * * * * * //

dimensions      [0 1 -1 0 0 0 0];

internalField   nonuniform List<vector> 
1460
(
(-0.0986723 0.0679696 -1.25422e-19)
(-0.123075 0.0652153 0)
(-0.0813748 0.0478966 -4.08423e-20)
(-0.113627 0.038894 -1.27754e-19)
(-0.0598379 0.0354369 2.48753e-19)
(-0.0904878 0.0303879 9.05104e-20)
(-0.0402551 0.0316719 3.70936e-20)
(-0.0649201 0.0316987 1.62868e-19)
(-0.0255019 0.0351728 -1.96323e-19)
(-0.0431088 0.038647 -2.58807e-19)
(-0.0172017 0.0445738 6.60232e-20)
(-0.0259712 0.0503857 1.13853e-19)
(-0.015547 0.0572047 -6.17279e-21)
(-0.0159123 0.0653229 1.37828e-19)
(-0.0188063 0.0691483 -1.7294e-19)
(-0.0150504 0.0814329 -1.12051e-19)
(-0.0232357 0.0801979 1.33972e-21)
(-0.0179039 0.100226 -1.57217e-19)
(-0.0209288 0.0959087 1.90698e-22)
(-0.015243 0.124635 1.89966e-19)
(-0.00583725 0.119946 -3.58416e-20)
(-0.00425201 0.153295 5.50322e-20)
(0.0106354 0.183478 -7.92142e-20)
(0.0148381 0.14897 0)
(-0.137084 0.034454 0)
(-0.157144 0.0525827 8.38987e-20)
(-0.124398 0.0151494 0)
(-0.150157 0.0228482 0)
(-0.0991419 0.0191142 0)
(-0.126344 0.0307955 -5.03513e-20)
(-0.0723057 0.0333585 -1.31861e-19)
(-0.0974591 0.0504951 0)
(-0.048486 0.0514485 6.602e-20)
(-0.0705302 0.0730817 -1.34066e-19)
(-0.0303405 0.0707986 1.96993e-19)
(-0.0456401 0.0964252 3.3085e-19)
(-0.0200671 0.0903121 3.18809e-20)
(-0.0258339 0.119379 -1.89372e-19)
(-0.0152343 0.113503 -9.30704e-20)
(-0.0132323 0.144839 3.2414e-20)
(-0.00702379 0.145796 2.79078e-20)
(-0.00244156 0.175578 -1.0668e-19)
(0.00738641 0.185072 2.42811e-19)
(0.0119764 0.209995 1.41096e-19)
(0.0215441 0.221745 4.11663e-21)
(0.0265416 0.240494 4.5179e-20)
(0.0366876 0.262784 -1.39468e-19)
(0.0291935 0.248632 -2.90421e-20)
(-0.165639 0.0282934 8.53255e-20)
(-0.188522 0.0490335 8.66219e-20)
(-0.154709 0.0299663 -5.12077e-20)
(-0.179353 0.035442 0)
(-0.129094 0.0555657 -5.12077e-20)
(-0.158982 0.063964 2.25993e-21)
(-0.100254 0.0861698 0)
(-0.130633 0.0979239 0)
(-0.0738203 0.116872 1.32783e-19)
(-0.100318 0.132647 -4.78717e-20)
(-0.049955 0.145196 -6.8597e-20)
(-0.0720112 0.163922 1.348e-19)
(-0.0283289 0.174078 -1.92593e-19)
(-0.0446252 0.194449 -2.31649e-19)
(-0.00802813 0.206012 2.67251e-20)
(-0.0198173 0.224826 8.71926e-20)
(0.01155 0.238913 5.16288e-21)
(0.00282013 0.253014 2.71312e-20)
(0.0280648 0.265809 -6.58904e-20)
(0.0222324 0.274611 4.59536e-20)
(0.0384534 0.282818 -1.05313e-19)
(0.0357141 0.286839 -4.43054e-20)
(0.0431096 0.291892 -6.26074e-20)
(0.04298 0.291769 -1.61564e-21)
(-0.187942 0.0458295 0)
(-0.207481 0.0608995 7.87821e-21)
(-0.179078 0.0693995 4.97766e-20)
(-0.197372 0.0683697 4.55985e-20)
(-0.156735 0.107294 4.97766e-20)
(-0.181569 0.108556 5.04696e-20)
(-0.128977 0.146917 -4.86102e-20)
(-0.154655 0.149875 0)
(-0.097274 0.184089 -4.86102e-20)
(-0.124687 0.188317 5.90454e-20)
(-0.0655986 0.218915 -4.12692e-20)
(-0.0920207 0.223205 1.19477e-20)
(-0.0351577 0.250048 5.19616e-20)
(-0.0592064 0.253521 -5.66621e-20)
(-0.00766958 0.2751 8.85378e-20)
(-0.0286433 0.276645 8.97703e-20)
(0.01469 0.290966 6.70495e-20)
(-0.00260198 0.290206 0)
(0.0304886 0.296762 6.70495e-20)
(0.0171305 0.293762 1.63473e-20)
(0.0404516 0.296132 0)
(0.0307948 0.290657 0)
(0.0408827 0.286566 2.38252e-20)
(0.0469467 0.294743 0)
(-0.199819 0.0760363 5.42317e-20)
(-0.213307 0.0819656 1.00854e-19)
(-0.192931 0.111209 4.62422e-20)
(-0.203374 0.104341 1.62802e-20)
(-0.173846 0.154229 0)
(-0.189687 0.147284 -2.79296e-20)
(-0.146305 0.196182 9.94923e-20)
(-0.165766 0.188774 0)
(-0.113611 0.233883 1.11609e-19)
(-0.136438 0.225461 4.27031e-20)
(-0.079416 0.264826 -6.88007e-21)
(-0.102869 0.25617 4.09028e-20)
(-0.0466002 0.286195 -1.50275e-20)
(-0.0690577 0.277618 -2.1197e-20)
(-0.018128 0.296199 0)
(-0.0383132 0.28789 -3.04863e-20)
(0.00418319 0.295628 -4.65918e-20)
(-0.0130024 0.287537 0)
(0.0207398 0.288699 -4.65918e-20)
(0.00663011 0.280207 -1.62874e-20)
(0.0338494 0.28129 2.41615e-20)
(0.0226808 0.271524 -1.50584e-20)
(0.0377875 0.266212 3.9573e-20)
(0.0457766 0.277777 -1.30023e-20)
(-0.203244 0.104477 6.90276e-20)
(-0.214098 0.103824 6.70316e-20)
(-0.195451 0.143309 -4.61499e-20)
(-0.200501 0.132585 -3.59932e-20)
(-0.177787 0.184735 -2.82931e-20)
(-0.186835 0.172329 3.72222e-22)
(-0.151887 0.222071 -4.17201e-20)
(-0.164977 0.207792 0)
(-0.121081 0.252845 -3.19149e-20)
(-0.136826 0.237569 -3.12787e-20)
(-0.0883686 0.273667 2.04916e-20)
(-0.1053 0.258961 2.62132e-20)
(-0.0572755 0.282896 -2.54895e-20)
(-0.0740108 0.269687 -2.60122e-20)
(-0.0304211 0.281427 -3.0883e-20)
(-0.0460172 0.269947 -2.02965e-20)
(-0.00841735 0.273086 2.85723e-20)
(-0.0225389 0.262746 1.17238e-20)
(0.0102578 0.263289 1.33179e-20)
(-0.00247709 0.252988 2.12217e-22)
(0.0279434 0.256498 2.7526e-22)
(0.0166183 0.245257 -8.56848e-21)
(0.0365061 0.241941 2.61264e-20)
(0.0458806 0.254686 1.52976e-20)
(-0.20343 0.126561 -3.58303e-20)
(-0.217989 0.123398 -2.08946e-20)
(-0.191455 0.162979 1.20592e-20)
(-0.196222 0.150533 -2.27688e-20)
(-0.173174 0.196656 2.72249e-20)
(-0.1804 0.182742 3.33154e-20)
(-0.148776 0.224971 6.39962e-21)
(-0.158164 0.208899 0)
(-0.120255 0.245478 2.18526e-20)
(-0.131266 0.228814 9.10242e-21)
(-0.0906524 0.2563 -1.91732e-20)
(-0.102488 0.240724 9.6758e-21)
(-0.0628929 0.257404 -2.05563e-20)
(-0.0749121 0.243804 -2.91195e-20)
(-0.0384507 0.251363 2.29523e-20)
(-0.0503643 0.239661 8.92679e-21)
(-0.0168379 0.242505 -1.78241e-20)
(-0.0287074 0.231836 1.45075e-20)
(0.00382282 0.234926 -2.15529e-20)
(-0.00819886 0.224184 -2.9614e-20)
(0.0252797 0.230886 1.77255e-20)
(0.01324 0.219239 6.96633e-21)
(0.0365756 0.217737 5.65274e-21)
(0.0478231 0.230854 -5.50279e-21)
(-0.20739 0.143525 -9.25174e-21)
(-0.227886 0.143379 -8.60148e-21)
(-0.188807 0.172235 -3.39903e-21)
(-0.200814 0.161583 1.88666e-20)
(-0.167484 0.19497 5.85271e-21)
(-0.178654 0.182804 -3.73805e-21)
(-0.14214 0.212169 5.70691e-21)
(-0.153083 0.197715 -1.55172e-20)
(-0.114789 0.223259 1.52193e-21)
(-0.125113 0.208101 2.08199e-20)
(-0.0881683 0.227385 2.75491e-22)
(-0.0976995 0.213155 1.06433e-20)
(-0.0638696 0.225279 1.81792e-21)
(-0.0730795 0.212636 -2.34807e-20)
(-0.041921 0.219524 -2.69115e-22)
(-0.0514785 0.208277 -2.10496e-22)
(-0.021018 0.213241 3.19177e-21)
(-0.0315462 0.202722 1.31775e-20)
(0.000648673 0.208647 -3.21478e-22)
(-0.0111882 0.198097 -2.61763e-22)
(0.0242861 0.206546 -5.36339e-21)
(0.0113513 0.195313 4.668e-22)
(0.036592 0.194318 -5.0722e-21)
(0.0497021 0.206844 2.74895e-21)
(-0.219959 0.159667 1.982e-20)
(-0.23675 0.165984 3.15875e-20)
(-0.197306 0.176315 2.30086e-20)
(-0.218304 0.170032 6.45962e-21)
(-0.167311 0.185884 -2.11843e-20)
(-0.191015 0.176771 -5.55757e-21)
(-0.137378 0.19221 9.09988e-22)
(-0.157006 0.181462 -7.22967e-20)
(-0.109154 0.196097 3.02409e-20)
(-0.123052 0.183955 -8.17813e-21)
(-0.083951 0.196778 -1.42354e-20)
(-0.0936647 0.184435 3.8108e-20)
(-0.0620047 0.194536 -2.54206e-20)
(-0.0698355 0.182683 -2.82167e-20)
(-0.0421827 0.190913 1.24999e-20)
(-0.0500072 0.179735 -1.74487e-20)
(-0.0225067 0.18748 1.07246e-20)
(-0.0316964 0.176917 -1.8622e-20)
(-0.00103968 0.185043 7.91695e-22)
(-0.0123252 0.174841 1.76848e-20)
(0.023262 0.183609 1.9443e-21)
(0.00991825 0.173334 -4.01343e-21)
(0.0354832 0.171887 -1.83114e-21)
(0.0500209 0.182855 2.4937e-21)
(-0.236704 0.176752 1.42364e-20)
(-0.229393 0.182931 1.71959e-21)
(-0.218269 0.176874 -2.65287e-20)
(-0.225193 0.160526 -2.67746e-20)
(-0.182684 0.173347 -5.70217e-20)
(-0.204022 0.156098 -8.77778e-20)
(-0.142702 0.171735 -8.07946e-20)
(-0.168941 0.158884 1.19355e-20)
(-0.10722 0.170842 2.05725e-21)
(-0.129659 0.160731 -5.78943e-20)
(-0.0795595 0.169314 2.31591e-20)
(-0.0947923 0.159934 2.12078e-20)
(-0.0581907 0.167172 -1.98094e-20)
(-0.0679466 0.157326 -2.46943e-20)
(-0.0400653 0.165403 -4.95533e-20)
(-0.047215 0.154856 -1.07281e-21)
(-0.0221009 0.164274 -1.27155e-20)
(-0.0295767 0.153518 -1.42843e-20)
(-0.00192872 0.163401 1.36149e-20)
(-0.0117334 0.153152 1.17624e-20)
(0.0216221 0.16208 -6.69421e-21)
(0.00881998 0.152661 1.27712e-21)
(0.0330515 0.15079 -1.8506e-21)
(0.0482015 0.15972 -1.23526e-21)
(-0.217715 0.175059 -6.23948e-20)
(-0.20879 0.155206 -8.15458e-20)
(-0.212465 0.14938 -8.8599e-20)
(-0.199411 0.115615 -2.57782e-20)
(-0.187498 0.144401 -6.56808e-21)
(-0.184872 0.112302 -1.79078e-20)
(-0.153829 0.146906 4.58148e-20)
(-0.159927 0.12293 1.3935e-19)
(-0.117487 0.148094 -3.8686e-20)
(-0.129874 0.131949 -4.73788e-20)
(-0.0841962 0.146783 -2.70293e-20)
(-0.0987929 0.136505 -2.91063e-20)
(-0.0574485 0.14431 -6.52226e-21)
(-0.0710218 0.13685 1.71206e-21)
(-0.0370178 0.142713 3.3849e-20)
(-0.0472676 0.135296 1.85647e-20)
(-0.0195552 0.142409 9.12408e-21)
(-0.027648 0.133725 1.55816e-20)
(-0.00145953 0.142617 -5.56131e-22)
(-0.00989196 0.133199 -6.37736e-21)
(0.0196983 0.141743 6.24062e-21)
(0.0087089 0.132896 6.29541e-21)
(0.0301741 0.130951 3.32027e-21)
(0.0443595 0.138362 -4.99659e-22)
(-0.201592 0.098108 -4.47745e-20)
(-0.185341 0.051604 -5.35338e-20)
(-0.175363 0.0797255 5.04993e-20)
(-0.162796 0.0497239 -6.34821e-21)
(-0.154729 0.0908911 1.36871e-19)
(-0.145182 0.0646252 7.83862e-20)
(-0.132341 0.107416 5.52681e-20)
(-0.127003 0.0821309 -9.82852e-21)
(-0.108862 0.120337 -3.10043e-20)
(-0.10624 0.0955426 1.14254e-19)
(-0.0845863 0.126735 1.14467e-21)
(-0.0846499 0.103422 -2.73655e-20)
(-0.0605221 0.127758 2.70941e-20)
(-0.0643214 0.10745 -2.12533e-20)
(-0.0381992 0.126092 0)
(-0.0450666 0.110452 2.34445e-20)
(-0.0184124 0.124453 0)
(-0.0268018 0.112952 7.6639e-20)
(-0.000121099 0.123611 0)
(-0.00914638 0.114686 -1.20242e-21)
(0.0187961 0.122385 3.34968e-21)
(0.00854492 0.115115 0)
(0.0400379 0.118687 -2.04064e-21)
(0.0275121 0.113169 3.37762e-21)
(0.0305597 0.175902 -8.63991e-21)
(0.0209039 0.209931 4.95829e-20)
(0.0389025 0.196183 9.84322e-21)
(0.0251186 0.229617 9.48748e-22)
(0.0412636 0.207681 -1.35789e-22)
(0.0254302 0.242278 1.88268e-20)
(0.0396294 0.209949 -3.74383e-20)
(0.0243262 0.2476 -1.92859e-20)
(0.0363496 0.202546 1.0522e-19)
(0.0216491 0.245324 -1.4285e-20)
(0.0328429 0.18464 5.61324e-20)
(0.0163115 0.235785 1.06425e-19)
(0.0304384 0.159105 -1.55031e-20)
(0.0137867 0.218126 -1.32484e-19)
(0.0317849 0.129994 4.91522e-20)
(0.0162992 0.193275 2.69169e-19)
(0.0405965 0.103524 -5.47251e-20)
(0.0282258 0.161864 -1.59808e-19)
(0.058775 0.0867208 1.12248e-19)
(0.0505985 0.126526 -5.57428e-20)
(0.0811107 0.0852921 -7.75729e-20)
(0.0777039 0.0951062 3.75599e-19)
(0.0952583 0.0858031 -3.27975e-19)
(0.0289957 0.265849 5.73596e-20)
(0.0402356 0.277226 1.10698e-19)
(0.0241544 0.276439 6.83727e-21)
(0.0387381 0.286958 -1.81477e-20)
(0.0184755 0.28259 0)
(0.0346748 0.294613 5.17613e-21)
(0.0137706 0.284083 1.48644e-21)
(0.0288387 0.300683 0)
(0.00927219 0.280387 -1.43331e-20)
(0.0217085 0.304456 4.65761e-22)
(0.00521504 0.270722 -8.37082e-20)
(0.0126654 0.3044 7.43924e-21)
(0.0048259 0.251545 1.54567e-19)
(0.00418301 0.297805 -6.9024e-20)
(0.0132135 0.220935 6.9162e-20)
(0.00208619 0.280693 2.26987e-19)
(0.0345399 0.179678 -1.62836e-19)
(0.0134473 0.248499 -1.02893e-19)
(0.0677783 0.135438 2.09416e-19)
(0.0430673 0.198515 -7.39789e-20)
(0.0990963 0.10576 7.72563e-20)
(0.0839485 0.136837 2.12918e-19)
(0.110381 0.0948204 2.49152e-19)
(0.043978 0.297688 3.51119e-20)
(0.0465709 0.294857 6.12561e-20)
(0.0430784 0.304526 -2.03259e-20)
(0.048055 0.29989 -2.5914e-20)
(0.0397287 0.313261 5.26416e-21)
(0.0474659 0.308383 1.44687e-20)
(0.0324119 0.322769 7.99033e-22)
(0.0432247 0.319715 1.53175e-21)
(0.0214175 0.330574 2.47224e-20)
(0.0344762 0.332283 -2.77024e-20)
(0.00926959 0.333756 2.39233e-20)
(0.0214912 0.344031 1.35279e-21)
(0.000270532 0.32801 0)
(0.00686121 0.351867 2.37653e-21)
(0.00114714 0.306664 6.37316e-20)
(-0.00434431 0.350097 -4.50138e-20)
(0.0195836 0.263377 -1.15054e-20)
(-0.00329697 0.329658 8.26317e-21)
(0.0579138 0.199703 -7.5237e-20)
(0.0203795 0.280183 -1.21513e-20)
(0.100565 0.138616 3.63126e-19)
(0.068505 0.199652 1.43018e-19)
(0.112911 0.119529 1.26202e-19)
(0.0515966 0.296728 0)
(0.0496972 0.28602 -3.66707e-20)
(0.0540999 0.303433 9.26533e-21)
(0.0573456 0.29065 9.24029e-21)
(0.053046 0.314528 1.08867e-20)
(0.0620347 0.300202 5.08005e-21)
(0.0472548 0.329241 -2.78743e-20)
(0.0615722 0.314006 1.78389e-20)
(0.0362217 0.346111 -5.17796e-20)
(0.0544183 0.33134 -1.10578e-20)
(0.0205837 0.36262 -1.9868e-20)
(0.0402583 0.351082 -2.25913e-20)
(0.00359961 0.374105 -4.32982e-20)
(0.0208359 0.370936 8.80871e-20)
(-0.0076151 0.372137 -9.96673e-20)
(0.000235825 0.386159 -8.76113e-20)
(-0.00217751 0.343819 7.99392e-21)
(-0.0134975 0.386666 -1.45612e-19)
(0.030234 0.278018 2.07177e-19)
(-0.00650164 0.355991 2.01202e-19)
(0.0842384 0.187213 -1.06641e-19)
(0.0364543 0.277773 1.47246e-19)
(0.105252 0.163573 -2.50474e-19)
(0.0569619 0.27973 -2.78472e-20)
(0.0528773 0.266261 -3.76662e-20)
(0.065992 0.287 4.95898e-21)
(0.0666664 0.271651 9.49112e-21)
(0.0706159 0.29912 1.21388e-20)
(0.0766764 0.281873 -5.12897e-21)
(0.0685896 0.315686 3.60308e-20)
(0.080251 0.296435 1.68534e-20)
(0.058466 0.336137 1.93911e-20)
(0.0752685 0.314783 2.95776e-21)
(0.0406387 0.359382 8.70281e-20)
(0.0610385 0.336555 3.95471e-20)
(0.017584 0.382961 4.5541e-20)
(0.0390524 0.361228 4.44855e-20)
(-0.00529009 0.40075 -1.34034e-19)
(0.012296 0.386669 4.21937e-20)
(-0.0169496 0.398681 5.06821e-20)
(-0.0137565 0.406082 -1.33181e-19)
(-0.00019972 0.353521 1.4034e-19)
(-0.0267449 0.403634 1.64205e-20)
(0.0567657 0.251864 0)
(-0.00165589 0.352589 1.44251e-21)
(0.0830958 0.228651 0)
(0.0633046 0.257976 0)
(0.0569837 0.243391 -1.54051e-20)
(0.0778985 0.265973 -7.06677e-22)
(0.0760115 0.249266 -2.21665e-21)
(0.0867067 0.278284 -7.06677e-22)
(0.0904289 0.259337 2.13742e-21)
(0.0871051 0.294532 -1.68995e-20)
(0.0968742 0.273397 5.99587e-21)
(0.077807 0.314436 2.31622e-20)
(0.0929087 0.291025 -1.68043e-20)
(0.0592178 0.337836 -4.16701e-21)
(0.0780079 0.311887 2.83022e-21)
(0.0332278 0.364319 4.05762e-20)
(0.053952 0.336106 -4.47562e-20)
(0.00337946 0.392085 4.57095e-20)
(0.0238551 0.363369 -3.14789e-21)
(-0.0225632 0.413142 -1.66654e-19)
(-0.00865983 0.391063 -1.64486e-19)
(-0.0266385 0.402905 -1.18893e-19)
(-0.0364977 0.410912 -4.96972e-20)
(0.0200701 0.319497 1.46128e-21)
(-0.0354744 0.399997 2.30972e-19)
(0.0457876 0.300036 -1.79402e-19)
(0.069959 0.234598 -1.78345e-20)
(0.061003 0.219494 -8.64714e-21)
(0.0887479 0.241976 5.86894e-22)
(0.0840444 0.224363 -3.83812e-21)
(0.100566 0.253088 8.95605e-21)
(0.101935 0.232569 4.92843e-21)
(0.102276 0.268104 6.70021e-21)
(0.110572 0.244534 6.70814e-22)
(0.0924366 0.28701 -3.83722e-20)
(0.106967 0.260459 1.49517e-20)
(0.0719037 0.309263 -3.90042e-20)
(0.0903012 0.280142 -7.66171e-20)
(0.0434852 0.334306 -8.9668e-20)
(0.063004 0.303367 0)
(0.010643 0.362276 -2.17013e-19)
(0.0296828 0.329862 -1.36044e-19)
(-0.0225979 0.392464 -3.98054e-20)
(-0.00548857 0.358233 -1.30659e-19)
(-0.0446266 0.412247 3.12612e-19)
(-0.0394577 0.386301 1.53369e-19)
(-0.0177388 0.369145 8.10031e-20)
(-0.0572785 0.40919 1.75359e-19)
(0.00186114 0.355886 -1.85856e-19)
(0.0750505 0.209334 5.5855e-21)
(0.0634345 0.194835 9.33322e-21)
(0.0969702 0.214166 3.74761e-22)
(0.0891159 0.196959 -1.60398e-21)
(0.111207 0.222018 -3.77147e-21)
(0.109455 0.201363 -2.0998e-21)
(0.113888 0.233956 9.46089e-21)
(0.119803 0.209203 5.7126e-21)
(0.103025 0.250933 -2.23338e-20)
(0.116614 0.221607 1.54227e-20)
(0.0796247 0.272959 -3.75973e-20)
(0.0985555 0.238952 -5.63738e-21)
(0.0476075 0.298459 -4.42915e-20)
(0.0677614 0.261462 4.50345e-20)
(0.0121951 0.326365 -4.27933e-20)
(0.0307274 0.288728 8.71256e-20)
(-0.0229487 0.356508 7.57382e-20)
(-0.00689119 0.319186 -7.74009e-20)
(-0.0536168 0.389002 2.17427e-21)
(-0.0415714 0.348492 5.51914e-21)
(-0.0468867 0.38878 -6.93332e-20)
(-0.0647064 0.388436 4.83909e-20)
(-0.0347668 0.382472 -1.80973e-19)
(0.0772109 0.182647 2.20665e-21)
(0.063199 0.170165 3.63765e-21)
(0.101169 0.183404 -4.21602e-21)
(0.0901677 0.16839 7.06009e-22)
(0.117153 0.186274 6.9882e-21)
(0.111895 0.16756 -4.69229e-21)
(0.120742 0.192981 1.16977e-20)
(0.123231 0.169487 1.32078e-20)
(0.109541 0.205415 3.49012e-20)
(0.120227 0.176329 1.07247e-20)
(0.0843901 0.225174 8.04103e-20)
(0.101652 0.189369 6.23519e-20)
(0.0495326 0.252106 1.80775e-19)
(0.0694014 0.209576 1.41206e-20)
(0.0112076 0.28354 5.17426e-20)
(0.029646 0.23743 1.75876e-19)
(-0.0245513 0.316571 -1.52228e-19)
(-0.0100612 0.272304 -1.39811e-19)
(-0.0545861 0.351555 4.79692e-20)
(-0.0441454 0.306559 -6.71137e-20)
(-0.0611407 0.380013 -5.40247e-20)
(-0.0616336 0.353924 7.96257e-20)
(-0.0526602 0.377981 -1.88706e-19)
(0.0757625 0.156171 2.13632e-21)
(0.0600288 0.146829 6.30403e-22)
(0.100522 0.152014 2.99747e-22)
(0.0868611 0.14095 2.59686e-22)
(0.117451 0.148818 7.29942e-22)
(0.108904 0.134364 -1.48695e-22)
(0.121719 0.149056 1.35802e-20)
(0.120684 0.129416 -5.41958e-21)
(0.110651 0.155472 3.82078e-20)
(0.117814 0.129197 -3.13137e-23)
(0.085052 0.170376 -4.77397e-21)
(0.0990071 0.136317 2.96653e-21)
(0.0492363 0.195162 6.00565e-21)
(0.0666618 0.152485 -2.41331e-20)
(0.00993718 0.228542 -3.26463e-20)
(0.0265315 0.178703 3.88499e-20)
(-0.0250696 0.267745 -3.95794e-20)
(-0.0126922 0.215255 -6.47958e-20)
(-0.0488252 0.309054 -2.98956e-20)
(-0.0435574 0.25616 -6.45051e-20)
(-0.0561748 0.350618 -3.25819e-20)
(-0.0535724 0.311538 2.92523e-20)
(-0.0488174 0.345747 -8.49052e-21)
(0.0707318 0.13191 -9.63892e-22)
(0.0546228 0.125721 -6.39285e-21)
(0.0949974 0.122977 -1.79124e-22)
(0.0797064 0.116728 -3.47844e-22)
(0.111976 0.113463 -6.36397e-21)
(0.100874 0.10506 2.53151e-22)
(0.11657 0.106491 -1.87403e-20)
(0.112487 0.0934243 -6.70745e-21)
(0.105845 0.105746 -3.5283e-20)
(0.109826 0.0856989 -2.22101e-20)
(0.0805089 0.114453 -1.77842e-20)
(0.091401 0.0857979 7.84472e-21)
(0.0449378 0.134708 6.63977e-21)
(0.0598554 0.096396 5.86439e-20)
(0.00649414 0.166342 0)
(0.0209486 0.118813 -4.48279e-20)
(-0.0252325 0.207345 -7.34773e-20)
(-0.0158988 0.153123 -3.59719e-20)
(-0.0411819 0.255622 -1.9294e-20)
(-0.0405133 0.195254 -1.35944e-20)
(-0.0317337 0.305244 5.10188e-21)
(-0.0421773 0.252152 5.4659e-20)
(-0.0275593 0.284364 3.91637e-21)
(0.0632643 0.110832 -5.74402e-21)
(0.0484819 0.107384 -6.32536e-21)
(0.0854293 0.0986342 1.73421e-22)
(0.0702677 0.0967532 1.98591e-22)
(0.101463 0.0838873 -3.27152e-23)
(0.089173 0.0817545 -3.2988e-23)
(0.106042 0.0701904 -1.13554e-20)
(0.099846 0.0649224 0)
(0.0959084 0.0621186 2.14155e-20)
(0.0974223 0.0505497 1.11122e-20)
(0.071536 0.0638828 8.20443e-20)
(0.080073 0.0435228 -1.08201e-20)
(0.0372326 0.0781255 4.0485e-21)
(0.0501848 0.0475921 8.00715e-20)
(0.000618562 0.105225 -8.15156e-20)
(0.0135104 0.0645766 -1.35362e-21)
(-0.027894 0.142632 2.01681e-20)
(-0.0206444 0.0942123 -6.25675e-20)
(-0.0367595 0.187204 5.28175e-20)
(-0.0403525 0.132111 1.00439e-19)
(-0.00557799 0.238194 2.23448e-20)
(-0.0328495 0.174051 -1.37427e-20)
(0.0138277 0.182341 1.7583e-20)
(0.0679439 0.0986723 -3.27417e-20)
(0.0651903 0.123088 1.82944e-19)
(0.0478587 0.0813659 -2.15937e-19)
(0.0388594 0.113629 -1.55844e-19)
(0.0353881 0.0598213 -1.09519e-19)
(0.0303481 0.0904833 9.6979e-21)
(0.0316107 0.0402318 2.16769e-19)
(0.0316502 0.0649118 -9.34897e-20)
(0.0351013 0.0254708 1.26423e-19)
(0.0385885 0.0430947 3.28555e-19)
(0.0444965 0.017158 -3.01476e-19)
(0.0503164 0.0259508 -2.64794e-19)
(0.0571362 0.0154936 1.78645e-19)
(0.0652547 0.0158673 -1.72462e-19)
(0.0691016 0.0187482 3.08015e-19)
(0.0813725 0.0149849 1.36488e-19)
(0.0801688 0.0231801 -1.78462e-19)
(0.100164 0.0178424 1.2494e-19)
(0.0958766 0.0208969 -1.44097e-19)
(0.124562 0.0152068 -1.46776e-19)
(0.119899 0.00584382 1.92471e-20)
(0.153217 0.00423802 0)
(0.183402 -0.0106395 4.64484e-20)
(0.148917 -0.0148163 7.56545e-20)
(0.0344161 0.1371 5.4122e-20)
(0.0525482 0.15717 1.74267e-19)
(0.0151106 0.124409 6.30149e-20)
(0.0228168 0.150174 5.56871e-20)
(0.0190724 0.0991496 1.3551e-20)
(0.0307689 0.126364 -3.61998e-20)
(0.0333079 0.0723103 1.01382e-20)
(0.0504639 0.0974846 -1.03614e-19)
(0.051389 0.0484852 -6.78716e-20)
(0.0730403 0.0705502 -7.12636e-20)
(0.0707344 0.0303225 -1.3264e-19)
(0.0963741 0.0456567 -2.52935e-21)
(0.0902479 0.0200195 -2.21291e-19)
(0.119319 0.0258204 0)
(0.113425 0.0151765 -5.71817e-20)
(0.144762 0.0131881 -1.25878e-19)
(0.145687 0.00699022 1.62904e-19)
(0.175475 0.00239931 1.65628e-19)
(0.184944 -0.00739992 0)
(0.209878 -0.012005 0)
(0.221627 -0.0215645 2.7352e-20)
(0.240392 -0.026575 0)
(0.262711 -0.0367333 5.97012e-21)
(0.248545 -0.0292338 -6.31985e-20)
(0.0282723 0.165662 1.86571e-19)
(0.0490093 0.188545 2.03662e-19)
(0.0299595 0.154734 -3.60748e-20)
(0.0354307 0.179369 9.97415e-20)
(0.0555572 0.129125 -1.62387e-19)
(0.0639552 0.159012 -2.23155e-20)
(0.0861463 0.100291 -1.92492e-19)
(0.0979 0.130678 -1.22138e-19)
(0.116835 0.0738528 7.60754e-21)
(0.132604 0.100361 3.52946e-20)
(0.145147 0.0499696 1.3458e-19)
(0.163859 0.0720524 1.81661e-19)
(0.174007 0.0283233 1.15242e-19)
(0.194366 0.0446464 0)
(0.20591 0.00801119 1.15242e-19)
(0.224725 0.0198162 6.81605e-20)
(0.238797 -0.0115732 0)
(0.25291 -0.00283774 -7.17793e-20)
(0.265714 -0.0281033 0)
(0.27453 -0.0222704 7.03863e-20)
(0.282758 -0.0385111 -1.89221e-20)
(0.286795 -0.0357756 0)
(0.291877 -0.0431852 1.23243e-20)
(0.291738 -0.0430465 3.18758e-20)
(0.0458257 0.187959 1.53987e-19)
(0.0608869 0.207493 7.38715e-20)
(0.069401 0.1791 1.21918e-19)
(0.068362 0.197378 -4.23591e-20)
(0.107278 0.156769 2.0715e-20)
(0.10853 0.18159 3.80457e-21)
(0.146871 0.129021 1.08471e-19)
(0.149816 0.154696 -1.7777e-19)
(0.184015 0.0973193 2.14031e-19)
(0.188231 0.124733 2.27273e-19)
(0.21882 0.0656337 4.57312e-20)
(0.223093 0.092066 -1.70736e-20)
(0.249942 0.035175 -4.62066e-20)
(0.253404 0.0592362 1.48129e-20)
(0.275002 0.00766217 -1.19093e-19)
(0.276544 0.028647 -4.68499e-20)
(0.290902 -0.0147272 9.21831e-22)
(0.290142 0.00257342 -7.39014e-20)
(0.296738 -0.0305529 7.14722e-20)
(0.293741 -0.0171908 9.0888e-20)
(0.296136 -0.040531 3.20203e-20)
(0.290667 -0.0308754 1.86241e-20)
(0.286592 -0.0409704 4.23088e-20)
(0.294763 -0.0470296 3.27791e-20)
(0.0760251 0.199828 -6.49898e-20)
(0.0819527 0.213316 5.26108e-20)
(0.111178 0.192945 -1.25332e-19)
(0.104315 0.203377 -6.12118e-20)
(0.154156 0.17387 -1.68101e-19)
(0.147215 0.189704 -3.57107e-20)
(0.196077 0.146348 -5.33114e-20)
(0.188669 0.165788 -1.12164e-19)
(0.233751 0.113654 5.33892e-21)
(0.225323 0.136477 -1.06063e-20)
(0.264692 0.0794493 -3.31053e-20)
(0.256026 0.102904 -1.17859e-19)
(0.286087 0.0466093 1.5022e-20)
(0.277499 0.0690724 1.04539e-19)
(0.296137 0.0181029 0)
(0.287819 0.0382953 -5.88068e-20)
(0.295615 -0.00424196 1.86809e-20)
(0.287518 0.0129495 1.17167e-21)
(0.288717 -0.0208214 3.7568e-20)
(0.280222 -0.00670845 2.55901e-20)
(0.281323 -0.0339409 2.88688e-20)
(0.271556 -0.022771 9.71479e-21)
(0.266249 -0.037882 -3.63667e-22)
(0.277818 -0.0458713 2.92974e-21)
(0.104448 0.203254 8.3486e-20)
(0.103806 0.214119 2.52194e-20)
(0.143254 0.195465 2.00441e-20)
(0.13254 0.200509 4.72863e-21)
(0.184622 0.177803 1.33745e-20)
(0.172221 0.186875 2.26971e-20)
(0.221921 0.151916 -5.25754e-20)
(0.207658 0.165004 0)
(0.252689 0.121111 -1.02083e-19)
(0.237413 0.136858 -6.70214e-20)
(0.273538 0.088383 2.69921e-20)
(0.258823 0.10532 -3.2084e-20)
(0.282818 0.0572606 1.43911e-20)
(0.269597 0.0740034 7.7412e-20)
(0.281403 0.0303724 -5.69723e-20)
(0.269914 0.0459746 -6.02825e-20)
(0.2731 0.00834236 1.11242e-20)
(0.262756 0.0224671 1.20108e-21)
(0.263321 -0.010347 2.0493e-21)
(0.253018 0.00238944 2.65001e-21)
(0.256534 -0.0280386 -1.72717e-20)
(0.245292 -0.0167119 -1.17308e-20)
(0.241977 -0.0366057 -9.94558e-21)
(0.254728 -0.045982 -9.82838e-21)
(0.126515 0.203451 -2.85962e-20)
(0.123374 0.218021 -1.96471e-20)
(0.162897 0.191478 9.27373e-21)
(0.150481 0.196258 -3.56665e-22)
(0.19654 0.173213 9.27373e-21)
(0.182633 0.180456 -3.5069e-21)
(0.224823 0.148812 -1.39859e-20)
(0.208755 0.158217 0)
(0.245337 0.120279 6.03515e-21)
(0.228668 0.131306 -1.77602e-20)
(0.256202 0.0906498 1.82315e-20)
(0.240615 0.1025 3.51736e-20)
(0.257363 0.0628567 0)
(0.243751 0.0748861 9.11147e-21)
(0.251366 0.0383852 0)
(0.239657 0.050303 -1.36038e-20)
(0.242532 0.0167553 -7.03973e-21)
(0.231859 0.0286237 7.72635e-21)
(0.23496 -0.00391234 -1.05306e-20)
(0.224215 0.00810724 -6.95641e-21)
(0.23092 -0.0253749 -4.02372e-21)
(0.219269 -0.0133342 -4.0685e-21)
(0.217766 -0.0366777 0)
(0.230892 -0.047929 0)
(0.143479 0.207431 1.79166e-20)
(0.143349 0.227903 7.91422e-21)
(0.172155 0.188869 -2.92622e-20)
(0.161548 0.200881 2.62622e-20)
(0.194848 0.167553 -1.64725e-20)
(0.182701 0.17875 3.31112e-21)
(0.212033 0.142194 -3.65942e-21)
(0.197572 0.153163 0)
(0.223146 0.114814 1.05411e-20)
(0.207967 0.125161 1.20905e-20)
(0.227321 0.0881549 2.26447e-20)
(0.213067 0.0977025 -1.49466e-20)
(0.225262 0.0638189 -4.42473e-21)
(0.212603 0.0730384 -2.07937e-20)
(0.219539 0.0418441 -6.44065e-21)
(0.208283 0.051404 6.70073e-21)
(0.213269 0.0209293 7.06247e-21)
(0.202745 0.0314552 -9.61645e-21)
(0.208675 -0.000740781 1.63477e-22)
(0.198121 0.0110945 1.65182e-22)
(0.206572 -0.0243836 0)
(0.195333 -0.0114447 0)
(0.194334 -0.0366943 9.59692e-22)
(0.20687 -0.0498138 0)
(0.159643 0.219983 2.67817e-20)
(0.165947 0.23675 3.56154e-20)
(0.17626 0.197394 2.31534e-20)
(0.170005 0.218344 2.19509e-20)
(0.185773 0.167414 1.59367e-20)
(0.176657 0.191135 -6.70583e-21)
(0.19208 0.137444 1.59545e-20)
(0.181314 0.157125 2.25687e-20)
(0.195991 0.109172 -1.14848e-20)
(0.183823 0.123109 -7.3595e-21)
(0.196722 0.0839244 -5.19661e-20)
(0.184349 0.0936501 1.89008e-20)
(0.194523 0.0619408 -8.7051e-21)
(0.182646 0.0697726 -1.19028e-20)
(0.190926 0.0420954 2.53068e-21)
(0.179732 0.0499162 -2.01761e-22)
(0.187501 0.022412 -1.59427e-20)
(0.176929 0.0315968 3.14946e-22)
(0.185061 0.000945729 0)
(0.174854 0.0122294 1.31922e-20)
(0.183622 -0.0233591 9.69807e-22)
(0.173341 -0.0100097 9.73618e-21)
(0.171884 -0.0355815 -3.11262e-21)
(0.182863 -0.0501337 9.69807e-22)
(0.176711 0.236712 2.1175e-20)
(0.182912 0.229442 -7.14539e-22)
(0.176792 0.218321 -3.23291e-20)
(0.160441 0.225161 4.03074e-20)
(0.173201 0.182806 -3.26459e-21)
(0.155894 0.204048 -4.89512e-20)
(0.171595 0.14281 -9.10884e-22)
(0.158676 0.169012 2.30037e-20)
(0.170729 0.107241 2.37114e-20)
(0.160567 0.129725 -1.12874e-19)
(0.169249 0.0795065 5.77718e-20)
(0.159845 0.0947762 9.75549e-20)
(0.167146 0.0580974 -4.85954e-21)
(0.157282 0.0678666 -1.01552e-20)
(0.165398 0.039961 -2.09132e-21)
(0.15484 0.0471025 -1.88412e-20)
(0.164279 0.0220009 2.98998e-20)
(0.153513 0.0294614 1.96286e-20)
(0.163404 0.00183635 2.31556e-20)
(0.153148 0.0116311 6.59605e-22)
(0.162074 -0.0217138 6.00862e-21)
(0.152649 -0.00890866 -7.21679e-21)
(0.150764 -0.0331404 -5.17979e-21)
(0.1597 -0.0483081 -3.82407e-21)
(0.174969 0.217714 -2.70275e-20)
(0.155158 0.208874 -6.76994e-20)
(0.149142 0.21241 4.03515e-20)
(0.115385 0.19939 7.10809e-20)
(0.144117 0.187475 -2.59534e-20)
(0.11204 0.184852 -5.45126e-20)
(0.146692 0.153841 -8.97828e-20)
(0.122694 0.159892 2.85752e-20)
(0.147971 0.117503 -3.46352e-20)
(0.131783 0.129861 -7.29663e-20)
(0.146712 0.0841615 2.81266e-20)
(0.136422 0.0987666 2.55374e-20)
(0.144272 0.0573538 -2.48441e-20)
(0.136821 0.070952 -7.74584e-20)
(0.142694 0.0368941 3.36081e-21)
(0.135292 0.0471584 2.05314e-20)
(0.142395 0.0194372 -8.9946e-21)
(0.133723 0.0275276 -5.44332e-20)
(0.142599 0.00136156 -2.8948e-20)
(0.133187 0.00978443 -1.24639e-20)
(0.141714 -0.0197832 -1.76541e-20)
(0.132868 -0.00879551 -5.2025e-21)
(0.130901 -0.0302504 -5.00829e-21)
(0.138313 -0.0444525 -1.69851e-21)
(0.0978882 0.201631 -1.41956e-20)
(0.0514074 0.185363 -2.46686e-20)
(0.0794481 0.175364 -7.92306e-21)
(0.0494522 0.162807 9.38592e-22)
(0.0906451 0.154717 3.15981e-21)
(0.0644356 0.14522 -2.88206e-20)
(0.107218 0.132308 5.56729e-20)
(0.0819769 0.127017 5.54367e-20)
(0.120222 0.108818 1.27117e-21)
(0.0954593 0.106232 -5.22525e-20)
(0.126693 0.0845262 -8.09215e-20)
(0.103412 0.084622 3.63641e-21)
(0.127759 0.0604417 -3.21471e-20)
(0.107482 0.0642621 6.66126e-20)
(0.126101 0.038098 -3.67938e-20)
(0.110488 0.0449785 2.0886e-20)
(0.124451 0.0183056 -5.76198e-20)
(0.112969 0.0267006 -4.06221e-20)
(0.123589 2.68288e-05 1.117e-20)
(0.114678 0.00905275 -7.17436e-21)
(0.122338 -0.0188725 7.84597e-21)
(0.11508 -0.0086183 1.83638e-20)
(0.118611 -0.0401114 -6.15831e-22)
(0.113103 -0.0275692 6.38313e-21)
(0.175855 -0.0305497 1.98674e-20)
(0.209868 -0.0209183 -3.63919e-20)
(0.196151 -0.0389107 -3.753e-20)
(0.229573 -0.0251449 -7.31855e-21)
(0.207668 -0.0412876 -9.51267e-21)
(0.242253 -0.0254634 -5.97328e-22)
(0.209954 -0.0396623 -8.92625e-21)
(0.247593 -0.0243601 1.98902e-22)
(0.202574 -0.0363844 -1.03085e-19)
(0.245332 -0.0216941 0)
(0.184684 -0.0328758 8.55664e-21)
(0.23581 -0.0163465 -5.68166e-20)
(0.159159 -0.0304683 -1.42983e-19)
(0.218164 -0.0138149 7.52423e-20)
(0.13005 -0.0318089 -7.63285e-21)
(0.193325 -0.0163157 -2.22667e-19)
(0.10357 -0.0406128 2.02848e-19)
(0.16192 -0.0282269 1.37802e-19)
(0.0867489 -0.0587837 1.6779e-19)
(0.12658 -0.0505886 1.86165e-19)
(0.0853022 -0.0811124 -2.17477e-20)
(0.0951451 -0.0776883 2.20616e-20)
(0.0858159 -0.0952478 -1.30768e-19)
(0.265791 -0.0290525 -5.88608e-20)
(0.277179 -0.0402936 -4.06655e-20)
(0.276404 -0.0242146 3.08863e-20)
(0.286931 -0.0388007 2.78774e-21)
(0.282572 -0.0185292 7.43098e-21)
(0.294602 -0.0347354 -1.08366e-20)
(0.284081 -0.0138167 7.43098e-21)
(0.300684 -0.0288983 -4.57108e-21)
(0.280391 -0.00931501 4.49428e-20)
(0.304464 -0.0217637 2.27976e-20)
(0.27074 -0.00525408 8.78966e-21)
(0.304414 -0.0127189 -2.64667e-20)
(0.251578 -0.00485314 -2.61137e-21)
(0.297829 -0.00422557 -1.23291e-20)
(0.220983 -0.0132226 -9.16623e-20)
(0.280728 -0.0021103 1.8164e-19)
(0.179734 -0.0345291 1.22249e-19)
(0.248548 -0.0134463 -1.84453e-19)
(0.13549 -0.0677543 4.15891e-20)
(0.198574 -0.0430432 2.52399e-19)
(0.105787 -0.0990713 -1.08852e-19)
(0.136899 -0.0839065 -2.99076e-19)
(0.0948456 -0.110363 1.68357e-20)
(0.297676 -0.0440428 2.08953e-20)
(0.294861 -0.0466493 5.2405e-20)
(0.304525 -0.0431388 -4.1506e-20)
(0.299905 -0.0481306 -4.2556e-20)
(0.313268 -0.039789 -2.34193e-20)
(0.308407 -0.0475384 -2.0321e-20)
(0.322782 -0.0324753 1.10101e-20)
(0.319747 -0.0432951 -3.36106e-21)
(0.330593 -0.0214795 -5.31434e-20)
(0.332318 -0.0345446 4.35318e-20)
(0.333778 -0.00932295 -5.2394e-20)
(0.344065 -0.0215506 -1.19347e-20)
(0.328039 -0.000308963 1.72832e-19)
(0.351899 -0.00690951 7.14745e-20)
(0.306704 -0.00116172 9.57033e-20)
(0.350131 0.00431543 1.06692e-19)
(0.263432 -0.0195682 -5.82705e-20)
(0.329702 0.00329713 -5.91558e-20)
(0.199762 -0.0578735 -8.86135e-20)
(0.280246 -0.0203456 -5.70247e-20)
(0.138659 -0.100527 -1.79742e-19)
(0.199727 -0.0684517 -1.69184e-20)
(0.119577 -0.112884 -9.25129e-20)
(0.296759 -0.0516786 -1.15028e-20)
(0.286055 -0.0497857 -7.17308e-21)
(0.303474 -0.0541804 -2.12826e-20)
(0.290697 -0.0574339 -1.81765e-20)
(0.314579 -0.0531225 -3.93954e-23)
(0.30026 -0.0621202 -9.40266e-21)
(0.329297 -0.047324 2.96028e-20)
(0.314075 -0.0616502 2.69275e-20)
(0.346164 -0.0362824 8.68678e-20)
(0.331411 -0.0544857 -1.58573e-20)
(0.362667 -0.0206344 1.14789e-19)
(0.351147 -0.0403135 4.7033e-20)
(0.374146 -0.00363527 2.74483e-21)
(0.370988 -0.020877 4.90964e-20)
(0.37218 0.00760218 -4.56881e-20)
(0.386201 -0.000258942 -4.63242e-20)
(0.343875 0.00219563 -5.79044e-20)
(0.386706 0.0135 -4.67988e-20)
(0.27809 -0.0301853 1.56437e-20)
(0.356047 0.00653791 8.53664e-20)
(0.187275 -0.0841863 7.35481e-20)
(0.277854 -0.0363892 7.4572e-20)
(0.163647 -0.105209 -2.74801e-19)
(0.279781 -0.0570581 -1.3137e-20)
(0.266306 -0.0529765 -7.14258e-21)
(0.287063 -0.0660869 -6.08498e-21)
(0.271708 -0.0667695 -1.91943e-22)
(0.299196 -0.0707037 1.77448e-20)
(0.281947 -0.076777 0)
(0.315771 -0.0686645 -1.92638e-20)
(0.296523 -0.080339 1.79728e-20)
(0.33622 -0.0585246 -5.81035e-20)
(0.314879 -0.0753353 -3.77109e-20)
(0.359454 -0.0406797 -2.10745e-20)
(0.336647 -0.0610817 1.84664e-20)
(0.383017 -0.0176068 -2.03556e-22)
(0.361303 -0.0390749 2.36423e-21)
(0.400794 0.00528813 -4.74595e-20)
(0.386722 -0.0122998 -1.27466e-19)
(0.398728 0.0169742 9.85374e-20)
(0.406118 0.0137717 -4.96269e-20)
(0.353589 0.000255627 1.43458e-19)
(0.403671 0.0267857 2.26302e-19)
(0.25194 -0.0566972 -2.78681e-19)
(0.352657 0.0017282 -1.76326e-19)
(0.228741 -0.0830335 -5.64819e-20)
(0.258029 -0.0634128 5.89696e-21)
(0.243434 -0.0570938 0)
(0.26604 -0.0780091 5.89696e-21)
(0.249322 -0.0761311 5.96728e-21)
(0.278368 -0.0868098 0)
(0.259412 -0.0905492 0)
(0.294631 -0.0871881 0)
(0.273492 -0.0969777 0)
(0.31454 -0.0778614 4.01208e-20)
(0.291138 -0.0929792 0)
(0.337931 -0.0592435 4.20955e-20)
(0.312002 -0.078039 2.83309e-21)
(0.364393 -0.0332298 -1.26274e-19)
(0.336206 -0.0539499 8.99524e-20)
(0.392134 -0.00336216 -1.317e-19)
(0.363441 -0.0238295 -1.72196e-19)
(0.413175 0.0225986 7.98359e-20)
(0.391105 0.00869884 -4.49748e-20)
(0.40295 0.0266995 -9.65649e-20)
(0.410931 0.0365484 8.73447e-20)
(0.31957 -0.0199895 1.53792e-20)
(0.400036 0.035547 -1.04406e-19)
(0.300126 -0.0457101 1.30319e-19)
(0.234644 -0.0700791 0)
(0.219527 -0.0611211 0)
(0.242038 -0.088877 0)
(0.224409 -0.0841806 0)
(0.253172 -0.100688 0)
(0.232634 -0.102077 -4.28931e-22)
(0.268211 -0.10237 0)
(0.244627 -0.110698 0)
(0.287133 -0.092487 -3.90589e-20)
(0.260578 -0.107048 0)
(0.309383 -0.0719108 4.99567e-20)
(0.28027 -0.090323 -7.674e-20)
(0.334404 -0.04346 4.78662e-20)
(0.303488 -0.0629765 9.19411e-20)
(0.362342 -0.0105982 -8.35553e-20)
(0.329958 -0.0296245 -4.25011e-20)
(0.392496 0.0226512 -3.33124e-20)
(0.358293 0.00555823 4.02882e-20)
(0.412268 0.0446898 7.87457e-20)
(0.38632 0.0395259 -1.47984e-19)
(0.369194 0.017819 -1.84321e-20)
(0.409202 0.0573484 1.50905e-19)
(0.355961 -0.00178435 -9.80662e-20)
(0.209366 -0.0751829 0)
(0.19485 -0.0635581 0)
(0.214213 -0.097118 -4.33757e-22)
(0.196981 -0.0892663 1.26324e-21)
(0.222088 -0.111351 -4.33757e-22)
(0.201402 -0.10962 -7.52201e-23)
(0.234057 -0.113998 0)
(0.209273 -0.119954 0)
(0.251063 -0.103077 -3.76656e-20)
(0.221711 -0.116713 0)
(0.273092 -0.0796113 -3.74889e-20)
(0.239076 -0.0985667 -5.62344e-21)
(0.298582 -0.0475492 1.76718e-22)
(0.261591 -0.067714 -8.68016e-20)
(0.326456 -0.0121162 8.3198e-20)
(0.288838 -0.0306362 4.06898e-20)
(0.356558 0.0230277 -6.66463e-20)
(0.319268 0.00699264 6.22374e-21)
(0.389017 0.0536853 -6.95583e-20)
(0.348526 0.0416611 -8.18643e-20)
(0.388805 0.0469577 7.22802e-20)
(0.388437 0.064774 1.60908e-20)
(0.382527 0.0348301 -6.44918e-20)
(0.182652 -0.0773505 1.27656e-21)
(0.170152 -0.0633211 0)
(0.183415 -0.101333 1.66378e-21)
(0.168374 -0.0903244 9.26166e-22)
(0.186304 -0.11732 3.87224e-22)
(0.167552 -0.112077 -3.11968e-22)
(0.193044 -0.120872 0)
(0.169506 -0.123405 0)
(0.205515 -0.109598 3.49768e-20)
(0.176388 -0.120343 1.93328e-20)
(0.225311 -0.0843641 -5.45596e-20)
(0.189457 -0.101674 6.24931e-20)
(0.252232 -0.0494426 -4.7255e-20)
(0.209687 -0.0693231 -5.8505e-20)
(0.283646 -0.011095 -3.25935e-20)
(0.237539 -0.0295283 1.4886e-19)
(0.31664 0.024659 -6.13906e-21)
(0.272395 0.0101899 -2.08352e-19)
(0.351581 0.0546665 1.70117e-20)
(0.306609 0.0442541 1.8935e-19)
(0.380024 0.0612043 -1.22715e-19)
(0.353931 0.0617041 3.8149e-20)
(0.378018 0.0527028 -1.09295e-19)
(0.156138 -0.0759004 -4.49126e-22)
(0.146783 -0.0601402 0)
(0.151975 -0.100695 -1.14485e-21)
(0.140886 -0.0870135 1.69438e-23)
(0.14879 -0.117637 -7.09961e-22)
(0.134297 -0.109095 -7.16541e-22)
(0.149058 -0.121871 1.95245e-20)
(0.129371 -0.120877 4.61259e-21)
(0.155515 -0.110722 4.69669e-20)
(0.129193 -0.117946 2.03075e-21)
(0.170456 -0.0850253 5.96689e-20)
(0.136354 -0.099033 2.43608e-20)
(0.195269 -0.0491372 1.40392e-19)
(0.152559 -0.0665808 -2.3521e-22)
(0.228644 -0.00980376 -2.95296e-20)
(0.178798 -0.0263948 -4.8674e-20)
(0.267821 0.0251978 1.23133e-21)
(0.215347 0.0128409 -6.76431e-20)
(0.309092 0.0489184 2.0981e-19)
(0.25622 0.0436795 5.975e-20)
(0.350626 0.0562343 5.07022e-20)
(0.311559 0.0536434 7.74168e-20)
(0.345772 0.0488387 -4.43221e-20)
(0.131836 -0.0708578 4.74632e-22)
(0.125642 -0.0547147 3.23454e-21)
(0.122883 -0.0951691 4.74632e-22)
(0.116618 -0.079843 1.13024e-22)
(0.11337 -0.112176 4.65574e-21)
(0.104934 -0.101065 0)
(0.106427 -0.116743 -1.29764e-20)
(0.0933139 -0.112696 2.53219e-22)
(0.105728 -0.105934 -2.0524e-20)
(0.085633 -0.109978 -1.77869e-20)
(0.114487 -0.0804901 -3.41829e-20)
(0.0857865 -0.0914416 -2.36382e-20)
(0.134786 -0.0448335 -1.86421e-19)
(0.0964355 -0.0597824 -3.15657e-20)
(0.166434 -0.00634898 -9.61399e-20)
(0.11889 -0.0208066 -5.41827e-20)
(0.207425 0.0253711 1.20041e-20)
(0.153212 0.0160556 5.64375e-20)
(0.255672 0.0412801 -4.84114e-20)
(0.195325 0.0406371 -1.35239e-20)
(0.305259 0.031785 -2.16129e-22)
(0.252195 0.0422428 -6.6926e-20)
(0.284395 0.027561 2.21478e-20)
(0.110721 -0.0633653 2.81833e-21)
(0.107279 -0.048547 3.29041e-21)
(0.0984903 -0.0855841 -4.44863e-22)
(0.0966054 -0.0703789 -4.48574e-22)
(0.0837361 -0.101664 -4.32256e-21)
(0.0815786 -0.0893578 0)
(0.0700686 -0.106232 -4.32256e-21)
(0.064758 -0.100073 -4.35861e-21)
(0.0620499 -0.0960166 -1.96438e-20)
(0.0504335 -0.0975997 8.21036e-21)
(0.0638769 -0.0715309 -1.96438e-20)
(0.0434697 -0.0801361 -1.98076e-20)
(0.0781775 -0.0371333 1.00945e-19)
(0.0476018 -0.0501293 -3.04361e-20)
(0.105309 -0.000473095 9.57639e-20)
(0.0646383 -0.0133764 1.34921e-19)
(0.14272 0.0280309 3.47385e-20)
(0.0943023 0.0207941 -1.05448e-19)
(0.187272 0.0368499 1.3707e-21)
(0.1322 0.0404644 2.63362e-20)
(0.23823 0.00561454 -1.16908e-20)
(0.174124 0.0328984 -2.94931e-20)
(0.182403 -0.0138381 3.48939e-20)
(-0.142764 0.0130645 -3.021e-20)
(-0.124336 0.00664305 6.39794e-20)
(-0.135069 0.0332768 2.00424e-20)
(-0.120005 0.0189118 -8.31303e-20)
(-0.121042 0.0519244 -5.36452e-20)
(-0.112866 0.0352006 -2.21868e-20)
(-0.103106 0.0661077 5.38342e-20)
(-0.101643 0.051424 -1.01306e-19)
(-0.0833946 0.075863 1.07479e-19)
(-0.0859662 0.0634443 5.49165e-20)
(-0.0644897 0.0830851 -4.8982e-20)
(-0.067459 0.0711838 2.40138e-20)
(-0.0479647 0.089966 -2.53403e-20)
(-0.0489909 0.076954 -1.3178e-21)
(-0.0329524 0.097303 1.01347e-19)
(-0.0319686 0.0831832 -6.34385e-20)
(-0.0174183 0.103174 7.60639e-20)
(-0.0176914 0.0893324 5.8497e-20)
(-0.000838797 0.106259 -1.21254e-21)
(-0.00443306 0.0947198 3.08312e-20)
(0.0167625 0.106059 0)
(0.00940838 0.0979156 0)
(0.0248856 0.0975273 -3.98813e-21)
(0.035503 0.102121 -5.81234e-22)
(-0.101571 0.00295882 -3.46256e-20)
(-0.0910011 -0.0104987 5.77713e-20)
(-0.100312 0.0197306 -1.14178e-19)
(-0.0905875 0.00266952 -8.06973e-20)
(-0.0948721 0.0345683 -7.18111e-20)
(-0.0870558 0.0160482 -2.2534e-20)
(-0.0849238 0.0473508 -9.60456e-20)
(-0.0805031 0.0304863 -8.35005e-21)
(-0.0707029 0.0571316 -2.37384e-20)
(-0.0712123 0.0430317 -7.13666e-20)
(-0.0527328 0.0639549 6.98345e-20)
(-0.0584161 0.0520843 2.49963e-20)
(-0.03396 0.0692871 -3.71422e-20)
(-0.0420908 0.0582785 -1.56078e-20)
(-0.0176503 0.0743046 -9.96441e-20)
(-0.0241498 0.0629819 -4.573e-20)
(-0.00515921 0.0804648 1.60261e-20)
(-0.00804331 0.0676091 -1.71739e-20)
(0.00556341 0.0862845 3.28247e-20)
(0.00446334 0.0727752 3.31762e-20)
(0.017243 0.0894371 -4.02006e-21)
(0.0147952 0.0774416 0)
(0.0252856 0.0797027 -4.05054e-21)
(0.0311436 0.0879079 2.63546e-21)
(-0.0766633 -0.0114488 7.52046e-21)
(-0.0665278 -0.0205 2.83761e-20)
(-0.0758382 0.000719745 1.9144e-20)
(-0.0677868 -0.0107542 7.6535e-21)
(-0.0715905 0.013214 4.34367e-20)
(-0.0640738 -0.00145799 0)
(-0.0657444 0.0263978 2.17257e-20)
(-0.0584014 0.011313 2.53329e-20)
(-0.0579504 0.0377806 -2.02579e-20)
(-0.0539604 0.0251135 3.35107e-20)
(-0.0469157 0.0462728 -6.23062e-20)
(-0.0474153 0.0365755 -1.56544e-20)
(-0.0317986 0.0520919 -2.31211e-20)
(-0.0362894 0.0446466 -3.64418e-21)
(-0.0141627 0.0561117 3.79059e-20)
(-0.0208554 0.0497008 2.14384e-20)
(0.00184439 0.0598648 -1.45896e-21)
(-0.00400207 0.0529527 -5.25049e-20)
(0.0138712 0.063825 -4.33391e-22)
(0.0102366 0.0552946 -3.00535e-20)
(0.0228716 0.0676365 0)
(0.0210356 0.0573369 5.14927e-21)
(0.0292751 0.0589561 -5.12346e-21)
(0.0312695 0.0692799 0)
(-0.0579277 -0.0216494 2.13629e-20)
(-0.0570636 -0.0143214 -1.17142e-20)
(-0.0516329 -0.00489282 -1.85533e-20)
(-0.0475298 0.00929397 3.62503e-20)
(-0.043541 0.0233095 3.88571e-20)
(-0.0367648 0.0342947 4.20757e-20)
(-0.025827 0.0416415 3.99988e-20)
(-0.0116526 0.045832 -6.64492e-20)
(0.00329946 0.048098 -7.543e-20)
(0.0168586 0.048518 -2.22501e-20)
(0.027343 0.0484929 7.77102e-24)
(0.0349735 0.0483478 -1.76817e-21)
(0.0551479 0.0935362 -5.81234e-22)
(0.0421245 0.0923489 6.48651e-21)
(0.0738445 0.079778 0)
(0.0600546 0.0815194 -7.27225e-22)
(0.0876135 0.0619618 0)
(0.0757737 0.0652033 0)
(0.0915365 0.0434266 2.20701e-20)
(0.0847209 0.0454668 1.5589e-21)
(0.0821594 0.0291185 -1.77056e-20)
(0.0823316 0.0264622 2.22454e-20)
(0.0595191 0.0240629 -1.13278e-20)
(0.0665573 0.0134944 -4.23038e-20)
(0.0276059 0.0317273 7.23296e-20)
(0.0393125 0.0111991 1.28967e-20)
(-0.00623887 0.0529886 1.54942e-20)
(0.00596282 0.0221627 2.8854e-20)
(-0.0320974 0.0847884 2.77124e-20)
(-0.0251181 0.0462235 -2.64008e-20)
(-0.0400327 0.120484 2.94968e-20)
(-0.0432393 0.078525 9.01534e-20)
(-0.018943 0.147609 3.93033e-21)
(-0.0402233 0.110293 -2.35198e-20)
(-0.0145383 0.125923 -5.02933e-21)
(0.000365836 0.148073 -2.63566e-20)
(0.0467135 0.0804911 6.17241e-21)
(0.0372918 0.0774759 6.95781e-21)
(0.0618433 0.0668887 -7.33047e-22)
(0.0504375 0.0691532 2.01487e-22)
(0.0729855 0.0481251 1.57138e-21)
(0.0623492 0.0543625 -8.15964e-23)
(0.0758725 0.0271514 1.57138e-21)
(0.0690844 0.0346788 -1.69332e-21)
(0.067353 0.00872841 0)
(0.0665437 0.0138378 -5.97422e-21)
(0.0471902 -0.00170909 -1.5788e-20)
(0.0527479 -0.00281384 5.97469e-21)
(0.0186711 -0.000182693 -2.80301e-20)
(0.0289608 -0.00999925 -2.06055e-22)
(-0.0116916 0.0151704 -1.32694e-20)
(0.000225204 -0.00438489 -1.337e-20)
(-0.0352573 0.0412156 4.13238e-20)
(-0.0269289 0.0144367 -1.42174e-20)
(-0.043331 0.0710761 3.39458e-20)
(-0.0433183 0.0412443 3.47603e-20)
(-0.0326097 0.0953509 -2.01817e-21)
(-0.0428682 0.068178 -7.79234e-21)
(-0.0279028 0.0855753 -1.14858e-20)
(-0.0145109 0.102616 -1.72161e-20)
(0.0406178 0.0661634 7.82781e-22)
(0.0366792 0.0587198 3.36811e-21)
(0.0503544 0.0565363 6.9515e-22)
(0.0442983 0.0543948 6.44149e-22)
(0.057797 0.040539 -3.56389e-21)
(0.0513343 0.0442744 6.08329e-23)
(0.0592097 0.0205568 -9.50153e-21)
(0.0549888 0.0284826 -9.08107e-22)
(0.0516305 0.0010487 -9.4676e-22)
(0.051843 0.00961111 -4.90392e-21)
(0.0346046 -0.0125799 2.18419e-20)
(0.0400222 -0.00746669 3.23717e-22)
(0.0111286 -0.0154118 1.58216e-20)
(0.0205399 -0.0174053 2.93233e-20)
(-0.0140871 -0.00483368 -1.4326e-20)
(-0.002376 -0.0154347 0)
(-0.0347555 0.0155434 -2.2705e-20)
(-0.025198 -0.000462254 1.40688e-20)
(-0.0430189 0.040514 -1.59039e-20)
(-0.0391956 0.0209188 -1.73549e-20)
(-0.0373051 0.0618788 -1.73764e-20)
(-0.0408929 0.0426082 -5.84493e-21)
(-0.0323157 0.0586791 2.25135e-22)
(-0.0244398 0.0733606 -3.46189e-20)
(0.0410078 0.0469273 3.24735e-21)
(0.0461754 0.0419824 1.14925e-23)
(0.0494843 0.0318553 2.02546e-21)
(0.0484696 0.0169189 2.85257e-21)
(0.0407691 0.000197778 -4.61414e-21)
(0.0259288 -0.013365 6.6851e-21)
(0.0064003 -0.0182595 1.34549e-20)
(-0.0128235 -0.00974147 2.61708e-20)
(-0.0286852 0.00493249 1.57197e-20)
(-0.0362056 0.0236778 -1.04511e-20)
(-0.0350714 0.0408465 1.1055e-20)
(-0.028876 0.0525916 3.29577e-20)
(0.0128366 0.142728 -2.60908e-20)
(0.00641547 0.124285 -3.86159e-20)
(0.0331049 0.135071 -2.00602e-20)
(0.0187151 0.120023 -7.51205e-21)
(0.0518354 0.121064 2.65897e-20)
(0.0350983 0.112912 1.98408e-20)
(0.0660967 0.103137 -5.50288e-20)
(0.0513815 0.101687 -1.91001e-20)
(0.0759075 0.0834047 -5.35326e-20)
(0.0634592 0.0860013 -2.72114e-20)
(0.0831555 0.0644593 1.49805e-19)
(0.071241 0.0674749 2.66656e-20)
(0.0900327 0.0478946 1.22842e-19)
(0.077027 0.0489732 1.05387e-20)
(0.0973455 0.0328613 1.83879e-20)
(0.0832423 0.031917 2.12992e-20)
(0.103186 0.017329 1.11532e-20)
(0.0893615 0.0176173 -1.73834e-20)
(0.106238 0.000765537 -3.27066e-22)
(0.0947136 0.00435966 -7.29216e-21)
(0.106006 -0.0168175 1.69771e-20)
(0.0978737 -0.00946277 7.21717e-21)
(0.0974469 -0.0249184 2.60257e-22)
(0.10203 -0.0355541 9.81679e-21)
(0.00277498 0.101571 -8.05599e-21)
(-0.0106585 0.0909735 -4.02173e-20)
(0.019601 0.100349 1.88872e-20)
(0.00255409 0.0906278 -3.5313e-21)
(0.0345068 0.0949102 -2.62688e-20)
(0.016005 0.0871112 2.01513e-20)
(0.0473509 0.0849616 3.22688e-21)
(0.0304933 0.0805466 1.18521e-20)
(0.057178 0.0707387 4.94954e-20)
(0.0430802 0.0712415 9.28515e-20)
(0.0640239 0.0527586 -1.11383e-19)
(0.0521603 0.058434 -2.17183e-20)
(0.0693517 0.033958 -9.01426e-20)
(0.0583614 0.0420943 -7.29648e-20)
(0.0743488 0.0176138 -1.47352e-20)
(0.0630543 0.0241319 3.97371e-20)
(0.0804754 0.00510125 -3.62049e-20)
(0.0676553 0.00800688 -2.13366e-20)
(0.0862564 -0.00561712 0)
(0.0727814 -0.00450587 0)
(0.0893679 -0.0172734 -9.27451e-21)
(0.0774008 -0.0148245 -1.20798e-20)
(0.0796132 -0.0252899 -9.34482e-21)
(0.0877921 -0.0311542 -9.27451e-21)
(-0.011552 0.0766901 -1.99383e-20)
(-0.0205741 0.0665403 2.34187e-21)
(0.000669927 0.075899 3.10708e-21)
(-0.010787 0.0678575 -1.33104e-20)
(0.0132193 0.071647 6.24043e-20)
(-0.00143864 0.0641564 -6.17467e-20)
(0.0264491 0.065787 1.0585e-19)
(0.0113703 0.0584655 2.0254e-20)
(0.0378594 0.0579753 2.0595e-20)
(0.0251976 0.0540069 8.02859e-20)
(0.0463598 0.0469242 1.97954e-20)
(0.036671 0.0474475 -3.40335e-21)
(0.0521759 0.0317938 5.99226e-20)
(0.0447391 0.0363051 6.11627e-20)
(0.056184 0.0141496 3.40888e-20)
(0.0497882 0.0208555 1.83752e-20)
(0.0599047 -0.00186246 1.61007e-20)
(0.0530259 0.00400015 3.05753e-20)
(0.063817 -0.0138858 -1.21721e-20)
(0.0553348 -0.0102358 1.83764e-20)
(0.0675746 -0.0228722 -1.21721e-20)
(0.057319 -0.0210246 -6.52639e-21)
(0.058855 -0.0292475 -9.12184e-21)
(0.069166 -0.0312648 0)
(-0.0216663 0.0579982 -1.43376e-22)
(-0.0143 0.0571642 -8.42438e-20)
(-0.00483683 0.0517226 -1.00408e-19)
(0.00938468 0.0475976 -1.27994e-21)
(0.0234212 0.0435868 5.57061e-20)
(0.0344071 0.0367909 3.91902e-20)
(0.0417402 0.0258343 1.93209e-20)
(0.0459279 0.0116539 1.44627e-20)
(0.0481758 -0.00329786 3.36705e-20)
(0.0485525 -0.0168493 2.38402e-20)
(0.0484402 -0.027319 -3.86521e-21)
(0.0481599 -0.0349219 -9.18846e-21)
(0.0934016 -0.0552281 0)
(0.092222 -0.0421576 0)
(0.0796002 -0.0739929 0)
(0.0813391 -0.0601334 0)
(0.0617671 -0.0878327 0)
(0.0649857 -0.0759463 0)
(0.0432597 -0.0917604 8.27941e-21)
(0.0452618 -0.0849652 1.54925e-21)
(0.0290069 -0.082301 8.27941e-21)
(0.0263125 -0.0825367 -1.4213e-20)
(0.0240224 -0.0595404 -3.0692e-20)
(0.0134131 -0.0666494 8.31409e-21)
(0.0317568 -0.0275257 2.71988e-21)
(0.0111886 -0.0392835 -1.24524e-22)
(0.0530668 0.00636935 -6.44832e-20)
(0.0222169 -0.00585045 -2.46932e-20)
(0.084886 0.0322178 -1.03176e-19)
(0.0463196 0.0252468 -1.1359e-19)
(0.120577 0.0401009 -4.57721e-21)
(0.0786318 0.0433256 6.30399e-21)
(0.147687 0.0189517 4.00843e-20)
(0.110391 0.0402428 -7.64037e-21)
(0.126001 0.0145005 1.25666e-20)
(0.0803236 -0.0467361 0)
(0.0773367 -0.0372887 0)
(0.0666742 -0.0619283 0)
(0.0689598 -0.0504808 -9.10671e-22)
(0.0478963 -0.0731581 1.56165e-21)
(0.0541224 -0.0625101 -3.41393e-22)
(0.0269596 -0.0760805 -2.05542e-20)
(0.0344419 -0.0693514 -1.35256e-21)
(0.00859842 -0.0675041 -1.53299e-20)
(0.0136535 -0.0667804 -1.67676e-20)
(-0.00176343 -0.0472339 3.70899e-20)
(-0.00292545 -0.0528712 -3.95608e-21)
(-0.000161508 -0.0186166 -2.78391e-20)
(-0.0100288 -0.0289614 4.03386e-21)
(0.0152525 0.0117963 -7.03608e-20)
(-0.00433478 -0.000143186 -4.76036e-20)
(0.0413268 0.035352 1.92284e-21)
(0.0145414 0.0270295 3.60636e-20)
(0.0711886 0.0433718 -1.04532e-21)
(0.0413633 0.043378 3.04167e-20)
(0.0954451 0.0325941 -1.26455e-20)
(0.0682857 0.0428716 -1.68994e-20)
(0.0856562 0.0278666 -1.37936e-20)
(0.0660039 -0.0406595 -9.17627e-22)
(0.0585233 -0.0366501 0)
(0.0563363 -0.0505282 -1.26163e-21)
(0.0541103 -0.0443177 -4.76881e-22)
(0.0402954 -0.0581245 -3.51997e-21)
(0.0439513 -0.0514702 -2.03091e-22)
(0.0203065 -0.0595575 2.57127e-21)
(0.0282138 -0.0552531 -5.33346e-22)
(0.000864106 -0.0518603 -6.8216e-21)
(0.00942656 -0.0521149 5.71452e-21)
(-0.0126683 -0.0346922 -3.75781e-20)
(-0.00758224 -0.040191 -8.71277e-21)
(-0.0154077 -0.0111067 -1.63832e-20)
(-0.01744 -0.0205821 -3.29131e-20)
(-0.00475006 0.014161 6.0173e-20)
(-0.015386 0.0024161 9.51358e-21)
(0.0156659 0.0348237 6.5518e-20)
(-0.000358863 0.0252704 3.2526e-20)
(0.040633 0.0430466 1.3759e-20)
(0.0210296 0.0392477 5.99389e-21)
(0.0619709 0.0372937 -8.30401e-21)
(0.0426998 0.0409086 6.77703e-22)
(0.058739 0.0323108 -2.09767e-21)
(0.0465964 -0.0409234 7.27346e-22)
(0.0416022 -0.0461103 8.79614e-22)
(0.0315296 -0.0495417 2.0123e-21)
(0.016685 -0.0486604 1.86785e-21)
(5.92961e-05 -0.0409753 3.08059e-21)
(-0.0134192 -0.0260446 -4.57723e-21)
(-0.0182363 -0.00640992 -7.65782e-21)
(-0.0096593 0.0128755 -1.87054e-20)
(0.00503243 0.0287492 -2.91708e-20)
(0.0237679 0.0362516 -1.04654e-20)
(0.0409068 0.0350985 1.1069e-20)
)
;

boundaryField
{
    rotor
    {
        type            calculated;
        value           nonuniform List<vector> 
96
(
(-0.0991337 0.0771031 0)
(-0.0938787 0.0834217 0)
(-0.0882216 0.089383 -5.38328e-16)
(-0.0821868 0.0949616 2.69165e-16)
(-0.0758001 0.100134 2.69162e-16)
(-0.0690887 0.104877 0)
(-0.0620815 0.109171 -2.69162e-16)
(-0.0548085 0.112997 2.57152e-21)
(-0.0473008 0.11634 -2.69162e-16)
(-0.0395905 0.119185 2.57152e-21)
(-0.0317107 0.121519 0)
(-0.0236951 0.123333 0)
(-0.015578 0.124618 2.69162e-16)
(-0.00739421 0.12537 2.69162e-16)
(0.000821228 0.125585 2.69162e-16)
(0.00903315 0.125263 0)
(0.0172064 0.124404 -2.69162e-16)
(0.025306 0.123012 1.28576e-21)
(0.0332972 0.121094 1.28576e-21)
(0.0411458 0.118657 2.69165e-16)
(0.0488182 0.115712 2.69162e-16)
(0.0562816 0.112271 2.6916e-16)
(0.0635039 0.10835 -2.57152e-21)
(0.0704544 0.103964 0)
(0.0771031 0.0991337 -2.69162e-16)
(0.0834217 0.0938787 -2.69165e-16)
(0.089383 0.0882216 2.69162e-16)
(0.0949616 0.0821868 -2.69165e-16)
(0.100134 0.0758001 0)
(0.104877 0.0690887 2.69162e-16)
(0.109171 0.0620815 -5.38328e-16)
(0.112997 0.0548085 2.57152e-21)
(0.11634 0.0473008 2.69162e-16)
(0.119185 0.0395905 2.69162e-16)
(0.121519 0.0317107 -2.69162e-16)
(0.123333 0.0236951 -5.38324e-16)
(0.124618 0.015578 0)
(0.12537 0.00739421 0)
(0.125585 -0.000821229 -4.01799e-23)
(0.125263 -0.00903315 0)
(0.124404 -0.0172064 0)
(0.123012 -0.025306 0)
(0.121094 -0.0332972 -2.69161e-16)
(0.118657 -0.0411458 -2.69165e-16)
(0.115712 -0.0488182 0)
(0.112271 -0.0562816 -2.69162e-16)
(0.10835 -0.0635039 -2.69162e-16)
(0.103964 -0.0704544 0)
(-0.107217 0.0795674 2.69162e-16)
(-0.119831 0.0889283 0)
(-0.132444 0.0982892 -2.35099e-33)
(-0.145058 0.10765 0)
(-0.157672 0.117011 -1.29304e-33)
(-0.170286 0.126372 -5.38325e-16)
(-0.182899 0.135733 0)
(-0.195513 0.145094 0)
(-0.208127 0.154454 2.11589e-33)
(-0.220741 0.163815 0)
(-0.233355 0.173176 -5.38325e-16)
(-0.245968 0.182537 -2.69162e-16)
(0.0795674 0.107217 2.69162e-16)
(0.0889283 0.119831 2.46854e-33)
(0.0982892 0.132444 6.58277e-33)
(0.10765 0.145058 -2.69162e-16)
(0.117011 0.157672 2.69162e-16)
(0.126372 0.170286 -2.69162e-16)
(0.135733 0.182899 0)
(0.145094 0.195513 -2.69162e-16)
(0.154454 0.208127 -5.38325e-16)
(0.163815 0.220741 -2.69162e-16)
(0.173176 0.233355 -2.69162e-16)
(0.182537 0.245968 2.69162e-16)
(0.0795674 0.107217 0)
(0.0889283 0.119831 9.40395e-34)
(0.0982892 0.132444 -5.38325e-16)
(0.10765 0.145058 -2.69162e-16)
(0.117011 0.157672 0)
(0.126372 0.170286 0)
(0.135733 0.182899 -2.69162e-16)
(0.145094 0.195513 -2.11589e-33)
(0.154454 0.208127 -2.69162e-16)
(0.163815 0.220741 -2.69162e-16)
(0.173176 0.233355 -2.69162e-16)
(0.182537 0.245968 2.69162e-16)
(0.107217 -0.0795674 0)
(0.119831 -0.0889283 0)
(0.132444 -0.0982892 -2.69162e-16)
(0.145058 -0.10765 5.38325e-16)
(0.157672 -0.117011 -2.69162e-16)
(0.170286 -0.126372 2.82119e-33)
(0.182899 -0.135733 0)
(0.195513 -0.145094 0)
(0.208127 -0.154454 -2.69162e-16)
(0.220741 -0.163815 -3.05629e-33)
(0.233355 -0.173176 -2.69162e-16)
(0.245968 -0.182537 -2.69162e-16)
)
;
    }
    stator
    {
        type            calculated;
        value           nonuniform 0();
    }
    AMI1
    {
        type            cyclicAMI;
        value           nonuniform List<vector> 
48
(
(-0.0494088 -0.0266859 1.99682e-20)
(-0.0539347 -0.0193895 -5.52346e-20)
(-0.0489592 -0.0140774 -7.27516e-20)
(-0.0383153 -0.00402977 -3.70429e-20)
(-0.0368886 0.011902 3.8036e-20)
(-0.0361623 0.0259288 -1.19267e-20)
(-0.0301474 0.0351947 5.83063e-20)
(-0.0187737 0.04182 4.37848e-20)
(-0.00356602 0.0456444 -1.64163e-20)
(0.0105498 0.0462166 -1.81686e-20)
(0.0225438 0.044626 1.39507e-20)
(0.0315048 0.0419833 -1.10704e-20)
(0.0377543 0.0390232 -3.43647e-21)
(0.0420459 0.035026 -9.94816e-22)
(0.0446555 0.028418 5.43091e-22)
(0.0444693 0.0183686 -2.61508e-21)
(0.0396453 0.00539059 -4.57444e-21)
(0.0291017 -0.00776256 -9.26897e-21)
(0.0139435 -0.0169097 1.70913e-20)
(-0.0018804 -0.0172441 2.08909e-20)
(-0.0219432 -0.00530763 1.63167e-20)
(-0.0342437 0.0109493 7.6421e-21)
(-0.0379975 0.02738 2.39393e-21)
(-0.0340078 0.0406906 6.73538e-21)
(-0.0266802 0.0494607 2.39863e-20)
(-0.0193631 0.0540249 4.65394e-20)
(-0.0140281 0.0490559 6.21581e-20)
(-0.00396685 0.0383742 -2.0141e-20)
(0.011983 0.0369298 7.76409e-20)
(0.0260156 0.0361962 9.74264e-21)
(0.0352641 0.0301653 -6.38192e-21)
(0.0418806 0.0187645 -2.38469e-20)
(0.04569 0.00356427 -3.14617e-20)
(0.0462401 -0.0105286 -3.55937e-20)
(0.0446025 -0.0224811 9.82796e-22)
(0.041867 -0.0313969 5.77302e-22)
(0.0387631 -0.0376428 0)
(0.0346868 -0.0420324 -9.8124e-22)
(0.0281903 -0.0448214 -1.14666e-21)
(0.0182329 -0.0448018 4.60672e-22)
(0.00529637 -0.0399888 -8.80928e-22)
(-0.00783539 -0.0293205 1.44498e-20)
(-0.0169447 -0.0140169 4.89676e-22)
(-0.0172174 0.00190346 -2.72686e-20)
(-0.00523991 0.0220218 -3.07584e-20)
(0.0110129 0.0343199 8.75577e-21)
(0.027425 0.0380529 8.85462e-21)
(0.0407129 0.0340478 2.09222e-20)
)
;
    }
    AMI2
    {
        type            cyclicAMI;
        value           nonuniform 0();
    }
    front
    {
        type            empty;
        value           nonuniform 0();
    }
    back
    {
        type            empty;
        value           nonuniform 0();
    }
    procBoundary2to3
    {
        type            processor;
        value           nonuniform List<vector> 8((-0.148185 0.000537696 -6.7297e-20) (-0.102695 -0.0143408 6.47225e-20) (-0.073402 -0.0243215 6.93183e-21) (-0.0525794 -0.0288367 3.35687e-20) (0.148133 -0.000416784 7.80324e-20) (0.102678 0.0144555 -2.96067e-20) (0.0734145 0.0244094 1.39996e-20) (0.0526172 0.0288952 1.1069e-20));
    }
}


// ************************************************************************* //
