/*--------------------------------*- C++ -*----------------------------------*\
| =========                 |                                                 |
| \\      /  F ield         | OpenFOAM: The Open Source CFD Toolbox           |
|  \\    /   O peration     | Version:  2.3.1                                 |
|   \\  /    A nd           | Web:      www.OpenFOAM.org                      |
|    \\/     M anipulation  |                                                 |
\*---------------------------------------------------------------------------*/
FoamFile
{
    version     2.0;
    format      ascii;
    class       volScalarField;
    location    "0.52";
    object      k;
}
// * * * * * * * * * * * * * * * * * * * * * * * * * * * * * * * * * * * * * //

dimensions      [0 2 -2 0 0 0 0];

internalField   nonuniform List<scalar> 
9648
(
2.69159
2.68261
2.68089
2.67574
2.66714
2.65448
2.63808
2.61786
2.59363
2.56532
2.53297
2.49682
2.45732
2.41504
2.3707
2.32507
2.27894
2.23304
2.18803
2.14444
2.10271
2.06317
2.02602
1.99138
1.95932
1.92987
1.903
1.8787
1.85689
1.83747
1.82035
1.80541
1.79256
1.78167
1.77266
1.76544
1.75993
1.75605
1.75374
1.75292
1.75356
1.7556
1.75901
1.76376
1.76983
1.7772
1.78591
1.79597
1.80741
1.82024
1.83453
1.85031
1.86763
1.88647
1.90683
1.92855
1.95132
1.97463
1.99801
2.02108
2.04351
1.74639
1.73617
1.72579
1.7156
1.70817
1.70557
1.70991
1.72232
1.74276
1.77128
1.80764
1.85119
1.901
1.956
2.01513
2.07734
2.14171
2.20745
2.27389
2.34048
2.40679
2.47247
2.53726
2.60095
2.66342
2.72466
2.78478
2.84381
2.90186
2.95899
3.01531
3.07088
3.12569
3.17991
3.23357
3.28673
3.3395
3.39195
3.44412
3.49595
3.54753
3.59896
3.6502
3.70122
3.75212
3.80275
3.85312
3.90333
3.95344
4.00329
4.05274
4.10174
4.15035
4.19819
4.24551
4.29206
4.33802
4.3827
4.42635
4.46902
4.51076
1.45652
1.49547
1.53543
1.58039
1.6331
1.69447
1.76429
1.84254
1.92868
2.02224
2.12206
2.22719
2.33644
2.44857
2.56237
2.67671
2.79063
2.90324
3.01384
3.12195
3.22719
3.32929
3.42796
3.52305
3.61457
3.70268
3.78755
3.86941
3.94845
4.02482
4.09872
4.1703
4.23984
4.30743
4.37327
4.43753
4.50027
4.56167
4.62177
4.68069
4.73855
4.79538
4.85132
4.90638
4.96057
5.01385
5.0662
5.11769
5.16817
5.21766
5.26614
5.31363
5.36034
5.40558
5.45026
5.49339
5.53569
5.5761
5.61581
5.65441
5.69197
1.39012
1.47539
1.56466
1.66035
1.76382
1.87558
1.99556
2.12316
2.25742
2.39726
2.54122
2.68798
2.83607
2.9843
3.13136
3.2761
3.41758
3.55498
3.68777
3.81567
3.93849
4.05595
4.16792
4.27438
4.37556
4.47175
4.5634
4.65072
4.73406
4.81367
4.88987
4.96306
5.03344
5.10141
5.16713
5.2308
5.29257
5.35259
5.41105
5.46812
5.52392
5.5786
5.63221
5.68488
5.73661
5.78742
5.83736
5.88642
5.93455
5.98174
6.0281
6.07328
6.11751
6.16059
6.20301
6.24423
6.28429
6.32317
6.36094
6.39764
6.43305
1.43235
1.55754
1.68953
1.82882
1.97576
2.13058
2.29277
2.46128
2.63489
2.81197
2.99088
3.1699
3.34767
3.52292
3.69439
3.8608
4.02125
4.17513
4.32212
4.46225
4.59537
4.72126
4.83987
4.95129
5.05606
5.15481
5.24782
5.33566
5.41847
5.49674
5.57109
5.64179
5.70948
5.77433
5.83651
5.89632
5.95391
6.00946
6.06326
6.11553
6.16642
6.21605
6.26459
6.31211
6.35865
6.40425
6.44894
6.49274
6.5357
6.57763
6.61866
6.65868
6.69753
6.73525
6.77201
6.80788
6.84257
6.87615
6.90854
6.9396
6.96939
1.52343
1.68441
1.85466
2.03323
2.21932
2.41254
2.61196
2.81624
3.02366
3.23218
3.43999
3.64505
3.84619
4.042
4.23167
4.41363
4.58691
4.75143
4.90689
5.05372
5.19189
5.32093
5.44108
5.55251
5.65619
5.75284
5.84306
5.92702
6.00518
6.07823
6.14694
6.21194
6.27358
6.33219
6.38774
6.44052
6.49098
6.53919
6.58571
6.63066
6.67411
6.7163
6.75738
6.79752
6.83666
6.87493
6.91245
6.94897
6.98475
7.01962
7.05349
7.08635
7.11816
7.14872
7.17829
7.20683
7.23441
7.26093
7.28613
7.30977
7.33224
1.6434
1.8372
2.04277
2.25743
2.47904
2.70682
2.93928
3.1748
3.41152
3.64648
3.87824
4.10404
4.32317
4.53413
4.73714
4.92958
5.1108
5.28131
5.44057
5.58966
5.72865
5.85645
5.97429
6.08156
6.18017
6.27121
6.3545
6.43152
6.5016
6.56628
6.62696
6.68313
6.73608
6.7857
6.8316
6.87456
6.91537
6.95383
6.99082
7.02641
7.06024
7.0928
7.12433
7.15508
7.18469
7.21349
7.24165
7.26899
7.29573
7.32153
7.34642
7.37023
7.39303
7.4145
7.43471
7.45415
7.47278
7.49042
7.50651
7.52088
7.53405
1.7805
2.00437
2.24259
2.49042
2.74424
3.00246
3.26394
3.52689
3.78879
4.04601
4.29756
4.53936
4.77175
4.9925
5.2046
5.40335
5.58847
5.76165
5.92062
6.06772
6.20384
6.32644
6.43902
6.53856
6.62838
6.70987
6.78303
6.84972
6.90898
6.9629
7.01317
7.05803
7.0991
7.13669
7.17006
7.20042
7.22886
7.25462
7.27985
7.30388
7.32569
7.346
7.36546
7.38439
7.40199
7.41915
7.4354
7.45108
7.46623
7.48071
7.49419
7.50663
7.51834
7.52832
7.53703
7.54518
7.55219
7.55925
7.56426
7.56695
7.56903
1.92625
2.17492
2.44292
2.71819
3.00227
3.28595
3.57117
3.85963
4.14073
4.4178
4.68426
4.94069
5.18155
5.40774
5.62347
5.82526
6.01139
6.18414
6.34368
6.48542
6.61369
6.72852
6.83204
6.92448
7.00214
7.07005
7.13022
7.18425
7.22961
7.27087
7.30883
7.34091
7.36744
7.38923
7.40659
7.42259
7.43457
7.44492
7.45588
7.46468
7.47146
7.47543
7.48113
7.48537
7.48827
7.49235
7.49276
7.49416
7.49348
7.49267
7.49017
7.48739
7.48513
7.48115
7.47607
7.47067
7.46205
7.45783
7.44917
7.43694
7.42594
2.06505
2.08557
2.10523
2.12401
2.14196
2.15922
2.17605
2.19281
2.2093
2.2249
2.2393
2.25315
2.26653
2.27969
2.2929
2.30677
2.3217
2.33799
2.35597
2.37607
2.39797
2.42124
2.44559
2.47062
2.49603
2.52184
2.54818
2.57476
2.60151
2.6285
2.65583
2.68339
2.71119
2.73938
2.7679
2.79672
2.82595
2.85565
2.88579
2.91628
2.94723
2.97874
3.01078
3.04329
3.07641
3.10995
3.14394
3.17849
3.21366
3.24931
3.28549
3.32228
3.35978
3.39776
3.43656
3.4761
3.5167
3.55805
3.60052
3.64422
3.68926
4.55162
4.59045
4.62836
4.66547
4.70153
4.73609
4.7687
4.80004
4.82915
4.85748
4.88409
4.90969
4.9342
4.95767
4.97999
5.00104
5.02093
5.03963
5.05717
5.07354
5.08877
5.10291
5.11583
5.12758
5.13819
5.14762
5.15574
5.16229
5.16738
5.17097
5.17308
5.17373
5.17298
5.1708
5.16724
5.16236
5.15611
5.14861
5.1398
5.12972
5.11843
5.10595
5.09238
5.07766
5.06177
5.04465
5.02619
5.00643
4.98529
4.96282
4.93894
4.9136
4.88694
4.85848
4.82897
4.7978
4.7656
4.73189
4.69776
4.66305
4.62795
5.72789
5.76272
5.796
5.82836
5.85969
5.89039
5.91917
5.94657
5.97179
5.99571
6.01801
6.03908
6.05875
6.07736
6.09467
6.11061
6.12521
6.13845
6.15032
6.16079
6.16996
6.17777
6.18425
6.18939
6.19318
6.1956
6.19668
6.19637
6.19463
6.1914
6.18672
6.18051
6.1728
6.16364
6.15302
6.14096
6.12744
6.1125
6.09611
6.07833
6.05923
6.03888
6.01736
5.99469
5.97084
5.94574
5.91924
5.89129
5.86182
5.83083
5.79829
5.76392
5.72784
5.68987
5.65022
5.60858
5.56519
5.52032
5.47443
5.42763
5.38005
6.46744
6.50053
6.53232
6.56257
6.5916
6.61944
6.64581
6.6704
6.69341
6.71478
6.73455
6.75275
6.76938
6.78453
6.79808
6.81019
6.82081
6.8299
6.83743
6.84342
6.8479
6.85097
6.85262
6.85288
6.8517
6.84903
6.84486
6.83923
6.83216
6.82362
6.81354
6.80186
6.7886
6.77376
6.75741
6.73955
6.72012
6.69909
6.67646
6.65229
6.62669
6.59977
6.57173
6.54264
6.51255
6.4814
6.44897
6.41521
6.38004
6.34346
6.30533
6.26549
6.2239
6.18044
6.13505
6.08752
6.03805
5.98696
5.93475
5.88145
5.8275
6.99787
7.02515
7.05096
7.07519
7.09771
7.11863
7.13798
7.15578
7.1722
7.18725
7.20075
7.21275
7.22326
7.23219
7.23958
7.24555
7.24992
7.25271
7.25384
7.2533
7.25122
7.24772
7.24289
7.23679
7.2293
7.22038
7.21004
7.19832
7.18532
7.17103
7.15541
7.13826
7.11957
7.09936
7.07774
7.05466
7.03001
7.00374
6.97573
6.94605
6.91485
6.88227
6.84859
6.81408
6.77885
6.74296
6.706
6.66799
6.62882
6.58864
6.54707
6.50386
6.45911
6.41251
6.36397
6.31297
6.26
6.20518
6.14924
6.09214
6.03445
7.35334
7.3731
7.39127
7.40797
7.42293
7.43617
7.44782
7.45773
7.46606
7.47288
7.47833
7.48239
7.48498
7.48601
7.48549
7.48361
7.4803
7.47535
7.46861
7.46001
7.44978
7.43816
7.42533
7.41142
7.39625
7.37967
7.36173
7.34248
7.32224
7.3011
7.27907
7.25571
7.23105
7.205
7.17785
7.1494
7.1194
7.08784
7.05447
7.01931
6.98249
6.94408
6.90452
6.8643
6.82373
6.78313
6.74165
6.69972
6.65694
6.61391
6.56981
6.5241
6.47725
6.42868
6.37841
6.32523
6.2701
6.21279
6.15482
6.09547
6.03561
7.54598
7.55657
7.56561
7.57304
7.57875
7.58269
7.58486
7.58555
7.58464
7.58192
7.57787
7.5727
7.56613
7.558
7.54821
7.53733
7.52543
7.51192
7.49646
7.47875
7.45921
7.43835
7.41633
7.39359
7.36982
7.34457
7.31794
7.28981
7.26097
7.23178
7.20269
7.17254
7.14174
7.10974
7.07736
7.04403
7.00892
6.97236
6.93407
6.89401
6.85211
6.80812
6.76272
6.71665
6.67044
6.62526
6.57902
6.53332
6.487
6.442
6.39656
6.34914
6.30125
6.25173
6.20121
6.14671
6.09075
6.03195
5.97371
5.91357
5.85333
7.5697
7.56939
7.56742
7.56425
7.55937
7.55306
7.54465
7.53576
7.52546
7.51261
7.49846
7.48385
7.4678
7.45033
7.4304
7.40962
7.38915
7.36744
7.34386
7.31697
7.28742
7.25705
7.22538
7.19309
7.16064
7.12666
7.09123
7.0531
7.01392
6.97502
6.93834
6.9007
6.86392
6.82627
6.78995
6.7537
6.71441
6.6729
6.63039
6.58717
6.54164
6.49316
6.44274
6.39116
6.33921
6.29018
6.23874
6.18949
6.13929
6.09351
6.04861
6.00037
5.9525
5.90322
5.85429
5.79915
5.74379
5.68421
5.62776
5.56857
5.51036
7.41207
7.39852
7.38206
7.36623
7.34777
7.33146
7.31116
7.29303
7.27479
7.25415
7.23161
7.20927
7.18494
7.16066
7.13076
7.09824
7.06895
7.0409
7.01355
6.98145
6.94098
6.90293
6.86331
6.82096
6.77967
6.73804
6.69761
6.65132
6.59914
6.5481
6.50305
6.45637
6.41311
6.36974
6.33298
6.29851
6.2582
6.2112
6.16461
6.1209
6.07588
6.02541
5.97097
5.91576
5.85905
5.808
5.75034
5.69764
5.6421
5.59796
5.55622
5.50756
5.46131
5.41455
5.36977
5.31446
5.26116
5.2009
5.14831
5.09216
5.03917
3.73564
3.78299
3.83158
3.88141
3.93251
3.98502
4.03885
4.09414
4.15063
4.20826
4.26711
4.32688
4.38747
4.45125
4.5298
4.60218
4.67321
4.74502
4.81766
4.89125
4.96584
5.04144
5.11794
5.19529
5.27327
5.35167
5.43035
5.50914
5.58783
5.6661
5.74385
5.82077
5.89646
5.9707
6.04315
6.11324
6.18051
6.24432
6.30047
6.34162
6.36968
6.38538
6.38864
6.37879
6.35477
6.31515
6.25802
6.18104
6.08148
5.95612
5.80116
5.61212
5.38393
5.11009
4.76598
4.22291
3.9714
3.84247
3.79087
3.76564
3.71283
4.59215
4.55596
4.51893
4.48118
4.44269
4.40415
4.36532
4.32695
4.28853
4.25044
4.21326
4.17092
4.12462
4.08081
4.03193
3.98459
3.93725
3.88983
3.84279
3.7964
3.75066
3.70529
3.66017
3.61525
3.57048
3.52586
3.4814
3.43721
3.39332
3.3498
3.30676
3.26434
3.22266
3.18195
3.14247
3.10452
3.06851
3.03504
3.0047
2.97921
2.95594
2.93509
2.91701
2.90229
2.89187
2.88669
2.88778
2.89649
2.91429
2.94248
2.9823
3.03491
3.10158
3.18419
3.2736
3.40873
3.58564
3.85772
4.24327
4.74295
5.06465
5.3319
5.2832
5.23364
5.18293
5.13101
5.0784
5.02539
4.97244
4.91916
4.86544
4.80866
4.74347
4.6783
4.61637
4.55451
4.49329
4.43136
4.36872
4.30576
4.24288
4.1801
4.11715
4.054
3.99062
3.92692
3.86291
3.79857
3.73391
3.66889
3.60351
3.53776
3.47166
3.40527
3.33861
3.27177
3.20486
3.13799
3.07127
3.00487
2.939
2.87362
2.80838
2.74379
2.68071
2.61947
2.56066
2.50513
2.45415
2.40937
2.37297
2.34777
2.33739
2.34659
2.38079
2.44323
2.54504
2.69047
2.91008
3.24871
3.75818
4.37559
5.77305
5.71846
5.66315
5.60673
5.54878
5.4901
5.431
5.37212
5.31287
5.2526
5.18593
5.11278
5.04155
4.97369
4.90688
4.84082
4.77437
4.7077
4.64092
4.57432
4.50779
4.44085
4.37365
4.30624
4.23849
4.17046
4.10212
4.03345
3.96436
3.89481
3.82479
3.75433
3.68346
3.61225
3.54075
3.46906
3.39723
3.32534
3.25338
3.18139
3.10932
3.03711
2.96413
2.89026
2.81619
2.74202
2.668
2.59457
2.52241
2.45261
2.38663
2.32663
2.27557
2.23723
2.21544
2.21644
2.24862
2.32969
2.48919
2.77063
3.20048
5.9762
5.91822
5.85973
5.80026
5.73875
5.67643
5.61359
5.55132
5.48853
5.42445
5.3525
5.27632
5.20281
5.13267
5.06354
4.99518
4.92664
4.85868
4.79109
4.72405
4.65712
4.58948
4.52165
4.45372
4.38541
4.31692
4.2481
4.17898
4.10933
4.03918
3.9685
3.89742
3.82599
3.75436
3.68259
3.6108
3.53908
3.4675
3.39605
3.32475
3.25361
3.18264
3.11173
3.04034
2.9682
2.89548
2.82225
2.74856
2.67458
2.60065
2.52717
2.45476
2.38437
2.31724
2.25497
2.20058
2.16018
2.14457
2.17061
2.26362
2.45366
5.97479
5.915
5.85498
5.79425
5.73052
5.66594
5.60046
5.53625
5.4716
5.40603
5.33186
5.2555
5.18205
5.11237
5.04307
4.97452
4.90567
4.83849
4.77214
4.70686
4.64176
4.57535
4.50908
4.44306
4.37654
4.30999
4.24298
4.17573
4.10771
4.03913
3.96993
3.90049
3.83084
3.76127
3.69176
3.62253
3.55362
3.48517
3.41715
3.34965
3.28265
3.21624
3.15041
3.08501
3.01963
2.95373
2.88733
2.82052
2.75333
2.68587
2.61823
2.55047
2.48256
2.41452
2.34618
2.27819
2.21298
2.15592
2.11595
2.10662
2.14685
5.79079
5.73055
5.67046
5.61052
5.54556
5.48001
5.41271
5.34819
5.28339
5.21894
5.14445
5.06991
4.99814
4.93137
4.86373
4.79716
4.72949
4.66504
4.60168
4.53992
4.47832
4.41427
4.35128
4.28942
4.22661
4.16395
4.10039
4.03684
3.97191
3.90648
3.8402
3.77419
3.70816
3.64274
3.57751
3.51299
3.44898
3.38589
3.32354
3.2622
3.20173
3.14238
3.08405
3.02674
2.97021
2.91412
2.85766
2.80086
2.74387
2.68685
2.62986
2.57288
2.51573
2.45798
2.39898
2.33814
2.27555
2.21294
2.15409
2.10547
2.07708
5.44674
5.38701
5.3284
5.27183
5.20689
5.14198
5.07362
5.01076
4.9478
4.88729
4.81378
4.74242
4.67331
4.61171
4.54694
4.48441
4.41896
4.35909
4.30016
4.24297
4.18597
4.12456
4.06613
4.01096
3.95334
3.89575
3.83635
3.77786
3.71659
3.65511
3.59233
3.53127
3.47021
3.41082
3.35137
3.29325
3.23548
3.17936
3.12433
3.07115
3.01906
2.96874
2.91998
2.87245
2.82607
2.78091
2.73582
2.69038
2.64507
2.60014
2.55588
2.51226
2.46911
2.42591
2.38193
2.33623
2.28805
2.23721
2.18462
2.13261
2.08555
4.97537
4.91581
4.86073
4.81045
4.74706
4.68423
4.61526
4.55678
4.49818
4.44428
4.37288
4.30527
4.23882
4.18461
4.12309
4.06672
4.00394
3.9506
3.89716
3.84416
3.79193
3.73243
3.67971
3.63538
3.58345
3.52987
3.47412
3.42193
3.36332
3.30558
3.24549
3.19143
3.13602
3.08453
3.03124
2.98056
2.92848
2.8803
2.83369
2.79037
2.74792
2.70788
2.66982
2.63303
2.59645
2.56073
2.52561
2.49001
2.45614
2.423
2.39287
2.36403
2.33705
2.31052
2.28417
2.25663
2.22727
2.19516
2.16024
2.12208
2.08225
3.61937
3.51501
3.40157
3.2806
3.15774
3.0364
2.91942
2.81049
2.71272
2.62812
2.55747
2.50063
2.45658
2.42373
2.40022
2.38418
2.37388
2.36803
2.36558
2.36565
2.36766
2.3712
2.37595
2.38182
2.38869
2.39648
2.40517
2.41473
2.42515
2.4364
2.44841
2.46113
2.47447
2.48827
2.50238
2.51664
2.53082
2.54466
2.55797
2.57051
2.58203
2.59232
2.60126
2.60877
2.61484
2.61962
2.62331
2.62618
2.62859
2.63098
2.63369
2.637
2.64108
2.64608
2.65184
2.65818
2.66478
2.67145
2.67777
2.68323
2.68754
5.0576
4.98482
4.86198
4.68774
4.49322
4.28058
4.04816
3.80357
3.55552
3.31223
3.08011
2.8656
2.67237
2.50151
2.35354
2.22955
2.1286
2.04746
1.98296
1.93239
1.89322
1.86321
1.84053
1.82372
1.812
1.80413
1.80004
1.79915
1.80124
1.80606
1.81342
1.8231
1.83485
1.84834
1.86327
1.87927
1.8959
1.91268
1.92907
1.94444
1.95807
1.96914
1.9768
1.98014
1.9784
1.97099
1.95757
1.93837
1.9142
1.88654
1.85737
1.82897
1.80364
1.78315
1.76834
1.75944
1.75541
1.75474
1.75492
1.7538
1.75059
4.8799
5.23903
5.43693
5.44477
5.31003
5.11091
4.84873
4.54871
4.22799
3.89875
3.57332
3.26316
2.97579
2.71624
2.48768
2.29142
2.12557
1.98556
1.869
1.77473
1.70025
1.64259
1.59872
1.56581
1.54141
1.52399
1.51202
1.50476
1.50142
1.50145
1.5044
1.50984
1.51733
1.52633
1.53637
1.54693
1.55748
1.56752
1.57648
1.58375
1.58871
1.59079
1.58939
1.58393
1.57392
1.55894
1.53872
1.51325
1.48294
1.44869
1.41221
1.37604
1.34338
1.31753
1.30119
1.29637
1.30337
1.32118
1.34751
1.37999
1.41692
3.73793
4.33025
4.89732
5.33236
5.55288
5.59348
5.46771
5.21488
4.8959
4.53123
4.14928
3.77372
3.41696
3.09019
2.7983
2.5413
2.31625
2.12173
1.95635
1.81899
1.70771
1.62016
1.55306
1.50268
1.46541
1.43855
1.41996
1.4081
1.40171
1.3998
1.40167
1.40669
1.41417
1.42339
1.43364
1.44423
1.45448
1.46368
1.47113
1.47607
1.47776
1.47553
1.46876
1.45691
1.43956
1.41652
1.38778
1.3536
1.31446
1.27126
1.22548
1.17953
1.13681
1.10172
1.07908
1.07359
1.08739
1.12033
1.17024
1.2341
1.30855
2.7607
3.19448
3.74014
4.33751
4.88623
5.30682
5.54733
5.58205
5.44791
5.17268
4.80838
4.41346
4.00789
3.61856
3.26018
2.93574
2.64692
2.39188
2.17182
1.98624
1.83335
1.71135
1.61684
1.54523
1.49174
1.45252
1.42474
1.40623
1.39522
1.39018
1.39016
1.39438
1.40198
1.41203
1.42365
1.436
1.44823
1.45952
1.469
1.47579
1.47898
1.4778
1.47147
1.45936
1.4409
1.41586
1.3842
1.34618
1.30221
1.25312
1.20025
1.14579
1.09308
1.04682
1.01365
1.00085
1.01317
1.05325
1.11994
1.20903
1.3149
2.25862
2.46569
2.78729
3.22656
3.75476
4.31545
4.83164
5.22072
5.43447
5.46008
5.31181
5.03417
4.65995
4.24944
3.84529
3.45722
3.10304
2.78333
2.49653
2.24905
2.04317
1.87791
1.74933
1.65126
1.57719
1.52181
1.48152
1.45358
1.43563
1.42547
1.42182
1.42376
1.4303
1.44028
1.45264
1.46639
1.48056
1.49419
1.5063
1.51588
1.5219
1.52348
1.51974
1.50995
1.49334
1.46964
1.43866
1.40065
1.35582
1.30493
1.24911
1.19043
1.13201
1.0784
1.03645
1.01482
1.02104
1.06111
1.13648
1.24328
1.37464
2.08279
2.14053
2.27108
2.49429
2.82147
3.24819
3.7459
4.25981
4.72151
5.06528
5.24539
5.2518
5.10244
4.83027
4.48038
4.07779
3.68048
3.30128
2.93879
2.61542
2.34012
2.11712
1.94334
1.80977
1.70784
1.63019
1.57234
1.53092
1.50287
1.48493
1.47536
1.473
1.47672
1.48511
1.49691
1.51095
1.52611
1.5413
1.55542
1.56734
1.57591
1.58024
1.57932
1.5724
1.55845
1.53722
1.50837
1.47218
1.42867
1.37859
1.32293
1.26371
1.20387
1.14758
1.10122
1.07385
1.07479
1.11292
1.19306
1.31334
1.46646
2.0505
2.03774
2.06111
2.13752
2.28464
2.51693
2.84013
3.24351
3.69787
4.15382
4.55165
4.8394
4.98807
4.98644
4.8494
4.60032
4.27647
3.90496
3.48972
3.09243
2.73307
2.4362
2.20462
2.0253
1.88653
1.77863
1.69606
1.63526
1.59292
1.56381
1.54553
1.5364
1.53524
1.54026
1.54995
1.56292
1.57786
1.59352
1.60866
1.62202
1.63241
1.63892
1.64047
1.63631
1.62515
1.60675
1.58066
1.54715
1.50612
1.45829
1.40463
1.34705
1.28831
1.23237
1.18515
1.15547
1.15361
1.19066
1.27451
1.40599
1.57811
2.04349
2.01043
1.99092
1.99515
2.03628
2.129
2.28737
2.5207
2.82847
3.1984
3.59607
3.98518
4.32258
4.57304
4.70649
4.71419
4.59836
4.36508
4.04935
3.64975
3.21476
2.84354
2.54946
2.31609
2.12771
1.97751
1.85971
1.77224
1.70998
1.66484
1.63426
1.61508
1.60627
1.60579
1.61152
1.62184
1.6352
1.65011
1.66518
1.67879
1.69017
1.69799
1.70149
1.69967
1.6913
1.67573
1.65296
1.62241
1.58467
1.5398
1.48945
1.43493
1.37908
1.3259
1.28048
1.25114
1.24887
1.28643
1.37344
1.51423
1.70112
0.287606
6.41421
6.09765
0.219672
0.35011
0.127292
0.00315868
2.42711
0.00338307
0.0234079
3.31779
1.10739
0.00316065
6.02569
0.11159
5.46494
0.00326202
2.53911
3.61679
0.00315307
0.220453
5.87285
6.24234
0.00329638
0.0033366
0.106587
0.00315547
0.499649
0.00324829
0.00346311
0.716267
0.00323967
0.0163226
2.56062
0.80438
3.38839
2.52624
1.63713
0.00316358
2.54508
1.85987
1.9528
0.00320967
4.7325
3.19405
0.283396
0.00361045
0.0152659
0.131339
1.13251
6.46305
7.58369
0.00310447
0.00405719
0.0369196
0.00842753
0.00345407
0.66312
2.40307
7.25669
2.44548
0.00370326
0.145873
0.0319274
6.3255
0.46226
1.97695
1.72565
0.00431078
0.003213
1.22906
2.65538
1.68693
0.0155119
0.0391363
4.01533
6.66918
3.39901
0.00310571
0.960673
0.0071282
2.55964
0.0105635
4.93424
0.00321784
1.11465
0.00336592
2.20884
0.0147727
0.00492484
0.120313
0.0031017
0.00378937
7.42733
5.36284
0.00359992
0.443542
0.304725
0.00603832
6.53391
0.220131
2.48032
0.764565
0.00309814
0.00316409
0.00309452
0.309793
0.125332
0.00323909
6.02863
6.72934
0.00927951
4.55411
1.51581
2.54832
2.73788
1.78608
0.00389886
0.0859501
0.00419367
0.00438924
3.43749
0.00735869
7.29904
7.51292
0.984141
0.00321469
1.06622
1.06812
0.0032104
0.034152
0.0334745
1.67125
0.00570978
3.0614
0.00322015
0.0031592
7.50542
7.62366
0.00323074
0.167006
5.53237
0.1055
0.305246
1.5643
4.81443
0.0372326
1.65201
0.0121254
6.94279
1.23854
0.00887653
2.90919
4.87411
6.194
0.0033066
0.00327035
0.2188
0.0031128
1.94636
0.0300208
0.0051066
0.00319701
0.00321958
0.00323671
2.94629
1.75845
1.54406
0.00331231
6.68145
4.68364
3.13881
4.90463
0.0139564
3.74316
1.72287
1.89648
0.00324284
0.00570053
2.85405
3.06769
1.99668
3.63903
0.00321609
0.00352626
4.87522
0.0360859
0.575406
0.00323784
0.00360629
0.105653
0.0033878
7.56454
0.707776
0.00310241
0.258712
1.76929
5.24283
0.00448193
1.92063
0.00321843
0.00323412
4.99603
2.45928
7.13664
0.00452567
0.00339898
0.00763775
2.7462
2.19395
1.12952
4.84517
1.58509
6.85908
0.185614
4.43219
4.08871
1.89123
1.40754
2.31241
0.0049093
0.0371409
0.00322584
0.00319487
1.82319
0.0182205
0.0202256
0.00576146
0.0130977
2.86844
4.69073
0.0189028
5.77333
1.11721
0.403574
0.00318313
0.159588
2.88411
1.07385
0.00413047
1.22179
1.13796
0.174996
0.259429
7.2062
0.790996
0.470119
5.20158
0.00383619
0.00315935
0.00404366
0.0104834
1.75265
0.00336233
0.00656559
0.00316352
0.395864
4.09123
3.94826
2.73781
1.28237
1.48496
7.46476
0.00433175
2.07279
4.50388
0.00321001
2.05224
0.00321727
4.00221
0.393846
1.61435
0.00535197
0.00322021
1.96479
0.493122
0.00323895
0.00323794
0.00325227
0.00324565
0.363895
1.58334
3.09096
0.0146872
0.0032406
0.00316338
0.00309619
4.85239
0.225402
0.00448084
1.65652
0.0882438
0.0405459
0.00308961
0.268556
0.00323973
0.0519665
1.42905
4.63005
0.294674
0.00391791
0.00597963
3.38368
0.140492
1.90222
7.43118
0.00350506
0.00319755
0.00318718
5.87343
0.00331439
4.85836
0.00322161
1.84014
1.20697
0.0269981
2.97719
3.91818
0.0046902
2.72166
2.65588
1.60924
4.6684
1.10322
7.62305
2.44392
3.9647
3.59762
4.55614
1.6778
0.159721
7.54878
7.23821
3.00354
2.12787
0.00393282
6.85607
2.79823
6.86315
0.0276283
0.00359229
0.00321464
0.00342815
0.172714
0.427205
0.721002
0.0927993
0.00317288
5.94983
0.00321532
1.46704
1.97495
6.37438
2.63861
1.91391
0.00599361
0.00426364
0.0875087
2.87068
0.010365
0.724992
5.16125
2.05214
4.29051
6.12012
3.26358
0.003466
7.26525
5.33819
1.70876
0.00323575
6.20413
5.58378
0.00333602
1.97421
0.00323957
6.642
5.68581
1.87114
4.29243
2.57667
5.61174
0.00328918
5.62921
0.00387185
3.61583
4.14736
1.90958
7.24525
0.738924
0.215019
0.562394
0.00424665
4.25038
0.142838
0.00815406
0.00503295
4.42813
0.00383904
4.50918
0.00319049
0.00323655
0.00599297
1.82193
0.105374
1.8819
0.00576169
4.33596
0.16462
6.52274
4.32246
2.69766
6.12002
0.00337847
7.26426
3.02142
0.0032129
4.07501
2.106
0.00309964
0.00316739
3.36095
0.00647387
1.93057
0.0868287
2.42591
0.0269207
0.622263
2.67776
4.97133
2.47183
3.99874
3.68177
0.00393133
0.0215979
1.68938
1.61947
7.45407
6.35859
5.24633
0.0656833
5.05337
5.02501
0.505781
1.68656
2.84995
2.11793
0.00346719
4.27848
7.63355
0.00416876
4.39505
1.95483
2.87023
0.0242947
0.0679767
6.1645
0.00600114
7.44543
0.00462728
0.250244
0.00320375
1.02701
2.25885
0.232155
0.00480751
0.003692
2.77135
1.61093
0.0890481
0.404994
5.81567
4.06033
0.00446217
1.49889
1.65333
3.27264
1.50762
4.15456
1.95525
5.50465
3.37131
0.492066
0.993063
7.36903
1.89433
7.51764
6.06373
0.0314926
3.41029
2.8829
0.00337234
1.76546
1.61303
1.3434
0.0173431
4.81369
1.42438
0.720913
1.89822
0.00544918
0.00321532
0.0462868
2.31557
4.52091
2.58168
0.00322143
0.00318774
0.00321703
1.71706
0.0275449
0.0032161
0.1251
4.5956
4.9168
0.0105589
0.0107879
0.00315335
0.00320522
0.00602257
1.76833
1.70964
1.58697
0.46499
7.36865
5.71881
0.00525431
3.33231
1.83862
1.93969
4.12888
7.24478
0.00345834
0.0105185
0.00324011
3.81348
0.248055
0.00316865
1.4132
0.164157
7.34931
0.00323858
7.52578
1.19167
0.047752
6.47772
0.00323408
0.00319774
0.00405029
7.56748
3.3833
5.25714
4.90842
1.06519
1.76387
0.00312436
0.00604277
0.0877329
0.0138708
0.0252523
1.93884
2.14452
0.0032257
1.25194
1.82833
6.10922
7.55931
0.00826725
7.52638
0.00593181
0.0304827
3.62258
0.00320388
5.68264
0.00324107
0.0033712
0.0220849
2.12898
0.636007
2.5349
1.86021
0.00366001
1.76805
4.59146
0.0560107
0.216808
0.84564
0.00331855
0.00326993
0.00693431
5.4915
0.518221
0.00335112
7.13564
5.91577
6.61886
0.0344931
2.02424
0.00419997
2.49321
0.16118
0.0917523
2.63969
1.67053
1.87027
6.09946
0.00327727
0.0031307
0.0105537
4.05962
4.45441
1.00246
0.0139165
0.0033327
0.00324152
0.00886154
0.0236549
0.00662943
2.16787
1.72576
0.011563
1.56619
5.9377
0.0032722
2.37946
0.00321765
0.529132
0.00324485
0.0222731
2.3814
0.0201862
0.00320621
0.785962
7.65857
6.99076
0.00318778
0.00326207
0.399642
0.0249144
0.00321685
4.30327
0.00370733
1.67501
7.64332
2.47453
1.65386
2.42456
3.66922
7.46497
0.00323131
0.0074377
0.0147493
4.1956
1.39704
6.30297
0.689707
0.355843
4.29453
3.65539
4.94004
0.751853
2.66648
0.00322288
0.367362
1.70519
2.62827
3.92044
1.86579
0.223675
2.61793
0.103378
0.00915551
1.77321
0.00324166
5.79537
0.00366418
0.371012
7.32552
2.68418
0.583244
0.00743272
0.76915
0.00330251
0.00319203
0.107192
0.0225949
1.84519
0.0154116
1.74617
0.0032216
0.0281196
0.00316564
4.5662
0.00503309
4.0955
2.48791
0.0220196
1.89373
7.3893
0.00326063
1.68284
4.41842
0.00335336
7.30226
0.060992
0.00347279
0.00339399
7.12329
0.00317844
0.00429616
0.0875114
0.101525
6.96048
7.15703
0.00322114
0.00327109
1.1359
2.39668
0.0146435
0.252033
2.10237
0.00321829
0.00384206
0.00372757
6.03632
7.21363
0.498133
7.05628
0.0261861
1.60167
0.00331777
0.0148549
0.0249853
0.0361308
0.00323114
6.77185
0.00320112
0.0251657
0.0033229
0.255074
0.022546
0.0158159
0.437858
0.699253
2.27732
0.395628
1.10975
1.82559
5.06474
0.00344142
4.94412
7.50211
1.15706
4.10625
0.00327794
4.30507
3.79968
0.00321702
7.26356
2.30756
0.00832039
0.0114579
5.94635
5.80359
0.0614994
7.42649
7.19297
0.813916
7.14982
7.07335
5.07455
1.9226
1.61785
1.00932
7.08858
7.3089
0.021984
7.2655
2.49341
4.33056
0.00343262
0.346268
0.388522
6.80285
5.77991
0.0203289
4.22919
6.45317
0.462505
0.0332372
0.374991
1.81698
0.00536749
1.85297
6.77618
0.0338852
6.76285
1.34654
4.4833
6.29896
0.0032233
0.00565444
1.09691
0.72256
0.0181524
0.00321885
0.186854
0.250993
0.00451876
0.00323649
4.17518
1.03547
3.03292
1.03581
0.00866166
0.00417935
0.0964815
3.373
0.00346506
1.9162
1.68545
0.483871
2.26308
0.00397843
0.114884
0.00320268
0.34148
4.42778
0.00437968
0.119125
2.10409
5.69703
0.226189
4.11769
0.591492
0.16786
0.0039289
2.41979
7.55448
0.00321222
0.00328104
5.62728
0.0246504
0.00323565
3.81954
0.239383
1.90284
2.00582
1.44229
0.146874
1.79451
3.4733
5.64497
4.35694
0.00327752
5.5464
0.00389398
2.59606
0.00339194
0.00455665
2.10851
0.00655246
3.84764
0.0207568
0.0399736
1.82406
0.713361
0.0597732
0.00368161
6.13405
0.00365059
0.00315152
7.60493
5.79211
2.938
1.92567
0.0034395
0.00307238
1.94295
5.60703
0.00320011
6.48732
1.66305
0.0032441
6.0542
0.00311369
0.344287
0.943191
1.40313
0.366318
1.55491
1.9495
0.00310973
7.12998
7.2898
0.0032169
0.0167307
1.92683
0.00312832
6.95504
5.54399
4.36366
0.00321902
0.0031704
3.49507
0.0407009
0.00350144
1.85747
1.68418
4.1119
0.00315236
0.00337593
0.0244548
0.0194757
0.00321794
0.00640712
5.29012
2.86808
0.00322345
1.35119
0.00321512
0.687177
0.00420498
0.00359248
2.34995
0.0032647
0.120758
0.00317608
2.88267
0.171804
1.71396
6.30509
4.34238
3.7155
0.850398
1.20584
0.0032355
0.96035
7.22053
4.05099
0.107496
0.00347148
5.23923
0.00321532
0.0302988
0.00315454
7.00186
0.756476
0.355912
6.25766
2.21235
0.468232
4.25588
0.704577
6.79547
4.66954
0.00331346
0.00326909
0.0082354
0.00322577
0.0228252
4.27241
0.00377282
6.92722
0.00602458
0.0768988
0.603142
4.79066
0.00486657
2.75585
0.0168601
3.0189
2.51696
6.78839
0.00338988
0.00383659
0.264407
3.77551
1.66635
3.81062
0.433169
1.0538
1.59825
0.0507674
0.993516
0.258245
1.68601
0.00328223
4.30601
0.421142
3.24569
0.00336786
3.1538
0.95796
0.00464132
1.60113
1.86047
0.065572
0.00314574
0.00321915
4.8946
2.90661
1.37597
0.00320927
0.0176365
1.98897
6.34227
0.45976
0.0126514
0.00322252
5.39109
5.19623
2.07955
2.7352
0.00321481
3.58616
7.26766
0.00321116
0.00321792
1.23529
0.00412432
0.00991615
0.0307595
1.92247
0.00409806
2.21017
7.50299
0.00319936
0.0034576
0.00316689
0.00330953
3.85072
4.61052
7.57317
0.0291527
2.39885
2.19598
0.087708
2.96597
0.00347104
1.68982
0.223999
2.07292
0.705807
1.61575
3.17234
0.0260505
0.00323909
5.89535
4.41448
4.58603
0.938692
1.77578
0.177268
1.63654
0.00930439
0.00484768
3.46644
5.49086
0.0215578
0.126828
0.00324664
0.0784924
1.98138
0.0275549
1.02752
0.712357
3.76507
2.14686
0.442762
6.73611
5.54976
2.9435
1.71394
4.21678
3.51421
0.581723
2.76715
0.00622352
2.89985
3.06154
0.00320416
0.00313335
0.121251
0.00322784
0.00332472
3.00581
4.32495
0.00322082
3.23135
0.00321592
0.00319266
0.00321789
0.0032579
0.0059478
1.93294
2.6242
7.02443
0.00315619
0.00391798
1.00147
0.00356064
0.0330858
0.00324575
0.00361115
4.42749
0.00391708
0.0109774
2.76319
0.0105125
0.00322002
3.95749
0.00321488
0.00326843
0.249328
0.00361014
0.944257
0.00456526
0.0301562
0.00320437
0.00325307
7.35731
7.4547
2.66694
0.0267105
3.00973
1.62066
0.00472191
1.76755
4.13783
6.91384
4.54706
0.00312244
1.92928
2.58122
0.147504
1.74226
4.47523
0.174546
2.04876
0.204212
1.72006
0.0365676
1.0513
0.00323494
6.58436
0.00328327
1.79708
2.56786
0.00321541
0.315997
0.00733649
0.0200625
0.00317417
0.782228
0.00367039
0.00321974
2.5128
0.00857823
0.111133
6.86895
1.88609
0.0034522
0.00387209
2.49197
7.0657
0.00309123
0.00324803
0.070701
1.34629
5.65326
0.00658446
1.72024
0.00321896
0.00344812
0.0031463
0.0349331
0.965673
0.0101345
6.45229
1.80799
7.06414
5.95008
0.00352495
7.19299
3.8379
0.00317905
0.00322629
0.00321815
0.00440302
0.00320317
3.86177
0.00320817
0.00324181
6.61589
0.332754
0.00778508
0.022417
2.02929
0.952089
0.00806874
0.00346319
6.25764
0.00324546
0.807174
0.00325983
0.0035293
5.83534
5.68506
0.00873609
0.00350242
0.318549
0.00320667
6.65625
0.00325334
5.45505
0.0253556
0.710734
0.0355446
0.35808
0.360834
1.49091
0.00324286
0.00357245
0.0116159
3.16424
0.119336
7.35383
0.00322036
0.00457588
0.00556996
7.04404
2.85723
3.02644
0.00693463
0.00898007
0.212126
0.00322382
1.21999
2.5747
0.0170432
5.87798
6.21983
1.99254
0.00535003
0.396403
2.80285
6.68085
1.803
0.0188424
3.15704
0.0583459
5.12025
0.0918851
0.534082
2.54682
0.00324366
1.76499
0.00455973
0.0119194
0.00826838
0.0504089
0.00370944
1.33045
0.00322709
3.00853
0.0961438
0.0036132
0.239869
0.00323206
0.286319
0.118181
2.30627
0.454436
4.60639
0.246608
0.00321727
0.00319248
0.742304
0.0918101
2.91332
7.07698
0.00322443
3.83853
2.78145
0.0233295
1.99913
0.59224
2.34349
2.16731
0.0332487
0.00590159
6.99235
1.5019
5.94072
0.00321101
1.65117
0.00321601
1.30603
2.4021
7.50476
1.74641
1.89253
0.0105974
0.298473
0.00322135
1.47466
0.294953
0.00354184
3.28164
2.08552
0.00329907
0.454254
0.0111402
0.00400402
6.48176
0.00322434
0.0056562
0.022673
2.59662
0.0545235
6.53009
0.223798
0.00319877
2.0303
0.589492
2.33223
4.18227
0.00329844
0.479012
0.633791
5.13518
0.312868
0.00323924
0.0466814
2.07472
0.00491045
3.78941
3.18062
4.00103
1.75043
0.515223
0.510004
4.35159
7.22634
6.60285
0.304769
0.0236353
0.00387496
1.96595
0.0519779
4.87626
7.14892
0.00411525
7.45664
0.00318478
3.42346
0.00323805
0.0032212
0.573312
4.87608
0.0131433
2.16146
1.98189
0.00322193
0.00316107
0.0145227
7.61193
5.55286
6.09432
0.00322322
1.90209
6.02677
0.0343135
0.223503
0.0214307
0.00349369
0.00322079
0.00681818
0.00330592
0.00321648
0.00318968
0.00323257
3.14858
7.36834
4.21731
0.153655
0.00333996
0.00320103
0.00323554
0.00372876
2.59497
5.48953
0.111641
0.00668082
0.116954
0.376597
0.00321214
0.00322237
0.584796
0.00320954
0.00334826
0.0196446
2.36814
1.9208
0.0217023
0.133861
1.4651
2.46194
6.4088
0.00315105
0.1031
0.00321436
6.59577
0.00322039
0.0476418
0.00320179
5.96324
2.85283
0.00322467
7.16084
7.14722
0.00372493
0.183805
0.00817794
0.145045
0.262585
0.00323341
0.00675608
7.61499
1.18262
0.694924
1.90105
5.1297
0.0498124
0.00317528
0.00433073
0.00373719
0.0032025
2.34462
0.00322325
0.00321651
0.0745458
2.65576
4.32433
2.41806
2.03753
0.759657
2.91507
7.6524
0.00317331
0.00575091
0.00482281
7.658
4.0694
2.9894
0.11407
4.29608
4.48034
7.63665
0.00311863
0.0740387
1.44555
1.36981
7.57402
1.7083
6.03654
7.51233
0.00313983
0.00332888
5.33853
6.85188
0.100279
0.00341891
4.00995
0.031389
5.84114
0.00323515
0.0173403
0.0101084
0.142757
0.00314864
6.61168
0.167737
3.54061
2.86594
0.0037314
0.00322749
0.00315496
0.748089
0.00321809
1.68024
0.998443
0.00317972
0.00711005
0.0079432
0.0152948
0.00323336
0.00326968
7.55405
0.0033438
7.33916
6.2553
4.56374
3.88472
0.00324804
1.1259
1.5761
4.23213
0.00342047
0.0591406
0.183962
0.00319859
2.04302
0.00368799
1.58267
2.45087
0.00321814
1.45743
0.0254469
1.81648
0.0975521
0.016238
1.57127
0.00320006
1.88515
4.91246
0.0032257
0.399489
3.85589
0.00319151
0.00329362
0.00322569
5.68554
4.37072
0.064726
6.97245
0.00619674
6.04719
0.00414898
0.00321692
0.0691137
0.00313661
0.0502861
1.18323
0.00309687
0.00337799
0.0137853
0.176292
0.00467991
1.54141
0.00323171
0.0071644
6.59522
7.59771
0.0320779
0.00313677
6.61568
0.00323249
0.00315865
3.46497
5.93816
1.11497
4.83374
2.04279
0.00497449
0.00326899
0.00322939
0.947573
0.00601056
4.85145
2.03467
6.68848
0.0462556
0.00636019
0.336849
2.45637
0.418988
0.0318871
0.740714
0.00311018
0.270305
0.00322579
0.0773387
0.396098
0.00320901
0.00324166
0.477059
0.00313343
0.00660689
2.05652
4.03305
6.39229
0.0155773
7.12519
0.0119503
7.5318
3.08165
0.699122
4.024
0.267186
0.289431
0.00323327
0.003415
1.58044
2.52215
0.0386255
0.00307771
4.10113
0.00330225
6.3742
7.52063
0.0032312
0.00321566
0.00323025
7.65091
0.0582072
0.0030932
0.00383203
2.64976
0.00943849
0.00454895
4.28959
0.0101321
0.0342587
5.02412
0.00982744
1.11648
0.0153358
3.68952
0.00323201
3.61366
5.36771
1.97939
0.00321415
4.24445
5.75588
0.00322708
3.47906
4.3716
2.35105
0.0033282
1.66727
1.68918
1.71546
4.71325
0.00347844
0.0901465
3.71701
0.0120917
0.0595115
0.00827387
1.5034
2.50115
0.175076
2.07483
6.98373
1.29322
2.00483
0.00323031
7.20844
5.28893
4.45131
2.75367
0.594036
3.27615
7.43127
0.420985
0.0302495
0.00458302
2.78378
0.00323963
4.19002
0.865632
7.50051
0.00359963
0.00344729
0.0589343
4.74536
0.0389156
0.00727218
7.40335
0.00491101
2.51401
1.88686
0.0060629
0.00808162
0.907007
0.0130931
0.216962
0.00324677
0.718966
0.00328323
1.04481
0.0031815
0.00593112
0.00385727
0.0103153
0.00485771
3.73767
0.386768
4.07871
0.00356841
0.00395996
0.00666296
0.00335055
0.928296
2.11078
0.00317356
1.55493
0.00327018
5.045
4.45691
4.55156
0.00392336
0.00321527
4.67916
4.15432
3.08682
1.09372
0.0538676
1.69263
0.00321226
6.28442
0.00321042
0.300204
0.00997935
0.00319365
0.175941
6.22859
4.25474
3.83631
0.867176
0.00674791
0.00321137
0.00345771
2.141
0.0689249
0.00339179
0.00369478
0.843077
4.26519
4.817
1.19503
0.615993
4.1768
0.295495
6.20419
0.0166722
0.00623902
4.42996
0.00321077
0.00322021
2.30626
0.00371122
1.49597
0.00437645
5.8027
6.00114
0.00323497
0.00318441
5.31641
0.00372948
0.00321203
7.40948
0.54316
3.53288
4.76175
2.35966
2.16534
0.0058835
7.15265
0.154469
0.107067
1.62877
5.52149
0.00323863
2.23223
1.96718
0.00324612
7.21786
0.0345263
1.74279
0.00318719
5.00434
0.0453388
0.898806
1.7887
0.0119282
3.64139
0.00553763
0.0109487
0.141605
0.755576
2.26984
4.0022
0.00328066
4.64841
5.03065
0.0032116
0.00321904
0.00317248
0.00323692
6.87351
0.00320272
0.854083
1.97062
0.00325789
0.0152244
1.70242
0.0181176
0.00328511
0.00327117
7.28097
1.69123
0.00324609
1.93781
1.57315
1.8602
1.55834
1.57342
0.0145861
0.0200046
0.00320705
0.00375072
0.905049
7.34983
0.00322681
0.254979
4.53135
0.709999
2.85988
1.59095
2.60885
1.05184
3.11136
0.306028
5.01537
0.192376
0.00396018
1.47392
0.00324895
0.765274
1.97636
0.0055525
0.00348047
3.42828
1.17032
6.7016
5.95993
0.0031865
0.00971597
0.0369118
0.372988
4.53524
0.00320903
0.00322081
0.00330613
0.17326
0.00322264
2.06897
0.00324004
0.00317686
0.0949569
0.00359461
1.7965
0.00346417
3.16904
6.33332
0.792827
0.344893
0.349614
0.0334899
0.00382248
0.0139646
0.00715681
1.94187
6.91602
4.83139
3.97862
3.00805
0.0031288
2.71736
1.95019
0.0104815
0.00321893
0.00323571
1.42113
0.00360784
7.17877
1.14625
1.85208
5.2349
0.00388429
7.54571
0.00350161
0.432263
0.00360122
0.02525
4.51383
1.89928
0.0032629
0.352458
1.76588
1.96267
3.68003
1.86169
0.835224
7.62539
4.07954
0.316539
3.70816
5.34779
0.00323029
0.0554283
0.00314383
0.0055121
0.00667612
5.74821
0.0880025
0.00330346
0.00444756
0.386891
7.58112
3.56864
0.00323168
5.92653
1.1388
0.223932
0.0031889
7.61889
6.12014
5.84116
1.81849
0.00316443
3.34263
1.18774
2.05759
2.03972
0.337457
2.43649
0.00354523
0.152254
4.36121
1.88465
0.134703
5.40478
0.00346614
7.3244
0.00503107
2.56848
6.43449
1.57705
3.44253
6.45699
3.77858
0.00317393
4.10872
0.00522678
1.60409
0.00552679
0.165742
0.00323326
2.04074
0.00319076
2.62025
7.03247
3.24798
0.725108
0.00345333
0.00951248
0.00322369
2.47128
0.00327315
1.6045
0.120408
0.131492
0.00324241
0.0036528
5.58
3.92565
0.0568105
0.82958
0.00319155
0.0032724
0.0200604
0.0144515
0.00318467
0.00317374
5.00418
0.00950798
2.38506
0.00369827
4.00207
0.499779
0.00308216
0.0371677
0.00358298
1.87553
0.0101717
1.89545
0.0032173
0.00577994
1.05453
0.0077758
0.00332665
0.00323721
4.64438
0.003244
0.00322137
1.62647
0.214431
0.00317235
1.86825
4.35563
0.0225763
0.14958
0.00375678
3.88055
6.42011
0.846034
0.00686053
2.46514
0.0176419
0.0120752
7.43248
0.00340325
4.06134
3.92649
4.50947
3.85288
5.84262
0.00316015
1.10212
0.833422
2.04383
0.0491767
2.02821
0.00385713
0.0038548
4.78164
0.207926
0.00357351
4.92642
4.90952
0.00322757
3.82814
2.16234
0.00447619
0.0970272
0.00322507
1.37913
5.33171
1.33787
2.52152
0.687639
0.00375196
1.71781
0.00321768
7.65759
5.02061
5.71259
4.36294
4.30717
4.51477
5.02552
0.0231199
0.00321729
2.0566
1.19574
0.00318372
0.00320179
4.52884
2.07114
0.804571
3.80308
0.00330954
1.45173
0.00318054
4.37329
0.0109839
6.65404
1.417
0.00410774
0.0032863
5.97458
0.00345817
2.77473
0.00349935
0.827513
7.26923
0.00319994
0.292339
0.0056746
0.00565558
4.1894
1.69892
0.00540591
5.13139
3.67007
0.093061
0.00490722
2.87752
0.195761
1.86278
2.48922
3.42515
0.00332604
1.45315
5.40695
2.67136
4.3163
0.0226866
1.20477
0.0032193
1.72208
4.49269
0.135332
5.02095
3.83156
1.43371
5.33385
0.276727
0.040888
0.0078897
1.97281
0.00322115
0.0386498
0.00361985
0.00321652
0.00322661
1.06094
1.3674
6.96584
7.35322
6.50119
5.54838
0.00321445
0.00632838
3.96218
1.97709
4.37052
0.00319019
6.89315
4.42589
3.27046
2.08468
4.69677
3.62042
7.33152
0.170932
0.580249
0.0706111
5.91865
1.43151
0.00555696
0.00330728
2.18462
7.49774
5.53247
5.60666
0.00317892
1.69445
0.003196
4.33852
0.0035994
0.401772
3.37426
0.00316277
0.1007
2.00116
1.37975
0.00324041
5.45907
0.00319783
0.00331687
0.00317901
2.52018
0.0031829
0.014503
2.08281
0.364701
3.80644
0.00313612
1.72345
0.935883
0.00321497
0.571745
1.74625
7.64019
0.666514
0.0630532
1.97291
0.953037
5.29877
2.20546
0.102993
0.00314304
1.24263
0.0417968
7.32836
0.0671442
0.0032435
2.91664
2.20922
5.2122
2.87624
2.02363
1.71558
5.6946
0.00321571
0.00339305
5.69188
1.45599
0.00320199
0.00322462
6.64854
4.25763
5.66325
0.00692925
1.48438
7.32456
0.00448034
0.0204193
0.00498145
0.819767
0.502729
0.0126864
0.00320383
0.617791
0.00369007
1.50434
0.00973329
0.00324538
0.188702
0.799122
0.471451
0.0106268
0.00418389
0.0784066
0.00376413
0.00318937
1.90285
0.248137
0.0219729
1.53785
2.17642
0.337854
5.93649
0.00347424
0.908887
7.40984
0.00405917
0.06559
4.60402
0.0113966
0.432315
3.31011
0.0342948
2.31252
4.03003
0.387199
6.8788
3.55837
0.00324797
1.4537
2.21153
1.91616
0.00345387
0.0032317
0.671839
1.94346
0.00323373
0.00909823
1.75595
0.00438312
0.00327231
2.89361
1.20437
1.24633
0.0625868
0.00326863
1.55719
3.8897
0.00326502
3.92856
0.117193
0.324179
4.25035
4.71723
0.429358
3.99847
0.00324593
0.49775
3.46359
4.03914
7.08693
4.86484
0.00321224
1.74736
0.993805
0.00321324
0.00317721
0.400988
0.00986794
0.0927907
0.956771
3.9188
0.00506515
5.31577
4.45102
0.00512535
4.45054
5.62629
3.73895
7.32512
5.72521
0.985474
0.00339846
0.00322379
0.121214
5.85447
0.00872832
7.58493
0.2526
0.49208
0.00359536
1.42063
0.660462
0.00519348
0.00332621
0.0079981
0.00535719
6.99427
0.00409852
4.21518
0.524895
0.00318528
0.00347872
0.0685749
0.0991891
1.37235
0.0118818
0.0350602
3.93718
0.00330083
3.4926
2.10614
0.523605
0.00323037
2.90143
2.29482
0.00549149
1.17209
0.00332094
3.0259
0.00498942
0.00520497
0.00318068
3.31141
4.85109
0.630637
2.00711
4.51759
0.0116712
0.00678272
3.72914
1.42624
6.19243
0.0040174
2.61451
4.5906
1.81754
6.38309
0.0941489
4.30354
4.71149
0.0284587
1.3381
6.85265
5.18681
1.84688
4.97607
7.52134
0.00320619
0.013205
0.242758
0.00380578
2.15132
0.47767
3.88477
0.00322935
3.31798
0.84213
3.3699
0.00322012
5.1981
7.07087
2.55342
4.4166
0.0031227
0.977372
0.00556385
0.145063
0.00323404
0.0032727
6.73391
0.295418
0.00340157
4.28931
0.0112592
7.53993
4.13946
0.0128446
6.72992
6.90291
0.00331956
0.00441524
2.49966
2.5443
0.0131473
7.47365
0.496689
4.76446
0.00323308
4.14994
3.77462
0.0848909
0.230825
2.81359
0.00314073
3.03333
2.22304
2.46169
3.1498
0.00323629
3.63673
0.795684
0.00327994
0.161835
0.013622
0.011922
0.00336436
0.344095
7.5837
0.00333198
0.190484
1.66568
0.003201
0.010053
1.79906
0.00384092
3.51248
0.00320479
7.0918
1.72239
2.12319
1.66612
0.421392
0.048709
6.01528
0.745662
7.04276
0.00321102
3.50676
1.57815
0.0397981
3.92792
1.69226
4.65824
7.43594
1.34166
1.29623
0.00323104
0.00543876
1.61696
0.527542
7.18991
1.08079
0.0119241
0.0370355
0.0668795
0.0834577
1.74571
2.0086
0.801069
0.00350903
4.98475
4.34363
0.0034616
1.83284
0.00721315
2.71655
0.00323921
5.40422
0.00322103
0.459207
0.500772
5.94927
0.00350401
0.0700898
0.0556197
4.03858
1.36818
0.00579704
0.00527267
0.00322485
0.0089317
0.0035058
6.16085
4.77922
0.00317941
0.00321351
3.73769
0.00341572
4.6339
1.8321
0.716503
0.00325866
3.85435
4.285
6.04954
2.22876
1.82385
2.29755
0.00409061
0.00317976
5.812
0.0127806
0.00321149
0.00321403
3.99875
0.00336088
7.5165
0.00321734
1.32254
5.93598
1.53477
1.75548
5.22073
0.00318074
0.579109
4.35817
2.70165
6.16795
0.00332264
0.00404191
0.0572223
7.59437
3.73459
0.00329341
0.00536247
0.0466907
1.77772
6.70565
1.78077
0.00335861
1.1761
6.63004
0.0653142
0.00322055
0.0313152
3.85708
0.825737
1.78451
0.356659
0.00316586
1.18218
0.0114113
1.9318
0.00322837
0.00350339
7.39196
4.06944
7.55601
2.06233
4.02167
2.57225
3.87361
7.31792
3.72814
4.15033
0.00359588
1.46575
4.03708
0.0183994
0.00325338
0.00449883
0.237853
0.00351814
5.54221
3.45107
4.04257
0.0675307
2.45838
0.0155022
3.68287
4.84297
0.00512773
0.36957
2.68733
0.00355875
5.07586
0.639462
0.00322899
1.97507
0.00323676
0.00341115
0.00525889
0.90192
0.539428
1.48869
0.00316952
0.550809
2.46538
2.16381
0.00947146
2.06245
0.00323961
4.53532
0.375052
0.00311374
0.00572296
2.77771
0.00742996
5.29521
0.0087531
1.09777
0.003666
0.0054687
0.254544
4.81127
3.5394
0.00320137
0.00337892
0.00366636
0.00348292
0.00319345
1.70983
0.135073
1.77557
4.44579
0.00316652
2.18827
0.0032242
1.48519
1.77853
4.56529
5.13004
0.0588766
1.31866
0.0814149
0.00322804
0.241693
3.4544
0.513413
0.0109198
0.0745291
0.525116
0.00326455
7.19349
0.0544603
0.00311956
0.0344665
4.92339
1.99502
1.52125
3.20457
6.9241
0.217438
2.41804
0.0269949
4.77833
0.408452
0.00477246
0.00336535
0.997052
0.00378886
2.30251
1.907
3.39125
4.12792
4.28263
0.00323387
1.98556
0.0136742
0.00383664
5.75128
5.63818
0.0259922
5.31386
6.93872
5.0948
0.00374632
0.00399929
0.00949764
0.00321848
1.19106
2.65342
0.00319761
0.00327013
0.318397
0.00343402
2.21416
0.0211418
1.89458
0.00323498
2.78116
0.0432904
1.79262
0.00321571
0.00713307
6.73772
1.30727
4.34592
2.57706
1.8069
0.0297285
6.23959
6.26882
0.00323142
0.00544635
0.00321917
7.13856
0.0715023
0.212881
0.0103794
7.63711
0.344892
0.00610792
0.0105963
0.640141
0.00323519
0.839158
0.00408941
5.92983
3.82394
0.00391974
2.72116
0.00314517
3.80988
0.037562
6.88561
2.23007
0.0257018
7.37006
6.86849
0.0032112
4.0724
5.96779
0.00520975
0.0179192
4.88479
1.95607
5.64243
0.102725
5.34951
1.76297
4.97108
5.9661
0.746188
0.00320798
1.00149
0.00440412
0.245033
3.70415
4.13376
3.97
3.03614
6.70265
3.8573
0.00401678
0.527478
0.032199
0.00560952
1.41331
0.0145232
2.18282
0.00329367
7.48812
0.0516019
4.91256
7.05956
2.16588
5.73461
1.96784
0.00353808
2.19027
3.03269
5.34979
5.74621
0.00728267
0.606366
0.00455312
4.1115
0.214982
1.73435
0.00321913
2.34696
3.41402
3.21974
0.00377375
0.00423687
0.00346151
0.0677249
0.0820431
2.30104
4.72385
0.114768
4.99315
0.084963
3.75165
0.00320815
0.0386606
0.263322
7.42056
4.19229
7.09057
0.514191
0.224415
0.00321526
3.68758
0.682721
2.43282
7.46366
1.73237
7.46818
3.79275
0.00317043
0.697704
0.00379268
0.0119181
0.0578718
0.00700971
0.00348417
0.214204
0.00763305
4.43386
1.64047
1.03264
0.00917952
1.75237
5.14991
0.00414225
0.0056724
6.75913
0.0577469
0.00321677
1.94115
6.46209
1.74326
0.568984
0.00672243
0.207947
6.88421
0.0210125
3.38525
1.91008
1.55827
4.19326
2.92179
0.0031933
0.137859
4.66263
0.202664
0.312978
0.00546913
1.06347
0.038969
1.00568
0.00326632
0.0033725
0.779742
0.0700882
6.24857
0.00899766
5.4956
2.4954
0.209864
6.74086
0.0087555
1.92133
6.86803
5.96887
0.00315678
2.53841
0.00344486
0.0032326
0.00664188
0.00317262
1.7359
0.00336718
4.50095
0.00524361
2.4659
0.449861
0.00322953
0.718127
0.00316774
2.50189
0.0031613
0.201373
4.02392
1.86268
0.00321054
7.53641
1.02765
3.28433
5.66012
1.307
2.9844
0.0063758
3.94633
0.118006
1.53888
5.55637
1.762
0.00366645
0.0036353
0.00456791
3.09088
0.525927
0.153666
0.00347143
0.00385064
0.00326916
4.53421
0.154337
0.00318137
3.45389
0.00320149
3.98726
4.46712
0.58599
0.00322219
3.42957
4.86131
5.34577
2.43381
3.52165
0.00319193
3.90536
1.30447
5.34851
0.0044571
0.425373
1.4296
1.63131
0.0285622
6.28222
0.869477
5.64347
5.05999
1.89672
0.700426
0.00343322
0.00311887
0.253544
0.198004
5.22659
0.353725
5.34019
1.85668
0.00385958
0.0640931
0.00355342
4.15386
7.49975
0.279699
0.00320117
0.00321618
5.54611
2.52496
3.0973
5.7247
0.00321031
7.10947
0.00546176
0.00396396
6.67041
3.56181
0.00321248
1.97051
4.47271
3.30307
0.00700506
0.00529512
0.526012
0.00311286
3.80973
2.80448
2.89744
0.00322656
0.00322225
2.42955
1.07565
7.04904
0.00322484
1.10416
6.48218
0.0378994
0.00661043
2.23114
2.26414
7.33239
5.96525
1.90643
0.325231
4.56533
0.00427047
5.76661
4.50067
1.21063
0.0439509
2.8048
0.00955818
0.00319029
6.22218
0.450224
0.00318517
4.47957
2.84102
0.00318509
0.142106
5.46166
0.0109517
2.26866
0.00327511
0.00370218
2.45893
0.0145364
0.551253
0.169026
0.00314959
5.61283
1.64814
1.35914
1.33919
2.54731
0.690441
1.76474
1.57583
0.00320962
0.00330002
1.39505
1.74684
0.244181
2.71414
4.42937
1.71658
0.0090549
0.00330908
0.00338914
0.00327934
2.68231
0.918161
7.49258
2.59152
7.25136
0.363374
3.10489
0.883103
0.00337423
0.00401809
2.1771
1.1544
2.16608
2.38911
4.8525
0.0208913
0.00323501
2.94623
1.3445
1.30248
0.0091265
6.06391
4.62836
2.84358
0.015396
0.00332843
0.00609273
2.72741
7.56819
0.00743821
7.51415
0.0284978
4.07877
0.210896
0.0058882
0.00324546
0.0568647
2.49253
0.0287165
0.93116
0.0503815
2.0225
0.00318521
2.46225
0.233248
0.00322524
0.00322392
3.435
5.65522
1.62479
7.54754
1.7889
2.65107
1.5871
0.00396159
0.76052
0.00326087
0.00317452
0.00627693
3.11318
2.2447
6.62802
0.0491947
4.59516
1.68546
2.60514
2.03286
3.47879
0.00458712
1.96339
6.92201
2.52287
0.00659217
6.44297
0.00499098
0.0428561
1.11344
5.59102
4.49216
4.38091
0.0103316
3.1996
0.00401647
5.06666
3.02333
4.10599
0.00315208
2.68959
4.27917
0.0208289
1.69012
2.32296
7.35451
0.900683
0.00358348
6.84235
0.996983
0.00337489
0.00321002
7.52247
0.311443
3.20027
0.00311433
0.0620849
7.07781
7.52084
2.26303
0.00369648
4.46757
4.82056
3.40125
0.00320635
0.12051
0.669451
7.12149
7.07349
2.2374
3.31163
0.00354073
0.915144
0.728406
1.78225
0.00329894
0.0614249
3.60741
0.00319304
3.57444
4.43453
3.63159
0.00314173
0.00314481
1.1651
1.79877
7.12412
1.83248
1.04543
0.00320273
0.00475285
0.00534979
6.42134
2.4432
1.5832
0.868455
7.50215
2.26923
5.26737
7.41922
0.00320857
0.167327
2.90955
1.9409
6.11477
1.4248
3.71424
7.11852
5.26821
2.40037
0.00322206
6.66762
4.90705
2.6973
6.89824
4.13198
2.46797
0.00387027
1.14125
7.48187
3.29524
7.08522
3.5873
5.07518
5.40958
1.81194
4.08228
3.40178
5.35771
6.53549
3.52757
0.00321669
4.25402
0.0729184
0.200287
0.00338946
7.42555
4.62969
0.00364902
0.457389
2.46455
3.08385
0.0126236
0.00321121
7.13321
2.77735
0.00329707
4.22744
0.0031744
0.859668
0.237949
7.30923
2.18368
2.53448
0.00321335
7.36992
2.29329
0.00469405
0.00319576
1.78935
1.84182
1.71064
0.615184
2.46776
2.59345
4.53779
0.282635
0.104763
0.00322742
0.00330362
3.61291
1.85513
2.42509
1.87225
0.368132
0.00324419
0.00318739
6.8682
1.49772
0.589133
0.00471791
0.00344974
7.49203
1.85398
4.57708
0.00312045
2.27507
0.551828
4.93936
3.41747
2.90112
0.00603458
0.00395998
0.00382683
0.00331673
5.65575
0.00321917
1.71727
2.84328
0.893201
0.0482341
1.37964
0.00559843
1.19512
1.05821
0.0170125
0.00395836
1.6925
1.38296
0.00324066
4.44863
0.00608028
3.24355
0.0621826
0.00372345
6.61377
0.00549818
1.99399
0.00312962
0.00390408
6.38802
2.57516
0.515798
0.0378134
0.00322916
0.780633
0.00317282
2.70916
0.00398603
0.00654882
0.00320495
0.0352002
4.49654
4.90193
1.74138
4.80599
7.5923
1.13869
0.519147
6.51268
0.0056848
4.69496
1.08736
0.00590378
0.0340477
0.00398073
2.05362
1.8256
2.52484
0.28553
0.0366916
0.690912
0.0038786
6.31594
3.67265
5.01636
1.84401
0.00319352
0.871462
0.22554
3.58803
3.43618
1.50197
2.03321
0.00321125
7.34006
0.509015
6.4925
2.37385
4.13478
5.37127
0.0740649
0.276462
0.930144
0.228815
0.00457691
7.47145
0.0698081
0.00866768
7.02431
0.85386
3.83213
6.80908
4.94671
4.33156
2.89005
0.841097
0.00307448
0.01378
0.00313632
2.93849
6.18346
1.87655
0.0283376
0.019798
0.00322841
3.62041
1.76567
0.144454
0.00321708
2.09299
0.0034905
0.00765991
3.0051
6.77941
1.41049
0.180848
6.95591
0.00389029
7.40296
1.784
2.02027
0.00322702
1.24585
1.41208
6.19375
2.50407
6.91647
4.48235
5.8931
0.0148711
0.039012
2.56209
1.8552
0.00324051
3.64102
0.0032047
0.00317268
7.39004
0.0033169
3.28037
3.68361
0.00346503
0.00409238
1.83394
2.79151
4.84473
6.65326
0.00437058
0.00314276
0.00319822
3.26774
7.39592
0.205947
0.00322023
0.0078564
3.40412
1.21335
1.1612
0.00326419
2.53917
1.83308
1.56272
6.87179
4.28915
3.22888
0.00314059
0.615325
0.0037787
1.3902
7.52733
0.00344791
0.00999075
0.493545
0.00378551
0.00769709
0.0485557
2.17161
5.16307
0.00372774
2.88551
6.06811
0.00992324
1.22811
0.167079
2.46035
0.195858
2.51826
0.00324118
6.13367
0.00400116
0.545506
4.40371
0.00402819
0.00347482
0.0240478
0.0482115
2.06311
2.14123
3.70604
3.31882
0.0958856
0.00323056
5.59316
2.98885
5.9427
4.08385
0.00470711
0.00335545
1.45282
1.92434
0.52075
1.37941
1.95422
1.71853
2.23165
5.27885
0.0550157
0.464882
1.8642
0.00954414
0.0271846
1.14844
0.00330667
4.80215
0.00417998
0.854285
2.25217
0.0732284
0.00367764
0.00373529
5.24249
0.681248
3.4385
0.00321378
0.00458045
3.11885
2.22473
0.00671531
0.0191074
4.69613
1.86131
7.53454
1.50856
0.0213011
6.1326
0.0032249
0.00357148
0.00348633
4.69826
0.00324557
0.0032331
0.00319456
2.03545
0.207043
0.0032461
2.08237
0.0032097
3.20768
0.00403969
3.32242
0.00318249
0.0339264
3.88021
0.670204
6.71866
1.80362
1.4743
0.00320606
5.11821
1.39999
0.820172
5.17946
0.00333497
6.01544
0.00320415
0.0136724
0.0294554
0.0284836
0.628553
4.37783
0.00321091
0.242994
0.117886
3.75321
0.00322093
0.111748
0.0031937
0.0237233
4.23995
1.69578
0.0654475
4.01367
0.0851686
0.00326041
6.88398
0.0891599
2.43341
5.25933
0.0307241
5.85558
2.64549
1.16305
3.36295
1.85237
0.00315206
0.00325313
2.31097
0.00322844
3.30168
2.83238
0.0037079
3.11986
0.00323344
1.70366
0.0175886
0.00313129
0.00332923
1.98335
0.22066
0.0033712
0.00795281
6.47663
7.39087
0.00321375
0.858563
6.21744
0.00324424
0.00510844
0.00350823
3.53727
3.36646
0.00334752
3.48908
0.00317747
2.75843
1.33707
0.619732
0.00322427
4.12786
1.7498
3.26572
0.00732599
0.00321359
1.80631
0.0595374
0.40984
0.00321625
0.071813
0.00324972
0.125162
2.50089
0.0473451
2.7739
0.00321157
2.81687
1.51336
4.6486
6.24532
0.00308503
0.939618
5.43928
3.20819
0.042448
0.0157738
0.180179
0.999706
0.00319179
0.0709119
3.85437
4.72948
0.0274325
4.94769
0.0137144
0.0038368
4.67231
2.66298
1.35304
5.24134
0.00324454
2.25194
0.074789
0.187382
5.08154
0.00350245
1.93013
0.18706
6.16683
0.00320448
6.58857
0.00327948
2.93117
0.00871003
0.678927
6.22843
0.00511661
0.663847
0.00321505
0.00338784
1.75549
0.520234
2.78104
0.00363203
0.00318525
0.00321181
7.56558
5.18073
0.00320332
0.00320689
0.00323644
6.87901
3.03959
1.47177
7.4472
1.92232
6.72586
6.64931
0.697934
5.08994
0.00315707
3.23986
2.29143
3.15153
0.0034647
1.9376
2.16398
6.633
5.42614
5.83005
0.3067
1.6917
0.324357
3.76959
0.00359265
0.0048978
7.41946
0.00313974
0.00319328
7.55536
0.00654991
2.97202
0.0032259
0.00592928
5.13988
2.13512
0.00468902
3.37452
0.00319863
0.912514
4.71658
1.35217
7.39787
1.83592
2.09234
0.0995102
0.610338
0.264083
0.00315412
7.58013
0.00351234
0.00348428
0.00321731
2.17323
7.54621
0.00330249
2.25654
1.96078
0.00458913
0.0265676
0.00366832
6.2539
7.3935
0.00816809
0.137603
0.187424
0.00464863
1.36061
1.45906
0.721174
0.00328393
0.00361384
0.892839
0.00807082
0.00324879
0.388556
6.90153
1.27423
0.0170944
4.97764
0.0547596
0.00570519
0.0032081
0.0148885
0.328996
3.47615
7.64568
3.71436
2.71298
5.37038
0.00345293
0.00460031
0.00319846
0.0309788
0.0150488
2.20814
6.8617
0.00326754
1.4218
4.9208
3.06407
0.0436354
2.04922
0.00498496
0.00319965
2.51691
0.00351988
0.00407909
3.48503
0.255965
0.00488523
0.0111394
0.00444726
1.79487
0.00974574
0.190646
1.57659
4.34954
0.0712067
2.57214
1.15069
0.0841826
0.0031767
0.00316562
0.00363796
1.75884
0.003879
6.66122
0.010537
2.47711
1.9152
0.00308041
1.62065
5.77224
1.57274
1.38318
0.588549
1.36137
1.07798
6.83133
0.00397897
1.57642
0.74189
5.0235
1.32021
0.370624
0.0851349
1.70246
3.77319
7.559
7.35488
0.00320398
2.38043
3.08549
5.95495
0.00311127
2.77632
7.57942
6.5889
4.83355
1.73981
3.10553
0.00464974
0.709265
0.00327113
2.05268
0.00326301
3.57641
6.77453
0.0072339
5.26497
3.2423
4.38654
0.00321163
0.342606
2.04882
2.26095
1.79355
6.35674
6.49647
0.710661
0.00338145
0.752443
0.00465707
0.00315645
0.442079
0.00678596
0.00435375
0.15418
6.71763
1.70155
0.00328078
0.070864
1.93366
3.10418
0.00331157
0.00324131
2.20404
0.247939
0.00321375
0.00451945
1.17298
7.46446
0.394097
0.0342335
0.120804
0.00323672
7.23667
0.194895
7.07441
0.00330574
0.00330123
0.00363848
2.15874
6.33934
3.4474
2.19301
0.028491
7.48817
5.38661
0.0270212
0.00326249
0.636718
5.44541
1.39678
6.74393
5.44137
0.00354415
2.19618
0.994609
1.69086
2.64775
1.95942
0.00443154
5.44414
0.00324829
1.76968
0.00314142
0.101716
6.85573
0.00320393
0.186772
6.82016
0.00337735
3.14735
2.10388
2.37438
0.15172
2.0118
2.06725
0.00393244
1.97208
0.00321585
3.62761
0.00322897
7.37286
0.986894
0.747654
1.59429
0.00321434
5.62845
0.127288
6.78379
0.0059497
0.342793
1.04555
5.91082
7.25265
0.00324008
0.0148673
4.67677
0.192533
0.00439544
2.39556
0.200637
1.56471
0.00375712
5.44101
1.03373
0.0340459
1.73196
4.42642
3.52751
0.792761
0.163899
2.28258
0.517371
0.0245473
0.00318873
0.0690257
1.38964
0.0833279
0.00321738
3.29829
7.08669
0.720512
0.0214449
0.00321653
1.62886
1.82463
1.89603
0.0449296
0.191853
6.89549
0.0168841
0.215596
1.83476
4.25498
4.68724
7.03082
0.00320108
2.88131
0.00362608
5.9908
1.97004
7.33976
2.4429
1.64788
0.00668274
0.00331083
3.99406
1.93138
3.14941
0.00570559
0.00323921
0.0926275
7.31084
0.00321759
1.34575
0.791327
0.0250258
0.00331385
7.56272
1.92381
6.70822
0.239006
7.50535
1.79764
3.13471
0.00322816
0.1837
2.59981
2.20148
0.207494
0.0514542
1.73938
0.003218
3.3648
2.15438
0.00751513
0.00434638
4.18851
3.27437
2.12078
2.17568
3.81564
7.41478
0.0378342
5.68721
7.1708
0.443299
0.0332351
4.22271
0.0060926
4.68535
4.04651
0.50829
0.00986953
0.00337822
7.63722
4.38659
6.33547
0.00322691
2.18581
5.4518
1.01215
2.14494
0.00330576
0.0035164
6.15218
2.88858
0.00386113
0.00803239
1.93558
4.32265
6.44267
5.01156
3.23107
0.00321692
1.98258
0.200853
7.40914
3.49096
1.89106
0.528628
7.56487
0.00387958
0.00353753
4.13281
0.363181
0.00341369
0.189347
5.28705
0.541733
3.70646
0.00909824
0.003805
3.06971
1.92131
3.54693
0.00860666
6.51717
0.00318839
2.50358
0.00350222
0.0202686
7.23111
0.0033062
0.00850514
2.5234
0.00332555
0.00336972
0.00308531
0.0031953
3.82545
7.54329
0.00420341
0.905951
1.32002
0.264214
2.20097
0.00411868
0.00336411
0.00590909
3.99891
4.82481
2.05483
0.00699665
0.0140124
0.00513771
6.54578
0.177698
1.73054
0.653688
0.00342027
7.27797
1.97254
0.00440776
3.91075
2.55748
0.00320318
0.911258
0.0272741
0.00323638
7.47829
0.0961469
0.144476
0.922135
0.00332361
0.00576172
4.41558
2.95406
0.00338053
0.00325653
6.90277
0.00356122
0.00323751
0.00315928
0.00330207
1.92141
0.103754
1.92142
0.334158
5.91753
1.7016
3.16223
5.90891
0.084477
2.60672
0.182972
3.87468
2.35393
3.40416
1.87383
0.704907
2.19964
0.00320065
0.00379145
0.106934
0.00329901
0.203876
0.213025
0.00322545
4.11325
0.0388853
0.454324
7.13622
4.94605
0.00313728
0.0372973
3.51184
0.02892
0.0174396
0.00323319
3.19019
0.320775
2.04257
2.92076
0.0578395
2.94035
0.0254072
1.72531
4.16272
0.00323183
0.202949
3.13032
0.0451322
2.11585
1.89591
7.30225
3.77726
6.16046
0.00322113
0.00324528
0.0032039
6.39144
1.35867
1.06007
0.00321697
0.00430116
3.45046
0.182376
0.00364685
5.37786
3.79843
0.00459707
0.074192
5.20292
0.00334211
0.0465744
0.00321637
3.42095
0.00572339
0.00320537
4.0157
2.20349
0.00316467
0.946979
0.13416
0.0031835
0.143296
0.624754
0.00364608
0.0570057
3.87393
0.0620631
0.00322794
0.00326014
1.39455
0.00402548
6.67434
0.00439849
6.23235
0.00315065
6.09516
2.21341
0.0706837
3.46567
4.41336
6.86901
3.14806
4.6773
0.47329
0.00319349
0.00323128
0.00319067
0.676856
3.88429
7.49145
0.00311624
0.00723537
0.247903
0.00326102
4.78656
0.398842
0.00345353
7.59041
1.1907
0.96786
2.04196
0.909637
0.701692
0.230197
4.46106
3.54789
0.771901
0.00332788
0.00322545
0.0989664
0.00321988
2.37866
6.00349
5.39637
6.9701
0.00317592
4.50368
0.00400486
7.34194
7.00026
1.39241
4.09551
0.0326193
0.835396
0.191418
1.6097
0.887808
0.64445
5.48502
4.2436
5.76952
0.00561304
6.93229
0.0660452
0.00386939
0.0147104
0.00838937
0.0930857
0.578421
5.47764
3.92735
1.32789
0.00441596
4.28638
7.08715
7.30931
0.00400478
0.00683079
0.0033001
5.78157
2.33036
0.330826
3.97091
0.092128
1.30456
6.03105
0.842802
4.13462
0.00458048
0.00419216
6.18919
0.00314233
6.72141
4.46857
1.53617
4.10761
2.51093
2.35507
5.1763
3.82348
7.43087
0.00454926
0.00320849
0.00314254
0.0103906
4.60538
0.884495
1.65522
5.48259
0.0460646
0.00312039
0.00330579
0.00348783
0.00430648
5.94417
0.0033916
0.0493608
5.07511
0.00315703
0.174131
1.87768
1.28832
4.4217
6.03495
4.68934
4.56201
0.752034
7.33374
2.04312
4.41234
7.337
3.3733
4.9332
0.580089
3.71332
3.16341
0.00325448
0.00323993
5.66541
1.89904
1.88113
0.0555549
0.00323906
0.00325045
1.81406
2.40021
0.0356808
0.0739039
0.112184
0.00354148
0.0237468
0.00323906
0.00321304
3.44313
3.60776
5.78411
0.00339842
0.00413624
0.00341029
3.51848
5.84787
0.00327467
0.0402024
6.87778
0.00321875
0.00320253
0.124949
0.760656
0.29914
2.60012
0.00321464
0.133843
0.00316911
0.00803037
0.0994051
0.370612
0.00324285
0.0440027
0.00389753
0.194262
0.00324391
0.00313771
0.0500924
2.66749
6.04647
1.42694
3.19664
4.08041
3.12402
1.53973
1.32833
6.6917
0.933602
0.00442242
0.004432
6.04151
2.10347
0.499367
0.0100007
0.0312274
7.07457
0.443975
3.84637
0.00322503
0.947615
0.0258081
0.00353038
5.73802
0.00490549
0.618307
6.77709
3.74913
2.56039
1.68686
7.34118
2.5778
3.2845
2.73054
5.06451
1.85943
0.524016
0.00391693
0.00726346
4.69733
0.610963
0.0610841
1.50139
0.00311589
6.48014
0.00325663
6.58689
0.75845
6.29735
3.00072
0.00320245
5.50144
0.994932
1.96481
0.00369121
2.85208
0.0837459
3.04596
0.00317234
0.00321318
6.5254
0.0841792
2.12998
3.79534
2.57951
0.970102
0.0053555
0.0031132
2.00678
0.383368
1.11572
0.00322524
3.24023
0.00465537
0.0101795
0.00383655
3.82859
3.88734
0.0121482
2.15384
0.0543281
0.485953
7.17509
0.222258
0.00573117
1.14015
6.67023
1.40208
0.0032375
6.34145
5.29851
2.73364
0.00328326
0.540067
0.00369931
1.33301
1.67545
0.0291176
0.00382454
0.303295
7.05427
0.38769
0.266738
0.0335972
5.08773
0.00355178
7.01038
4.39372
2.30664
6.31959
0.575854
2.31837
4.20199
2.03776
0.00417064
0.00338333
0.00432957
2.04125
0.00389548
0.00321545
5.50462
0.0032466
0.00333048
4.0856
5.9113
2.95558
7.52323
3.46062
0.00462247
2.05884
6.21527
0.00317929
2.64392
0.454691
0.00509445
0.198108
2.85604
4.52552
3.9081
1.7875
0.00311274
2.28762
5.18409
1.9067
5.88631
6.323
1.17695
1.78084
2.18024
0.00333803
4.98207
1.77206
1.83983
3.64205
0.00768448
6.77937
2.44119
0.119077
0.00416949
7.26191
4.15373
3.97623
0.0618313
0.00355315
6.70733
3.53898
0.788366
3.02722
5.11488
6.39833
2.04152
0.00595477
4.49762
2.16516
0.427613
0.00388013
0.00322152
7.2717
1.05165
1.8571
7.15456
0.00501685
3.81391
7.50027
4.30043
0.00317095
0.00322779
0.597239
4.77226
0.240769
1.99053
1.80003
0.00465453
0.00336743
0.884274
7.1423
3.49517
5.6473
3.31239
1.4814
0.00316332
0.664432
6.48265
0.168733
2.66388
0.00321402
0.00319477
0.00346678
5.04616
7.19262
7.31762
1.63909
7.49437
0.0129418
4.63782
1.23396
3.73862
1.76704
0.0723875
4.37564
0.0031897
5.98029
5.97599
2.13837
0.0139961
0.00434594
6.68333
0.0402927
0.304772
0.00319485
7.63535
0.00322455
5.78179
1.8644
0.527146
0.508323
0.0629373
0.30735
0.00322713
0.0040329
0.0578938
0.00333593
3.17483
0.00324701
1.98827
4.16486
4.97668
3.9093
0.00331956
4.65088
0.0312155
0.18341
0.00814278
4.21073
0.104188
5.45192
2.66573
0.00314653
3.03305
0.00324526
0.883317
0.0416742
7.61076
3.14706
1.42245
3.79665
6.93254
0.331307
6.76047
0.93615
0.00452594
0.00321926
6.93788
2.13518
1.44646
3.35076
5.26308
7.26216
4.50425
0.00318158
2.14569
5.24062
0.119294
0.0056018
4.56046
7.15835
3.69868
5.95065
7.38267
4.03776
0.380716
0.00403616
0.00322022
2.09995
0.0837104
5.95778
0.0398579
2.99299
1.90658
0.00321525
0.00363225
1.29182
3.58358
7.03903
0.0037115
0.0776839
7.49994
0.00324245
0.881065
3.36269
0.068744
7.49977
5.39018
0.00321751
2.15393
7.45129
0.00320351
0.019785
0.152058
0.00402437
0.175572
0.00345586
0.00317925
0.0846271
4.46886
4.39283
3.07571
1.04613
3.09671
0.0743489
0.00368998
2.22394
7.43972
7.02046
0.0102706
0.0488
4.17164
6.01423
0.00324715
4.38398
4.08831
0.00398252
7.52712
0.0789429
6.97464
1.04454
0.00347778
0.221652
3.20939
0.00398774
0.00324794
0.00319527
7.42932
0.131726
0.00312666
1.35212
0.883789
2.35829
4.43899
4.4666
2.59893
0.703877
0.0415792
7.52199
5.86524
0.00323557
5.429
0.0486757
1.81842
5.46018
1.19812
0.944491
7.54057
0.00421122
0.173274
0.708759
0.201209
6.45978
0.00338923
2.7778
5.11799
0.00314554
0.00319837
1.84941
0.573658
0.0564173
0.0032601
5.04475
0.00319475
0.003426
5.44247
0.0119711
3.56829
4.30022
4.24928
4.51226
1.09748
0.0121974
0.00319259
0.0066204
0.00319939
1.75712
1.40881
2.01662
2.83966
0.00345901
5.79146
6.09087
0.00451631
6.43251
5.00943
1.18823
0.00335119
7.17955
4.34513
0.00446983
1.63081
5.71199
0.223778
4.07901
0.41199
0.00322212
7.30757
0.00322479
0.388935
0.00321451
5.20596
7.21139
0.286102
0.00345573
2.552
0.00373171
0.00648619
0.00324078
0.332743
2.68948
1.22476
5.71383
0.27237
1.74175
0.00328229
0.00309708
0.00774168
0.00996338
0.00360848
4.60803
0.00313715
2.70155
4.36531
0.00322658
1.82676
0.12067
3.27982
4.62036
0.00330828
0.00322277
5.20955
0.0032142
0.0336041
2.02331
5.2664
4.14646
0.00762416
2.53373
0.129296
0.00331895
1.85593
1.16417
1.78679
2.31828
0.902409
0.0166578
0.702991
1.18046
7.36239
3.01679
0.00326533
0.0119579
1.00644
2.11611
5.90762
3.82256
0.202976
7.56855
3.18717
0.0376458
3.13886
4.39062
5.43223
6.88023
0.00310537
1.83018
0.00388224
0.0150777
1.75989
0.00319581
0.184616
0.00676271
2.63589
6.37548
0.0236815
2.1666
0.00325292
5.38407
0.00319225
0.00439242
0.896196
0.891517
0.0031386
2.36615
0.00445795
0.00323134
0.0429687
0.00318763
0.0032175
1.30234
3.94621
0.955266
3.613
4.93599
7.15373
0.00310825
2.89927
0.00324088
0.0243693
2.62263
3.50905
4.79149
0.177188
0.741654
1.02668
5.11159
0.0734532
5.15962
7.20049
5.17926
0.00329866
0.00345535
1.21839
6.08831
5.57037
0.00625504
3.44177
0.0110547
0.00585753
0.0031505
5.88264
0.438665
0.00322746
1.86667
0.00306923
0.0980749
0.00348726
0.00423897
0.00416161
4.66152
2.69316
4.60196
1.82619
2.54953
4.55577
7.20094
0.272044
3.76377
1.77864
0.518195
0.0740395
0.0033194
1.81452
2.18318
3.01107
2.10298
0.00323309
7.3967
0.917293
0.556327
2.4554
1.01339
1.39983
0.0032007
0.3069
6.5629
7.30247
0.00329778
2.72984
6.03797
0.0190828
0.00337588
7.36096
6.63584
6.31076
0.00320343
0.319059
0.0182245
0.0031749
3.67719
7.29025
6.76773
0.259931
1.78002
1.01002
1.56732
1.09794
5.49688
0.0467185
2.46485
3.85066
2.29547
0.00651689
0.0150668
0.128366
3.23054
6.93203
3.85894
1.51566
1.19328
3.57309
0.0047016
0.00910226
0.00310645
0.00330154
7.42657
0.00336507
2.38366
0.00332807
0.0038002
1.72879
0.430684
4.16174
6.75132
3.24148
0.146088
0.00323448
1.79286
1.28182
0.00317459
1.04766
3.36124
0.730016
1.71554
1.49436
3.30309
2.46626
0.00321527
7.32036
0.00416646
1.42169
0.283186
6.28695
0.00326161
4.12678
6.33247
0.212908
0.906
4.30339
4.38584
0.00381907
0.0263291
6.76583
0.00343301
2.86477
0.00446206
0.00379812
1.93563
0.941606
0.0893102
2.73107
0.26238
0.919606
3.63457
4.12498
0.00315315
5.55599
4.42589
0.00317917
0.661258
4.4217
1.95048
4.92757
0.00855863
1.74393
1.84304
5.419
0.0199474
0.00318153
0.00804239
0.138195
0.189777
0.0032444
0.00323156
0.00598756
0.269966
0.0457197
0.00881852
1.80156
4.38968
0.00322782
5.13761
1.95803
0.610012
4.20701
2.40301
6.65412
0.00319139
2.1407
0.00816866
6.62896
1.6792
2.48892
1.1683
0.00697823
3.00049
2.43914
4.16725
7.47969
6.1031
0.149918
3.48494
0.00435082
0.00322061
0.00438928
1.25612
0.00348104
2.44086
0.00985168
0.439131
0.00322789
1.99538
5.82039
7.50153
5.49998
6.97982
0.00398172
1.68237
3.2591
0.901266
5.06141
0.00353249
6.97192
0.00434329
0.0039802
4.36581
0.00836788
3.58092
0.00566868
3.43456
0.0032583
0.00311408
1.98141
0.00430331
0.00318735
4.18822
4.1805
0.0207955
3.29239
1.74344
0.00530536
0.00370555
6.8767
0.544469
0.00321798
1.4976
0.00880863
3.23886
0.00567113
0.349372
4.99189
5.39681
0.00367615
6.45812
0.0068765
0.003208
0.0068694
6.79377
6.46146
1.67218
0.00357213
6.852
1.76269
0.00321205
0.00345038
2.41704
7.36578
6.47657
2.02994
0.00330776
0.00331786
3.31191
0.00429835
0.00343355
0.00321467
2.80459
0.00395074
0.165684
4.73722
3.44257
2.34283
4.71633
2.37083
0.00344322
0.253882
3.53796
0.003244
0.449784
1.39692
3.80665
6.65765
0.00321194
5.62954
0.507774
0.00321027
0.00342602
3.46289
7.51516
2.46374
0.00322069
6.32499
0.030796
5.26082
2.82426
0.0208057
3.55497
0.00324868
4.77931
6.01807
0.00326348
1.99445
6.53272
6.74473
0.116275
1.53763
7.4876
0.0105844
0.00396162
6.6021
0.00327836
2.67098
0.00507347
0.0174783
0.00446339
0.731366
1.44439
1.97911
0.00470369
4.22304
1.26575
1.42671
0.00321266
2.13535
0.921941
1.91387
0.292686
0.00324038
2.86436
2.2331
2.06162
1.61017
6.40674
2.90573
0.00450546
7.48443
1.84134
6.9685
5.63932
1.77575
5.5823
0.991416
5.44369
4.60115
1.01671
2.98461
0.013648
0.00323643
1.51018
0.236348
0.00333369
2.69811
1.86432
0.00322828
6.6722
1.48376
0.00332579
4.66193
0.00311931
0.0411297
2.3749
0.00365758
0.0032945
6.13495
2.8465
2.38999
1.32487
5.46188
4.58995
3.03434
1.9471
4.92179
1.26603
6.54351
0.0534822
6.74193
6.46139
7.20899
5.05781
0.00394727
2.08084
4.15962
0.00429323
1.82217
0.418168
0.0032161
0.0041799
7.27459
5.69234
6.48969
3.7228
0.0566601
0.0168666
2.9682
0.00568456
6.46187
5.99413
0.0033181
0.00442218
6.08093
0.00515589
0.00319039
5.67203
0.450409
0.00661446
0.00322059
0.0276174
0.00439976
5.48062
0.00492976
0.370693
4.27815
0.0124628
1.42867
0.0032255
5.54392
1.58444
0.236265
2.30753
0.0124022
0.0807829
0.00322425
2.45573
3.15675
0.0194518
6.29057
6.62334
7.48654
0.00313258
1.13415
0.00321183
2.07746
0.00324643
0.00321903
6.22648
2.87113
1.94793
0.0628043
6.92867
0.0056596
4.21222
0.00593787
5.0214
0.872314
1.63882
1.77555
1.91728
0.00319972
0.00580603
0.00323167
0.00689084
0.0110041
0.0213256
0.00318771
5.6121
4.92504
4.46873
0.00726766
0.0226353
0.728071
7.28888
0.574184
1.84885
0.00406577
2.42252
0.00320609
4.38692
0.00319948
0.0037812
1.38788
0.00322825
0.0373935
0.00333428
7.60812
0.0940155
2.13607
5.04723
6.70453
1.84467
0.00319755
0.0546028
0.39119
6.18384
1.20274
5.18474
2.37896
0.00322416
2.3981
0.725851
6.4761
0.0032332
1.64423
1.8722
2.21912
0.00685822
0.00314261
1.33908
0.00313398
0.0115233
7.32974
5.97383
0.0860707
2.61546
6.37756
2.33473
0.775057
0.890311
0.00323173
4.56978
2.60817
0.0032241
4.20911
7.14321
1.35408
0.538755
0.00653115
4.0987
7.24212
0.0192594
0.00882635
3.41556
3.63314
7.45851
0.30437
0.574366
2.02034
1.83668
1.34682
4.74093
5.27519
3.83446
0.0309589
3.07418
1.87969
2.12097
0.0137631
2.03247
0.00331241
2.94623
3.32367
0.0962482
5.38607
2.19886
0.00321262
0.00320818
0.00327791
0.00319541
6.80969
1.07465
1.97098
3.65836
1.88637
3.09953
6.00447
0.11407
0.00471619
0.0250462
6.29872
1.88924
4.91417
0.0502575
0.022636
0.627595
6.39421
0.0361484
7.1401
0.00349766
4.07596
4.34382
1.92667
2.20578
0.0032071
0.00318486
0.0271309
0.341259
0.443639
3.41784
5.63558
1.65011
0.00317736
0.00322704
4.50807
0.00324756
0.407341
7.05476
0.00317367
4.04412
4.46902
6.75223
2.01803
0.392939
6.48429
1.10974
0.0158924
4.31355
0.746046
1.70096
1.80097
4.34353
0.00439887
6.26398
0.00324273
1.38526
0.00326648
6.53116
3.45093
0.00430481
0.128066
7.21812
0.0051072
0.00377385
1.91414
2.93583
0.00365948
3.13646
2.11308
4.14094
0.0741008
0.483628
6.50617
5.44129
2.08219
0.00414706
1.02142
0.0860343
0.33749
0.216974
2.22851
6.42712
0.139463
0.00317301
0.00324315
4.80168
3.22984
1.94353
4.81812
6.77577
2.89275
0.015809
1.9285
1.88508
6.23612
3.50943
0.973956
3.41783
2.15049
3.60805
1.33844
0.00322121
0.00654512
0.00445703
6.59542
0.00321997
4.52598
2.92676
4.02968
4.85265
2.14277
0.00390297
4.38074
7.03173
0.00323027
1.91751
1.58723
0.00418644
1.32798
5.77099
0.00421317
0.00719265
1.27064
0.00781856
4.1967
1.83089
0.00321882
0.00366043
0.00323162
0.00598487
4.85678
1.87591
4.91112
0.00831927
6.5989
2.57861
2.08712
0.00322495
2.90689
3.74672
1.31415
2.12775
2.10003
0.00322301
1.16127
0.204523
2.46003
0.904726
0.170375
0.00316181
0.00471484
0.00766477
0.00329494
0.0852734
0.0031495
0.00321686
4.59434
0.901229
1.1481
3.31817
2.336
6.94543
1.37202
2.30149
3.1682
0.00330808
0.00325184
1.19986
2.14544
3.05844
6.7391
0.00309789
0.00913578
0.00322849
0.00316531
0.0210208
0.00463132
7.64975
5.50341
2.14481
1.96864
0.151595
0.00323948
0.674215
1.93265
4.07775
0.417433
6.16265
0.00322894
1.69432
1.73072
2.01863
0.0385709
2.56933
0.013834
0.003137
3.85227
0.00324628
0.00651749
5.89722
0.00334871
2.55572
6.35187
0.00325535
0.209452
1.38481
3.02395
0.633365
5.05332
2.67093
1.02179
0.246248
0.00889762
3.38649
1.70079
7.49966
3.12397
7.29067
5.29507
6.42881
5.24251
0.0032229
0.024918
7.43132
0.00416101
2.11088
5.24957
1.4123
0.00321014
0.0127602
3.21687
6.96828
2.06596
0.0040713
3.36639
0.354616
0.0888276
0.00321706
0.0302286
6.81835
1.8906
0.00312451
0.219945
2.00576
0.0580276
2.10085
0.00363838
1.72832
0.0388813
0.00487489
0.00323493
3.66551
0.00461458
3.26725
5.58018
0.00514355
0.00319756
2.70123
2.02685
0.00706185
6.40276
0.318404
3.19156
0.00334134
0.662213
1.75817
0.0031945
0.0505966
0.801935
2.98084
0.0219259
4.86213
1.89233
1.69247
2.01902
0.0499338
2.40692
0.00470449
0.156673
5.67507
3.36984
0.00340997
0.669816
0.646475
4.39836
1.69914
6.24103
0.612796
0.00316373
0.732346
0.00963931
2.26065
1.14358
7.25048
0.00328819
2.0582
0.00445751
2.35717
2.93728
2.98037
0.00813837
0.00322071
7.6097
3.72017
0.0032161
1.84622
0.058466
0.00698231
0.00323196
0.00326237
7.14354
1.11406
0.0748805
0.246321
0.173091
7.51027
0.00541402
0.00717742
0.00371137
0.00308933
0.389121
1.85572
0.156216
0.0487375
0.0032061
2.43023
1.18667
0.00339687
0.00319169
4.18537
7.624
1.16985
7.03603
2.77134
0.00326121
0.00318748
0.00319887
0.140891
5.45045
0.00314576
1.95482
1.87428
0.137563
5.72623
0.00316177
0.303913
0.00665366
3.22039
0.547032
2.26438
0.135117
2.62568
0.0137979
0.00317764
3.31991
0.00341724
4.6782
3.1511
0.00846095
3.29322
5.50879
2.54882
1.18609
0.00525457
5.57993
0.00349766
0.00321607
0.00409867
0.00316862
6.44639
7.60451
4.18751
2.29315
0.00563271
0.00314291
1.71136
4.16431
0.0043236
0.0132971
0.055616
0.502829
0.460974
5.91245
3.59522
0.00334205
3.83755
7.61097
5.56522
4.18035
2.70054
0.00312901
0.00965654
0.684559
2.78404
7.09109
2.71906
7.44498
0.00341221
2.66759
3.83386
0.708662
0.784907
3.81888
0.0032478
6.96005
4.39557
6.50838
4.13269
1.84048
2.42814
2.96641
0.138558
0.00324044
3.10508
2.35009
1.14095
4.09544
0.0405832
1.18336
2.00434
6.7151
0.0673466
0.376853
6.04933
0.00516116
0.00317635
0.003225
3.96395
0.00512536
2.72834
2.93491
2.50495
0.888016
4.79347
0.00320091
0.133791
0.176199
0.0500823
0.643039
0.00388405
6.85133
4.50683
0.418946
0.00379354
3.4378
1.57225
4.43097
0.0031826
5.12783
2.94466
5.53222
0.00324067
0.00319938
6.82057
0.00322984
4.2268
0.67577
0.0032081
5.99427
1.8463
2.88169
6.92355
1.09018
4.60237
0.0032221
0.00391617
5.37764
2.41966
2.64897
2.85476
0.00336121
6.34587
0.00368126
0.00336525
3.39848
0.0406028
0.205103
4.27904
7.59817
5.22039
1.58585
4.31776
2.2107
1.00814
0.00651326
0.119049
0.146913
0.721999
0.0450477
4.27943
6.66823
7.45152
3.78253
2.18457
0.00324131
3.62767
0.00335971
3.03014
3.57098
6.25241
2.0433
1.23601
0.00701914
0.105516
0.0499002
1.17221
6.61337
6.8381
2.19446
0.00367889
3.15851
2.09547
0.00322152
3.71093
0.00323766
7.62766
0.167219
0.0491129
2.3155
0.00353694
5.81523
2.11293
0.00326046
0.00331364
0.502717
0.00500544
2.94234
0.00323203
0.0175519
5.50353
1.60239
2.60423
4.82189
0.00328764
5.07334
6.05714
3.38769
0.656972
0.00372912
2.11093
0.00319527
0.397718
1.92817
0.00380117
6.72621
6.39619
0.00768937
1.2814
1.74627
0.0178774
4.61213
1.83232
0.00328726
7.23001
0.0712636
0.0218916
0.0590409
0.00859752
5.48342
7.55054
4.51376
0.00323016
0.142022
0.0582188
2.4183
1.81126
4.50814
4.92033
0.892811
3.98337
2.17101
5.19382
0.35266
0.00318755
2.23734
0.00321844
5.32129
0.00347083
7.42677
2.31966
0.00309833
5.62062
1.43537
0.00322322
6.22793
1.48054
5.52026
1.85697
0.724715
1.75329
0.00341237
0.609827
7.49572
0.0035278
2.01648
6.47168
0.0031109
0.00333145
2.34872
0.0039276
0.00599524
1.86471
3.59096
0.003178
1.30851
5.22467
4.66022
6.34583
5.06964
4.56949
2.68166
0.0041914
5.51993
2.80288
0.0878112
5.37799
0.00436247
4.5716
0.00318815
1.04154
3.19209
0.371087
0.00681803
3.03344
0.0652477
3.48214
0.00324217
1.01508
3.08293
0.070332
5.55726
7.10067
0.00317735
5.17713
0.00321661
1.13596
0.1116
7.63027
3.00344
1.18647
5.31878
3.10426
0.684044
7.3597
6.81594
0.00314559
1.97202
2.28115
0.00322703
1.40789
7.60018
4.94513
7.04961
0.00364098
0.0256752
5.01951
1.58932
5.26301
1.12663
0.026695
0.0255102
1.99268
0.110051
0.00399427
1.38123
0.00333907
1.11908
0.00320323
3.34403
0.0622469
0.00356661
0.00380973
1.21807
0.00568094
2.13364
1.71563
7.40276
2.21889
4.80192
1.07238
0.00675199
2.91221
0.749556
2.9961
5.14038
0.0162914
0.128271
7.49967
5.15318
4.02394
0.0168998
4.87152
0.00321769
7.49353
1.1666
4.48497
0.484054
0.0254439
1.29129
6.00067
5.5991
3.08015
0.00538142
0.00360589
0.191786
1.68207
3.97837
0.0039943
4.27969
0.0172581
5.52978
1.87964
0.0451559
6.59966
2.57419
2.38208
1.61128
1.61651
7.30738
0.705418
0.158913
0.00320425
0.737417
1.87
2.06485
0.00327663
0.106226
3.17891
7.19501
0.00323944
3.40631
7.2464
7.37252
2.56185
2.57692
0.359982
4.5615
0.221342
2.35938
1.57906
1.43897
0.00405571
2.42779
7.51414
3.56096
5.75018
7.44473
0.0451155
0.169305
1.176
1.74661
3.49063
0.35868
0.00322058
7.62367
0.0668022
0.0957959
4.91107
0.386391
0.0165664
0.0117807
4.08723
2.0353
0.00532031
1.15802
0.0268934
0.00378439
5.11245
0.0033588
4.92619
0.0057071
1.56824
0.433895
1.7881
0.00385673
7.52343
0.00938395
2.18206
4.75134
0.00323553
0.0119278
0.00512209
2.13434
0.00324058
7.2419
0.00323088
4.50972
0.00308529
2.49615
0.833406
0.442159
0.0149432
5.34183
0.00320389
0.0031367
0.0189351
1.90939
5.45138
1.57745
0.0159106
0.0035072
2.10701
6.821
0.00362058
0.010214
0.003271
0.00320795
0.0216393
2.43246
0.00320807
0.00347345
0.00853497
0.106916
3.81249
2.31079
0.402506
2.96053
0.213765
7.3852
0.783004
7.46884
2.06684
0.382969
0.00322087
3.85292
6.70002
3.5273
0.00683172
0.107314
0.00318585
0.00322029
2.01892
0.00341853
3.78414
0.101117
1.94314
0.014009
2.52363
0.00323626
1.92399
0.23846
3.3943
0.00321836
2.91231
6.57141
0.00410332
2.49395
1.72632
0.036547
0.00355415
6.27589
2.02094
0.00653829
1.68481
1.79103
2.04187
2.25659
0.89047
0.00336682
0.0359942
4.04654
3.4939
1.93759
0.00320804
1.46301
6.25625
0.00364939
0.0174354
2.95869
0.00334953
7.10959
0.100429
0.00328369
3.69131
2.83971
0.00320297
2.07289
3.16059
4.18274
1.19936
3.76601
1.31329
0.00321782
3.20345
0.355915
5.50257
0.0032024
5.84945
1.44792
0.00344798
4.77707
4.84825
3.30265
0.00322545
0.262858
0.00656934
0.00315449
1.01174
4.59663
4.37984
6.458
0.227447
0.00382747
0.0210243
0.0238417
7.26036
3.18401
0.00366729
0.129132
0.402343
3.19489
3.33405
6.64219
0.00315675
0.00328999
0.00312473
1.47668
0.00322089
3.08703
0.749575
0.349464
0.25037
0.00735083
4.04323
0.0807912
5.13102
0.00459734
0.00321888
0.010247
0.00598862
0.474502
0.00369463
0.00341077
3.2636
0.00327955
0.00321942
3.11627
1.92054
7.32463
0.00514255
0.0031903
0.0613698
2.5271
0.0534328
1.66272
0.976042
4.70286
3.57079
0.783071
7.25236
0.0606246
0.00324885
0.0894327
0.00360663
1.77785
0.763712
0.0118909
0.0692742
1.21185
0.680255
0.0576137
0.00328871
1.06713
2.22463
0.00321542
0.554981
0.454711
2.1333
0.0811609
0.303357
0.00321545
0.00322245
0.00321664
0.348144
0.0362016
1.66298
0.601652
0.0459853
7.63167
2.96852
0.534166
0.00321556
0.00321929
0.00698913
2.52937
0.209512
4.42102
4.36139
0.00317363
0.708228
0.00350847
0.928595
0.00324851
1.928
0.014438
0.00318904
0.00382191
7.00981
2.24059
0.004734
2.17269
0.278174
4.10784
4.91068
5.10718
0.00697073
3.64548
0.906909
0.00493336
4.05505
0.0430993
7.0841
0.00313341
3.89886
6.51095
0.00920633
2.13865
1.65762
0.388576
6.08839
1.46583
1.68041
3.8512
1.92857
4.02402
0.231587
6.32832
4.8083
4.5066
0.537684
0.00320432
3.08207
0.604457
2.11689
0.0111871
0.205069
0.0110458
0.00324499
0.25475
0.0032183
1.35088
1.71944
6.91389
1.61232
1.14937
1.80779
1.36135
5.09837
3.22165
0.0031489
0.572438
0.916608
1.98109
0.856909
1.82997
1.63218
0.00322204
2.95346
2.39238
4.77609
6.44128
0.00410027
7.54253
0.00323409
5.16257
5.32264
3.95827
0.00321857
4.6991
0.00321824
2.64366
3.29071
1.68619
4.83198
1.20642
3.88736
6.40988
0.00318708
0.00397342
1.78432
7.27686
0.0106018
0.0139642
0.00436219
0.00323121
0.00355727
2.84372
3.25717
0.634831
0.00324479
0.0867183
3.90554
0.672969
0.125429
5.39897
0.901513
3.04707
0.106965
0.0784685
0.177848
5.3392
0.00318204
7.53141
0.00321729
2.94564
0.00617359
0.0862168
0.00319217
4.41718
0.00399366
0.00326278
0.00402335
0.00423612
0.00474829
0.0224224
0.0033364
0.998553
0.00864157
3.53651
0.146955
0.00357754
0.00327355
3.74391
0.00331031
2.98838
0.851296
0.00333916
7.203
3.88218
0.00357742
0.639272
5.35135
0.0353192
0.907124
0.333779
0.226674
7.47803
2.21248
7.0387
1.82541
5.13959
2.81349
0.0155753
0.968748
7.00755
0.622544
0.610071
0.00484865
0.366848
0.524908
0.00549201
7.40462
3.67657
0.408238
0.00322003
0.00325973
0.666217
0.003661
4.09298
0.0159693
0.0151557
1.0124
0.360958
1.81515
2.58348
5.15923
1.56327
2.12732
0.00493825
0.60685
3.21962
0.00324784
5.04935
0.298556
0.00323093
2.25739
4.37204
2.00058
1.95691
0.00322294
0.76429
0.942457
0.00334458
2.18722
0.0035497
2.25809
0.00343372
1.29953
2.32755
2.18397
0.333166
0.00319069
1.14043
0.0891391
3.52621
0.0377667
3.4056
1.56019
0.540509
0.68378
0.372435
1.95409
5.50968
7.36625
0.00987216
5.26828
2.32565
0.028617
0.273066
7.28132
4.81795
0.0032442
1.06465
0.00326234
0.017266
4.19603
7.6187
0.00361363
0.00928316
0.00325587
0.00505257
0.00353936
0.00320237
0.00372572
0.872827
2.94131
2.94796
2.68779
4.74324
4.63308
0.00322009
1.89276
0.642576
3.26756
2.07934
4.41943
0.0032213
0.29918
0.00321921
7.46029
0.432063
0.0491817
0.00326915
0.00373227
0.295779
0.756901
0.535888
0.749624
0.835303
0.00351591
2.84742
0.00323084
6.4221
2.79213
0.00348588
0.0214272
2.41411
0.00317734
0.00612119
7.06779
0.0277682
4.44185
0.00357511
7.47294
0.00318828
0.00536334
0.423888
1.80542
1.40611
2.88512
2.41471
0.0033234
0.355631
4.04449
3.49684
0.117825
0.00321753
0.147723
0.00322067
3.22226
5.07024
0.088645
3.48815
1.69715
2.66691
6.90519
0.0131886
0.0687307
0.00319592
6.20514
0.00322356
0.00537001
0.0561087
1.849
3.71497
0.175816
0.0033192
0.00333458
1.39717
0.00365585
0.00319726
0.00644218
6.51888
2.68099
4.4671
0.907601
0.0182382
2.10102
4.25596
0.00490223
5.90561
0.0146573
0.00317263
0.293307
1.2612
6.4791
1.78483
2.89948
0.081702
0.00322621
0.00853935
1.65205
2.63343
2.70176
0.00405604
3.98307
1.52299
0.595698
0.00497936
0.00939338
0.0121527
0.00359981
0.00341591
0.275239
7.0113
3.21905
0.00320629
2.19811
0.014307
0.00405372
3.67386
1.18674
0.00320189
0.0944388
7.16616
0.00507141
0.282285
0.00339392
0.00659576
0.606712
6.63846
0.849625
0.0132885
0.00423175
0.133724
0.0031676
0.00319659
0.00330867
0.812774
0.430317
0.00319712
0.00318002
0.155461
5.53352
0.0045767
2.30275
1.83989
1.9491
1.48894
0.0198656
2.34628
0.00372019
0.00340354
0.290256
0.085068
0.00427046
7.48909
0.127897
0.0273639
1.77509
0.00352722
0.00339022
0.687124
3.4976
0.00320563
6.9161
4.87819
1.35726
0.00322548
5.9696
1.22844
2.70128
0.229069
2.61205
2.79631
5.81609
1.10745
5.72587
0.0298565
0.00322966
7.05341
5.37129
5.71584
0.235278
4.57821
2.89269
0.00353814
6.42664
2.67775
5.01359
3.82573
2.68501
0.00491004
0.00674943
7.488
0.00318965
0.0136251
3.017
3.42751
0.00916925
4.45124
3.61774
1.58888
1.89369
1.76068
2.0037
0.031158
0.00332869
4.34754
0.0035969
2.23974
1.27371
1.91238
7.08416
0.00378021
0.00344761
0.00573518
7.02084
0.00317349
2.53062
0.0185733
0.00319881
4.97473
0.00318449
0.00329241
0.939508
2.59284
0.67444
2.75699
0.00323968
0.59859
0.321553
0.00900922
0.00608863
0.00321569
3.05814
0.400696
6.32235
0.00312198
0.0982307
4.43995
4.4867
0.0077538
0.00321201
0.0032157
4.59794
1.76684
0.0166922
0.157915
0.00575156
0.00318553
1.95196
5.30603
0.488566
0.491567
1.49687
0.126646
0.00795535
0.690629
1.66757
4.86681
6.37965
2.33882
0.00401698
1.55082
1.13684
3.51179
0.0113461
4.17768
0.00322685
0.0032579
5.94388
0.752428
7.59011
0.00365069
7.51503
2.21096
0.0709797
0.00667531
1.89268
6.28699
3.83106
0.0031692
0.00318287
0.00347069
0.00353874
6.07706
0.0888314
0.00323182
0.0878015
5.71574
1.41004
1.50378
6.26497
2.89469
2.965
7.20021
0.00444134
0.0180399
0.00398705
4.01906
0.156292
1.82838
0.00385557
5.13929
0.0917045
0.00315759
0.00535123
0.00412841
2.26394
0.00341324
0.00320956
7.51939
2.31431
2.67885
2.03852
0.00415251
3.70126
3.44511
0.00332523
3.38896
0.00335488
0.281282
5.42182
0.014933
5.70705
0.00317286
0.00324715
1.86578
5.0049
0.385059
2.01891
0.00992565
5.17907
2.57887
1.24026
0.00333834
0.00339482
2.43092
0.00359884
3.46206
0.15571
1.07022
0.257962
0.152102
2.32072
0.00358172
0.00343678
4.44699
0.00344223
0.976335
2.51348
0.00324129
0.00320271
0.00321751
2.76785
4.07656
0.00318858
0.0136364
0.113191
3.91848
2.13608
0.00327283
0.00364756
7.55863
3.19559
5.17237
1.05761
0.00375304
0.00374244
5.16525
0.193595
4.98345
3.88183
0.00367134
0.00436845
2.43228
0.266353
0.00430018
6.06065
0.0453122
1.8147
7.605
7.19954
7.40434
1.8398
0.00322521
0.00324041
4.64884
3.51555
6.58283
0.269202
0.00319045
0.00405841
0.490434
0.00333259
1.28088
4.0764
0.00311816
2.73903
0.00322163
0.00325531
0.00323861
6.60701
4.70243
6.21636
0.00697776
0.0034742
1.80066
0.0184692
0.497353
1.94719
4.65204
3.91671
0.0154728
0.00336945
0.00329158
0.00319689
1.39653
6.95883
0.00929026
3.8345
0.857408
0.00322768
0.157747
0.00321642
1.16594
2.11377
6.69968
0.0769476
2.38089
0.0032174
6.01901
0.0061713
0.927006
1.78407
0.00366043
5.80077
0.357979
2.06803
2.80709
0.489669
3.44378
2.00095
4.16214
0.00417627
0.436915
3.92179
0.00399926
1.01678
0.421511
5.10097
4.80394
0.00414952
2.1716
0.00398453
0.38295
0.00598016
0.00317035
4.23959
0.00321885
1.38465
6.60126
0.00321357
0.0048381
3.60797
0.00315625
0.00533915
0.0032096
0.0582745
2.81155
6.24917
0.100029
0.00315491
0.0157823
1.14532
0.634936
0.197245
2.5603
4.02283
0.336848
5.06698
0.0112167
6.05007
0.429373
0.00322005
7.61152
0.017429
1.71772
0.306995
1.29287
5.06678
0.190443
0.00884508
0.0549592
1.1585
7.19393
0.00331883
1.05155
1.14832
0.0478544
5.57926
2.67063
0.586528
1.3161
0.00333538
0.0456037
0.330699
0.00357533
1.26378
0.00319082
0.0874624
5.43422
3.03483
1.01796
4.71728
0.0446349
0.00321917
1.23198
0.00312559
1.85414
2.05568
5.9978
0.00321202
3.56933
5.1213
2.83669
1.84092
0.00332151
0.28284
0.464361
2.84683
0.546551
0.0395507
4.59321
1.06155
0.00321911
1.41589
2.01667
0.0037518
4.00695
0.113338
6.10237
1.37317
0.045085
0.202704
0.0295709
3.54428
5.35287
0.243763
0.252427
4.89683
1.8405
0.306051
6.29835
0.00333589
5.76787
3.03097
0.0811405
0.00341944
3.73682
3.37233
0.336744
6.56225
0.00334328
7.40009
4.10009
0.00324887
0.00321623
0.00607519
2.0229
2.4142
0.00316865
5.6919
5.16407
4.205
5.16302
0.122692
0.00316019
0.00326695
0.00322177
0.195246
2.441
0.00549464
0.00326524
0.00361703
3.9188
4.40529
0.00393406
0.0188875
0.0921505
2.09922
4.59497
1.39525
0.901466
1.30459
6.29028
3.89562
0.00807704
1.82806
0.00320331
0.00335813
5.97044
7.00071
0.00370901
1.33526
0.00322999
0.00617219
6.42677
0.00351257
1.75845
0.0160267
3.88676
0.00357076
0.00321983
2.82081
0.00325539
0.525544
3.94645
2.04336
0.887367
3.78243
0.0382339
0.0032781
0.00734397
7.54944
4.78954
1.31686
0.00324243
0.0148861
0.117826
0.0195045
0.536632
0.0037555
1.78412
7.47489
0.00447468
4.77321
0.00325341
4.62955
0.0031971
0.0032064
5.77624
3.76657
6.07617
0.00976053
0.0034534
0.00323864
0.0153522
2.87653
7.37302
0.0036142
0.0159068
4.80596
3.39645
2.41648
0.206541
0.00311744
4.82748
6.95653
0.18586
0.228497
0.489215
0.00347854
6.35218
7.23031
0.478439
7.45601
3.53745
0.0131547
0.00357575
2.87018
0.00322981
7.27397
0.00359801
4.84659
1.51738
0.521552
4.60155
3.69206
3.55243
4.50308
5.80921
0.00312101
1.71446
1.76728
0.0165925
0.0032286
0.466966
7.13689
4.41007
4.25641
6.08961
0.00322752
0.00324532
7.51476
0.407364
3.4673
0.141612
0.73828
0.0388331
0.00322822
0.00327586
0.288468
0.433084
4.43516
6.97813
1.79879
5.21064
2.43324
0.0138114
0.0109897
0.237311
0.414333
4.1733
0.0110414
0.599749
)
;

boundaryField
{
    frontAndBack
    {
        type            empty;
    }
    cylinder
    {
        type            kqRWallFunction;
        value           nonuniform List<scalar> 
244
(
2.69159
2.68261
2.68089
2.67574
2.66714
2.65448
2.63808
2.61786
2.59363
2.56532
2.53297
2.49682
2.45732
2.41504
2.3707
2.32507
2.27894
2.23304
2.18803
2.14444
2.10271
2.06317
2.02602
1.99138
1.95932
1.92987
1.903
1.8787
1.85689
1.83747
1.82035
1.80541
1.79256
1.78167
1.77266
1.76544
1.75993
1.75605
1.75374
1.75292
1.75356
1.7556
1.75901
1.76376
1.76983
1.7772
1.78591
1.79597
1.80741
1.82024
1.83453
1.85031
1.86763
1.88647
1.90683
1.92855
1.95132
1.97463
1.99801
2.02108
2.04351
2.06505
2.08557
2.10523
2.12401
2.14196
2.15922
2.17605
2.19281
2.2093
2.2249
2.2393
2.25315
2.26653
2.27969
2.2929
2.30677
2.3217
2.33799
2.35597
2.37607
2.39797
2.42124
2.44559
2.47062
2.49603
2.52184
2.54818
2.57476
2.60151
2.6285
2.65583
2.68339
2.71119
2.73938
2.7679
2.79672
2.82595
2.85565
2.88579
2.91628
2.94723
2.97874
3.01078
3.04329
3.07641
3.10995
3.14394
3.17849
3.21366
3.24931
3.28549
3.32228
3.35978
3.39776
3.43656
3.4761
3.5167
3.55805
3.60052
3.64422
3.68926
3.73564
3.78299
3.83158
3.88141
3.93251
3.98502
4.03885
4.09414
4.15063
4.20826
4.26711
4.32688
4.38747
4.45125
4.5298
4.60218
4.67321
4.74502
4.81766
4.89125
4.96584
5.04144
5.11794
5.19529
5.27327
5.35167
5.43035
5.50914
5.58783
5.6661
5.74385
5.82077
5.89646
5.9707
6.04315
6.11324
6.18051
6.24432
6.30047
6.34162
6.36968
6.38538
6.38864
6.37879
6.35477
6.31515
6.25802
6.18104
6.08148
5.95612
5.80116
5.61212
5.38393
5.11009
4.76598
4.22291
3.9714
3.84247
3.79087
3.76564
3.71283
3.61937
3.51501
3.40157
3.2806
3.15774
3.0364
2.91942
2.81049
2.71272
2.62812
2.55747
2.50063
2.45658
2.42373
2.40022
2.38418
2.37388
2.36803
2.36558
2.36565
2.36766
2.3712
2.37595
2.38182
2.38869
2.39648
2.40517
2.41473
2.42515
2.4364
2.44841
2.46113
2.47447
2.48827
2.50238
2.51664
2.53082
2.54466
2.55797
2.57051
2.58203
2.59232
2.60126
2.60877
2.61484
2.61962
2.62331
2.62618
2.62859
2.63098
2.63369
2.637
2.64108
2.64608
2.65184
2.65818
2.66478
2.67145
2.67777
2.68323
2.68754
)
;
    }
    domain_boundary
    {
        type            freestream;
        freestreamValue uniform 0.00325;
        value           nonuniform List<scalar> 
64
(
0.00319049
0.00315335
0.00319774
0.00325
0.00325
0.0114579
0.00437968
0.00307238
0.00325
0.204212
0.00857823
0.00325
0.00325
0.00325
0.00309687
0.418988
0.0030932
0.00325
0.00325
0.00325
0.00325
0.00325
0.00325
0.00325
0.429358
0.00321102
0.00325
0.00332264
0.00350339
0.00325
0.00311374
0.00316652
0.00317262
0.00325
0.0287165
0.00325
0.0031767
0.00308041
0.00325
0.00325
0.00325
0.00317929
0.00322455
0.00325
0.00325
0.00313715
0.00318763
0.00306923
0.138195
0.00325
0.00325
0.00325
0.00325
0.00325
0.00325
0.00325
0.00366043
0.00325
0.0499338
0.00322071
0.00319169
0.00316862
0.00325
0.00325
)
;
    }
}


// ************************************************************************* //
