/*--------------------------------*- C++ -*----------------------------------*\
| =========                 |                                                 |
| \\      /  F ield         | OpenFOAM: The Open Source CFD Toolbox           |
|  \\    /   O peration     | Version:  2.3.1                                 |
|   \\  /    A nd           | Web:      www.OpenFOAM.org                      |
|    \\/     M anipulation  |                                                 |
\*---------------------------------------------------------------------------*/
FoamFile
{
    version     2.0;
    format      ascii;
    class       volScalarField;
    location    "340";
    object      sigmaEq;
}
// * * * * * * * * * * * * * * * * * * * * * * * * * * * * * * * * * * * * * //

dimensions      [1 -1 -2 0 0 0 0];

internalField   nonuniform List<scalar> 
11800
(
77715.9
81380.3
86013.8
87698.5
77348.3
82717.8
76038.3
66770.9
81317.1
64661.1
76479.3
102488
27032.4
78124.4
88085.9
393102
72000.9
61350.7
99384.3
56013
81774.2
99251.6
232016
206556
312287
248114
147169
93305.3
175577
209034
83419.1
94639.5
225645
88909.2
87612.6
86047.8
85756.5
235880
76117.3
61704.5
153444
182044
99341.3
216299
87074.9
366197
209511
231759
76703.3
65795
106322
91951.2
86356.9
123894
412122
464299
49028.6
88864.5
75040.5
75881.7
435288
88156.9
77594.3
73725.7
307259
73429.5
107514
91741.1
51686.3
226556
91404
78993.8
75359.2
514884
428458
89404.8
296633
66474.8
79146.1
83895.7
425881
59246.4
76381.4
80043.5
62292.5
199724
86210.5
167067
144602
92300.1
81439.6
264895
80072.4
50398.7
59432.5
46096.1
5875.38
45298.5
84105.2
92484.9
63295.8
99975.7
248637
127531
87613.5
102308
63616.5
72242
395458
154509
186859
132595
85911.7
94694.9
58053.4
362172
68013.9
83013.6
342572
67885.5
87242.5
77274.2
65648.9
66067.1
77773
85413.5
86236.5
82636.9
77445.1
35561.4
559008
313017
84127.4
195076
88938
160480
139606
83870.2
169833
85633.6
140075
122791
133896
77482.3
66350
67647.3
148975
162656
100979
118009
83856.1
82029.2
85033.2
80910.4
68076.4
82656
93005.3
103066
226912
84809.9
452405
80007.5
298879
90801.4
101334
119135
72024.4
80856.9
523917
242912
88175.6
92270.5
75282.5
82579
85964.9
355034
359834
138523
118327
168177
87836.6
83685.6
71728.1
84118.2
79910
62489.9
112246
76903.5
63719.6
79730.7
83518.6
72527.8
80630.9
107654
114125
145887
505586
84166.5
66839.2
574742
73876.6
68042
75133.3
87645.6
88293.3
113296
103694
94774.7
83867.6
548622
156101
216166
766934
473503
650642
124598
78335.8
153886
129222
112907
81461.1
79047.9
70033.9
57931.4
101227
57276.4
374640
96392.7
61457.1
84472.2
83041.2
67330.7
77332.2
90663.6
92504.6
751273
367874
75756.4
81513.2
148548
127212
86685.8
89776.7
180838
153172
131921
86120.9
220658
83534.9
85713.1
81502.2
70800.4
86862.6
118458
72031.9
102556
638089
66879.5
70713.5
73506
76452.3
99869
117274
140519
79219.6
79857.9
88743.6
436978
68172.2
72998.7
86797.5
78816
47398.2
91584.6
563320
79668.8
79306.7
95192.6
84094
87016.5
78246.6
216572
187677
72531.7
78212.8
75137.4
78143
122060
147609
115250
265928
286850
356812
75885.8
82378.8
82327.1
336238
340109
131438
130430
143089
142402
82236.6
68024.5
75235
553223
81662.1
86375.8
70183.5
72773.6
63561.6
127355
118044
317562
657457
193360
64213.7
122414
103196
83980.3
73552.2
88691.9
85154.9
81312
106393
71987.9
93498.8
78390
67433.2
78290.3
87211.1
296581
69690.7
83129.1
499684
73394.4
140566
106280
105916
117743
116081
75560.1
75160.9
163604
195315
159887
385749
56484.7
155890
134824
85119.6
74953
77453.6
67616.3
83383.2
80236.7
78321.8
93103.9
108087
66373.7
83728.8
98051.6
106234
79699.5
65619.4
127415
97287.8
107916
68921.1
67905.1
71780.5
71284.2
183630
78042.2
82534.8
165235
138888
167561
161422
80594
81681.7
68448.9
67681.1
90414.3
103070
82043.1
92415.3
69215.2
78079.7
74174.1
67013.6
177492
80038.6
141311
219577
97630.9
86539.4
598578
82290.7
233063
101759
91379.6
444682
78365
250247
84473.9
263494
241604
222791
69458.2
25459.2
83168.9
688549
587500
181619
82264.9
76812
80711.4
62283.3
68866.4
63829.9
108743
426297
18462.7
93325.2
74428.9
496998
60963.7
68614.5
61765.2
88377.3
64459.7
76265.4
505595
143085
84960.4
108444
92037.4
82003.1
66033.4
247442
83728.1
88225.3
80505.1
226985
74430.9
420691
79492.8
82440.9
89277
76556
68598
226163
69688.2
112888
137387
79805.8
109778
124046
147523
78243.9
82748.4
44799
68652.5
68591.4
616107
101919
89324.9
79991.8
75663.6
61010
84218.3
59347.2
67917.5
89707.5
53715.3
60902.4
86361.7
85044
138949
78198.6
116436
163328
121356
75698.9
475676
81013.8
115936
74251.8
60433.4
429935
449601
86711.6
103831
87839.3
69768.6
79256.1
382694
404711
382798
604854
100986
80507.3
109084
72877.3
62747.3
67486.4
79797.4
99984.6
88137.5
86280
61110.7
60912.7
375766
81696.4
251936
292403
64038.1
72610
395887
330249
96098.3
114268
137779
80301.3
86979.1
95766.9
84547.8
83804.3
83282.4
86101.3
77249.3
80168.7
66879.1
68627.2
58555.2
61735.4
51688.5
65111.6
60296.6
75936.8
54592.6
437756
113128
70535.3
125063
229465
59580
80051.3
71141.6
61667.6
54840.8
80335.2
72492.8
92787
90325.9
150848
60955.6
86258.5
470061
53220.2
96090.4
98536.4
87951.5
95379.2
106419
114957
124659
67928.8
77941
459947
677489
87904.4
67857.1
70109
137009
75465.5
74095.5
133031
115069
98760.7
80657.3
55806
108549
126622
72395.4
69364.6
60138
89788.8
106580
84203
137783
127973
130480
139150
359890
352079
91469.4
545576
111634
77444.5
415888
173238
205753
104291
62427.4
73930.5
84504.7
307833
80733
99439.1
569777
78530.2
65830.4
130326
94776.3
233512
100975
382726
83892
79176.5
85027.5
79524
151885
130007
112489
481600
79280.6
83096.8
150647
355144
80897.1
551854
520807
473532
72406.4
89354
54395.9
484321
88255.6
74793.2
83590.3
367607
76999.4
67962.2
79381.5
80106.3
153742
67808.7
675196
444088
73671.8
139526
168899
72034.8
73090.4
82217.4
82654.7
224716
110151
90008.7
85765.6
188915
207437
73966
299975
88700.3
72522.5
77177.8
499125
76470.7
114800
74766.2
86486.6
66064.5
68140.7
106257
213818
238180
60207
70557.9
60580.8
90656.1
98330.9
306391
69033.1
86719.7
109709
89476.7
72510.6
136750
160850
103228
192519
231169
96129.1
84825.1
75358.7
60280.6
83663.1
94462.9
72651.2
77725.8
82945.6
67503.2
88079.4
67737.7
78679.8
575189
196341
89643.3
87610.5
111493
71820.3
83876.4
91978
210118
174304
150448
75374.4
81774.4
107691
72410.9
329401
335889
269770
80350.8
97818.5
75634.4
96648.7
278273
88696.6
27489.4
82085.7
622994
592240
64722.1
547886
75135.7
68909.1
77334.3
153431
61954.2
92345.9
124301
179506
214095
258697
315344
107177
105322
95610.6
91200.2
84354.5
80097
81970.3
397113
87857.5
90339.8
66210.8
78092.9
61718
67328.1
79016.9
317657
181887
118393
78550
134751
163571
77416.7
230319
74803.1
71505.6
85301.6
609842
76509.9
74868.8
64994.3
58377.2
74900.7
560733
76567
74955.8
362234
81202.1
157008
89042.7
579798
175703
80869.4
87004.2
354708
84655.5
66807.6
77496.6
62351
75601.2
72213.5
93865.4
79610
62230.9
181601
106838
78265
115270
128813
85523.3
102780
123111
116800
132156
297453
242912
199822
173124
100508
112809
312970
256030
118277
213573
129851
180772
334634
86708
81023
88518.6
71617.5
121254
331434
91790.8
91331.5
102760
102154
116617
83913.9
87310.6
82006.7
92046.1
218479
182011
157473
88612.4
83334.8
176771
66018.7
65572.1
84417.7
90769
78698.6
67339.5
87641.9
80234.8
84410.8
74000
88299.7
209246
79695.6
61471.3
88232.9
198035
92213.8
98088.4
129897
61849.5
60942.8
64446.8
63233.5
74374.5
83824.5
88895.5
91122.3
77649.3
81743.6
62035.3
77527.6
271687
90240.5
97104.7
161040
82106.1
75055.9
65816.2
56875.8
65840.2
80536
120184
100701
87634.2
70726.1
503417
106477
113903
292202
185794
288186
550863
74190.5
82892.4
64285.4
79796.2
60790.3
106696
98025.7
553442
72195.4
82923
83812
86199.4
66322.5
91432.4
110566
107459
57754.6
75699.7
76087.3
67161.8
84697.2
429167
541405
65023.7
84825.3
88383.2
83846.7
138596
96330.8
114374
635187
85411.5
94756
98216.7
83371.1
107875
126973
132668
141448
312567
253680
208102
179932
107749
123074
326614
266788
126702
222459
137893
188797
460612
421108
321457
82248.4
93169.7
411373
347042
83310.7
84580.7
81159.1
340819
500494
61862.6
80621.2
498598
329037
553119
550945
147259
156064
81628.5
80560.7
87927
124896
73526.5
72246.3
72944.5
66616
81657.8
67176.2
76300.7
482556
88270
68600
67242.7
79152.7
83092.9
407786
83543.7
79578.1
74577.3
77465.5
228368
81502.4
80973.3
415016
80328.5
83398.9
62360.3
76337.5
93177.7
72665.5
83321.4
215844
100023
93404.7
215488
208489
92946.7
90690.6
189703
203692
91591.2
86424.9
80115.6
71099.4
72645.6
90177.1
75153.7
38843.2
79919.9
82883.3
146244
149011
72821
98131.4
84317.9
60551.4
60281.8
62598.3
177426
338287
70126
542920
89201
127373
111076
69682.6
75000
103610
78731.4
85331.9
359401
75564.3
180685
152204
132216
85630.7
88521
74314.7
423831
378239
65959.9
77944.2
202076
83394.9
83357.5
118046
139155
172338
90326.1
89868.4
46661.6
214797
80096.1
363910
141350
229856
123872
133921
88935.1
74945.9
62537.5
88157
61788.1
73320.1
336781
82920.2
60087.3
66203.9
77877.2
85715.7
74569.5
81359.8
140158
141120
119752
118797
105248
106377
376005
82788.2
77374.2
84998.7
67494.4
103134
83332.9
65412.4
422044
74568.1
143263
90159.6
197335
92895.4
56716.2
60688.2
88793.1
79610.8
98796.5
89596.3
223959
172553
143357
122638
94727.5
270076
103159
385744
67685.4
63987.8
75071.6
87190.6
67148.5
83847.3
71397.9
333163
575930
71346.8
68817.8
60892.5
93955.8
75118.2
58840.1
77544.8
90898.5
78333.3
68721.1
77424
67873
67046.4
73512.1
88321.1
96721.3
98490.6
109473
74870.5
82939.8
163372
85761.7
161079
121514
93097.6
281273
269601
160280
565817
83345.9
79855
93131.9
109473
61703.5
77426
79398.7
120620
80312
359701
98709.8
88355.9
112901
46633.8
79168.1
472858
70696.1
85631.6
216577
94549.1
180589
155796
428350
294845
58034.5
95337
86935
99448.8
279218
98118.9
112861
149197
129451
176773
89632.7
90775.4
58578.2
680536
97582.4
83600.4
86090.1
81587.2
77664.5
64837.7
90909.9
102219
83792.2
481326
86088.4
297738
69589.7
232270
76841.5
96459.9
111601
190713
82861.1
87552.4
98319
70088.2
509875
62957.2
56828.9
63321.8
481357
367027
83871.9
88648.2
186768
158833
136490
495231
91672.4
86544.4
608861
665219
407196
88525.4
161193
271914
172290
91114.4
85911.3
124113
110652
74342.5
258043
82944.9
102073
85453.7
73474.3
77615.3
444231
603937
66184.5
82360.2
94722.8
640853
69640.9
71029.6
108786
80173.5
597895
624177
91066
166156
83137.6
71343.4
141743
71680.5
64981.6
151221
76640.8
87410.5
593017
178339
98669.1
92658.9
82666.2
81668.9
131540
114028
96944.9
97168.7
626253
138502
120299
76849.8
537668
183718
220239
56195.2
94518.8
69612.4
236375
81951.3
94154.2
73447.9
67467.3
72600.9
163198
66444
84997.3
82261.7
135644
582612
72091.7
76532.3
158992
389289
544869
269900
208462
100336
110499
47566.8
81733.4
75655.1
125220
106532
90224.8
535738
68821.8
68359.9
73374.5
68768
66939.1
84231.1
65622.6
84760
75882.8
172622
411433
86133.7
170009
141485
121513
83384.5
477884
98302.5
102962
107430
92913.5
251022
451013
171049
77948.5
265210
80140.3
124470
87107.1
141733
171349
86783.5
241055
82613.3
741767
236869
77591.5
397792
735809
635922
144350
88401.5
234781
64377.3
59226.8
82690.1
106831
75501.8
63022.2
72880.2
59168.9
349422
365843
77914.9
333706
77307.4
67003.5
79104
89231.9
135436
146163
72881.8
138275
147104
351135
131480
74590.4
62595.3
62606.3
109443
125831
85121.6
18064
70830.7
244097
73272.6
112578
118604
139243
164968
90421.6
80666.2
98720.9
62569.9
66168.2
555646
275284
89522.8
80318.4
192862
170383
84348.9
95038.4
91685.1
60292
104900
100199
78005.7
63779.4
73636.1
446808
103352
236562
67181.4
79838.6
742801
90096.9
558625
522905
63641.8
198371
91897.7
459887
68826.1
145384
283218
619888
75454
60243.9
75680.5
148256
78765.1
76357.9
110739
95330.5
80613
63068.1
88470.5
58209.1
55586
137298
148075
115410
196918
166807
235398
482706
67520.3
160376
458555
213858
523059
119898
140752
173296
87899.4
84099.2
103492
136797
515836
81605.4
66327.8
80126.1
72538.7
61494.6
83359.6
88040
75989.8
68262.1
212093
108585
599249
58367.3
62561
94323.8
545263
172515
76747.6
71340.1
542104
120696
94955.9
70437.1
67647.5
75095.1
116648
144643
84938.5
261358
66452.6
66582.3
672203
464677
572863
82926.2
82343.3
160528
111299
102177
478952
634536
67033
72235.2
98485.8
92838.4
139851
150283
103238
113653
496448
571840
74815.7
79237.7
73968.3
346825
83077.7
446917
150931
76334.8
235371
74222.4
74361.3
492816
84114.3
69055.6
81047.1
86664.4
396532
77807.7
78059.5
173743
75774.2
73013.3
64055.1
84274.1
95538.7
91300.9
435392
498251
76937.2
116939
87539.9
74407.4
77509
410300
75299.8
244205
78752.3
120681
142116
166911
401724
62037.6
113506
531145
70985.9
78587.4
62131.9
77886.5
87855.8
601740
371466
78060.1
76656.1
160673
113928
217538
84685.5
84097.6
86557.6
97344.5
183268
151767
129150
297021
103477
92920.8
451659
87326.8
489215
155601
100554
473910
753880
581927
82770.9
173335
225195
84890.2
85982.7
72925.9
120718
521535
77471
78698.6
543677
392202
561507
114852
132478
142484
125519
71518.8
59139.3
95328.7
58863.1
113874
128600
152996
74645.3
75955.2
149363
561431
71981.1
96826.1
83912.4
63573.4
127050
117506
98399
476980
590393
152508
125494
448679
511730
90434
262162
183592
270377
65467.6
69831.8
72492.6
328558
329338
218125
77028.2
81838
86608.6
69920.3
113600
399123
65150.4
259086
60895.3
71546.6
83927.3
74140.9
125111
82828.9
133723
12711.1
3718.17
131208
693510
65853.5
61492.8
85636.1
74655
80822.1
69052.6
78943.9
73109.3
90319.1
89082.3
72532.3
75731.1
87169.3
131680
156649
115595
524187
598795
75241.4
92711.5
86805.2
70684.1
300073
107300
593050
68638.3
68987.3
124158
75061.3
79728.6
71011.8
128426
82437.6
89361.8
78425.5
72760.4
67811
64235.7
400107
73711
58587.4
70376.4
86052.5
71750
550674
57457.6
457215
424119
179399
157437
87556.4
92023.6
183098
157864
135502
83544.6
257354
197071
87484
579010
87735.9
87196.2
82585
296432
118891
135156
289485
62374.3
70001.9
84055.5
98867.1
203274
108706
251136
95182
166509
142794
83887.2
264390
89132.4
215875
93089
180344
155375
97502.8
456635
78907.9
98311.9
75067.3
68203.5
74051.3
421616
128232
167110
155338
144261
177117
129751
73115.4
78827.8
107487
240059
80808.7
661555
83049.8
75304.9
522041
64650.9
66143
152366
182078
426452
80517.3
195256
164808
142283
84822.3
90063.7
491141
74325.9
73747.3
136812
79764.6
138986
78342.4
130692
72098.3
72862.9
84285.7
61673.4
96799.1
85655.7
129135
83003
75072.7
118838
146866
156356
119641
89432.1
411114
88779.9
88019.1
396665
406132
227532
724358
148702
129195
241597
655325
148438
114629
569704
147860
133793
101209
471748
80169.5
479698
60965.2
95406.6
80134.4
107767
121921
144576
78930.1
80778.5
176480
60350.6
60666.6
74411.4
62862
90634.2
62661.1
86700.9
107714
226539
576763
64585.7
86837.3
540862
222238
98231.6
109753
74054.1
75504.7
437847
319446
110238
203331
186348
313629
62459
63285.6
89058
82470.1
274131
536790
580999
370223
654340
86106.2
73822
73475.8
149644
128171
181456
92024.9
82667.5
499579
89722.8
95221
110317
74868.9
93872
247472
110605
59953.7
155885
79169.2
71841.6
553960
73837.8
80653.3
195241
166815
141501
91606.5
346708
309607
382620
136839
150217
103005
284710
98608.8
90195.5
253261
68310.4
726343
70000.6
563919
134417
158224
57518.1
159776
252321
77260.6
70785.5
67942.8
651887
108306
89756.2
122780
67110.7
69659
115726
88120
444814
101900
173404
243381
203621
89078.2
177170
129179
140376
155240
168552
127839
145216
165429
110867
155968
14604.4
95669.7
71935.4
88207.7
103678
99985.8
112752
260904
211996
173638
148877
87128.5
225869
90258.3
82814.5
56493.4
66956.3
97388.7
55829.3
84428.8
144949
163892
90014.6
392741
70428.9
62006.7
342937
445317
74009.1
210101
97623.8
106016
129879
188322
68999.1
62080
84699.3
222314
57479.5
84755.4
410505
70433.7
77353
91200.9
78108
103666
108211
88739.1
88562.8
116184
316422
559686
650478
79012.8
84316.9
302097
273606
392717
87558
298277
371186
648291
678845
590186
96155.3
169163
78960.8
470355
258261
112249
309960
73375.8
81762.3
364893
368268
74512.2
138608
581213
426773
380982
393021
679995
438690
407217
422166
77310.2
83397.3
259121
242651
249562
74257
65212.1
76547.8
74187.1
86134.8
86978.8
66650.3
87400.5
394628
237804
83110.1
87575.3
273211
80160.4
143110
134559
712414
74956.8
67521.6
170454
70034.2
142209
69181.5
80738.3
577577
4670.84
46577.6
45694.1
9543.3
78056.2
174043
63043.4
71384.7
82748.4
74897.1
216134
144802
77936.3
529982
482037
89375.1
253871
83292.3
95699.1
300635
84320.2
540469
99632.7
118029
122104
131897
293980
240680
196848
170132
100948
113783
309392
253359
116634
210394
127819
178737
66754.1
70906.7
132911
99985.9
80878.4
65819.1
63489
63384.3
72358.2
72802.2
59583.2
71331.3
62230.5
97197.5
219351
236712
120408
80813.5
131621
142436
333750
107632
91261.1
515712
185963
63627
45811.1
68281.5
78605.9
88215.9
69179.7
77014.2
88108.7
149160
115201
80192
116354
87103.9
77150.9
293871
81646.1
83152.7
88513
75631.5
267490
87770.8
118346
97917.3
79076
111178
105785
107680
68957.5
64450.1
642443
569102
172840
143030
132449
168451
492224
227231
88692.5
147611
74668
75834.4
89248.3
71202.6
613266
73422.9
208147
175820
151319
94392.2
85881
131578
72122.8
72830
623257
78784.5
88350.9
207011
203147
73260
74965.8
69344
99131
230297
400217
104100
83359
347869
291204
78905.6
82925.2
187177
156441
136039
83930.1
91805.1
206216
106676
140957
98046.4
165228
198405
84964.3
239025
639432
489938
85472.5
107317
124350
146008
89183.3
75182.7
362137
63126.5
73696.8
125345
121666
61758
70359.6
83155.7
75344.6
187609
136125
145811
165395
117099
510762
631461
233662
68922.2
107135
121810
143351
196702
285747
83582.3
414068
191603
108373
91218.1
124703
76168.4
76232
70062.5
73395.7
83036.3
114264
96818.7
97365.2
112143
133562
83879.7
80949.5
91498.7
93539.7
185865
182520
131441
153545
129331
151431
103940
120247
86266.3
78637
78121.6
64067.2
365522
106789
85382.9
160041
137683
122206
159788
80842.4
95139.9
270188
110634
223044
187966
66153.9
66949.1
238361
99671
92695.1
287470
157201
59434.7
158996
136118
194634
95517.4
85384.5
409423
90257.9
83963
453108
98755.2
117139
56795.2
81064.7
90249
78662.1
68219.9
357884
77970.7
112391
93614.5
80441.6
104959
64633.2
72808.9
284662
346521
81591.1
153218
67446.3
288021
531903
372101
92941
89264
193069
84559.8
83341.7
73593.4
67103.3
69397.3
110792
64423.6
84474.1
61318.6
115284
76173.8
63387.2
599039
87695.7
326846
126167
148762
85918.9
85306.4
185736
539013
56063.6
68195.3
78641.6
75053.7
111469
10554.5
3536.46
109379
198267
67661.3
156460
79801.7
118133
64253.7
96382.8
114516
284815
76608.1
80602.6
71408.9
62984.9
115838
70312.2
147427
129784
81555.3
61669.4
77986.7
573876
203518
75829.6
103419
67496.5
710975
425929
111452
64888.8
111897
82369.9
89010.7
169040
120121
141218
490482
371095
80865.7
416624
659366
421519
430588
252134
85899.7
391172
68872
69849
65204.2
110424
80423.8
87955.4
76358.4
170700
84384.7
62269.3
74099.5
281251
184061
220892
268482
325915
111035
107152
98032.5
91201.2
64051.2
78035.9
155081
7138.61
77155.5
75700.3
3950.57
126237
74148.3
66343.6
75199.9
71718.1
83027.3
91207.5
134681
405170
113067
91965.6
82287.1
83848.5
483094
416066
53791.8
174308
88439.3
86067.8
90858
101949
184910
402638
73064
88874.9
87556
434894
83476.3
72314.9
93308.9
83475.2
175956
210078
110429
245990
241454
86943
111939
298826
282514
253814
85108.7
89931.9
55873
84489
56499.1
69491.8
64494.7
167694
156285
149481
171317
131823
182021
130919
100719
145520
150439
122082
159041
122698
88151.9
268881
144822
129953
160755
150934
173238
137362
182390
135967
271563
698469
88659.1
107721
275713
148880
58142.7
81891.5
71655.4
6941.82
70299.3
6237.74
77181.5
90587.6
187189
159543
230741
106118
83275.4
536427
57285.6
82048.4
131001
336167
74789.4
160525
82612.2
598780
603956
427171
63443.5
137386
304738
105279
94826.9
137172
119248
101005
138927
80230.4
81529.3
674021
164746
571599
65852.3
77043.8
88329.5
64835.8
71602.8
554171
68392.1
341397
73174.9
240051
434216
58931.9
92325.3
83368.6
151513
90138.9
100518
87128.7
72302.3
83725.5
97471.9
75633.5
66908.6
81672.3
99199.1
88105.5
233694
196381
168370
412869
568371
635642
59857.4
66686.5
76655.1
75585.9
72669.3
56720.2
66825
600429
638866
469287
521048
19897
418254
491085
170404
129975
144289
171426
163891
209865
256850
110798
417458
64169.8
91345.8
78778.3
143159
71728.9
67353.8
76467.6
78437.3
85945.5
69049.1
75159.4
81463.6
89011.6
101170
94143.3
110831
118592
143587
153219
78491.4
83669.5
86885.9
90684.7
81725.4
63522.3
311993
425174
82194
175450
376390
100574
326221
114933
83508.6
457385
116384
105419
150052
382038
659464
278216
65022.4
580225
86548.6
69531.8
71144.2
174516
65369
266355
386392
74917.3
133660
80776.1
91019.1
71457.6
611982
72584.6
72871.2
76383
84418.2
189317
66521.1
74710.9
246044
65328.3
427821
75638.2
249278
74802.7
77933.4
369777
203368
121546
239204
291766
110119
352687
104844
88451
190570
223024
339492
274649
88364.2
114579
124033
105250
577746
91190.6
454817
61259.2
83988
63774.3
2582.55
19570.6
209930
46573.2
439802
70929.9
81316.6
102287
115025
88339.3
168750
75404.6
248716
74479.5
70008.9
294050
78528.5
84947.7
76093.4
85311.6
180827
154187
223024
99066.3
177827
67999.2
98975.7
103977
431689
64119.5
83893.4
66487.1
69726.4
157455
511328
211668
211928
506672
104713
235140
549740
254524
437238
91775.9
448824
78580.8
330406
82234
97805.8
80339.5
4516.32
46251.4
45358.8
7856.16
76659.4
431000
62831.6
338465
218324
69532.1
175098
167235
204298
194915
247299
236158
104753
100960
90443.7
88404
93559
85197.1
208046
176361
150950
70812.3
96189.8
82425.8
73937.7
157263
132249
78640.4
74108.3
67457.5
76634.6
65859
553884
374674
85423
196946
167107
240574
89779.8
256881
350540
307381
94511.3
91217.2
477894
196004
86656.6
63186.3
80806.3
71358.2
74853.2
116144
99249.7
86082.6
329573
696414
434753
221906
98366.6
85817.6
74596.1
80709.2
71760.7
69331.2
87566.4
91515.3
64578.9
103552
83222.8
75676.4
462367
492197
100422
161748
66368.5
88036.6
79603.4
67391.8
153899
469739
161964
119392
126032
140245
85399.7
59293.8
99513
72675.3
61497.4
72221.2
734040
569673
62744.7
71989.2
120063
108994
91803.8
234250
287810
164471
190876
260380
96961.2
75798.2
86829.9
80652.5
68022.5
498388
87986.5
281792
61729.1
501076
60528.5
100715
100640
718959
75952.6
96033.1
77614.5
88883.5
72167.7
81031.4
240886
83265
183218
119393
214898
260631
113646
318451
106520
97648.1
111492
97027.4
66118.6
110917
122286
144240
63592.5
91206.3
319326
177452
612033
546098
609775
139269
403148
247396
130064
68411
64489
500988
327706
70809.9
619675
415937
20803
97910.2
92948.8
38404.6
331393
176777
82794.5
54919.1
508113
590538
84211
110073
114194
299776
288649
98472.6
101752
99715.7
108089
73073.6
75908.2
78341.7
77018.4
53243.4
705387
427507
473147
586856
183587
86363
315135
122211
141856
167497
67851.2
476590
76548
322355
557585
152765
91631.2
633526
93934.9
99108.1
86999.7
93886.6
228993
223687
100091
91973.8
60665.8
77300.1
92759.1
251559
208270
174476
106060
691301
83973.1
69627.4
67249.2
170272
198336
107572
238766
99152.6
292421
94529.4
230735
161851
188123
283928
84590.2
120199
108941
101849
77328.2
89752.3
80374.2
70266.8
97152.8
72536
85347.4
435141
117939
133692
485187
88381.5
78762.5
80380.1
117844
137120
72625.8
80602.8
558449
83529.4
76588.4
88891.3
89569.8
77024.8
72057.6
118926
78860.3
84731.5
362300
462512
62284.3
56370.3
60380.7
103122
179203
568384
517166
294318
91193.3
60942.3
369751
84176.2
86324.5
685450
202278
448174
77372.6
278054
111981
156972
81849.9
306126
236848
100154
86689.9
69877.7
114830
65508.8
41967.5
58637.6
569305
150463
144103
385253
79787.2
88405.3
75944.3
142966
68185.4
78650.1
92630.1
71353.2
92064.1
9179.66
90334.9
6373.74
86753.4
311955
80436.9
91717.8
172983
143351
122043
68167
538959
243012
87036.8
366947
140414
157917
59155.5
5685.59
58036
6080.71
381889
172439
98739.3
136625
119457
68260.4
563462
75814
75955.7
124787
101929
77887.4
12446.2
357552
74825
395250
77295.3
81979.6
154400
127679
111091
62942.7
144747
81761.3
75947.5
74346.6
79510.1
148968
152522
70444.1
77390.8
69963.6
71465.3
197456
94903
85565.6
82051.8
173467
4434.04
16444.6
170207
100385
90383.3
114760
128714
66706.2
604644
661483
69841.2
82666.8
69925.4
79868.9
80091.3
8111.2
78599.8
7087.81
216274
79821.7
91394.9
616411
621047
407141
491973
131669
115710
115019
107076
536634
75261.6
115675
63485.6
59475.1
78072.1
77086.6
85250.4
101192
447015
467426
68123.7
44821.1
116568
134017
85074.9
216623
81253.1
82638.5
512024
70450.7
83113.2
93869
144487
138024
161661
104092
76492.7
86330.3
69984.7
60745.2
300535
65564
219276
41658.1
86104.7
125175
111335
270709
313139
84025.1
94184.6
90968.6
356369
2664.08
33816
10003
33382.1
77436.4
79898.1
73419.1
598309
10897.5
579709
151663
14379.2
4683.18
148825
73535.3
49185.2
5555.22
48284.9
89683.2
344055
84596.9
599012
588430
20118.4
94273.4
130562
113824
178881
81186.1
73520.7
227491
224255
51231.9
68370
72441
72768.3
98431
131558
70184.3
70506.1
579693
113264
124590
124899
139926
388275
83620
58571.6
323100
427229
191937
67658
70955
65618.4
101985
94477.3
84953.1
75376.4
78055.7
83112.5
59775.6
346779
423145
67706.5
93269.2
86047.6
97847.5
303884
109166
69870.7
83513.7
141328
182189
70325.3
75034.7
434675
468595
87702.1
79435.8
113817
160855
134278
73359.2
75621.4
76499.8
67279
385491
150498
58794.7
38397.2
24892.7
91068.1
84108.2
110417
155220
130575
78939.2
574746
629111
84276.3
67680
58275.8
52924.4
519844
82856.9
89898
181348
657286
567123
88305.4
83358
108820
93611.9
79025.2
68222.9
89975.1
64618.3
79217.3
78410.5
80763.8
569035
83888.2
140290
148102
354874
241675
235237
96576.8
93167.5
100809
103735
110798
67304.4
72677.8
62429.8
77891.3
106243
65791
488716
277878
72453.2
77447.3
264170
671783
70548.2
155615
137285
118671
159034
194666
91212.8
89802.4
233192
80290.8
178198
81510.7
80065.6
74824.8
187385
69909.1
77024.1
173725
84638.2
67262.8
64783.6
78474
141454
125181
81897.6
77128
85725.8
84775.6
78771.3
97069.1
81906.2
88079.2
81197
85805.4
65587.3
75081.7
602303
532732
395030
79752.9
87554.5
143516
119460
101298
85882
99180
46398.7
340289
66743.2
89763
122643
71802.6
127239
566671
60074
75398.8
69688.6
67596
550958
57057
92900.4
87715.2
100330
71806.1
64168.2
80837.2
60997.6
76737
378639
83516
46466.6
5674.03
45603.5
371632
296335
538014
452929
505017
92060.4
538591
300594
5137.09
37237.5
75482.3
84536.6
95796.3
106761
124634
188225
90151.8
340032
132957
156978
69916
64683.3
57774.9
74144.6
81180.2
65886.8
67007.1
290717
37925.8
517599
160696
55088
221333
105894
79318.7
89523.9
72604.9
58730.3
69452.5
131982
76847.1
163819
169938
64858.3
85518.8
111177
314080
70408.1
68924.2
91851.9
61244.7
82576.7
513440
80037.3
86485.9
200139
439983
141349
70828.2
115417
110592
127342
94525
79880.4
79330.4
75867.4
3024.54
23882.3
123802
107714
128713
305047
209203
250308
107205
117604
320968
262237
125838
220944
98669.3
78410
71755.7
106515
79879.2
81590.8
68264.8
147220
72828
83079
59522.4
95702.5
254859
103132
65745.9
66579.1
66302.1
74803.5
66128.3
75266.8
87552.7
73182.3
55321.2
226008
82672
87893.9
81443.8
86135.9
162618
138682
118830
105094
270279
77712.1
65798.6
117205
109817
88609.8
75202.5
77260.6
88429.1
75663.4
110449
79589.3
69752.1
92133.3
89612.2
76824
140778
64736.1
58059
329445
278312
72989.4
89431.1
535673
80818.7
92545.5
60520.1
71671.7
83592.7
163929
138023
117816
86975
80858.3
203198
79347.3
67482.1
76826.9
357683
78057.9
68639
90161
77934.8
61727.2
70553.6
60552.4
66209.5
415575
378132
85086.7
79637.7
89133.3
223404
197864
83208.4
90627.2
105780
90324.3
60163.1
73073.6
551543
108291
116270
59673.2
97236.1
70748
29253.1
60871.1
65889.2
82806.8
98281.2
80085.3
76655.7
73705.6
83364.9
630874
80571.4
221250
74569.9
483723
110743
126803
81400.6
81196.6
225620
67441.7
78269.7
67203.9
74787
91705.9
115040
67376.6
41478.9
44451.9
190974
79926.3
86368.5
63406.3
72887.7
63794.6
69296.6
103244
76769.8
88742.4
48206
57314.5
454395
64068.6
692822
85972.7
114921
301775
81144.7
73408.8
231412
69255.9
64362
299718
85907.9
108194
218955
185182
264892
80995.2
112925
82624.8
312260
297241
69538.5
71490.5
83384.8
84652.4
98674.9
108582
202351
98744.5
104700
250845
200284
244201
142459
166230
141113
164395
391429
155706
75687.9
558232
84691.8
85146
172053
495910
115783
70525.2
66721.7
78225.7
71315.2
87518.1
90981.9
63398.6
354669
80666.4
83426.4
146679
84240.1
204552
82268.3
115883
115368
178715
67135.5
79435
83159.2
65891.1
80394.2
80969.1
69499.7
62827
593913
96354.1
75741.5
76717.1
93853.8
69403.6
70615.7
67149.4
344504
66538
83811
84380.6
86954.8
55964.9
566293
78041.7
74079.5
170935
73747.2
83855.9
521187
335636
333331
89733.7
87052.2
460235
129120
141888
71874.6
225827
188897
147103
126414
344067
205003
405785
288769
386344
242122
108067
93809.3
52536.1
60811.7
433984
63364.1
76976.1
75462.7
79702.5
74547.8
68085.2
140387
145517
72826.2
141070
13427.1
1870.51
138417
84400.1
54482.9
381711
87460.7
128713
71145.6
70345.8
72543.1
66363.7
68838.2
100171
108012
65933.8
83027.7
98018.9
83321
76587.6
96313.5
321991
270007
59702.6
131093
117761
600498
208223
128651
244946
299163
118027
362448
112551
97139.2
196640
229544
282884
349401
120477
95282.5
129630
113070
79050.9
212197
59368.1
314075
308222
585474
76754.2
128241
280568
78995
125948
49430.2
58301.2
338191
66618.8
73471.3
180882
221375
521519
75441.9
88601.3
103756
71364.6
83424.5
80552.9
195222
133693
91647.2
84125.1
87319
82760
454182
137332
133703
347310
338598
78608.9
74619.5
85388.2
78329.4
166561
158700
319739
369138
150347
175598
215581
267177
91014.8
112263
98780.8
105837
280647
229922
192425
165758
88921.3
92456
98914.8
101279
75985.2
87653.7
269531
519384
73371.7
85120.8
75568.2
163800
147720
127383
106769
97035.1
74775.9
78509.4
714353
64854.9
81995.7
215569
453205
377901
86761.3
107762
87246.6
38422.6
76296.8
380477
147031
540138
72434.5
78095.1
289761
439513
81171
154271
183404
133122
568289
136087
77168.8
79180.4
155241
85412.2
72221.6
161232
211511
139624
147927
130283
78034.3
115860
159722
134700
110011
122518
606540
479844
115171
75075.4
502433
71480
80184.1
85754
89523.6
94174.4
186229
191163
75474.2
75754.3
129275
110054
93896.6
110967
62720.8
334103
417836
229649
78620.8
82979
376189
129518
124360
146483
139736
502163
74125.5
85047.1
76481.5
69037.9
73485.9
106090
207558
78886.1
61561.1
60025.4
622107
491012
100162
82508.7
66346.1
95109.5
70284.9
110623
95543.5
107369
126278
70778
80069.8
86878
77401.9
556718
38974.8
406269
74456
84182.3
64341.4
86100.1
77769.9
79861.1
437252
70068.4
708077
121246
94750.1
226643
125963
148188
107266
82556
87974.7
575669
107539
112096
86789.3
77081.1
150875
102675
682928
128789
110426
152685
81696.9
77382.3
86454.7
541983
495838
379766
122922
91939.4
68495.2
69343
71935.8
127654
510355
83072.6
200624
83054.9
304793
302341
225382
102227
67100.6
70275.6
439476
79804.4
88069.4
169273
501283
68773.6
166669
78481.7
139816
122510
80262.1
104595
63539.8
91607.4
83661.5
184167
152497
130903
77786.9
173081
135050
148984
175028
2604.99
23489.4
82414
471382
515769
82754.1
73973.1
105263
106093
87984.6
104952
124156
86126.7
75055.3
76813.3
79431.1
58752.1
259495
77503.4
140732
485475
74289.3
68967.3
67775.5
79759.7
507756
73955.7
432440
87963.4
125114
54987.1
82040.1
67412.1
158525
271466
65170.1
129996
111158
154844
84372.4
79549.8
66685.5
63254
23101
70137.9
289812
63994.9
73063
330065
75744.7
392986
70775.2
302368
120519
72001.7
184506
80481.6
336924
82563.5
71479.4
125470
247283
242774
88074.1
117929
103469
280412
69023.5
349004
335620
84516.2
58860.5
66156.6
87806.7
117676
70921.9
70092.6
85610
81515.7
62637.2
78640.1
86175.8
71603.3
63026.1
56823.3
82255.1
85248.5
73985
65320
73178.5
83488
204813
203710
81043.3
92240
88424
416894
389155
370939
574741
421961
117111
90292.6
98273.5
102272
174955
91508.9
204618
244947
84361.3
297460
346721
116560
84519.4
82109
167797
141221
84544.1
123083
149714
143802
127540
130703
654824
256270
79047.2
76382.7
67887.2
526038
204970
428104
58603.1
73268.1
106962
89092.9
86319.3
193786
85993
734965
283071
571219
481544
258805
104436
89438.4
121500
56209.1
91997.5
127945
89467.7
77310.3
36047.5
73858.3
65175.1
117252
117040
99032.5
99555.3
290500
77155
71515.9
96517.2
454387
85821
172302
93743.8
124032
164570
150447
141299
125368
173841
670597
454833
330098
85413.9
89039.9
111295
108625
181109
220081
223498
184469
159332
156484
91428.4
96947
532569
70749
74207.3
119650
93969.7
174288
562390
90316.8
88475.8
102640
76752.5
82968.8
49127.2
117923
114276
86571.4
80407
134702
129956
162652
156613
87452.9
80282.5
285289
72316.8
185874
86146.4
79862.5
667729
84851.6
556215
551917
517244
81491
84068.8
86720.4
133086
132063
91959.7
84123.3
154014
152037
188762
185729
87107.9
78577.7
63467
76949.5
78203.4
70579.6
219822
206110
540989
341509
401369
256299
77010.8
86430.1
83248.7
83931.1
73257
78490.3
157043
133228
112043
86434.4
79608.5
122746
73340
77549.1
219406
101351
63843.8
586250
391873
206455
83316.4
75743.4
543384
73597.3
68700.1
103973
76610.3
65309.7
86233.1
90399.7
129601
80892.4
89025.9
421820
81509.2
162156
136896
83112.1
120223
81181
82719
65844.5
105649
114503
59220.3
620855
172577
139270
130695
165441
77957.5
224309
169081
61249.5
22402.1
213746
85841.3
116835
97700.5
107345
308320
249157
172490
202650
88697.8
100846
320480
264821
105535
219084
114210
185685
88765
92063.9
68186.7
82322.3
87349.3
78739.9
71728.8
451321
154998
67004.1
103481
77010.4
66026.2
102014
118812
125682
136213
309705
251056
203682
176475
101980
113939
325357
265306
120390
219369
127128
186635
66558.8
557216
80900.3
79454.6
62166.6
60689.1
103061
67713.4
386215
167941
164554
121651
116514
197117
192525
236964
232192
108643
105911
288285
282838
104102
107724
93342
96040.7
121665
125635
110279
107613
267459
273138
76111.9
87325.1
67147.4
77914.7
61824
421172
67342.4
137628
537370
683578
83175.1
76351
163734
349424
144953
169608
207845
257770
87380.1
109119
92348.2
101835
274077
224339
188541
162040
84545.4
86729.6
94698.6
95102.3
95241.1
129764
73781.7
74047.4
527699
227143
77447.1
659479
83038.2
86543.7
96464.7
221867
183082
157763
86138.5
73798.6
275871
448602
66340.1
406266
154275
194932
85512.4
158027
137442
178252
130931
54448.6
324681
307889
83731.5
84380.4
484824
90243.8
330610
79237.8
95692.2
67634.7
90791.4
69145.4
64574.5
90711
65929.3
335093
85332.2
611885
527690
90305.1
58650.8
84028.9
76172.1
63228.4
406003
128158
151658
114795
91426.7
82005.9
85821.6
54860.3
173151
151898
75333.4
79029.8
83991
86320.5
114886
100537
84154.3
69247.7
366489
4560.91
52432.2
51449.1
4338.62
417495
96151
85363.2
91480.8
59699.4
547742
81188.5
78803.1
67156.4
60716.4
131338
119076
157135
88261.5
106902
124692
60233.4
109879
69963.9
314944
115822
95324.6
97803.6
61098.1
106001
123154
92152.6
320752
156494
179279
139328
150520
134799
124297
175771
165593
151140
161363
149630
140931
134429
126773
175712
186376
266778
85767.7
118935
135396
163756
89109
220965
90326.5
77238.6
63562.3
70956
360966
469770
329055
80601.2
62794.8
313533
88564.5
443702
67864.2
66391.8
91231.5
103361
79359.5
87390.4
170037
142107
120509
466034
351681
71758.7
55670
99218.6
398332
475458
451056
372239
54624.3
70055.2
81232.1
584847
73136
75543
180886
82298.4
83586.9
100300
119235
78097
87851.1
211688
214110
131006
251825
308456
119758
371777
111852
98795.6
129173
93479.6
111085
122578
202737
359616
290574
237369
345127
389518
75738.8
79146.3
91846.1
457918
308267
205785
116126
69624.4
69171.9
81580
82418.6
62337.7
82875
78583.1
85464.8
47466.4
369502
210436
601814
534807
87507.8
70494.8
77693.4
70944.8
55473.5
61891
85754.7
79039
75392
82259.3
350772
141934
148110
135240
107227
67976.5
81384.3
84095
270111
119762
79867.5
80465.7
133389
112410
312431
104704
65459.6
528985
572474
73013.3
85978.1
64586.4
74603.2
502070
557879
83947.5
71462
81924.5
258524
76711
105399
290507
253262
321443
55897
82305
78412.6
222651
222331
418295
86807.6
111434
97512.5
75249.9
106892
63735
71124.6
150628
107042
330596
218886
59256.2
86698.1
82779.5
82436.8
85684.2
83069.1
72446.5
91286.7
81293.5
90472.5
7132.46
63312.2
62157.1
12067.1
9091.95
87420.1
85798
9161.31
200100
296749
98036.4
67503
61530.9
80691.8
100881
267550
78878.7
262345
469019
66545.4
72629.7
100779
94523.3
522792
404786
74442.6
74435.7
88085.8
88484.8
81678
85365.8
391441
65403.7
61532.3
423026
76321.2
81448.1
452436
585640
72654.1
87862.6
109350
335743
375368
73361.3
415177
531621
73495.7
66889.2
85682.1
88941.4
68517.6
80005.2
76980.8
84275.7
83922.1
93185.9
77178.1
80077.9
67278.8
70470.4
59361.7
67955.2
62874.1
72512.5
57726.3
67182.3
80901.7
54757.6
344708
571251
78312.9
71367.3
256414
85350.5
78119.4
73662.3
68344.6
70405.4
81686
70841.2
64158.6
76246.3
49300.9
93242.1
101404
245599
2136.1
24671.6
165262
15813.5
5959.49
162171
119043
11782.7
7227.76
116817
263151
188077
157592
160843
81208.5
257503
77893.6
82132.5
148625
85208.1
395664
324567
261634
75110.8
70116.8
120469
101902
141137
71865.2
99212.3
131912
80040.3
78943.1
84374.1
63734.2
317600
135973
67570.3
72092.3
134372
156464
90591.4
189203
276077
86274.9
82102.3
99754.8
100482
66988.2
64172.2
48850.1
84471.6
426993
81096.8
74706.5
63572.3
75001.6
65820.8
80116.9
59331
71841.4
96776.3
60476.8
70669.1
115887
69675
70926.2
88683.4
87496.3
86145.5
80987.5
163927
170075
84200.5
80665.4
96825.2
82029.1
56548.1
64589.1
64598.5
87706.5
274909
283226
77140.9
112310
114927
98655.4
271973
187154
222916
97759.7
109322
285082
234138
114014
195905
164049
141606
88296
386619
15965.1
83466.2
98093
189826
133580
155128
91606.8
75441.5
76812.9
331527
122046
88146.5
107742
128242
64851.4
77893.5
409495
546805
520694
21783.6
122958
5211.69
28833.4
82853.6
325370
329771
201941
305379
299679
552719
119137
71220.6
81089.4
125011
98675.7
68466.4
87434.5
224887
5325.88
21137.3
220681
236424
93733.5
80240.8
49675.6
500780
302338
135760
464996
66179.6
62349.2
70920.6
82469.5
83238.6
233498
84336
82313.1
60720.4
96142.5
60740.7
71640.1
60942.4
171829
75254.9
79840.2
150913
86742.5
658173
74895.9
69333.2
72254.8
152376
77156.5
72993
79547.8
344469
397344
352775
351110
466999
169091
464555
519320
507119
59536.9
67573.7
81684.3
399307
659705
71972
64649
71979.3
473220
83819
56902.1
59579.3
76152.9
99689.4
190802
89939.6
47521.5
302115
60889.8
93527.6
16935.3
1901.06
62423.5
86322.3
194857
85123.2
76888.4
73389.5
127459
71540.7
134717
78515.6
83077.3
77869.1
591087
278680
374111
85514.3
419268
91505.6
200833
91954.1
145260
137954
373964
401037
157307
117941
59166.5
77928.2
81036.3
83095.6
85483.5
84840.4
83977.5
82402.7
113558
94074.7
656752
109906
92163.5
78811.1
9154.1
96354.8
3207.94
94540.3
73204
112407
251466
380325
457864
466900
459171
58010.2
378081
458278
117992
117409
82953.1
286279
297685
83950.4
237789
245299
88629.4
88863.2
196787
201667
94255.8
163756
166682
96323.3
94787.7
138957
142672
96755.4
106596
103984
608933
636110
100418
305905
365485
65983.3
312774
432103
251167
302705
400921
151945
157341
82151.6
76011.5
670178
324113
76151.6
66039.7
62797.9
57817.7
652325
84249.3
160013
69534.7
77279.3
200441
510940
476533
250811
101458
92115.5
76413
149705
81799.3
70866.9
88867.4
212255
68076.2
75867
87610
74055.4
306512
131861
69685.6
97123.3
105594
120691
129608
140778
330273
267939
215955
186208
103520
114356
348360
284685
123166
233893
128875
198259
178551
175215
12881.9
121712
136170
112624
154992
116317
76207.7
555477
78857.5
81912.6
187229
138544
223788
266880
123659
325691
120207
105333
181488
210009
254878
311728
139387
109230
128475
122031
331128
177672
88417.9
83497.2
571022
589401
101296
92483.4
192199
65629.7
119744
77951.8
71849.2
86475.7
251213
105051
96889.2
236390
618810
361987
74909.6
226506
102864
118780
123985
134044
316783
256456
207657
179200
101399
112659
335180
273528
121316
224963
127511
190817
605764
81713
75343.3
66856.9
110178
129046
72086.2
66076.1
84274.5
79066.4
78902.7
81190.5
673182
62873.6
70732.9
61917.3
112672
91391.8
80692.6
197331
207303
122512
244576
299079
111569
359799
104230
88901.9
103083
123925
116401
195475
281610
347828
229821
85891.2
368583
134053
12866.7
1624.17
131538
274524
70134.1
91578
78432.3
75493.4
507256
564329
342441
473920
349101
71439.3
492639
453667
141223
124105
120805
137714
112904
141909
152567
114829
78888
220074
154593
155451
81714.6
78838.3
506782
128268
124397
449949
594193
132356
106164
149228
80388.8
77715.4
590068
85681.6
72837.1
191668
88955.6
86328.8
73952.5
61362.6
50897.3
441426
80227.4
611234
597053
65322.8
73936.5
77459.1
81398.4
75643.3
182392
184284
88211.3
92825.3
85733.4
391152
664518
587833
83496.9
81491.5
82381.1
436071
237432
278787
451946
410774
83969.4
432553
572360
158360
69205.1
69575.2
95505.1
290496
80213.4
79402.5
85410.5
6459.59
36743.4
35951.5
2854.12
441693
65272.3
197122
79104.9
232797
68927
316868
652119
75285.8
567262
75017.7
131979
118132
92258.1
278161
85981.2
281871
89053.9
292843
76410.2
73737.5
87190.2
66242
74466.4
59194.5
630435
187245
186916
87126.2
87849.4
89315.9
87773.3
71074.3
81261.2
301881
67799.2
109632
110943
235392
232191
233412
73425.4
74111.1
87535.7
333418
145363
76577
79339.6
101125
127664
112668
93049.8
55929.1
477260
6945.65
74770.5
3659.03
73365.5
222378
222586
122727
138035
101782
127951
103213
466826
73698.9
81390
71297.5
91537.1
209004
94939
80993.7
76925.8
366249
196479
79740.8
74432.1
117121
122994
102036
292236
201235
238965
88870.1
101738
371068
307889
113333
251200
122056
211608
79176
83708.6
99867.2
113327
135283
265040
115006
98110.9
258919
80809.6
84961.9
89368.3
357916
165733
320978
79838.8
2356.56
31048.8
30483.9
9749.09
78280.6
84545.2
79213.1
431779
116003
278057
281597
105741
132787
143120
103496
80858.6
321707
314014
84587.9
287581
415951
436123
68377.2
152566
90982.6
92506.6
79405.9
83774.7
89281.9
94424.8
184249
192198
137361
133279
118774
118564
66994.5
79088.1
483070
67801.7
137347
107650
119355
123214
312299
313290
428230
69886.6
90543.3
265166
106571
219299
185181
93728.1
84278.2
109626
65290.6
77947.1
179201
155114
219854
107923
88594.8
155130
138567
121530
157966
146940
130756
123485
164809
538286
76012.2
69544.5
401575
592451
160696
118232
189331
228029
106112
277491
104528
94530.9
152121
177614
214552
262340
122737
108292
108239
96036.1
66133.4
63283.7
83856.6
85658.1
84865.6
241226
88760.2
83504.2
99209.6
79338.8
190471
559143
575933
57474
477737
220037
181074
89627.6
155466
99651.7
91482.1
228216
187538
160799
91687.7
102304
636400
116198
130989
123111
141344
146624
122331
108062
75821.5
105885
65033.7
320480
90344
73353.7
60971.3
92846.4
59288.6
328343
470514
265654
639862
66025.6
69514.3
60830.5
77868.6
64962.5
80959.4
744790
63360.7
646500
153515
138052
120855
158416
145943
131476
124768
166831
116054
109970
489785
79423.5
81356.9
729923
290872
287233
80781.8
71841.6
257119
101873
87217.9
540485
81289
121607
138534
166436
80481.7
79755.7
72247.5
89807.6
126987
147673
178395
85767.7
78732
258365
322341
116301
123096
267766
77652.8
124760
105006
90808.2
78550.1
212088
387521
403346
424024
111871
78017.9
215582
177407
159365
423342
192694
328458
39546.9
80824.2
312546
84348.6
66835.2
116721
130776
98914.4
643655
208076
519471
79097.6
80859.9
80566.8
116812
81089.8
132912
160787
82029.3
90485.8
81802
106022
70985.4
82443.5
98304
95317.8
529999
67957
543045
74332.1
88887.5
105069
162753
234429
191109
89812.3
569637
85725.9
52942.2
114688
103740
76353.9
130869
79126.1
77766.3
83754.1
105856
121129
144235
408908
79196.1
158434
73664.7
118853
137922
99761
568797
81273.4
318620
99257.5
78212.4
83397.8
123554
11661.6
2742.87
121233
65299.8
87179.9
80155.3
66913.9
135213
85064.5
76827.2
159243
65335.1
71874.3
80749.7
61166.9
231948
65064
74200.2
86404.8
99170
68502.4
598602
135668
79209.7
64333.5
81951.4
634269
305929
67549
111565
62122.5
60034.5
511287
631412
98644.7
96434.2
89174.1
91544.7
226740
212409
104962
113060
83689.4
81752.2
556929
125971
114776
79494.3
63360.2
128749
239983
370856
90997.7
77728.5
92817
82089
215389
74961.8
284195
496984
585050
77730.8
466421
547080
247969
100294
85547
75973.1
93655.8
84792.7
193898
88348.3
376932
68613.4
93082.6
353583
78804
92638.9
78871.1
121140
312522
64753.9
60820.4
651987
89392.9
75742.6
88196.8
365449
604497
82428.7
524281
488025
89478.5
263079
215585
183366
63484.9
666348
115847
133804
97529.2
479175
217658
82330.7
66285.8
608030
444213
630041
274928
66514.7
363637
398031
86573.7
629296
87034.5
81740.6
145769
81374.8
86524.7
87351.9
324797
117880
568147
110462
59451.4
61100.9
86486.8
8528.69
84861.4
5567.7
71643.3
69954.4
76804
126429
601838
68890.8
70491.6
62232.2
65281.3
89433.9
106309
71045.1
73618.9
214659
78856.4
71275.4
144020
169157
207566
85705.5
95808.5
128614
11629.6
3874.26
163273
160218
15465.5
590725
91002.2
243567
645884
134054
93125
100376
205532
82026.7
84436.2
86541.9
178217
147584
129036
199385
199856
82702.2
118657
65206.2
75432.4
59294.8
75927.1
325682
247216
122993
121553
136641
168586
130661
143738
169340
94094.8
103821
200705
81600.5
241293
396896
71555.6
561976
92638.5
8621.1
1852.48
90902.9
78935.4
437475
182866
384642
367112
62791.5
86189.1
104588
290724
95052.9
99663.1
92274
93627.9
96141.6
197788
182160
83105.4
90344.6
75197.5
76635.9
292813
184680
86832.7
299586
71509.9
7229.65
70165.3
6591.59
241147
231582
117056
75196.1
5556.33
39139
74185.6
72161.3
322495
136275
81574
403442
63540.5
102634
381083
63466.4
39753.3
661008
60770.6
72568.1
74763.7
78360.6
82615.4
470581
72112.8
64066.9
112749
75903.7
76789.7
81883.6
81843.4
145759
124331
151753
108031
128449
104414
72043.7
4445.07
48829.9
47881.4
6831.5
88052.7
89114.3
255688
398268
360036
121073
76437.8
260372
653116
181779
67350.6
65622.1
79921.2
83652
72156.7
106766
121034
145488
192720
89152.7
97727.9
103216
75872.3
64075.3
77244.8
132750
12784
4211.09
130255
356638
386790
75874.8
43436.7
43907.8
663848
139362
83992.5
84071.8
98423.2
18096.6
149826
525987
61296.7
162530
592441
132201
136635
341974
211919
71043.4
648131
87657.7
46334.4
5081.99
45490.2
9704.66
71312.4
95081.5
235307
105947
85593.1
95786.2
112139
289846
71852.4
473087
75621.6
303620
84055.2
167457
499439
279824
84907.4
356386
134573
155845
63019.3
169664
200315
239658
102536
89560.6
83645.2
281639
234962
391167
73935.7
72570.8
88923.1
89348.2
88068.9
79808.6
77751.1
177960
126042
157202
147841
132084
111661
375893
82249.3
84176.4
88715.2
91009.7
200530
201618
165381
166493
143013
144948
126630
251399
73193.5
620930
396256
63688.8
59438.3
101669
86501.9
571238
377243
124077
72026.4
543944
81408.4
390991
280411
448023
100756
111653
230318
79003
157676
85534.8
77718.4
3362.18
34582.2
33793
8701.59
207068
170157
87278.2
86489.9
74852.4
131520
142932
206542
86245.3
85729.9
517883
93383.8
449288
82300.7
488626
58148.8
65774.3
73931.6
85828.2
252275
107490
125008
131353
142904
327872
266363
215115
186242
107432
119166
344567
280828
126006
231925
131810
196753
66351.9
84126
56094.6
87187.2
102577
84311.1
81287.4
46866.2
64070
270412
69071.1
102933
65012.8
76152.3
116030
87809.3
92386.7
151647
152257
121368
124941
164889
159894
128986
128001
163428
83849.1
85286.5
549752
205091
378385
214473
80995
73884.1
78301.1
139140
370123
683441
199858
472095
71938.4
61452.6
86006.1
72814.4
85496
145606
209661
88541.8
76956.9
72697.4
81893.5
95579.4
83708.7
157445
132515
116276
86872.9
85359.9
432677
122729
78215.4
142703
123032
85144.9
403382
92911.4
125619
84850
86918.5
77959
204290
150325
65921.7
64439.6
473952
562303
196407
167096
142533
86783.1
96006.6
553227
424032
76480.2
446987
341459
415627
152446
612999
78162
60963
67784.7
76588.4
85306.2
531127
98779.7
112360
230457
89353.1
80253.5
162737
83208.3
69345.3
88923.2
163506
79622.5
84884.9
76333.8
80134.1
90862.4
170646
149614
142944
121410
127651
107147
590327
278225
345032
87455.1
184615
83160.5
176830
170131
206431
198638
119315
116961
249544
240587
112876
108980
305121
293923
106189
108833
95527.7
99104.3
109757
107928
42188.7
44341.4
366496
196142
192528
67307.1
80249.4
80186.1
79283.8
159988
82158.1
95039.2
498900
318436
72733.9
319290
423118
100935
77418.9
62542.9
72474.3
74092.6
71721
385496
268799
72278.1
80562.4
80834.3
108109
106881
123932
121839
253430
262899
82758.7
366817
309837
289451
90226.7
116791
81128.7
68347.8
346854
72225.3
71146.3
156186
76724.6
70428.8
89793.1
100007
89225.9
86649.5
86719.9
421292
71905.6
17757.7
197250
82157.9
90698.2
270386
315506
321404
149115
144048
42545.5
5055.06
41786.5
307724
155705
100798
134705
674036
574940
410843
102645
120552
142811
82877.3
81154.8
98136.2
320122
113257
69958.7
80085.9
568229
77894.6
84864.6
88190
125822
131349
152410
159783
136824
143069
151337
146446
127655
124652
170812
163920
403692
71129.6
81068.6
610760
86858.8
76991.7
156792
18291.2
438.307
459906
64321.9
71303
303369
63814.1
63858.8
483100
522165
246547
100532
94317.6
576511
214108
47706.2
83810.5
432124
308047
78168.9
53364.3
425426
373902
375150
537928
70448.1
92205.7
66844.3
575797
55296.6
209875
74417.4
210975
72668.2
136760
135836
161076
163538
69240.1
68502
333856
97106.5
379700
76362.4
61950.8
155591
74520.3
126427
121794
84970.5
14218.5
62284.7
6336.86
66277
65024.4
4637.06
128965
120489
158695
190247
153100
98941.4
182843
135647
131678
94997
78911
82431.6
310949
74247.2
460127
337155
347064
104288
161316
214098
176066
601722
115115
82873.9
104426
276868
225753
184710
159678
345300
56862.4
78417.6
71756.1
92213
96189.2
369385
346381
454955
81761.4
208634
176339
149632
93311.3
326537
89257.8
383167
74110.2
64877.6
59889.9
81117.3
82280.4
114551
101079
251885
117122
86099.4
77670.6
56402.1
308866
127169
38117.6
82184.9
70420.8
147370
69080.3
77260.1
77257.1
73722
68870.5
72555.6
77696.2
80174.2
136488
113416
40997.7
75328.3
82344.3
114908
98309.2
83074.6
92704.3
111067
391956
77972.4
73050.4
585419
73550.6
69631.6
332494
88119.2
84009.2
146345
508854
400020
404996
91259.1
183462
89542.1
85809.2
122788
52219.5
128962
117092
513335
75629.7
64738.3
99581.2
86914.7
74169.4
73195.9
69945.1
154131
76341.6
529128
100450
101434
278771
110731
91308.5
121953
102158
428690
96935.3
132398
114004
79341.5
77276.7
430831
85803.3
72690.8
70990.7
376293
339206
482399
316076
300858
464834
62435.1
183339
256145
669047
144345
77722.8
80218.4
138417
201255
162492
83289.2
93639.6
81113.7
314659
81623.7
80540.3
75592.7
64800.4
103333
78807.7
66839.1
88684.6
87422.5
88201.7
459265
463028
94335.8
337736
145077
231827
299453
73683.7
240904
103555
58942.1
297505
585088
75096.4
77812.9
217816
87348.6
476641
89825.4
88641.1
115625
301652
156518
130624
239294
129475
102014
88257.3
89529.4
89765.6
360830
111713
64519.1
99825.2
64946.2
80140.3
513572
367544
84345.9
80832.9
90395.8
82855.5
87372.1
86610.4
91414.3
203922
200307
69656.4
87039.3
73264
84644.4
63922.6
552799
114280
80971.9
373030
68633.7
83983.3
70798.8
82855.6
95847.8
61832.8
63313
550740
325869
120909
102821
547076
89250.4
121568
286403
281040
87826.6
176883
73005.3
84623.2
62821.8
308874
80491.3
89552.4
91268.9
528850
85772.1
357607
165077
64814.2
72736.9
90329.9
384970
68484.9
67553.2
85832
102348
115677
85981.6
73190.3
156161
132640
532751
84825.3
92305.3
82227.6
297027
403088
121420
89486.1
85536.9
73345.1
158569
74135.8
420994
460208
469113
483948
73732.9
315645
416365
84675.8
84406.2
293258
276800
547303
675952
96358.3
299034
79874.5
81561.5
448640
73005.8
356103
77365.8
67665.6
70004.2
45707.7
79863.1
479194
326591
96119.4
81335.6
85218.7
260077
92181.3
557525
235873
86617
68550.5
72009.8
82364.5
82206.3
292091
160612
75177.1
76983.7
270980
550664
87552.8
71208
528038
79060.3
184821
74491.7
540866
86926.5
67655.9
74806.1
92878
277881
137976
123827
162925
601063
189066
202128
100096
102664
115363
119083
240371
251220
89418.7
86531.5
97422.3
102159
281363
79270.2
243846
263402
104442
103974
262922
268947
96593
96526.9
259560
331488
76378.4
76876.4
77666.6
84022.4
643331
59775
480855
290722
554419
72289.1
73782.9
285626
117335
83314.5
132820
160710
82736
226809
75466.5
285147
715928
65309.7
76022
76527.3
75751.9
85047.9
84367.7
98647.8
98660
119484
122364
64110.5
71004.7
81931.3
77440.2
75622.7
71805.9
355775
456826
130325
145967
113713
127770
431624
55023.2
134292
134405
99139.8
93073.6
80722.2
564521
54497
145007
126192
108871
102641
304084
83183
80887
257281
223182
71297.2
79274.3
64033.1
68079.6
79125.4
71342
265552
97616.5
106499
209897
621423
542087
277657
210311
81353.6
305652
420247
190004
141804
123660
101864
81100.2
525219
84739.8
99226.4
97220.7
89847.1
89873.3
108231
118596
105312
115074
293442
276644
193848
181608
237916
166127
224027
154696
88452.8
87890.6
95329.9
97139.7
303076
308120
101457
102286
249558
253809
106423
109220
208039
211378
178549
181300
565404
52105.8
569849
70383.8
323592
137408
135748
161391
160797
116733
118552
82402.2
81249.6
256665
251907
325004
70754.4
71038.6
116097
497529
546020
89925.5
76705.6
500665
530452
126044
296046
239691
68446.3
103316
423066
189991
88630.1
88790.4
113901
103820
124694
92091.5
318135
258027
209525
179442
88730
101318
333456
107332
274725
226771
115952
193404
75865.9
84923.4
85661.4
96434.4
113949
93560.1
196977
72351.6
72881.9
541071
584998
439211
75594.1
85943.3
81370.6
71929.4
81959.3
245871
87927.6
58892.2
292079
82806.6
359121
78054
84883
99171.7
117259
485722
75468.1
229781
91405.4
83577.2
98235.7
108206
266303
237484
73165.8
365709
83250.2
71189.1
81072.8
456144
89131.1
85880.4
96733.1
94080.8
208109
205673
170641
169084
146766
145282
83416.5
81604.2
417361
84382.6
101385
47545.9
75258
78429.5
173789
144919
126884
80023.6
80926.7
115088
140904
113952
149693
434751
112420
456685
71421.6
80721.3
80764.5
69576.5
62435.3
75500.2
341361
130812
58829.6
85149.8
142798
524456
75995.5
73905.4
88602.3
152535
76858
59910.9
367322
659700
110648
543577
85848.9
75345
140925
636521
88022.7
176658
183496
79086
75561
69371.2
657938
67684.7
90245.6
65550.6
86807.1
60278.4
80361.5
405180
75532.9
50159.3
560416
216592
106223
336430
121003
373467
367758
587167
134643
222187
264535
82238.6
84857.4
86065.9
119682
74805
588020
414539
409607
566386
340206
278799
97175.1
279088
113464
230148
194923
24402.4
283936
114905
447654
378059
71172.3
409112
94710.6
126339
114325
41708.8
243855
103649
97274
193987
79068
210540
326882
333102
89048.9
278756
126803
620529
441449
87319
77428
160728
385130
180354
538139
565042
108942
85435.1
90990.7
643174
76963.1
105527
83746
92176.5
494317
87818.7
82047.1
124794
125797
110164
94644.5
118163
128344
252131
311144
204558
176373
93708.4
104641
325756
267825
111412
220850
118905
188387
67950.9
93201.9
239833
200020
105215
168738
587505
88587.5
87750.3
79053.1
317644
130637
128656
85835.7
319899
407195
558339
250944
531263
244182
362236
56700.8
62368.5
542071
115454
110487
149000
53795.1
6410.07
52834.3
72944.7
76657.2
71697.9
77229
244035
489586
62248
139883
177711
100055
328539
600182
322578
101064
99180
10239.4
8037.81
136789
159452
194123
96488.9
78475.5
140920
72993.5
74431.7
89729.3
735490
305591
13738.5
141524
142548
120146
108584
111208
120817
65298.7
70631.2
94165.1
81669.1
85360.4
88964.9
46841.4
65039.5
99790
72599.1
64654.5
75904.6
191253
5546.16
187673
18114.9
389103
591554
421441
404171
63614.7
98130
71819.2
29470.9
80290.7
99897.5
537167
560963
589187
636095
22167.9
79181.7
96083.8
96538.2
267868
106592
87260.1
86913.5
408908
485137
77758.5
25116.2
75700.7
118930
584655
76647.4
609219
48785.3
74928.7
78401.9
650826
180285
482666
173259
169041
143668
146792
83252
145030
168052
205321
101920
87232.6
59095.6
88240.3
87299.7
175421
115526
205167
248920
109287
304728
103516
93810.4
186410
162006
229727
283602
123292
113187
105869
94295.2
83083.8
83369.1
399667
71037.5
66707.5
64453.2
72870.5
75694.8
277390
92935
374798
75060.9
72533.4
320284
87363.2
71677.3
71803
167753
81709.7
542622
59427
562179
630682
280027
607659
76103
613145
534956
450563
82866.2
480094
81901.3
82379.2
86144.2
536319
67542.5
376041
70594.9
81511.2
70214.4
81623.5
63964.4
63821
75563.6
76236.3
121885
82019.6
116513
100652
139025
403141
558681
204451
565380
544939
377852
75372.8
144115
120640
106642
64274.3
195108
86680.9
82430
52578.9
77399.8
368986
110908
126677
525000
81696.7
319254
59561.6
107048
103901
91098.5
83549.8
148218
599008
100582
101354
87594.8
410316
445794
84617.5
355210
72240.7
166079
61222.1
48283.7
44862.2
86428.7
98460.3
109571
218559
83328.2
408683
78569.6
72607
82270.5
68287.6
88731.1
103600
121730
154450
636121
79169.5
260599
604330
499239
83747.2
107046
563160
473632
69445.8
63655.5
77518
93607.5
101920
213660
110376
82532.6
139132
100331
117338
73054.8
387632
85871.8
82872.3
119877
270787
76063.1
73831.2
89942.8
80942.8
80791
94353.9
94659.4
180514
182816
151051
149198
127140
128789
117964
117912
137028
138359
86791.2
82696.7
47520.9
66148.3
77472.6
422425
108975
103375
244883
430594
377986
60726.9
102680
489958
86312.2
84172.1
39567.2
576365
370768
79306.2
76579.2
125959
587299
470403
62433.3
98879
524862
88716.4
54577.6
67029
247737
622169
66709.7
69337.7
70230.5
69758.2
113237
85613.7
422786
547570
53807.5
84063.9
60289.6
70779.1
61823.7
180805
175465
81649.3
77707.4
72125.5
77171.1
80107.6
525429
92302.7
78695.4
403201
82759.6
80434.9
85271.6
82588.7
167229
170274
73037.1
85632.6
438773
72456.9
115311
198555
74761.8
87431.3
79644.5
85869.3
74178.3
95965.4
110173
131036
179748
498692
306793
66487.1
69661.4
83771.6
61062.5
67957
88248.8
79287.9
54570.5
60995.9
61370.8
66938
75505.8
79532.5
75793.9
88162.5
489345
79926.9
85527.8
580915
56515.9
97450.7
105724
431022
493566
111166
80976
68154.8
88889.7
89479.4
79951.7
421318
480175
83801.4
578114
606148
570957
85165
594709
409736
313332
348028
72712.8
94437.6
397217
495669
77629.7
83333.5
84181.5
519883
71383.5
135677
121943
320475
428447
79752.4
86445.8
179174
443578
82899.6
170101
146554
128351
115127
59201.5
62650.5
249008
440844
151749
341354
359719
110274
136289
63295.1
77113.1
552694
437344
78881.2
385641
402589
419372
84743.7
256326
210661
179182
53810.5
263855
475385
96437.7
125989
63581.7
62100.3
115091
442639
73265.7
133501
200124
170633
143805
515179
233089
429012
450587
259870
255128
82117.8
688729
128413
88420.2
468386
560749
116579
86404.2
303530
77744.1
65168.6
81710.6
225454
83478.2
82882.9
82902.5
83681.4
227803
228006
563146
90217.2
95896.3
183236
162044
187282
228965
115231
94214.2
685208
6114.96
52471.9
51507.8
675193
307770
341254
353747
574957
208904
8938.6
87073
85450.3
7740.8
182160
131128
146570
157255
131265
170913
146330
170669
87962.6
74813.2
75296.2
117954
129266
11961
671851
176759
79383
386124
83406.4
73868.9
252006
400045
444056
89046
89980.5
81365.5
121952
139996
167824
236620
61175.3
337131
79724.1
259559
567800
83129.1
68757.8
297287
80807.8
415256
80495
80706.7
116022
138409
87420.8
98229.1
9898.56
96390.9
7054.32
532672
164011
15717.8
5222.43
160937
80568.9
70353.5
107363
128382
104551
137480
67955.3
79777.1
90658.8
614503
569586
329546
86882.1
129884
73787.7
400191
429818
490807
13346.8
56722.1
81865.5
83863
172790
143787
125743
90133.7
78920.3
436920
244828
430734
82014.3
557864
182489
129659
155826
148275
173026
129086
167916
76841.7
163557
85559.7
99756.1
293018
109307
276863
184934
4996.82
17607.7
181467
78948.3
602676
65001.7
720288
66688.5
138810
79968.5
80189.3
150310
107941
21756.1
119881
147894
58469
65702.7
706178
80387.9
76211.8
432353
83410.3
160116
153037
61073.5
589365
83460.1
58566.2
247217
89325
86385.3
487751
419656
78163.1
59543.8
86042.9
542704
66880
76797.1
68795.4
67731.6
123721
54509
555736
127696
116138
151041
67507.7
49180
78004.4
86169.4
84225.8
231348
113084
132733
266310
361523
4861.61
52973.3
51961.8
6233.18
80698.6
202319
121258
237730
289617
112786
351821
104436
91497.6
188684
220197
272141
336019
93448.1
129176
109342
119174
61867.6
179403
135149
146834
159859
167917
135530
378269
71376.2
67414.5
82752.1
138128
116427
101271
261563
82242.2
86547.1
97749.9
177880
70047.7
82497.2
64413.9
78733
418632
78781.9
119157
64813.3
159223
147920
50539.4
781458
62881.3
87805.9
568299
251456
89913.4
89647.7
91572.3
163517
624832
298220
352793
145800
127952
302374
321488
82313.6
78802.4
84113.6
279506
54184
76270.7
74515.4
81718.5
126291
123555
86663.3
71136.5
171773
54164.2
5516.65
53148.9
8237.78
105173
60928.8
6125.57
59782.5
7386.12
617363
76187.2
83402.7
180504
7051.47
64329.5
63143
10106.5
7689.26
72144.9
70810.8
9157.4
76413.9
139808
404044
759974
612872
472110
411206
418036
207360
74281.7
133731
172021
142985
522238
390951
75494.8
223592
75476.7
616103
216240
84853.1
66781.9
547749
511714
86282.9
242904
416889
67426
81612
307066
301304
13178.4
135519
5789.39
132985
11870.1
120681
6200.41
118420
81354.7
73891.6
347818
81065.5
4848.84
29079.3
370059
586849
62294.6
65390.1
669278
76910.9
79517.3
178056
95748.8
102043
87839.3
85419.9
215446
195462
175247
158488
149616
135121
85321.8
319877
475222
188407
75890.7
84251.1
123304
146104
174765
79484.1
532152
450577
77723.6
82220.2
82306
168866
121998
131230
410536
181552
138018
138492
167234
76218
343109
16225.1
550069
67869.4
62952.8
128640
66895
105789
117955
136115
125284
199778
295979
241138
172004
103322
114519
311740
254592
120744
213317
134071
179019
137211
138496
104031
105021
4779.01
24039.1
326980
526069
575742
99144.2
115911
598191
539724
18056.7
89556.7
253132
248398
80978.5
307306
83524.9
77310.8
80458.6
285801
313030
125128
129226
115321
116326
84680.3
87636
551203
4811.36
226557
222309
21479.1
525620
133158
123193
418572
87790.7
99305.7
642793
112890
10892
4336.32
110770
399058
101356
9749
4713.94
99453.5
72126.4
71909.2
139821
80906.1
80763.4
85345.9
541271
570901
360958
199934
79962.4
424238
287910
75956.4
588900
50057.4
80836.4
515915
87356.8
86601.9
77095.3
76586
790877
141285
129708
175876
157812
140276
126477
167250
184659
72806.7
68501.6
308035
79944.2
78427.5
62739.8
75274
519581
113467
112058
165110
158703
257682
72505.8
91940.6
87846.7
312596
81347.4
3383.14
20493.6
460376
124820
107540
66309.8
295853
107099
102463
406193
84173.9
89693.9
79359.2
90035.7
79182.2
70705
629644
544203
69174.1
68407.7
334741
227191
97663.4
269412
98393.4
109031
774077
214918
210911
73399.4
67058.6
101697
241818
86969.8
547175
98823.1
133818
89421.4
155018
91620.5
188688
230579
83528.3
87783.3
72545.9
260255
236073
529756
578705
84416.2
18345.8
1299.09
242517
257681
640974
103086
109319
72921.1
80908.7
94902.9
81221.4
607772
361963
413208
80141.2
148324
13445.3
236718
207033
606157
70062.2
63239.2
75456.2
391383
84755.7
349208
429977
499504
121352
77362.9
75489.3
85047.6
601307
319569
118784
117301
156442
161162
105842
106004
190548
184014
103672
105157
228322
220293
93993.9
94899.2
276643
266977
66604.6
64307.6
15404.3
262179
96925.7
590002
82107.9
108248
99423.6
102498
120876
110891
118799
88899.7
90947.5
306390
314906
254625
248348
171639
201319
176997
207374
86949.7
91986.8
104150
97883.2
329845
322179
107602
272819
265651
103310
219857
225392
116966
111508
192534
187941
84645
77437.9
66168.7
59106.7
66172.1
67197.3
107332
241290
169767
195976
297138
126678
115672
82868.4
59850.2
334969
81690.8
295018
80843.2
671722
330101
82675.6
201622
123945
237071
288313
116352
350601
108349
96177.8
188724
219340
271119
334463
100244
112483
133763
123375
481568
274368
144490
78461.1
65533.8
421599
258417
94446
91677.8
180234
77104.5
84979.1
86698.8
190429
3415.1
17957.9
186872
89142
88774.2
83756.3
85881.7
108197
62381.5
62681.9
480518
93075.4
86329
96051.9
99609.1
184385
186620
90285.6
386034
272020
404990
286485
103101
94493.9
68772.2
387672
354982
331158
526224
82834.4
80626.3
521062
76988.7
63815.8
70321.8
66669.6
75849.7
94784.8
517083
84502.7
74356.2
155121
81384.8
228412
230385
235534
228473
95735.4
92392.5
99362.5
96491.3
396377
575920
128534
148476
72441.4
88254.9
255632
455434
81124.6
80224.5
171520
128751
76035.6
75944.7
127007
82768.7
79806.4
94172.5
84799.3
103020
91899.3
71332.9
77489
87243.1
86532.4
68934.5
69669.1
105624
87827.8
363265
447950
25184.1
3967.08
65963.4
84233.7
96801.4
303419
74316.7
67856.4
71847.3
84164.8
83421.1
73171.4
72296.2
73658.3
70720.8
376879
242153
105259
58411.2
73419.7
71672.2
78664.4
79186.6
125267
138009
67341.4
73050.1
73254.6
69806.5
574915
446361
363128
119664
143701
116835
153277
168628
405547
411048
85833.5
627542
437297
79958.5
215216
104429
103776
93532.5
116543
76431.3
84852.3
387734
66112.1
69177.1
392003
598706
639250
433568
9878.68
104066
2536.1
102112
284142
99614.7
138118
91588.4
160461
195199
91934.7
237567
85127.4
1590.23
23552.2
94473.2
95913
115411
116957
192124
228864
186182
236181
161127
167204
148449
166755
154992
170265
180892
199363
219457
240439
267326
293406
107514
119496
100557
110088
109264
99007.1
97693.1
107685
96791.2
90920
80020.2
172071
124310
89803.5
90032.3
62573.5
79296.2
82699.7
163636
84179.8
118215
127655
64330.9
60552.1
101724
568800
91539.6
92831.3
263151
261299
86772.3
85981.3
422089
423930
82690.1
84724.3
338477
104462
130883
154917
184146
83778.1
74354.3
63748.7
82159.6
96613.8
70167.1
82863.7
108383
78398.8
129847
127360
152215
149820
246449
226584
251461
416268
84578.9
398213
561654
390755
94205
108306
83797.1
286622
63988.5
64770.8
62119
62462
105761
84149.1
91683.5
82337.2
77683.5
362108
111081
85375.1
99879.7
115351
70585.6
78949
88121.4
94894
78462.5
423411
260650
255783
503744
513032
118996
125332
117567
80470.6
398367
484345
235784
83265.1
61481.4
649681
86130.7
97318.6
225688
186357
160639
164359
362946
89657.6
226263
583568
86505.3
39835.5
68620.9
477811
85887.4
114253
98177.2
150000
166650
198985
239702
102995
90607.6
130652
132213
320136
336668
690312
85367.5
53427.1
74216.4
158197
166280
133941
140821
123582
115963
306831
77572.1
92717
82563.9
87693
240349
84375.1
55904.3
101996
116562
240679
425177
171459
570229
68808.1
69188
156349
455869
510456
93652.4
585550
100453
494438
449198
440826
59616.2
116468
4976.91
32497.7
42737.3
52727.9
440050
70535.6
256474
156849
162715
81672.9
79446.2
84294.3
81777.9
68751
70812.6
69498.4
58198.9
89178.5
86068.8
586413
95429.6
89734.4
208291
304730
191256
90348.2
77747.1
267864
191915
80705
98234.2
100837
103561
108894
32932.3
372188
75583.4
106151
119623
143569
70697.9
77812.7
80609.5
93612.7
104694
77857.1
78855.1
149890
177588
573145
21779.8
3944.82
239758
70150
66295.3
114127
71580.5
350876
82291.2
220316
464899
279860
84575.1
527970
88618.2
659451
348660
71519.8
78598.3
330.55
14527.8
156535
153621
501056
101975
95576.7
219098
437265
73908.2
225208
78410.4
456857
81215.8
127761
110296
58191
66686.3
91754.1
75900.5
81800.4
105364
644998
77007.8
74298.1
350597
344029
652887
72114.8
61073.6
598435
267181
639875
332705
13908.4
586937
495182
348824
401714
403586
68283.1
150294
86558.6
78292.2
87389.7
148837
344421
83681
76586.8
94549.7
95922.9
118617
121684
102350
79815.3
59053.5
64672.3
197900
194225
82585.8
80855.5
75481.3
79607.8
69851.2
72147.7
97850.8
109308
79718.5
86434.5
67981.3
635174
381324
505801
448910
85386.8
76777.6
166525
118372
139022
485484
161927
197004
193329
117303
117197
234630
230461
280633
285453
112394
111156
347752
341529
100446
99340.9
93704.8
91597.1
95716.5
116568
99952.7
114223
114962
113602
272786
266166
219725
190194
225490
185464
125890
129287
280043
290408
108049
106925
215327
208027
148115
153701
179150
174277
545168
80409.3
49349
52220.4
79059.2
84182
331918
683362
188393
3615.12
43051.2
7365.49
42242.2
83455.7
192653
179336
132962
124613
209979
227241
252849
273578
115946
123912
309347
335185
112003
118149
99552
104126
183851
170396
212097
195772
260645
239931
320109
293828
138764
132216
130045
120904
123347
115714
97908.8
104453
153335
156303
182899
180240
97563.7
215501
213190
99060.6
87557
86934.1
75707.4
96473.7
86220.8
420536
664433
107743
84863
159124
228762
186965
80932.2
83379.4
70914.1
76315.2
71445.7
462799
77646.3
65226.8
106931
115399
94395.8
83672.3
78761.2
88501.3
240590
252851
83528.9
116930
102052
86730
88054
83039.3
109089
103257
575219
266680
89795.9
74049.1
100930
112845
73603.5
73089.2
251798
86170.7
90407.3
327983
337063
113735
155873
129143
83567.2
79788.1
256522
87396.5
80605.1
230831
226552
589623
375443
77906.6
87675.2
60743.2
90014.4
366791
455624
427995
74308.2
251725
425719
580859
515394
88987.2
116146
251532
89708.9
360424
213655
131602
91741.6
106813
116496
126324
305082
247209
200160
171651
90980.6
100148
320302
108161
263254
114725
217128
185393
529064
74936.9
71881.8
5341.79
33597
335924
326460
131713
134533
74158.9
262463
122161
400610
85685.1
89102.4
167380
123342
198674
110387
237662
289075
106644
97226.2
159077
187184
224864
274747
113152
126325
98200.2
111116
521698
264582
69192.3
337729
72527.7
34094.2
216309
625249
236713
86345.8
79028.7
581445
563698
91578.2
289329
156895
77047.5
61344.8
87837.8
70255.5
67223.8
55839
77432.4
80614.2
291650
175519
134928
134048
164056
589599
319065
115613
96983.4
520857
282329
808935
72968.6
65822.9
105521
72174.9
75700.3
79327.9
257483
211452
174322
88701.4
148992
97525.5
98078
107086
431714
1211.88
22462.7
10941.4
23445.4
53760.4
196889
171093
128277
202934
115282
242660
295469
111841
101081
281267
163446
230917
192275
117753
102093
115777
132161
353183
407274
268512
66674.2
78510.2
231273
95706.9
413203
130049
68128.6
72809.2
607072
69926.1
254041
85344.4
123534
129721
105179
108144
258765
115966
414423
137183
134245
111227
116629
480280
68313.8
88186.9
83511.8
137431
140286
128105
125134
314701
654986
77831.3
129659
154058
110633
84761
178996
74675.8
84061.4
471268
483595
424900
80443.1
52222.9
578734
75492.4
73584.7
595741
44625.3
5521.45
45478.1
3788.12
243297
79221.3
82485.3
128151
494085
86044
87106.6
46912.4
81093.3
400738
81448.2
7700.9
83005.6
2468.99
74599.8
167183
137859
379140
89112.7
482554
83417.4
353438
487430
214425
63728.3
350797
86898.2
196649
167337
237275
193356
292403
111642
121594
500271
86195.4
97170.6
242820
104564
542972
87063.1
75730.2
75648.3
254923
18960.2
90506.7
81373.2
86097.2
419967
79780.7
518948
169230
271816
599539
77787.9
107977
122684
147460
231995
163867
89594.3
81896.2
121979
47979
68929
86103.8
76811.5
46642.1
163272
91260.9
561906
71577.9
80384.5
68274.1
67900.5
102463
80580.9
210608
69711.5
79973.2
179761
195984
76226.9
62304.8
546415
548370
66398
74940.8
74611.9
84139.2
87767.2
84618.2
140506
153046
170513
174584
596483
221597
111140
100710
292442
63838
126205
179024
148388
84064.8
95370.5
79162.8
94865
757090
180786
326772
75086.9
82017.6
307445
548500
91160.5
83397.3
151215
148641
502697
738766
701096
185357
182844
396751
153889
155032
497995
84524.6
81213.4
651328
77027.4
79191.9
78121.5
77575.4
84041.9
93868.6
73359
64225.6
106240
38788.6
86769.6
67902.6
70096
463332
68760.6
67959.7
81404.5
74506.1
86918
75863.6
101282
68575.9
78734.9
72995.1
141584
78977.7
50425.3
62615
72628.1
77545.9
73530.2
69766.4
71636.4
66976
127659
115465
311560
106107
83302.6
87551
75874.7
106007
121251
145483
198403
447179
473923
79653.8
80837.2
66104.6
80880.2
74313.9
67572.9
74428.3
86411.7
101929
531433
78506.3
790287
595862
66928.9
64645.4
73438.4
59677
84896.5
74617
64473.3
65786
562970
69974.8
80327.1
97293.8
109575
83748.4
81064.9
409368
530331
472881
163879
520381
185717
577859
107484
87963.5
86292.5
83814.2
86012.5
196264
83561.9
77543.4
400056
87952.4
83645.2
87617.8
90585
314554
324141
372581
557998
447350
459485
263629
70060.2
438979
619054
630889
521977
121019
120810
97698.5
101043
49020.5
124439
108707
93017.9
74832
71390.2
162185
120637
298017
87067.7
67832.9
359163
221538
514938
79970.7
67119.3
126667
62031
572177
67890.6
480070
121043
114131
103260
107409
571748
78141.2
83185.8
75601.7
488900
210177
99024.2
88568.5
100258
115492
123695
133840
326662
264409
213569
184035
98063.5
110438
343607
117827
281864
231913
125396
197064
416954
85671.2
317036
56790.9
106272
255382
99222.2
372800
82675
602777
143529
110760
81407
110707
89397.2
45982.1
755755
140145
141441
121990
601753
79150.9
8702.84
92294.4
90562.2
3609.35
52895.7
38097.8
535385
113717
131402
83618.9
96287.5
117993
123500
79530.4
82583.3
60035.3
66058.7
499745
4622.64
31247.8
84187
185693
90908.9
89176.7
82350.5
89434.8
78254.6
79969.3
739701
63386.6
417878
65718.9
396706
87326.9
654125
657263
77488.5
77942
52467.5
337347
131925
114676
95506.6
66320.6
69951
72579.2
81586.5
85853.2
663698
144400
154999
31463.9
4604.72
35135.6
3311.99
162139
159095
15232.9
336969
515894
35521.2
77015
377490
606090
85665.6
109688
97173
81662.5
83996.7
135395
105789
68632.4
348173
239440
331524
511593
76433
73257.6
144788
142123
475239
90412
216575
243389
77060.6
86115
83102.6
78200.3
93093.7
104943
114933
125742
305841
201639
248215
173014
89927.8
99914.1
320078
263366
107168
217810
114271
185990
85839.3
93197.9
107032
88261
101072
122898
128445
118044
122141
360569
240060
293237
343185
279398
229422
204123
194247
96339
93818.3
102517
105292
353868
374346
112504
116900
293793
311163
240821
253939
121603
127944
203477
215421
105734
125436
481058
54133
65122.6
546423
107004
103330
462780
620874
370212
653236
80288.5
110376
70679.3
555697
73110.3
11391.1
76159.3
64148.7
92292.2
72642.7
83138.2
109900
127456
2530.96
27708.6
12021.7
27967.7
65303.1
500681
476316
75745.9
79339.7
141531
523835
317786
80294.9
85794.5
84178.6
8250.54
5154.85
554549
83839.5
108641
98647.4
241461
137752
195774
160902
588599
138978
125946
635780
150373
86418.1
85956.3
268175
220479
182235
155874
92159.5
99542.9
109662
101662
130593
445543
581435
88521.1
343610
446432
79876.5
357342
118945
88143.2
133933
105145
71457
73707.9
363916
107909
71707.6
490852
141296
148781
353190
191490
523198
87706.3
285900
280556
145164
164056
73010.4
73652.2
85561.1
85422.1
54393.4
586032
78232.5
360956
482520
89819.7
101939
653739
114328
139205
164386
476529
550093
122328
100030
192874
192193
77032.4
82800.7
88840.2
81932.5
79734.8
77274.3
113075
99603
84490
177961
204998
251112
308697
102413
121054
136362
126686
102815
323625
116101
264054
122015
219317
130848
186302
357804
768494
73910.8
71120.4
81960.1
71145.1
150155
85609.7
92199.2
82491.8
70030
546051
598889
352916
40482.1
374660
405064
159733
152833
159682
146865
78506.3
402206
180539
388837
381562
75850.2
162308
521124
153434
154542
77513.7
447955
307354
361824
81497.1
77325.2
469640
71576.5
296709
112590
94545.5
82711.3
249483
76097.3
78668.7
86920.5
59741.7
609310
77549.8
340861
75244.3
77376.3
334463
84263.4
95248.1
770117
69910.8
337867
83346.2
272491
386853
352552
650561
72829.1
75219.2
114365
83933.2
97957.6
85635.5
73717.9
4458.08
27038.3
66666.7
62083.4
226623
328920
68863.6
681546
87684.8
83995.7
152720
161895
388188
147985
153777
377510
2797.62
162764
15493.9
159704
421309
135113
88066.8
158283
341289
78668.2
143028
71521
71733.9
525476
360892
338307
609237
49615.5
86883.1
8344.21
85243.2
4235.92
84327.8
84474.7
98037.7
74173.5
86552.7
84896.4
64499.7
74628.9
610968
83402
80298.3
83482.1
86049.2
94263.2
176816
198663
152782
169658
130624
144182
623224
150790
174458
213905
109100
89533.7
163745
72635
72964.6
90466.3
319533
102446
90223.6
206152
230067
98933.7
87732.4
89908.2
78759.7
75507.3
519476
162738
139658
169668
135598
88987.8
90911.3
373019
358642
400264
88521.6
88004
134076
119432
158456
271675
89632.5
348686
73591.6
4348.88
37826.7
36998.5
80035.4
78137.6
144090
81260.4
11584.2
74525.2
449441
467756
690206
750678
99029.6
113701
123255
133036
334138
270736
218741
187922
97255.6
107991
348951
117487
286474
234957
124023
199600
623614
673072
510035
90015.9
72945.8
448372
480991
463553
434580
86093.1
84995.2
65384.5
70768.5
69889.1
72578.7
69301.8
153057
122904
79967.4
77952.9
328704
589107
70701.2
88643.2
36292.7
82744.5
79013.5
529963
70003.5
72587.3
188933
287682
174185
2197.65
16196.1
170930
89831.5
110187
97503
215012
90177.1
58609.3
91075.7
563063
191970
83450.2
74722.9
8056.47
73347.4
10533.7
101958
92550.2
247347
93845.5
672038
752710
212548
124638
251405
308254
114425
371682
103354
91638.3
120059
125760
88285.3
103825
357957
201246
290921
237854
77832.5
74947.1
138607
181978
478748
74663.5
69965.1
76294.3
54589.3
189172
83797.2
62775.3
65024.7
51822.4
472566
101380
63132.2
64515.2
70153.2
73519
127632
76303.5
63928
65953.5
75620.2
85026.4
96135.5
99574.1
103797
321818
89531.4
100352
3957
196499
192825
18670.5
530162
154096
158292
393146
85883.5
101210
311193
97098.8
113104
75177.2
71832.3
73265
68125.1
63446.7
81809.6
89915.8
255207
210121
97700.4
174003
97713.8
148325
107976
83261.8
74945.1
75084.3
153680
207151
72534
86267
57241.2
13690.5
140830
6543.89
138197
160894
262212
256481
76869.3
88969.2
87412.7
340993
77690.9
14104
295768
60988.4
234062
548137
159370
142556
164010
197738
89324.5
84051.6
551712
126378
86428.3
78107
79303.4
393079
101857
116820
137901
80701.7
83927.8
523862
97688.9
106065
709766
452173
80360.3
60435
137686
91208.8
99435.7
146791
172314
108852
16656.3
177310
18720.9
425647
370468
102798
104762
5364.44
10235.7
73388.8
67388.4
538304
528153
64469.7
171894
11991.1
4802.09
122640
124985
513357
385954
203379
219565
122159
126455
240979
259576
294127
318402
114601
115248
355351
383339
104495
101298
92534.9
94457.4
208255
246434
300664
229425
194410
279493
100717
105874
122120
127461
121339
117539
88137.9
377211
139037
168210
90306.3
84624.5
75824.3
271443
125456
143472
172948
82072.2
79352.4
97406.5
620382
176880
80411
379383
55077.4
169443
145441
93071.3
396397
634534
120115
87384.6
103280
113387
266111
215754
176256
152427
486653
55704.5
72258.4
540501
66571.2
66932.6
5225.88
263461
258536
24750.3
80246.4
82169.9
120775
103265
6830.1
66581
65334.9
7814.72
67969.5
61872.8
107669
122910
147175
197373
76709.1
80998.5
71476.6
56193
5959.15
9132.49
55156.3
521830
501955
43918.6
353407
91009.1
61500.3
61474.7
159530
161278
410964
76780.7
77546.3
80384.8
122102
551271
424238
80621.1
81177.5
68861.4
71025.1
77902
386546
366900
85654.4
209758
94576.1
82537.8
211366
86262.6
89228.1
89510.5
389651
360089
143606
133675
160804
171544
68123
74384
85400.4
119159
103308
108335
93302.9
83038.3
87701.5
170693
91633.6
545010
74645.4
73510.7
485845
298543
61021
65696.2
80414.1
73271.8
65674.7
90646.5
71567
82367
78309.3
80613.3
375853
340231
289413
208133
231155
480259
325364
78149.1
85871
85062.1
163691
85608.8
64518.4
551136
68224.2
65413.3
89087.7
543382
483736
75164.2
153639
66930
68559.2
543350
357465
80324.5
73786.4
143284
105528
65727.8
66433.5
75412.3
76048.7
91062
522059
93701.4
105251
75382.2
67332.9
79501.2
84105.4
87315.1
88147.9
801057
133393
112588
97730.7
79960.7
572795
286305
100005
271737
110151
211447
215743
110758
100071
250797
27345.7
159067
153213
104001
89740.2
78029.2
85637.6
66210.5
241880
88499.3
74850.4
355315
92722.5
115445
105287
125242
318067
257938
208947
178766
89492.6
100327
334037
108206
274407
226215
115696
192928
357198
388156
385100
781975
415808
76007.3
416116
233568
355540
91012.6
80937.4
365099
55748.4
59948.1
3745.57
28241.3
123629
107308
274836
62505.6
159565
439932
805477
101161
353124
112865
73409.3
48270
89653.1
71980.5
110040
169751
704184
94807
274929
111792
226774
191782
63870
66817.1
84671.9
726688
369888
89027.3
344703
90948.5
23498.9
340442
67563.3
102803
286689
93723.8
82291.8
87244.2
502182
75339.6
182031
101892
787430
80535.6
92408.3
82007.9
525961
84409.2
66665
62625.8
66103.5
61835.6
99226
95201
97716.6
472725
84623.3
77801.4
70762.3
91372.9
67052.9
79951.9
80264.2
195443
699585
79255.3
140913
161909
194163
85496.8
80008.9
236128
106538
84908.9
79800.5
63010.9
71692.6
68975.3
79060.2
66685.8
111055
63740.1
123646
244364
546986
102785
331659
118321
76267.8
373971
135012
78603.9
78986.9
293663
75580.3
228763
278631
84130.5
88718.9
195202
162477
141125
478640
54815.5
76101.1
164224
195072
233990
100285
88095.9
259128
470596
4225.58
29550.5
69057.2
376506
52279
51227.1
627613
93822.4
88669
60564.4
107575
88166.8
99050.8
117956
162868
289205
190387
234710
85647.1
93068.3
305694
250997
208439
100566
178727
106410
91228.1
107229
77461.1
29796.9
61112.7
79010.5
60832.2
271417
72577.6
33687
4199.05
107372
107921
34099.2
517128
501018
74946.1
541344
415461
63495
65914.1
62085.4
423058
71689.4
76366.8
124997
111852
657904
595809
85274.6
86117
71734.5
6494.43
59874.2
58772.2
9597.13
7262.52
69111.4
67830.5
8462.27
79149.1
114542
233988
97927.1
153756
160062
614815
112350
78420.4
59982.2
59955.1
526156
542854
12550.3
129496
5294.14
127071
10993.2
112426
5793.17
110323
79996.8
81254.7
80374.1
96021.5
100247
123415
115267
77066.3
73512.9
23082.7
4388.34
598423
87190.5
345429
15068.9
242892
238353
564925
82702.8
4413.64
211908
207959
19934.3
17371.2
123050
83088
74984
97421.2
113262
62244.7
73087.8
75195.1
577725
82511.6
186495
220712
267016
109343
94236
386660
90526.7
78475
241375
420446
624192
83596.6
82827.3
72322.7
408062
439157
116721
322627
102799
55256.5
83693.5
91502.2
205554
168933
146109
76483.9
441162
107771
88107
67821
462354
538841
93794.1
113899
86244.3
550398
726125
67546.3
468966
25233.6
428013
60669
59668
55915.4
92138.7
83447.4
76911.3
142390
125703
217493
92334.8
711113
190499
5183.46
58044.5
56948
5267.1
61168.9
90804.4
94606
88250.3
69546.3
380507
452142
353156
217699
92050.6
99678.1
120170
109463
141479
134880
83409.5
85742
69759.7
70833.4
207227
71413.8
177649
141454
134089
169104
65269
75077.7
427111
311805
79969.3
249155
399545
74721.4
116794
94173.5
83032.9
386250
587449
79272.5
80764.9
82918.7
66470.1
85543
67996.6
71154
354614
73958.1
185925
86975.2
83088.1
139327
197901
161990
100747
83574.7
80666.7
86849.1
77161.9
163854
80915.4
52409.2
143867
151139
437965
533950
76000.3
67034.7
61569.7
497171
351342
347353
67433.7
74432.9
84237.5
83852.1
183101
82779.5
87858.2
63775.3
96637.7
110589
119157
129163
312727
253450
205633
177244
105054
93705.6
111913
330732
119787
272101
224560
191565
422391
626149
73880.1
82310.9
85186.5
73773.2
124833
79189
77838.7
78079
614067
80774.6
66262.6
511031
91260.2
81891.2
115627
102700
239966
84403.2
80697.3
491520
434224
87930.3
73067.3
102993
63010
64990
249089
76650.4
78438
105944
85785.8
170395
209435
147423
111269
115894
255916
70210.7
72913.9
71637
106952
148175
87651.3
72999.1
71001.3
131546
77617.6
75914.7
76440.8
78205.9
481353
81825.4
69097.4
182628
81956.7
152328
129350
126058
132079
218339
265920
277160
87674.9
85711.9
65037
67948.1
261574
89952.2
92722.6
54310.3
144911
76957.1
179912
361783
108492
71420.2
70911
72224.5
80120.3
88086.7
87423.7
81992.4
89062
73009.5
66323.2
81491.3
73568.9
67501.2
482335
37547.3
36765.5
3874.1
62396.1
380483
315867
112192
80409.9
74882.1
66082.9
66041.2
69017.8
69930.7
121541
113387
94050.1
102534
329614
83512.1
97842.2
104120
59584.2
65848.6
107072
118625
178233
127624
225581
218801
173159
93297.5
83891.1
141977
166675
196141
139871
162490
75329.9
154026
104565
490640
119240
84067.8
74869.9
74554.4
75173.1
140368
63608.2
216705
102796
66220.3
78872.9
88290.4
97907.5
114289
84411.8
253112
248450
68648.8
64500.6
81048.4
87494.7
112153
121705
120729
81356.5
85222.6
86950.8
85720.1
74878.9
73046.2
66522.3
65624.5
81373.2
212624
312722
73708.4
86762.9
303231
589893
341965
187566
132494
152497
158580
176768
132281
69376.5
70873
85787.5
3460.34
23895.9
75729.3
90734.3
60699.3
240212
69635
141412
63972.7
65058.1
332387
321340
183282
84447.4
83179.2
69239.8
66882.2
141408
73147.5
177963
623206
69893.2
82266.3
77171.8
100292
85609.4
68588.7
68157.4
408805
151990
146077
82486
72022.4
65608.2
78093.3
49912.2
156622
124053
143173
132542
71938
70293.9
128080
77367.5
61459.5
82424.9
63718.1
209313
66011.2
68719.4
102179
68136.8
68896.8
121489
75905.3
76734.5
383646
85542.6
362746
275578
92724.5
188534
152256
129473
86069.8
82732.5
67818.4
144128
314255
97115.9
75219
60291
61954.9
76018
114030
122655
71442.5
72151.5
85137.7
82736.1
89225.6
94949.8
80244.4
84175.4
74475.3
70620.9
77443.4
69959.5
84282.5
166863
92551.5
127120
106651
124617
105002
406458
72379.3
95198.8
205140
166023
141743
85576.1
187454
233740
62177.3
113922
79842.4
91328
353413
287606
77529
54839.4
147946
148582
71268.4
83492.8
137439
82756.1
78699
102894
145802
95191.3
169849
206742
95018.2
252565
87297.9
75903.4
78604.4
81993.7
78459.9
155256
155095
72108.5
71023
188187
115189
123899
153136
141216
150149
162193
112837
122105
300195
86352.7
165722
75028.1
69241.6
68928.5
554058
87111.9
122293
64268.7
69198.5
87212.8
92102.2
208364
242248
111992
89990.9
80016.2
97703.4
519119
124156
72100.6
74415.3
475679
481916
230247
278323
88025.7
127632
150533
186133
83102
88726.4
127699
69638.4
75575.9
90448.5
67182.1
179111
73144
540358
126531
77221.3
486042
490466
523721
259335
264474
72225.8
59185.2
72576.3
85252.2
74350.6
83902.2
102009
86726.4
78283.8
61199.9
77970.3
84082.4
165657
117590
138761
69173.7
585047
445400
479638
84119.6
69592.3
89201
78313.5
514817
89985.2
81961.7
105111
505310
409159
293041
81651.4
61975.7
65288
78668.5
63198.3
65987.7
72633.4
84101.6
81774.2
68800.8
579617
125107
110830
109489
85990.3
65989.2
71689.1
69226.9
68048.3
68555.3
76692.5
119951
476786
320059
504588
85872.5
177349
110425
206870
104232
249298
305144
97713
112251
89681.7
104947
123191
236998
291574
192499
164908
89699.5
392329
93203.2
71393.9
62954.1
47653
615344
84759.7
78713.4
490163
278407
291958
77379.7
80607.9
386423
363698
76165.3
66565.4
81459.6
364750
338415
81135.4
78137
124491
65608.2
276375
100372
109613
99850
272771
104569
112333
71331.1
84338.6
510046
61807.7
448154
438724
66190.6
175446
148123
93091.8
71346.7
81690
81378.7
152222
164769
466674
304600
75943.6
157325
131122
114186
84204.2
181427
100247
103355
223246
219760
295198
209502
200750
78292.2
80091.6
71852.1
85085.1
147634
139977
292676
324057
137757
97544.1
95971.1
140738
133959
162732
196509
156045
187482
99220.6
95816.8
85719.8
88940.6
137117
141664
81412.1
85384.2
71656.4
66022.4
321295
233270
409575
88785.7
189014
72585
488570
29912.9
30882.1
3124.69
82350
60859.4
215109
83599.1
85529.3
85402.3
222882
85320.7
208025
133190
189067
213763
3360.92
27428.5
77135
204676
82534
98537.8
85879
74447.7
95200.2
90820.3
124498
132767
568676
113520
116272
63426.3
79456.2
79120.8
69635.6
77319.9
84174.2
71507.9
99339.3
114782
136590
183072
96805.3
576296
268365
94059
103979
72601.6
67739.1
72355.1
585510
83058.7
72724.6
63608.7
63983.8
68393.1
69871.2
63050.5
63024.9
119150
94000.6
84018.2
600706
206913
65873.2
64829.5
109054
307141
69555.4
166550
82629.4
80668.3
214138
361974
108357
109658
79341.7
283969
126287
87915.4
99216.1
275071
375842
182197
134655
154247
234135
84964.3
68236.3
118781
85103.7
504353
556502
604700
88618.2
520831
580352
217652
83847.3
89878.6
199077
172147
164362
209207
141635
148469
99287.7
87823.7
102800
78381.5
65114.8
75693.2
329915
69265
60336
152375
113906
67012.3
67486.5
76220.7
83598.9
65917.6
569807
71747.7
97376.8
62520.2
73843.4
109882
100053
377047
370077
66044
83095.5
79475.9
76690.1
78561.7
82419.9
382635
569304
80025.2
83612.2
71655.4
73828.7
159865
186726
103962
226800
94011.1
61522.7
134568
144477
67567.5
397435
357545
96726
65572.4
65872.6
336423
349735
69355.6
70129.5
69038.3
140297
151916
83777
84511.3
120321
133783
142368
107524
539366
78031.1
84861.4
85531.5
77053.3
87563.2
74071.6
114581
101690
82332.1
88639.3
94262.8
171294
143769
268977
168584
97219.6
69858.5
85346.1
82586.3
71439.1
104846
97821.8
201258
80372.2
86410.8
376527
100275
114494
64829.3
63034
70808
307583
95765.7
72189.7
87390
67623
86520.1
88204.1
366313
155820
128335
127717
165725
69608
77989
62193.1
118477
146815
71717.5
80673.9
79024.5
74947.8
226300
553754
347042
189368
74334.3
397891
595604
63061.3
67391.4
72698.6
264294
500284
411510
86731.7
80088.4
82194.2
73081.9
80061.8
368123
79766.3
339292
118733
75445
66817.3
83338.1
576974
545533
345990
586786
79166.7
85143.1
82112.9
62883.8
81486.9
49835.7
74953.2
69719.6
69427.9
404809
394200
78490.9
78732.6
64367.5
61854
65611.4
60315.2
89970
97707.8
81753
87400.3
74991
186430
170917
306639
582979
74609.6
75573.3
100442
87590.9
75893.8
86575.7
76118.6
65982.1
80338.5
81667.6
76717.8
289695
569630
391362
118303
95780.4
105251
392562
58655.4
277771
78011.1
86716.5
86519.7
70373.4
65866.5
68345.1
64520.5
61582.6
76292.2
184646
71320.1
82996.8
84336.7
201307
448024
370826
593694
403626
68853.1
67247.4
63550.8
416300
97768.6
70065.2
328842
74601.9
516780
81023.9
355009
127021
76003.1
69164.1
81855
78101
139239
142223
77840.5
76350.8
363886
68229.9
62073.6
83327.5
77291.7
120897
132329
81453.2
81724.5
68523.6
71529.3
546610
385707
166691
168805
171155
413222
257828
79910.6
88157
70249
78041
316409
59143
61081.5
112229
55468.8
576604
68467.2
69946.1
103746
67528
82263.2
59793.1
97839.1
59113.2
328052
75421
320523
120183
100050
495101
75455
61045.7
70588.9
77707.3
88576.4
73470.4
85553.6
84407.1
112346
93658.2
66375
77994
65186.8
78165.5
59100.8
73756.2
64259.9
274679
85584.8
197750
445773
65789.9
64643.7
82409
565828
31185
3608.09
32100.1
79941.4
64841.3
566128
417552
57078.9
61698.1
65198.6
64713.9
199242
68964.9
85102.1
271260
274305
81464.2
55283.8
76875.6
66455.9
73247
82001.7
83243.6
98239.3
61736.6
192625
)
;

boundaryField
{
    frontAndBack
    {
        type            empty;
    }
    topAndBottom
    {
        type            calculated;
        value           nonuniform List<scalar> 
452
(
413170
33860.9
476854
46871.1
559150
573870
82449.6
399938
614265
103270
123962
116781
132916
299980
244642
201142
174467
100832
113489
315241
257826
118902
215186
130543
182074
148112
156519
37453.6
646299
627896
57912.7
87467
546835
178716
129517
141513
155816
169078
129442
145345
167155
473363
44955
495449
63694.3
53251.4
420504
428254
663732
204261
122330
240352
293429
111063
354788
105201
89072.9
191722
224353
341651
276349
88618.1
115297
124579
105848
504054
623528
37974.5
54168.6
637364
40982.9
449821
469478
41692.6
84375.5
590403
67762.6
38116.8
54993.7
634746
40846.7
43912.7
55888.7
604065
36512.2
38435.5
578022
658460
33719.5
73257.4
173095
139564
131109
166072
102200
119115
126076
136506
311488
252499
204937
177584
101928
114072
327361
266961
120624
220923
127466
187913
159290
137700
178756
131596
4591.28
52825.8
51834.2
4400.38
418293
61099.5
84602.9
397232
164604
141824
88268.7
387827
468682
610725
638920
402174
152578
157876
103382
119174
124626
134852
318532
257936
208685
180167
101631
112893
336683
274740
121682
226029
127777
191732
208529
122845
245954
300917
111741
362001
103974
88673.2
103397
124344
116751
196615
283269
349840
231180
86147.2
6510.3
37273.7
36475
2892.92
117615
123562
102386
293676
202193
240141
88814.9
102295
373124
309620
113390
252535
122441
212838
89208.7
359952
649808
38114.3
531422
600452
513605
654500
87787.2
366543
169070
130965
143973
169794
93072
8689.61
1876.25
91326.1
666281
72773.2
56285.8
46104.1
379539
474044
197738
194085
74079.9
18519.3
438.503
578643
14427.9
37508
40675.7
88356.5
587274
74438.6
45308.2
645491
88399.4
543342
441537
361039
367673
458468
50595.4
589481
41067.4
623184
645105
72865.3
76675.8
611925
58971
75938.4
566911
86958.9
411668
60399.7
46842.4
37662.4
577675
527463
424286
76543.3
70742.2
53220.5
171002
143813
259800
255053
182536
131407
146867
157454
131631
171225
146895
171203
79976.5
81723.3
417478
87015.2
85919.9
492594
432176
182631
130040
156227
148126
173026
129566
490075
557987
202555
122034
238169
290409
113529
352836
105124
92085.2
189323
220955
273130
337251
93520.2
129133
109899
119189
61347.8
180275
135253
147430
160340
168880
135635
159676
148128
172358
143714
513472
533572
106164
118473
136509
125839
200436
296992
242019
172682
103660
115036
312837
255434
121238
214036
134536
179655
49745.2
65363.9
527323
518180
450081
86014.3
435098
424518
39647.8
571953
296.905
14682.5
157641
154702
438229
67523.5
637091
666536
74516.4
78066.8
175747
135773
134148
164705
1202.79
22518.6
11061
23518
657038
44893.6
5551.52
45751.4
3809.66
81796
7738.55
83359.8
2481.38
167777
138505
381212
88864.3
19085.1
47677.4
63832.8
550287
398238
154432
155623
652822
38988.2
481428
490262
100966
115849
123982
134227
327353
264983
213917
184341
98477.7
110841
344441
118350
282496
232403
125808
197438
45902.8
37052.6
51787.7
665295
76802.3
551063
178271
205432
251594
309397
102524
121183
136490
126986
102893
324252
116275
264544
122225
219758
131097
186633
40068.2
153926
154984
653275
526981
73771
450334
468733
36106.3
213032
124735
251937
308969
114314
372505
103553
91430.3
120185
125978
88239.6
104010
358698
201576
291509
238287
154802
158480
394282
57141.2
84067.3
525099
60188.3
147276
172680
87728.2
378213
139610
168426
621775
55255
635891
502899
)
;
    }
    right
    {
        type            calculated;
        value           nonuniform List<scalar> 
20
(
79976.7
80429.8
78449.7
82849.7
82971.6
79645.5
79109
79349.1
80485.2
78768.7
78723.1
81125
78326.6
83164.6
80118.7
81116.2
82520.7
78394.6
82535
79605.6
)
;
    }
    left
    {
        type            calculated;
        value           nonuniform List<scalar> 
120
(
46596.6
5934.94
45757.5
772758
756841
393333
502309
737365
755166
29491.3
7185.62
63776.1
62614
12156.7
9161.36
88088.9
86455.7
9231.78
166606
15930.4
6003.21
163491
119978
11871.1
7281.07
117735
16071.1
21914.1
5238.9
28981.7
307303
301567
226786
5364.4
21288.8
222544
390239
575500
751312
736236
646023
633783
590019
395648
5608.49
39563.1
40190.4
427540
716469
420233
54354.9
6477.94
53387.7
102077
100175
10340.2
8116.72
736165
13865.5
193160
5598.66
189546
18286.6
25347.2
630942
613571
500301
490918
442442
450471
469108
688150
674804
724314
710023
783206
761305
552072
541680
793500
776519
603081
591731
400087
392593
450654
442253
352273
345673
5377.93
33825.2
34360
809215
790533
654379
480895
546967
690812
673116
563297
75313.7
8119.82
73927.8
10617.7
13797.7
141981
6595.25
139326
710213
18844.5
5262.7
265385
260425
24916.7
801372
782391
416369
806537
788390
525652
)
;
    }
}


// ************************************************************************* //
