/*--------------------------------*- C++ -*----------------------------------*\
| =========                 |                                                 |
| \\      /  F ield         | OpenFOAM: The Open Source CFD Toolbox           |
|  \\    /   O peration     | Version:  2.3.1                                 |
|   \\  /    A nd           | Web:      www.OpenFOAM.org                      |
|    \\/     M anipulation  |                                                 |
\*---------------------------------------------------------------------------*/
FoamFile
{
    version     2.0;
    format      ascii;
    class       volScalarField;
    location    "0.58";
    object      epsilon;
}
// * * * * * * * * * * * * * * * * * * * * * * * * * * * * * * * * * * * * * //

dimensions      [0 2 -3 0 0 0 0];

internalField   nonuniform List<scalar> 
9648
(
2406.04
2394.26
2392.37
2385.62
2374.31
2358.04
2336.9
2310.7
2279.33
2242.85
2201.45
2155.24
2105.07
2051.89
1996.53
1939.93
1883.21
1827.4
1773.2
1721.14
1671.77
1625.42
1582.22
1542.34
1505.83
1472.55
1442.41
1415.31
1391.13
1369.7
1350.89
1334.55
1320.53
1308.69
1298.94
1291.14
1285.16
1280.92
1278.39
1277.49
1278.09
1280.2
1283.78
1288.74
1295.15
1303.02
1312.34
1323.07
1335.29
1349.15
1364.64
1381.74
1400.67
1421.4
1443.92
1468.03
1493.54
1520.06
1546.84
1573.29
1598.98
600.041
590.138
579.919
568.679
558.817
552.371
549.226
548.498
549.703
553.048
558.267
564.672
571.816
579.295
586.753
593.801
600.253
606.066
611.23
615.681
619.522
622.819
625.624
628.06
630.255
632.271
634.164
636.012
637.897
639.869
641.952
644.203
646.663
649.329
652.235
655.41
658.844
662.536
666.502
670.771
675.333
680.175
685.305
690.735
696.445
702.466
708.793
715.394
722.25
729.359
736.673
744.163
751.777
759.547
767.332
775.111
782.729
790.294
797.665
804.765
811.55
239.432
241.679
244.958
250.34
257.842
267.116
278.35
291.208
305.608
321.198
337.763
354.843
372.083
389.132
405.683
421.487
436.365
450.22
462.989
474.654
485.24
494.782
503.355
511.044
517.945
524.143
529.722
534.772
539.365
543.574
547.464
551.092
554.508
557.755
560.873
563.889
566.833
569.722
572.576
575.412
578.244
581.089
583.945
586.822
589.723
592.639
595.568
598.49
601.401
604.277
607.114
609.909
612.62
615.301
617.837
620.327
622.674
625.015
627.187
629.234
631.148
134.596
144.199
154.886
166.991
180.599
195.668
212.184
229.977
248.838
268.439
288.472
308.56
328.377
347.613
366.013
383.363
399.525
414.414
427.989
440.255
451.236
460.982
469.571
477.092
483.649
489.342
494.269
498.524
502.187
505.343
508.066
510.423
512.477
514.278
515.868
517.289
518.574
519.746
520.832
521.851
522.823
523.763
524.688
525.602
526.512
527.419
528.322
529.217
530.104
530.976
531.813
532.642
533.434
534.204
534.9
535.582
536.247
536.885
537.476
538.027
538.577
98.5923
111.398
125.586
141.202
158.237
176.628
196.239
216.857
238.209
259.94
281.708
303.147
323.953
343.848
362.619
380.071
396.104
410.665
423.736
435.355
445.561
454.412
462.003
468.427
473.81
478.268
481.905
484.827
487.113
488.856
490.138
491.029
491.604
491.914
492.001
491.911
491.684
491.342
490.914
490.419
489.875
489.307
488.729
488.157
487.59
487.036
486.499
485.976
485.461
484.959
484.454
483.946
483.445
482.94
482.428
481.91
481.411
480.908
480.385
479.853
479.32
84.4512
99.3276
115.892
134.043
153.629
174.499
196.414
219.085
242.174
265.283
288.058
310.126
331.222
351.088
369.584
386.507
401.79
415.433
427.43
437.872
446.818
454.314
460.496
465.442
469.316
472.251
474.356
475.755
476.513
476.731
476.506
475.896
474.996
473.86
472.514
471.017
469.422
467.731
465.985
464.2
462.386
460.575
458.786
457.036
455.318
453.641
452.008
450.43
448.894
447.388
445.911
444.451
443.011
441.59
440.177
438.803
437.461
436.126
434.783
433.443
432.091
79.436
96.0253
114.564
134.828
156.505
179.374
203.09
227.295
251.624
275.578
298.86
321.031
341.92
361.272
379.092
395.077
409.218
421.597
432.175
441.145
448.582
454.477
459.066
462.346
464.564
465.872
466.36
466.209
465.418
464.115
462.424
460.357
458.061
455.577
452.893
450.101
447.281
444.384
441.484
438.585
435.676
432.813
430.011
427.292
424.623
422.027
419.507
417.062
414.695
412.384
410.118
407.886
405.704
403.524
401.373
399.271
397.219
395.214
393.202
391.164
389.147
78.787
96.9132
117.203
139.305
162.726
187.183
212.292
237.641
262.824
287.219
310.632
332.461
352.748
371.164
388.05
402.821
415.554
426.481
435.379
442.663
448.451
452.555
455.495
456.969
457.439
457.062
455.884
454.206
451.858
449.049
445.96
442.482
438.868
435.116
431.166
427.165
423.201
419.136
415.163
411.237
407.304
403.452
399.743
396.149
392.612
389.211
385.881
382.678
379.561
376.535
373.572
370.662
367.803
364.93
362.105
359.375
356.67
354.077
351.442
348.765
346.181
80.2279
99.5546
121.365
144.856
169.806
195.428
221.47
247.801
273.375
298.064
321.248
342.641
361.953
379.157
394.89
408.335
419.577
428.901
436.336
441.951
445.841
448.096
449.129
448.982
447.765
445.551
442.809
439.648
435.639
431.37
426.816
422.085
417.421
412.4
407.072
402.044
396.833
391.567
386.607
381.522
376.458
371.37
366.921
362.475
358.012
353.994
349.723
345.865
341.828
338.075
334.207
330.674
327.219
323.597
320.082
316.883
313.424
310.525
307.223
303.801
300.761
1624.01
1648.22
1671.33
1693.3
1714.32
1734.82
1754.9
1774.86
1794.61
1813.38
1830.84
1847.54
1863.73
1879.81
1895.98
1912.92
1931.22
1951.38
1973.75
1998.79
2026.19
2055.42
2086.08
2117.79
2150.2
2183.26
2217.14
2251.48
2286.27
2321.53
2357.43
2393.84
2430.79
2468.42
2506.74
2545.66
2585.28
2625.74
2667.09
2709.19
2752.06
2795.96
2840.85
2886.57
2933.45
2981.35
3030.15
3079.89
3130.77
3182.84
3236.02
3290.19
3345.9
3402.74
3461.08
3520.71
3582.37
3646.04
3711.73
3779.33
3848.96
817.993
824.51
830.847
836.927
842.773
848.508
854.28
859.937
865.687
871.187
876.644
881.995
887.357
892.75
898.166
903.654
909.231
914.94
920.77
926.694
932.671
938.64
944.582
950.474
956.305
962.054
967.651
973.065
978.293
983.358
988.277
993.024
997.618
1002.08
1006.41
1010.6
1014.68
1018.63
1022.47
1026.19
1029.81
1033.35
1036.77
1040.09
1043.32
1046.44
1049.46
1052.34
1055.14
1057.83
1060.4
1062.86
1065.2
1067.59
1069.78
1072.05
1074.26
1076.68
1078.97
1081.31
1083.76
633.028
634.825
636.667
638.477
640.256
641.935
643.688
645.345
646.985
648.481
649.926
651.319
652.731
654.114
655.47
656.789
658.065
659.297
660.472
661.578
662.601
663.542
664.389
665.137
665.783
666.322
666.75
667.063
667.251
667.323
667.266
667.086
666.786
666.361
665.828
665.18
664.422
663.551
662.567
661.469
660.261
658.948
657.536
656.011
654.384
652.643
650.775
648.772
646.642
644.386
641.977
639.463
636.804
634.033
631.064
628.009
624.86
621.632
618.31
614.93
611.553
539.097
539.616
540.101
540.57
541.007
541.411
541.778
542.13
542.417
542.604
542.728
542.812
542.835
542.775
542.664
542.488
542.248
541.938
541.549
541.074
540.516
539.871
539.145
538.332
537.427
536.424
535.323
534.126
532.828
531.433
529.938
528.336
526.628
524.822
522.925
520.936
518.855
516.681
514.409
512.041
509.583
507.048
504.439
501.763
499.019
496.206
493.302
490.306
487.212
484.037
480.754
477.37
473.9
470.326
466.622
462.796
458.894
454.901
450.846
446.766
442.686
478.787
478.227
477.643
477.027
476.383
475.678
474.918
474.154
473.387
472.57
471.721
470.83
469.881
468.877
467.816
466.692
465.536
464.312
463.018
461.652
460.217
458.72
457.166
455.559
453.891
452.154
450.346
448.468
446.524
444.514
442.432
440.269
438.024
435.701
433.314
430.861
428.339
425.741
423.061
420.302
417.476
414.59
411.66
408.699
405.715
402.708
399.642
396.544
393.375
390.158
386.873
383.506
380.081
376.581
372.984
369.281
365.494
361.615
357.71
353.785
349.857
430.75
429.398
428.039
426.635
425.207
423.746
422.245
420.73
419.175
417.597
415.984
414.351
412.683
410.969
409.213
407.427
405.617
403.748
401.816
399.822
397.775
395.687
393.571
391.435
389.263
387.045
384.782
382.473
380.135
377.769
375.369
372.911
370.397
367.821
365.208
362.556
359.848
357.086
354.251
351.343
348.377
345.359
342.314
339.27
336.243
333.246
330.222
327.206
324.159
321.123
318.047
314.907
311.742
308.508
305.223
301.809
298.328
294.767
291.214
287.617
284.039
387.147
385.157
383.161
381.153
379.109
377.023
374.908
372.795
370.649
368.457
366.257
364.055
361.825
359.575
357.284
354.983
352.688
350.348
347.945
345.474
342.95
340.41
337.863
335.335
332.801
330.232
327.635
325.003
322.382
319.779
317.212
314.61
311.993
309.327
306.665
303.983
301.241
298.464
295.623
292.715
289.744
286.702
283.639
280.588
277.574
274.663
271.73
268.878
266.015
263.256
260.501
257.665
254.837
251.95
249.053
245.976
242.881
239.674
236.556
233.367
230.225
343.597
341.073
338.542
336.055
333.544
331.051
328.488
326.001
323.487
320.866
318.255
315.693
313.091
310.472
307.78
305.122
302.547
299.937
297.267
294.457
291.573
288.713
285.841
283.016
280.256
277.464
274.643
271.733
268.849
266.047
263.417
260.771
258.201
255.603
253.085
250.585
247.951
245.25
242.536
239.811
236.98
234.021
231.032
228.038
225.061
222.302
219.458
216.794
214.119
211.719
209.386
206.905
204.473
201.978
199.537
196.802
194.128
191.282
188.671
185.94
183.308
297.484
294.454
291.26
288.418
285.418
282.848
279.944
277.468
274.966
272.239
269.508
267.043
264.337
261.664
258.709
255.731
253.108
250.589
248.079
245.319
242.144
239.19
236.163
233.102
230.224
227.402
224.681
221.639
218.382
215.321
212.651
209.972
207.516
205.118
203.066
201.089
198.794
196.207
193.702
191.392
189.013
186.263
183.428
180.634
177.742
175.233
172.386
169.91
167.314
165.396
163.592
161.466
159.521
157.495
155.626
153.189
150.971
148.417
146.367
144.131
142.119
3921.72
3997.09
4074.45
4153.85
4235.71
4320.96
4409.04
4499.9
4593.25
4689.28
4788.35
4889.36
4992.58
5102.3
5239.14
5364.91
5489.71
5617.11
5747.03
5879.43
6014.63
6152.69
6293.2
6436.39
6582.01
6729.38
6878.2
7028.21
7179.22
7330.37
7481.56
7632.18
7781.37
7928.52
8073.13
8213.77
8349.31
8478.46
8593.14
8677.68
8735.34
8767.75
8774.74
8754.52
8705.51
8625.24
8509.65
8354.08
8154.21
7905.4
7601.36
7235.23
6801.77
6293.21
5687.48
4733.12
4310.68
4098.31
4014.25
3974.95
3895.56
1086.45
1089.23
1092.22
1095.26
1098.39
1101.76
1105.66
1109.96
1114.71
1119.77
1125.31
1128.71
1130.06
1132.95
1136.48
1141.42
1146.52
1151.57
1156.74
1162.17
1167.87
1173.87
1180.15
1186.69
1193.49
1200.51
1207.81
1215.39
1223.31
1231.6
1240.32
1249.52
1259.34
1269.87
1281.24
1293.68
1307.35
1322.64
1340.65
1369.89
1405.25
1443.73
1485.37
1530.31
1579.26
1632.55
1690.27
1752.7
1820.13
1892.11
1967.78
2045.54
2123.76
2201.49
2271.49
2337.61
2396.72
2483.48
2587.69
2696.53
2659.13
608.151
604.75
601.314
597.856
594.342
590.851
587.468
584.237
581.071
577.864
574.215
568.652
562.747
557.652
553.062
549.082
545.201
541.222
537.184
533.14
529.129
525.148
521.191
517.256
513.34
509.438
505.56
501.708
497.902
494.139
490.44
486.826
483.308
479.931
476.723
473.732
471.004
468.612
466.683
465.73
465.937
470.282
478.461
489.94
505.172
524.81
549.572
580.48
618.534
664.816
720.342
785.902
862.683
951.054
1050.95
1159.22
1266.58
1383.76
1527.04
1712.34
1903
438.607
434.537
430.466
426.377
422.241
418.104
414.015
410.023
406.009
401.892
397.004
391.077
385.309
380.075
375.224
370.721
366.331
361.958
357.584
353.235
348.911
344.594
340.293
336.011
331.744
327.501
323.283
319.091
314.926
310.792
306.689
302.624
298.608
294.653
290.769
286.976
283.294
279.739
276.339
273.155
270.268
267.975
266.939
267.626
269.892
274.076
280.637
290.22
303.664
321.987
346.594
378.808
420.29
472.181
535.195
607.43
684.666
768.229
866.28
992.437
1151.1
345.945
342.094
338.261
334.404
330.481
326.556
322.646
318.816
314.957
310.982
306.254
301.01
296.023
291.434
287.091
282.982
278.974
275.06
271.201
267.407
263.652
259.887
256.142
252.425
248.724
245.052
241.408
237.793
234.198
230.626
227.077
223.558
220.074
216.636
213.252
209.934
206.692
203.538
200.48
197.537
194.734
192.134
189.864
188.265
187.477
187.505
188.569
190.968
195.13
201.588
211.13
224.753
243.653
269.091
302.106
342.86
389.964
442.894
503.834
578.257
672.595
280.457
276.993
273.556
270.117
266.539
262.964
259.379
255.907
252.408
248.84
244.593
240.138
235.936
232.074
228.347
224.784
221.283
217.932
214.67
211.507
208.393
205.238
202.122
199.049
195.987
192.965
189.961
186.989
184.021
181.07
178.128
175.216
172.331
169.492
166.699
163.966
161.299
158.708
156.195
153.77
151.447
149.248
147.211
145.423
144.124
143.218
142.824
143.062
144.134
146.313
149.964
155.606
163.904
175.623
191.642
212.537
238.444
269.426
306.08
350.018
404.332
226.997
223.96
220.963
218.013
214.807
211.63
208.389
205.345
202.281
199.241
195.541
191.835
188.334
185.194
182.068
179.084
176.088
173.315
170.633
168.07
165.559
162.949
160.422
157.982
155.531
153.132
150.724
148.359
145.966
143.585
141.194
138.844
136.52
134.251
132.021
129.855
127.745
125.708
123.738
121.853
120.053
118.361
116.785
115.358
114.136
113.28
112.693
112.44
112.621
113.368
114.866
117.364
121.177
126.732
134.499
144.97
158.561
175.597
196.536
222.15
253.703
180.419
177.808
175.277
172.895
170.078
167.334
164.43
161.874
159.294
156.863
153.688
150.652
147.752
145.302
142.715
140.313
137.776
135.571
133.429
131.391
129.417
127.248
125.244
123.437
121.55
119.707
117.805
115.988
114.073
112.18
110.24
108.395
106.565
104.827
103.102
101.454
99.8333
98.2935
96.8135
95.4309
94.1219
92.9237
91.8368
90.8559
90.0109
89.3965
88.9925
88.7774
88.8167
89.1811
89.9683
91.2981
93.3379
96.2811
100.374
105.898
113.149
122.459
134.192
148.844
167.068
139.532
137.28
135.237
133.509
131.078
128.791
126.174
124.196
122.138
120.355
117.65
115.193
112.748
110.968
108.804
106.998
104.824
103.198
101.53
99.8731
98.3507
96.4767
94.9447
93.8638
92.4427
91.0007
89.453
88.1438
86.5495
85.0281
83.3775
82.0145
80.5949
79.3558
78.0334
76.8301
75.5454
74.4016
73.3271
72.3852
71.5158
70.7507
70.1053
69.5457
69.0249
68.6129
68.3792
68.26
68.3641
68.6151
69.2496
70.1839
71.6216
73.524
76.1016
79.3862
83.6662
89.0318
95.8705
104.445
115.1
3751.87
3594.12
3425.04
3247.03
3069.14
2896.7
2733.04
2582.48
2448.81
2334.22
2239.25
2162.96
2103.84
2059.74
2027.97
2005.99
1991.6
1983.21
1979.37
1978.83
1980.91
1985.02
1990.72
1997.88
2006.46
2016.27
2027.19
2039.24
2052.47
2066.77
2082.09
2098.38
2115.52
2133.28
2151.53
2170
2188.34
2206.27
2223.6
2239.98
2254.96
2268.34
2279.96
2289.62
2297.42
2303.66
2308.47
2312.11
2315.18
2318.43
2322.23
2326.78
2332.6
2339.83
2348.15
2357.24
2366.79
2376.77
2386.19
2394.11
2400.07
2468.5
2265.01
2066.37
1875.25
1708.07
1553.58
1410.73
1280.17
1162.22
1057.7
966.811
889.123
823.778
769.221
725.173
690.854
664.554
644.347
628.699
616.507
607
599.572
593.828
589.576
586.442
584.578
583.618
583.683
584.695
586.654
589.572
593.43
598.222
603.914
610.453
617.773
625.762
634.289
643.186
652.249
661.186
669.646
677.211
683.422
687.851
690.091
689.806
686.872
681.444
673.957
665.052
655.559
646.405
638.369
631.76
626.846
623.239
620.457
617.309
612.868
606.785
1992.22
1981.87
1883.55
1711.1
1532.44
1359.1
1190.43
1036.9
899.606
777.8
672.454
583.202
508.895
448.3
400.441
363.612
335.297
312.885
295.148
281.247
270.353
261.775
254.985
249.566
245.292
241.808
239.121
237.053
235.574
234.642
234.231
234.335
234.938
236.006
237.516
239.427
241.699
244.289
247.142
250.174
253.291
256.381
259.312
261.905
263.99
265.353
265.79
265.116
263.226
260.086
255.813
250.747
245.372
240.293
236.001
233.041
231.614
231.674
232.815
234.628
236.942
1316.9
1465.02
1564.36
1584.71
1518.63
1395.66
1229.45
1059.39
902.279
757.264
630.457
524.153
436.315
365.758
310.333
267.213
233.681
207.199
186.381
170.194
157.696
148.104
140.755
135.086
130.664
127.159
124.379
122.172
120.441
119.114
118.151
117.526
117.212
117.171
117.367
117.763
118.324
119.012
119.784
120.594
121.387
122.109
122.702
123.102
123.25
123.087
122.562
121.639
120.307
118.561
116.44
114.058
111.614
109.388
107.718
107.081
107.877
110.242
114.119
119.436
126.242
788.129
922.686
1065.74
1194.28
1278.18
1299.55
1252.85
1149.82
1014.82
861.489
713.855
587.008
477.815
388.289
317.257
261.008
216.864
182.315
155.313
134.436
118.481
106.47
97.5121
90.8132
85.7476
81.8533
78.8333
76.4782
74.6446
73.2209
72.1428
71.3732
70.8729
70.5973
70.5049
70.5575
70.7189
70.9523
71.2216
71.4862
71.7033
71.8321
71.8327
71.6672
71.302
70.7114
69.8855
68.8264
67.5404
66.0559
64.4236
62.7332
61.1401
59.8568
59.1976
59.4455
61.1315
64.613
70.1277
77.7696
87.3265
472.055
556.343
658.311
774.339
892.546
995.453
1062.88
1079.02
1041.03
956.397
841.485
715.618
588.378
476.033
384.241
308.412
248.167
200.525
162.576
133.213
111.021
94.6355
82.7122
74.0188
67.5991
62.7802
59.1301
56.3531
54.2391
52.6203
51.3992
50.5202
49.9301
49.5727
49.3994
49.3686
49.4408
49.5812
49.7543
49.9231
50.0492
50.0994
50.0391
49.8394
49.4708
48.9166
48.1715
47.245
46.1437
44.8941
43.54
42.1603
40.8819
39.8916
39.472
40.0057
41.9745
45.8552
52.0197
60.6047
71.5016
292.902
341.971
403.253
478.319
566.379
662.983
758.436
838.755
889.493
899.81
867.016
797.988
704.57
600.577
498.129
401.238
320.582
254.856
199.953
156.894
124.187
100.324
83.3314
71.1879
62.3903
55.8973
51.0698
47.4743
44.7998
42.7821
41.2731
40.185
39.4453
38.9779
38.7225
38.6283
38.6519
38.756
38.9049
39.0625
39.1917
39.2656
39.2501
39.1217
38.8482
38.421
37.8324
37.0955
36.2098
35.2038
34.1116
33.0041
31.991
31.2309
30.98
31.6315
33.6549
37.6285
44.0727
53.2507
65.1355
189.815
218.288
254.039
298.695
353.607
419.084
493.534
572.164
647.208
708.018
743.994
748.505
721.296
666.48
592.715
508.294
423.206
342.94
266.925
205.352
156.594
121.038
96.1768
78.6105
65.9614
56.6812
49.8501
44.8636
41.2449
38.549
36.5494
35.1014
34.1052
33.4512
33.0597
32.8654
32.8152
32.8674
32.9833
33.1262
33.2577
33.3578
33.3913
33.3385
33.1613
32.8587
32.4171
31.8556
31.165
30.3757
29.5148
28.6493
27.875
27.3313
27.2555
28.0172
30.1009
34.1501
40.8177
50.5093
63.2726
128.505
145.169
166.029
192.345
225.17
265.561
313.942
369.891
431.058
493.531
549.586
593.14
617.701
620.278
599.066
556.138
497.343
426.837
353.603
278.722
208.947
157.777
122.186
96.8263
78.1318
64.375
54.2618
47.0145
41.8625
38.0552
35.2662
33.2321
31.8203
30.8667
30.2579
29.9015
29.7299
29.6914
29.7438
29.8424
29.9522
30.0578
30.122
30.126
30.0277
29.8285
29.5148
29.1025
28.5813
27.9766
27.3182
26.6682
26.1205
25.7976
25.918
26.8353
29.0383
33.2119
40.0847
50.209
63.6612
1.57894
215.521
192.546
2.32545
2.28369
0.203758
0.000718811
90.7927
0.000797577
0.0146656
94.6438
7.03463
0.000719818
248.081
0.166854
135.019
0.000757784
92.3961
119.392
0.00071455
2.3236
236.677
204.686
0.000766366
0.000782135
0.209847
0.000715706
7.93837
0.00075352
0.000819882
6.6037
0.000741839
0.00875687
63.3654
3.98538
113.096
72.3274
15.9917
0.000722838
44.6388
64.5281
28.9367
0.000743503
102.668
174.086
0.716054
0.000868381
0.00871584
1.24329
7.2448
371.005
357.368
0.000697915
0.00102594
0.0639737
0.0334581
0.00081716
9.06248
59.1168
285.103
137.949
0.000907938
1.50452
0.0251241
201.903
2.46028
38.6713
63.5573
0.00112941
0.000747711
9.74091
41.3529
55.4168
0.0389621
0.0514261
79.1397
231.451
56.3084
0.00069969
5.48295
0.00235195
47.4455
0.0122366
110.699
0.000749962
8.71254
0.000792169
36.6277
0.0110737
0.00137118
0.232532
0.00069832
0.000935439
308.963
143.72
0.000868525
1.58192
1.89277
0.00184615
207.02
1.06722
31.6555
5.89585
0.000697206
0.000725762
0.000694219
1.40427
0.209577
0.000747575
174.04
222.516
0.00474659
237.402
26.5275
113.338
53.4478
28.1771
0.000975539
0.110926
0.00110755
0.0016025
190.946
0.00315737
287.9
415.325
28.5817
0.000746175
7.23989
7.07518
0.0007441
0.0298749
0.0270093
90.3562
0.00188935
62.7199
0.000749016
0.000723545
396.064
352.03
0.000749244
0.775775
149.544
0.229184
0.904794
26.6435
119.653
0.288883
27.6129
0.00527105
280.213
10.8992
0.0359301
49.5464
108.328
189.182
0.00076458
0.000757987
0.515131
0.000698335
41.3464
0.110234
0.00144857
0.000739989
0.000747681
0.000758579
41.0468
69.8654
34.035
0.000765981
289.226
305.132
402.389
166.224
0.00690214
159.141
42.922
28.1665
0.000750812
0.00170292
191.382
68.2221
29.7785
72.1836
0.000745731
0.000842819
241.479
0.0297131
2.48713
0.00075791
0.000866831
0.17304
0.00079691
334.337
4.05086
0.00069499
0.683694
89.5289
144.525
0.00119568
52.7342
0.000746957
0.000750583
107.447
32.954
305.608
0.00121256
0.00080193
0.00284902
41.7892
77.2181
9.93016
124.489
14.2593
231.769
0.804155
86.7049
82.2513
27.5492
10.7952
38.9872
0.001452
0.0293953
0.000748029
0.00072598
28.283
0.0100684
0.0118098
0.00201406
0.00626545
47.6272
197.528
0.0111058
173.017
7.59955
2.96497
0.000732536
0.54544
38.96
7.36442
0.00106076
13.0578
35.7464
0.857578
2.34702
271.231
7.43704
5.00513
122.434
0.000954795
0.000723535
0.00102975
0.00427434
28.6947
0.000783194
0.00254631
0.000723362
1.75167
75.4582
75.9622
49.1066
11.8349
11.5318
325.935
0.00113713
48.1836
98.5099
0.000744076
82.0116
0.000749635
332.661
1.74986
50.9959
0.00155313
0.000748661
20.495
7.75907
0.000759632
0.000751086
0.000755848
0.000751652
1.18322
35.3931
45.0774
0.0108778
0.00076044
0.000724253
0.000696069
104.82
1.20345
0.00119463
19.085
0.11641
0.0970808
0.000692588
0.785481
0.000760159
0.112149
47.1031
274.586
3.03231
0.000975564
0.00185037
57.0005
0.357271
128.168
323.218
0.000839115
0.000740012
0.000734077
156.086
0.000774541
136.57
0.000749958
24.3963
12.0576
0.0241664
140.243
241.562
0.00127647
49.9613
50.6048
88.3771
90.0633
9.91518
349.878
38.4952
71.0386
142.637
94.9096
55.6234
0.34067
338.618
280.595
62.7855
33.3796
0.000995374
273.416
125.25
229.297
0.0188313
0.000869108
0.000745936
0.000812917
0.684572
1.56285
6.53326
0.125205
0.00072587
170.545
0.000746525
26.5028
23.6736
191.72
42.8304
19.0492
0.00193575
0.00110854
0.468357
84.6293
0.00439229
7.92875
261.568
35.9205
84.6263
196.914
61.422
0.000821965
283.216
142.767
95.9256
0.000750865
194.277
152.285
0.000782402
30.3851
0.00075202
397.089
173.244
28.0212
81.8882
113.453
149.003
0.000764155
148.081
0.000967479
68.2738
81.8546
28.1966
279.448
3.66882
0.492103
2.58018
0.00110184
439.903
1.45338
0.00290647
0.00178281
257.407
0.000955757
93.2279
0.000737084
0.000750403
0.00183456
31.3847
0.194556
21.8899
0.00201347
83.7915
0.308848
220.946
279.121
38.4946
341.536
0.00079229
279.185
42.8629
0.000742788
79.2692
25.8304
0.000696299
0.000727299
116.935
0.00205746
27.4997
0.466888
74.7415
0.0177279
3.47877
39.7159
121.793
33.0597
84.8185
69.2362
0.000994853
0.0337236
28.6529
22.064
331.487
343.412
143.768
0.0851573
123.513
122.433
3.35292
90.4821
45.8611
26.128
0.000819132
84.9413
384.426
0.00107818
90.3204
19.3524
46.4856
0.0153971
0.0899694
270.89
0.00193871
327.59
0.00124996
1.83583
0.000738103
7.84813
165.877
0.555716
0.00132426
0.000899531
74.6025
26.8036
0.393105
5.62561
296.589
542.644
0.00137012
11.7936
27.249
71.366
26.1473
448.752
28.7255
154.827
52.504
3.40941
7.18526
302.528
53.6929
354.579
171.224
0.222705
174.697
59.4673
0.000790561
91.1873
28.8309
12.838
0.00974418
96.2244
44.5764
4.18425
52.6529
0.00159154
0.000747273
0.164021
28.3886
109.331
73.5267
0.000750281
0.000730934
0.000744368
28.2602
0.027884
0.000745937
0.248128
94.6105
274.761
0.00442783
0.00455671
0.000720937
0.000738865
0.00194856
29.3745
99.9841
21.6274
1.88946
298.906
383.765
0.00150842
63.7168
27.8127
28.3912
76.138
437.019
0.000821169
0.00448745
0.000751468
395.286
0.78386
0.000726833
10.598
0.354533
302.689
0.000759343
325.898
8.83505
0.067428
201.394
0.000748736
0.000737155
0.00102417
404.64
53.6803
129.858
319.893
10.8555
28.5008
0.000708282
0.00185243
0.468285
0.0164611
0.0163859
176.362
40.9577
0.00074816
25.3103
45.0477
184.741
406.998
0.00296248
410.236
0.00182993
0.0218841
148.074
0.000739952
145.905
0.000759636
0.000792737
0.0212682
34.1817
2.9321
321.168
61.2158
0.000883593
28.4384
502.792
0.22445
2.23471
7.21085
0.000775737
0.00076038
0.00230839
135.472
5.49338
0.000781424
271.216
280.822
216.113
0.116897
59.9585
0.00108691
30.4215
0.557058
0.131753
123.692
29.5718
148.545
173.389
0.000760811
0.000711049
0.00498638
72.6372
103.265
5.95961
0.00662247
0.000769532
0.000750642
0.00345642
0.120098
0.0021234
72.9112
21.1785
0.00497263
26.3068
172.517
0.000760927
38.0938
0.000742753
3.29872
0.000762492
0.0132551
38.938
0.0116748
0.000744634
4.08145
364.776
265.496
0.000730598
0.000745492
1.56212
0.129763
0.000747851
101.124
0.000907205
31.7663
377.664
30.1727
86.4891
293.627
132.979
336.395
0.000748196
0.00250015
0.0110697
293.252
59.8299
201.104
5.61891
4.44452
99.8176
167.164
128.269
5.04624
47.6108
0.000750657
1.53669
39.2235
33.5914
313.109
27.1137
1.17647
41.3065
0.203492
0.00941227
39.5429
0.000751622
176.915
0.00088439
2.69674
292.981
183.627
3.05275
0.00251649
7.05068
0.000769715
0.000736373
0.200552
0.0135664
50.113
0.00883183
28.6749
0.000750586
0.0191351
0.000725349
95.3673
0.00177739
85.8452
299.189
0.014413
166.256
375.978
0.000757683
97.7463
224.39
0.000784355
287.309
0.271573
0.00082168
0.000788746
284.424
0.000731652
0.00112016
0.122786
0.214428
431.358
270.531
0.000751516
0.000753549
9.27993
28.141
0.00713651
2.21843
22.4252
0.000747815
0.000956357
0.000911804
168.197
270.834
3.37551
299.052
0.0172582
26.5221
0.000770056
0.00721863
0.0161082
0.0433091
0.00074998
300.502
0.000741995
0.0161326
0.000770719
1.3895
0.0149172
0.0413216
2.5168
5.08805
34.8521
2.17926
9.34928
27.8229
189.726
0.000817143
165.506
327.06
12.6692
75.7705
0.000761801
268.239
79.5345
0.000745969
411.605
66.3845
0.00651708
0.0245711
161.398
161.064
0.239131
316.444
409.962
4.42357
431.105
265.236
128.639
50.5544
21.7076
28.4963
265.226
292.149
0.0143747
312.312
41.7273
407.678
0.000813655
1.5769
2.81757
224.445
165.271
0.0118809
443.966
194.987
7.08602
0.0553203
2.72793
28.0146
0.00155336
28.1626
439.385
0.0293109
220.764
14.1166
93.2924
189.239
0.000746369
0.00167849
7.43294
5.30324
0.0133152
0.000748427
0.822035
1.83205
0.00121102
0.000758699
267.205
7.12378
52.4758
10.6197
0.00316397
0.00107718
0.445349
87.8444
0.000825313
21.8613
29.6091
1.84867
163.172
0.0010072
0.3967
0.000740765
1.75853
87.2242
0.00158474
0.185263
40.8557
169.954
0.50306
95.879
5.05466
0.94428
0.000988639
33.1465
333.894
0.000744271
0.000752927
147.574
0.0158618
0.000758251
72.7453
2.01178
162.823
29.5438
37.8313
0.31564
17.3423
205.226
164.774
244.98
0.000763796
276.725
0.000965881
37.7141
0.000794098
0.00149837
45.0475
0.00209213
256.984
0.0121872
0.0324526
45.0087
7.63585
0.54902
0.000899302
185.688
0.000888745
0.000718756
345.558
161.269
41.3098
28.6044
0.000815116
0.000685522
19.3148
148.326
0.000731848
221.874
36.9015
0.000753326
169.017
0.000701749
3.41612
6.45273
10.7663
1.53331
75.509
20.8485
0.000700086
270.186
331.033
0.000744914
0.0133877
28.8241
0.000707941
238.027
162.029
404.237
0.000745903
0.000727819
201.403
0.0978922
0.00083702
31.147
79.8165
254.809
0.000720509
0.000793289
0.01583
0.0116128
0.000747055
0.00202685
125.821
50.6691
0.000746955
13.3154
0.00074714
10.0746
0.00108844
0.000868772
27.4913
0.000745958
0.354214
0.000730543
49.2688
2.06326
20.1652
185.165
361.83
147.472
5.22526
14.6909
0.000758252
5.70687
278.004
528.376
0.156915
0.000827901
128.707
0.000746241
0.110938
0.000720203
440.815
15.0903
3.17196
197.416
51.8807
5.00153
80.5538
7.67496
223.188
114.15
0.000774669
0.000754509
0.00309995
0.000735616
0.0141381
100.245
0.000930493
252.111
0.00186925
0.315861
3.06278
153.123
0.00135583
41.6364
0.0136263
57.2224
30.7372
435.996
0.000793064
0.000952922
1.499
85.497
64.0422
66.2567
1.95973
7.9445
19.8478
0.0625795
10.6473
1.72104
30.019
0.000753955
395.236
1.43886
56.3847
0.000788358
53.4507
16.1845
0.00184716
87.585
17.4478
0.0851733
0.000714023
0.000746325
204.114
48.3355
14.6823
0.000738234
0.00959566
50.4939
187.363
3.35006
0.00588762
0.000733079
148.099
130.002
35.772
36.0274
0.000744088
100.91
435.115
0.000746945
0.000749341
18.2566
0.00127674
0.00388603
0.211384
46.9484
0.00104878
36.2747
345.174
0.000729986
0.000820458
0.000727136
0.000770808
66.8387
517.622
336.625
0.0206649
33.8019
47.2147
0.133126
44.6724
0.000820825
31.1803
0.533025
30.4291
5.22539
81.2022
100.529
0.138194
0.000759167
159.149
84.6574
280.397
5.77442
29.6958
0.524178
21.0839
0.00354083
0.00133891
152.156
142.955
0.033557
1.15331
0.000754385
0.0999564
19.8819
0.0280452
13.5696
4.46578
384.897
36.6237
1.74188
277.691
139.729
56.4968
15.7492
201.041
189.688
3.18049
38.5413
0.00367957
47.6463
45.8744
0.00074351
0.000710076
0.357563
0.000748772
0.000773849
57.5095
297.567
0.000744885
84.2148
0.000745277
0.000736929
0.000741329
0.000751459
0.00181601
29.483
45.2702
249.327
0.000717621
0.00107299
6.75321
0.000856808
0.0282962
0.000762785
0.00086331
166.67
0.000985241
0.00468902
180.898
0.00426766
0.000749535
187.351
0.000745554
0.000761036
1.44601
0.000871741
6.58727
0.00123482
0.024229
0.000743883
0.000753517
304.386
421.137
43.9322
0.0237076
108.259
16.1762
0.00129766
27.6179
310.858
234.021
477.704
0.000701135
28.1169
56.0854
0.262422
28.4873
101.083
0.351208
31.4958
1.01472
28.3687
0.275114
7.44494
0.000757633
222.649
0.000755142
28.5867
32.416
0.000747933
0.917216
0.00246794
0.0316424
0.000725952
3.88885
0.000895715
0.000741579
40.126
0.0337697
0.165588
229.604
151.082
0.000817233
0.000966322
30.6007
261.465
0.000691333
0.000754399
0.198368
23.7832
146.632
0.00209426
15.9901
0.000745711
0.000819547
0.000718006
0.0280401
23.7433
0.00408428
276.242
29.5572
259.599
172.719
0.000844703
303.213
66.6836
0.000732675
0.000754072
0.000750343
0.00115732
0.000740402
123.249
0.000745435
0.00075106
353.383
1.21662
0.00269003
0.0375853
57.4176
7.535
0.00743793
0.000825084
185.209
0.000762694
6.59821
0.000754572
0.000847114
163.195
166.61
0.00335878
0.000831991
3.8221
0.000744319
370.813
0.000752735
152.004
0.0277721
8.43365
0.125395
3.18318
1.94855
29.4596
0.00076097
0.000861713
0.00491981
60.351
0.293279
303.962
0.000747305
0.00123838
0.00164493
257.438
61.8496
270.231
0.00225895
0.00350222
0.814402
0.000751392
19.5463
38.104
0.00880927
271.202
179.549
42.1931
0.00154998
1.45202
168.145
226.278
27.8542
0.0105667
119.937
0.516057
134.411
0.14525
2.29366
42.9172
0.000761954
28.4514
0.00122205
0.00511504
0.0064244
0.0479996
0.000909144
10.9608
0.000746216
46.1023
0.132354
0.000864336
1.55332
0.000756579
0.76536
0.229335
40.2922
3.75339
92.305
0.812127
0.000748463
0.000732503
4.8246
0.160695
43.1099
262.668
0.00075171
153.353
37.3154
0.0142274
51.5608
10.7273
36.1729
38.529
0.0724932
0.0017902
442.77
70.1013
162.553
0.00074619
27.1526
0.000746568
11.1733
38.0881
361.092
17.4796
28.0353
0.012258
0.795102
0.000751185
12.2263
1.2734
0.000849329
433.577
30.6899
0.000768975
1.61551
0.00515855
0.0010143
380.629
0.000747883
0.0151052
0.0139354
35.0756
0.213044
221.45
1.20167
0.000732348
29.9782
4.98643
31.7652
166.722
0.000769939
1.83146
2.69637
117.459
1.01834
0.000752039
0.0410249
95.7272
0.00145299
74.3434
303.528
72.4087
15.5451
2.16778
2.98497
552.989
281.154
220.573
3.26827
0.0144903
0.000965927
163.364
0.111845
116.239
262.6
0.00126625
313.348
0.000735302
169.661
0.000759403
0.000751438
2.37794
119.554
0.00622635
25.4623
19.9384
0.00074679
0.000723097
0.00695793
396.598
152.849
171.243
0.000752121
21.7676
183.654
0.0280632
2.5129
0.01306
0.000832962
0.000746364
0.00221464
0.000770033
0.000748998
0.000737411
0.000750245
55.7042
304.474
97.9877
0.82489
0.000782144
0.000737774
0.000757684
0.000915796
81.7416
153.328
0.170455
0.00215422
0.389709
2.27401
0.000745057
0.000746345
2.48984
0.000745812
0.0007832
0.0132065
39.0834
30.4308
0.0128121
0.229838
16.5381
29.1078
196.527
0.000717919
1.11742
0.000746585
207.812
0.000746414
0.0671795
0.000736874
163.394
270.924
0.000746628
440.234
260.469
0.000915213
0.376584
0.00306951
0.619368
0.683403
0.000738851
0.00217503
361.2
14.3838
7.2559
44.0409
122.9
0.060585
0.000723427
0.00113751
0.000917438
0.000741428
27.9036
0.000734566
0.000746023
0.0926221
39.4172
85.5362
43.608
41.3866
4.69696
51.0928
367.799
0.00072245
0.00200634
0.00132947
370.741
81.7641
44.1128
0.642563
97.6696
103.209
392.326
0.000699642
0.559119
19.1784
14.9429
336.394
35.536
179.685
378.935
0.000708863
0.000780321
136.326
235.187
0.158481
0.000810176
274.747
0.0228508
157.308
0.000738874
0.00923583
0.00415849
0.36751
0.000718858
224.541
0.963077
67.7219
140.558
0.000917535
0.000753845
0.000718422
4.37202
0.00074519
95.5274
10.7843
0.000732886
0.00238691
0.00286947
0.00750816
0.000757266
0.000753797
390.038
0.000781917
301.652
185.39
87.2887
145.07
0.000754321
20.0176
27.3066
123.433
0.000810455
0.0884828
0.387107
0.000735511
34.3887
0.000902611
58.1972
37.2554
0.000749937
67.07
0.0279633
23.7136
0.136611
0.00822833
23.12
0.000737671
158.925
113.22
0.000752754
2.57439
117.208
0.000734242
0.00076805
0.000752879
168.205
389.974
0.079511
254.009
0.00361689
206.984
0.0011986
0.00074474
0.188323
0.000709832
0.0623329
29.8715
0.000693638
0.000792564
0.0161855
0.945665
0.00127262
12.6568
0.000756139
0.00371863
224.958
402.844
0.0237105
0.000707501
434.711
0.000742215
0.000723427
63.1208
166.262
12.6276
171.99
23.3986
0.00139156
0.000757943
0.000754549
6.07591
0.00183375
178.071
24.2732
391.345
0.0762561
0.00201337
1.24467
112.865
2.0126
0.0233957
14.7859
0.000697515
0.725643
0.00075272
0.0972973
3.08616
0.000743637
0.000750772
3.22554
0.000708441
0.00238617
34.5422
76.3059
209.315
0.00811351
428.775
0.00795397
388.954
237.009
3.1674
70.6551
1.61842
2.04824
0.000745467
0.000808914
38.6098
30.3462
0.0326087
0.000687565
89.5465
0.000762863
208.144
393.909
0.000749231
0.000745062
0.000755574
380.478
0.0771243
0.000695209
0.000942162
41.9777
0.00361705
0.00149134
79.9595
0.0040198
0.108542
112.137
0.00398995
29.9916
0.00758947
61.7112
0.000755844
68.047
131.062
28.8924
0.000745265
145.816
151.562
0.000754261
66.708
85.1166
34.7965
0.000774382
49.8554
14.9799
34.5234
164.38
0.000828425
0.155674
61.9539
0.00587913
0.0603748
0.00640899
16.2271
291.408
0.846073
54.1028
253.168
51.6769
39.74
0.000749267
269.09
136.527
84.3589
48.6406
8.15774
63.7135
321.498
1.48129
0.0214314
0.00124527
37.3154
0.000747576
300.633
6.78316
362.838
0.000871689
0.00081194
0.0877848
102.743
0.0735353
0.00242928
311.768
0.00136765
38.7301
29.2702
0.0189938
0.00290409
14.8373
0.00590162
0.537743
0.000745237
6.54597
0.000765674
6.45601
0.000731569
0.00180983
0.000995941
0.0042671
0.00134611
62.6819
1.67638
74.8344
0.000858027
0.000997391
0.00214323
0.000785487
13.0374
64.9295
0.000730123
40.1467
0.000755154
129.648
94.4216
327.037
0.000983024
0.000746715
95.3727
119.246
244.733
7.10653
0.0519747
15.9213
0.000745344
184.066
0.000741911
4.20735
0.00395398
0.000735969
0.417167
378.139
95.0129
72.595
4.76905
0.00221876
0.000742589
0.000817648
61.4043
0.0920876
0.000787784
0.000947948
22.8305
83.6995
107.303
8.64022
10.9821
77.2627
4.02321
396.502
0.00860046
0.00194263
160.991
0.000735993
0.0007469
47.8868
0.000911337
28.3468
0.00114961
154.662
165.325
0.000757786
0.000734844
157.489
0.00091265
0.000745081
364.731
4.97638
69.8341
104.883
33.721
51.9227
0.00568725
273.298
0.284005
0.157526
13.7987
234.278
0.000759554
93.2202
73.9046
0.000763069
279.988
0.110592
58.1757
0.000732403
104.475
0.0400711
12.5506
36.0304
0.00517232
59.2588
0.00163142
0.00450215
0.24779
15.144
37.2545
74.7682
0.000754029
113.204
274.428
0.000739554
0.000747681
0.000728806
0.000757015
244.436
0.000737974
4.70808
190.427
0.000751161
0.00785177
20.1673
0.0132241
0.000757738
0.000754951
291.195
14.6773
0.000762856
139.548
46.1291
31.1584
14.4511
32.2545
0.00744394
0.0189913
0.000741138
0.00092442
21.0443
297.368
0.000754137
2.118
120.386
3.77971
77.9665
34.5704
92.0187
16.7859
58.9969
1.39087
117.46
0.471155
0.000996045
14.2693
0.000754197
9.19105
105.319
0.00172829
0.000827733
183.71
11.4716
218.372
198.645
0.000736031
0.00383835
0.030521
1.31885
152.113
0.000737487
0.000747664
0.000772716
0.353802
0.000751283
28.6844
0.000758685
0.000731583
0.427558
0.000870114
16.7656
0.000825299
47.8167
259.563
7.2982
2.17243
2.26717
0.0252532
0.000950288
0.00654729
0.00239578
135.026
247.972
111.003
292.515
40.942
0.000709125
35.5717
175.136
0.018638
0.000746419
0.00075822
61.5703
0.000874581
273.102
7.334
24.4407
200.763
0.000970344
386.098
0.000834645
2.4579
0.00087035
0.0863078
94.705
30.5234
0.000753997
1.30913
34.3
28.9448
82.8906
17.1077
4.79859
356.511
166.835
1.10971
107.99
133.947
0.00075585
0.0844452
0.000708644
0.00162414
0.00214461
160.736
0.115188
0.000912294
0.00118179
1.85777
387.765
79.5677
0.000748234
219.251
10.6591
0.831491
0.000730714
399.155
349.101
228.832
133.435
0.000726018
63.6897
24.7011
24.1799
44.7946
1.12755
306.304
0.000851169
0.60333
88.6503
62.9247
0.229962
130.734
0.000813644
298.207
0.00141385
37.6002
268.655
13.039
57.7887
203.216
99.4654
0.000730353
179.191
0.00238129
80.2012
0.00163183
0.949011
0.000744986
209.726
0.000737957
44.079
259.342
285.281
4.31938
0.000819549
0.00372395
0.000742117
30.8036
0.000758599
15.8128
0.187395
0.217713
0.000761376
0.000946726
160.079
72.7496
0.0574321
7.7471
0.000723707
0.000761673
0.0316821
0.00689739
0.000730962
0.000729735
118.065
0.00366492
40.0684
0.000894685
90.5927
2.76094
0.000688908
0.0651438
0.000857234
155.91
0.00400781
28.6751
0.000747483
0.00173464
8.99004
0.00274812
0.000766798
0.000751095
98.9465
0.00074358
0.0007511
13.7831
0.566247
0.00072963
137.876
231.969
0.0141427
0.267411
0.00092609
67.4
207.761
7.92435
0.00223697
76.3507
0.00985389
0.00520587
323.071
0.000803842
199.544
80.7273
107.548
77.6524
156.586
0.000723145
7.08517
5.70511
28.0415
0.0487487
20.066
0.000961708
0.000959092
108.526
0.636598
0.000861449
114.848
114.066
0.000741736
80.5365
149.69
0.00119332
0.214613
0.000751274
33.7585
139.396
27.097
281.997
4.81563
0.00092488
28.3728
0.000746487
375.551
127.643
168.976
104.352
329.078
248.25
141.823
0.0142785
0.000745685
30.5918
25.7517
0.000723139
0.000738451
93.8302
37.6581
18.9532
63.91
0.000764377
27.119
0.000730821
367.253
0.00453259
224.794
36.5416
0.00105187
0.000761268
170.609
0.000817485
107.507
0.000830216
5.75627
305.262
0.000740987
0.782285
0.00168465
0.00167743
188.366
28.7268
0.0015955
178.595
90.4243
0.127982
0.00136367
38.3593
0.42666
18.7185
40.1967
79.9711
0.000776896
23.6811
147.199
372.441
201.719
0.0136127
8.80827
0.000746464
52.4498
112.31
0.259149
129.092
65.7087
17.3885
184.415
0.763211
0.0349212
0.00275577
173.134
0.000751234
0.0329648
0.000874535
0.00074675
0.000744039
9.14634
14.4262
250.342
299.728
213.235
268.147
0.000744297
0.00198222
231.031
29.7497
479.019
0.00073417
382.268
85.4346
306.101
42.298
99.8395
62.1992
423.999
0.397784
2.52117
0.200207
392.881
11.6118
0.00164489
0.000762982
267.567
324.213
248.849
142.582
0.00071952
63.6507
0.000740043
397.777
0.000869958
5.51692
163.359
0.000724548
1.06246
72.3308
25.9501
0.000760418
146.95
0.000740903
0.000769494
0.000729608
37.8766
0.000733922
0.0082667
23.4102
4.63816
519.694
0.00071018
27.9302
11.0406
0.000745582
3.08997
28.1422
394.531
4.66051
0.0710849
35.2938
11.2403
170.754
32.1598
0.385877
0.000713873
47.2473
0.077935
294.322
0.249074
0.000761872
52.3254
34.0641
125.575
75.6211
20.8998
53.1226
377.993
0.000745434
0.000799205
367.362
12.6795
0.000740064
0.000747476
222.326
289.237
144.218
0.00226911
68.5122
433.134
0.00119053
0.0124973
0.00139295
5.62931
8.12062
0.00570714
0.000734546
6.74883
0.000899329
29.6543
0.00378536
0.00076266
0.394446
4.76771
1.94446
0.00503181
0.00108147
0.262225
0.000927851
0.000727907
30.1372
0.821085
0.0209909
13.2487
72.3386
1.59486
161.522
0.000822634
5.84281
308.457
0.00103693
0.385365
509.602
0.00480695
4.06447
62.3483
0.108781
44.6499
93.8308
2.43143
242.296
422.629
0.000751047
14.3518
27.0491
142.246
0.000811734
0.000749653
3.4809
24.1425
0.000756207
0.00373577
17.1384
0.00115149
0.000757927
117.994
10.2072
19.7769
0.0755619
0.000760847
20.9485
75.8173
0.000757726
141.426
0.393305
4.0473
114.722
99.9874
1.99858
97.0693
0.000748432
2.55418
223.59
79.9032
264.044
105.478
0.000747588
27.4639
15.8445
0.000742415
0.000731438
2.23166
0.00383896
0.141158
7.43854
90.4606
0.0014337
140.076
238.638
0.00147898
95.9174
150.023
67.3553
296.388
147.899
7.52453
0.000801574
0.000747619
0.239744
156.021
0.0037884
390.866
0.806709
3.98324
0.000858255
47.4093
2.95676
0.00385042
0.000777022
0.00310391
0.00158746
257.399
0.00104991
183.7
4.23964
0.000725831
0.000827389
0.255869
0.268554
54.275
0.00506826
0.0272162
258.68
0.000771177
57.648
41.7358
2.19058
0.00075572
152.249
26.7324
0.00161717
18.1662
0.000763881
48.1774
0.00139593
0.00149261
0.000732559
72.5187
105.056
7.04929
50.5486
90.3193
0.00524195
0.00222123
70.8481
19.6039
313.81
0.00101884
118.006
174.109
134.55
204.264
0.201785
98.0944
132.993
0.022968
16.5919
243.225
125.902
65.8083
132.926
336.205
0.000744951
0.00665461
1.52324
0.000939358
79.4597
2.28102
101.898
0.000754652
54.1638
4.62842
69.3316
0.00073339
122.28
264.452
38.6987
88.047
0.000705258
26.8581
0.00164517
0.62746
0.000757464
0.000761427
422.231
0.988087
0.000804282
106.687
0.00497439
369.05
399.244
0.00670528
404.008
247.176
0.000775065
0.0011699
34.9491
38.4565
0.0061203
327.17
3.52717
295.954
0.000756539
77.508
73.4781
0.120143
1.4535
51.5445
0.000707408
57.9873
34.8851
268.432
46.0431
0.000758369
67.6818
4.71375
0.000764324
0.928397
0.00640567
0.00516936
0.000788341
1.22302
342.52
0.000781155
0.650902
17.9356
0.000736845
0.00399389
28.0429
0.000957745
72.439
0.000739689
257.875
27.6995
41.4042
26.8474
2.02938
0.0465565
367.752
3.67807
251.39
0.000743895
67.4379
21.2321
0.0412003
77.782
27.0838
97.8808
317.792
16.4251
11.6898
0.000756022
0.00158399
60.8762
10.0193
268.087
8.56873
0.00793095
0.0344671
0.0747298
0.168243
28.9135
32.6228
4.15734
0.000840128
292.831
83.4998
0.000814084
28.4197
0.00240628
63.3519
0.000759798
145.695
0.000748623
2.96762
4.04311
254.268
0.000832843
0.0812595
0.0720272
76.1783
21.8624
0.00174438
0.00151705
0.000747426
0.00363563
0.000838158
175.42
230.372
0.000730087
0.000748207
99.4435
0.000808339
94.8534
109.744
4.46857
0.000757497
70.5988
77.1442
174.045
41.794
17.4525
35.6802
0.00104726
0.000731809
154.414
0.00573385
0.000741331
0.000744053
69.4919
0.000790838
355.097
0.000746374
13.6087
168.124
12.4537
27.358
349.016
0.00073334
4.68573
145.051
39.3579
214.611
0.000765289
0.00102415
0.0699886
385.574
187.241
0.000768818
0.00155446
0.0428447
27.4607
362.953
28.5918
0.000785713
9.9513
215.17
0.0722096
0.000747023
0.0239176
232.914
5.32005
28.686
5.35712
0.000725994
11.8137
0.00496137
33.0889
0.000746023
0.000863831
346.941
90.1011
394.043
80.5814
83.9882
75.5674
78.2553
296.675
217.975
76.3557
0.000870512
24.3871
95.9502
0.0110024
0.000756251
0.00119703
0.797635
0.000840215
155.91
75.7374
244.594
0.0761624
43.5406
0.00807107
189.075
105.748
0.00405861
1.37258
58.8304
0.000854674
290.448
4.68795
0.000748599
47.1603
0.000758585
0.000806917
0.00151763
12.4782
4.85859
12.5444
0.000727779
8.46564
29.9762
56.26
0.00362341
23.9141
0.000760041
92.2739
1.16525
0.000704038
0.00174163
60.6752
0.00250575
126.165
0.003257
8.70672
0.000891591
0.00159728
1.145
134.445
61.0011
0.000738553
0.000796616
0.000884726
0.000825885
0.000739067
81.8995
0.223559
27.7128
164.379
0.000717066
53.7353
0.000751845
29.6817
34.789
189.322
327.032
0.0732402
24.1013
0.102062
0.000754834
0.584173
155.75
3.11606
0.00448022
0.185634
2.61479
0.000759777
273.177
0.0540333
0.000703905
0.0260381
148.284
25.3249
34.3204
60.9732
235.222
0.643903
36.4327
0.0210596
128.395
3.0305
0.00130526
0.000790194
22.4849
0.000931953
25.7003
42.8783
57.0638
82.656
315.042
0.000737928
41.6962
0.00648317
0.000955407
170.982
347.16
0.0185502
130.892
250.709
136.134
0.000921337
0.00101004
0.00362566
0.000743949
26.0205
116.305
0.000740988
0.000760228
0.9133
0.000814377
35.1678
0.01401
43.9327
0.000757878
42.0738
0.0401964
27.827
0.000749268
0.00236205
247.651
10.8605
271.105
36.3052
27.8813
0.0354715
192.025
185.58
0.000744554
0.00158876
0.000750798
266.705
0.0838662
2.52638
0.00414614
361.121
3.43066
0.00189235
0.00501254
4.50738
0.000750238
5.81805
0.00104436
358.023
382.707
0.000985158
35.8998
0.000712987
69.4645
0.035802
233.61
33.6702
0.0171503
426.663
230.161
0.000746587
334.169
166.304
0.00235271
0.0100841
118.38
32.8474
151.369
0.381645
128.228
18.1434
121.223
180.38
8.88494
0.000745762
5.78807
0.00116579
0.898178
62.9156
113.372
91.348
219.89
215.581
68.1238
0.00102015
3.25998
0.0235228
0.00217517
11.0077
0.076192
70.1609
0.000764513
317.726
0.050028
170.11
254.343
22.4594
156.642
28.4656
0.000846085
68.1237
44.4149
129.218
152.059
0.00247773
4.46216
0.00122545
127.741
0.493935
28.1606
0.000743755
82.7946
413.829
199.44
0.000927123
0.00109909
0.00081453
0.0789916
0.102862
81.183
101.845
0.40203
124.016
0.108693
66.7335
0.000740387
0.0421652
0.703933
319.747
390.478
264.91
1.9365
0.529298
0.000748948
62.0562
3.559
28.662
343.912
30.6419
333.744
291.127
0.000721051
3.4495
0.000938034
0.00788359
0.0771712
0.00230243
0.000829063
0.832531
0.00284387
104.723
46.2016
10.3362
0.00348103
28.211
137.74
0.00106088
0.00169291
220.22
0.10844
0.000730171
28.4845
207.769
28.1521
2.90993
0.00220661
0.537961
239.911
0.0121906
52.5375
43.6442
82.0436
85.1577
52.1272
0.000734975
0.248899
158.786
0.456643
0.879536
0.0016031
8.1046
0.0351827
14.6104
0.000760226
0.000793323
6.69997
0.0801476
331.932
0.0036938
335.943
53.6254
0.470015
218.57
0.00339773
155.461
237.236
194.231
0.00072266
49.5603
0.000810852
0.000742877
0.00212802
0.000717015
31.553
0.000789331
84.1837
0.00150857
39.717
3.65583
0.000739316
5.1077
0.000725477
45.0541
0.00072466
0.478317
184.105
27.8417
0.000744853
404.114
13.6862
61.9761
151.012
10.921
65.3525
0.00200523
80.2047
0.186055
28.6623
160.429
28.268
0.000893784
0.000881361
0.00122259
67.8289
7.89836
0.286742
0.000827257
0.000992326
0.00076092
95.953
0.27704
0.000722123
385.61
0.000742596
88.249
95.5011
4.75684
0.000741177
53.6224
117.494
138.52
28.3767
58.1228
0.000730168
85.2636
23.3726
153.522
0.00136644
1.42173
64.2979
15.2668
0.046683
184.421
8.57105
329.388
115.953
41.974
8.12898
0.00081473
0.00070596
1.51892
0.488759
135.865
1.11282
140.952
51.6376
0.000959875
0.072883
0.000855921
76.7498
346.623
0.737966
0.000742109
0.000745575
153.557
33.2007
43.8035
362.375
0.000735616
255.263
0.00163312
0.000994905
425.765
390.387
0.000746321
22.5534
95.247
65.8252
0.00230111
0.00152737
7.8612
0.000703449
275.291
36.1421
43.9013
0.000752675
0.000751568
49.2208
15.7779
247.782
0.000753392
32.9709
200.377
0.0314907
0.00238785
34.7098
67.6549
341.4
171.815
23.0847
1.11073
108.151
0.00111563
164.92
107.427
25.4803
0.041094
86.3538
0.00374616
0.000737629
392.572
6.04813
0.000730819
104.235
42.6147
0.000735084
0.298861
326.927
0.00456325
31.813
0.000762857
0.000907695
41.4295
0.00828871
2.87322
0.321571
0.000716918
141.322
15.8563
10.2948
47.0677
32.3029
4.18438
35.1743
13.1901
0.000733764
0.000763267
16.6946
16.4357
0.612105
59.671
89.3125
17.7182
0.00354393
0.000905784
0.000786692
0.000763618
44.4201
6.69569
327.078
42.6003
285.657
4.59388
163.397
5.59714
0.000792111
0.00101866
49.4284
8.08152
50.1208
99.2379
195.458
0.0129596
0.000757985
111.376
18.0203
9.20678
0.00342393
230.928
103.154
50.2217
0.00805839
0.000770975
0.00199448
34.5827
335.389
0.00259657
338.407
0.0466127
316.164
0.540183
0.00564492
0.000762592
0.056225
92.157
0.0842185
5.80016
0.048784
207.955
0.000728643
54.7894
2.93322
0.000743983
0.000745486
69.9088
164.638
21.4104
334.79
30.6443
108.282
29.5672
0.000996872
9.27636
0.000757478
0.000726816
0.00195452
110.906
37.1083
209.619
0.0459069
112.275
15.2855
91.9519
32.5926
76.2847
0.00123561
30.8917
407.758
55.5161
0.00211428
194.809
0.0013982
0.0385557
23.6172
311.625
108.818
105.131
0.00435556
274.777
0.00101967
155.946
45.8533
113.521
0.000720592
47.6515
101.984
0.0123355
27.6585
37.189
298.09
11.476
0.000864986
242.076
10.2313
0.000792778
0.000743155
371.787
1.09941
56.0087
0.000698017
0.112749
252.581
377.296
29.4519
0.000894554
106.188
111.285
51.9648
0.000736524
0.197301
3.25634
267.781
256.561
37.2125
117.244
0.000850969
11.6468
8.25825
32.9516
0.000762637
0.0665195
58.1922
0.000736319
57.4651
330.603
77.4624
0.000715186
0.000717164
13.6196
28.0438
276.229
27.7731
13.011
0.000741283
0.00130133
0.0015483
192.956
80.345
16.2144
24.1568
392.725
36.4849
130.179
318.552
0.000741481
0.966859
46.4832
35.7033
178.217
11.2138
74.5358
257.607
143.35
76.1662
0.000752164
419.043
115.366
47.2524
243.913
382.424
29.2207
0.000960128
23.8878
403.211
55.083
435.174
76.4428
114.817
236.194
62.0104
257.67
118.004
180.035
203.314
71.6469
0.000748441
91.2872
0.10097
0.597929
0.000798439
322.407
296.006
0.000885861
5.29412
49.8582
73.587
0.0055586
0.000734627
436.145
113.259
0.000765309
96.1902
0.000729419
8.43721
1.45459
291.942
54.4985
92.8794
0.000747696
303.674
101.464
0.00127657
0.000723406
64.2857
17.15
17.1224
6.82799
39.509
31.6454
100.291
1.53296
0.227493
0.000751745
0.00076857
197.341
25.6914
36.1128
39.5203
2.64468
0.000750198
0.000736158
259.947
23.9862
2.4076
0.00129062
0.000818918
323.811
35.1195
94.5107
0.000703159
35.4088
2.19473
113.354
53.2932
46.5141
0.0018491
0.00099914
0.000949951
0.000769051
145.065
0.000750095
41.1462
111.868
9.85767
0.0473227
16.181
0.00216699
38.8599
6.63645
0.00886663
0.000996234
26.9103
21.2335
0.000760466
97.9275
0.00189366
50.0555
0.358433
0.000908055
432.067
0.00161078
47.2651
0.000706783
0.000979171
238.049
37.2897
2.64199
0.0347149
0.000754163
7.36399
0.00072968
49.8446
0.00100059
0.00211487
0.000735652
0.028663
93.7203
123.453
27.2397
119.849
357.599
12.1545
3.50966
214.022
0.00169346
178.161
9.74304
0.00178388
0.0450974
0.00100043
28.4175
27.8607
40.6256
1.56812
0.146065
3.28821
0.000969854
310.442
69.3635
113.469
45.3395
0.000739179
23.1122
1.15075
66.8293
54.0636
15.4628
30.32
0.000746254
300.193
2.70594
199.971
92.5454
176.078
132.977
0.28953
2.48227
5.10798
0.528248
0.00122799
409.821
0.276444
0.00318263
378.951
6.58549
72.8258
227.388
110.476
226.044
63.8614
5.0452
0.000685505
0.0162038
0.0007134
49.8745
182.167
27.906
0.0199776
0.0133929
0.000748253
71.9859
28.4019
0.352075
0.000749895
27.235
0.000830994
0.00262147
52.25
237.003
30.2315
0.378194
244.062
0.000971881
313.34
23.1583
20.939
0.000754067
18.667
10.5305
181.073
53.2969
263.684
92.2494
397.873
0.00720943
0.0507202
33.9847
18.4708
0.000742201
59.6311
0.000736313
0.000720793
309.191
0.000772883
50.3996
62.2701
0.000814673
0.00104856
40.7849
64.2247
227.224
307.756
0.00115046
0.000712655
0.000730686
49.0976
426.983
1.76361
0.000733347
0.00282465
52.5452
10.0792
19.2666
0.000759503
34.8475
33.7034
61.856
242.741
367.397
46.8012
0.00070786
4.50039
0.000932813
45.2391
342.195
0.000820013
0.0046477
2.77084
0.000933857
0.00266331
0.0555521
44.8269
119.026
0.000911786
116.911
188.424
0.00386124
8.42502
0.317692
57.3697
0.670989
52.7816
0.000760609
180.168
0.00101032
4.43253
85.979
0.00102211
0.000823472
0.0178455
0.0687451
56.3133
32.4138
314.023
62.1104
0.251639
0.000754641
157.933
77.2807
214.303
85.0703
0.0012816
0.000783774
37.4232
18.3963
1.95799
26.631
186.799
20.4089
24.5049
125.861
0.056389
2.25269
35.1258
0.00380507
0.018435
8.3236
0.000768977
113.618
0.00107764
15.0398
24.9224
0.087356
0.000894324
0.000916647
123.298
3.61456
57.7675
0.000747605
0.00124505
54.5948
28.0118
0.00217012
0.0577412
116.379
27.8302
405.416
71.3616
0.0141657
177.061
0.000752306
0.000850552
0.00083236
100.122
0.000751463
0.000756213
0.00073963
29.8115
0.63837
0.000753252
63.6541
0.000740476
71.0165
0.00102391
64.904
0.000728486
0.0256996
490.642
5.29585
225.028
27.1855
17.1961
0.000740433
124.379
59.8249
14.0313
323.079
0.000780954
164.489
0.000743921
0.019821
0.0208817
0.0196002
2.86243
376.378
0.000745407
1.55399
0.183531
183.243
0.000751631
1.07627
0.000738014
0.0202598
83.5623
70.6956
0.0735459
111.542
0.111414
0.000758045
246.352
0.138555
35.7603
126.849
0.021462
378.236
32.6779
18.1946
56.167
18.814
0.000720511
0.000756111
35.5157
0.00074752
164.212
38.3861
0.000909615
120.503
0.000749878
28.4591
0.00921701
0.000711211
0.000780212
94.5843
1.95532
0.000794197
0.00276452
197.988
316.711
0.000746787
5.16446
184.538
0.000748878
0.00144879
0.000839686
69.3093
52.3526
0.000785204
83.6126
0.000720486
58.2393
11.3442
3.15365
0.000747351
123.682
15.3895
58.6461
0.00248436
0.000747907
27.68
0.0655735
1.3549
0.000740714
0.0975208
0.000746301
0.230364
30.9674
0.0533685
57.5204
0.000746957
51.3857
24.7482
101.817
180.899
0.000691399
20.2503
145.699
58.9665
0.0365719
0.0082134
0.416773
14.5584
0.000735737
0.080322
226.319
200.965
0.0211154
116.978
0.0198693
0.000949891
109.355
365.444
19.1333
130.54
0.000762047
50.2259
0.0940635
0.55546
115.514
0.000838229
163.635
0.393161
199.202
0.000743308
212.059
0.000764103
100.243
0.0037723
10.1129
179.897
0.00145257
8.27274
0.000747422
0.000794665
17.7953
8.59901
48.7647
0.000879043
0.000734753
0.000743104
357.503
127.667
0.000742281
0.000731637
0.000758605
234.954
54.8289
48.566
328.713
137.791
218.187
210.936
15.4694
130.622
0.000721688
48.7742
41.9949
61.3053
0.000820391
121.971
32.2392
325.466
173.082
163.874
0.950319
29.6389
0.941149
74.0558
0.000866828
0.00136194
380.728
0.000714885
0.000738594
361.644
0.00208307
190.819
0.000744498
0.00180485
128.05
28.6974
0.00127684
54.237
0.000740825
15.2691
109.793
21.1517
309.717
27.9239
60.5856
0.529013
6.79335
0.919124
0.000721064
361.407
0.000841858
0.000829855
0.000732063
45.4106
368.104
0.000766701
73.5388
104.545
0.00123788
0.0205158
0.000891796
205.471
305.343
0.00291203
0.233431
0.435841
0.0012593
26.0047
40.7049
6.67094
0.000760866
0.000873934
6.38019
0.00291087
0.000745476
1.25686
239.186
46.3428
0.00920352
130.448
0.0820722
0.0017029
0.0007457
0.0802077
1.41879
72.9061
366.025
66.275
54.0499
129.162
0.000820636
0.00124184
0.00073494
0.177351
0.0118741
33.352
241.56
0.000757851
30.3929
113.154
53.8848
0.334431
225.855
0.00140061
0.000735625
98.9509
0.000842017
0.00103542
430.11
1.14792
0.00136294
0.00489782
0.0011875
34.9894
0.00392233
0.383131
20.5154
502.109
0.162299
53.4777
11.5059
0.106731
0.00072575
0.000724428
0.000880132
28.3381
0.000970261
212.852
0.0187865
37.3484
20.5601
0.000689557
26.5005
169.773
22.8305
31.6467
2.92496
28.334
6.57107
227.046
0.00100624
14.459
5.45052
119.24
17.228
1.16989
0.148664
32.8673
226.825
391.589
419.52
0.000732604
62.2612
442.997
177.532
0.000702016
202.979
380.743
210.887
103.67
29.3375
45.2161
0.00126374
7.44538
0.000761799
30.2083
0.000758606
75.2563
246.074
0.00244185
126.738
190.717
394.445
0.000745624
2.13057
30.1623
53.2655
34.6071
202.683
198.883
6.51002
0.000797655
7.39756
0.00127075
0.000717276
1.5752
0.00383316
0.00114842
0.409728
227.994
28.6558
0.000763686
0.0962332
71.2253
158.012
0.000770347
0.000760842
38.6616
0.618902
0.000744411
0.0012141
8.13166
335.244
1.25577
0.0273793
0.205202
0.00075839
389.708
1.39632
258.123
0.000764443
0.000771016
0.000884794
24.6587
191.023
146.316
23.1747
0.0196261
418.38
132.563
0.018084
0.000757118
2.73864
366.889
24.3517
318.751
140.801
0.000852807
39.7962
9.58011
29.2285
37.4963
20.3776
0.00117685
154.684
0.000752895
30.8458
0.000715336
0.146078
229.681
0.000736407
0.387852
249.713
0.000794501
46.8437
70.178
37.6568
0.810263
99.4155
231.919
0.000986967
53.5349
0.000748603
61.5457
0.000754872
305.194
6.89717
4.49119
19.8745
0.000744648
142.938
0.239093
244.118
0.00181517
3.40892
6.29826
186.919
279.242
0.000760288
0.074478
102.666
0.650605
0.00116946
58.7726
1.12894
82.7745
0.000925372
361.158
12.6572
0.045299
15.0469
82.0099
58.4542
7.30095
0.308165
30.8597
2.22887
0.0170427
0.000723842
0.0916428
16.6217
0.109394
0.000746747
70.2844
395.578
6.68444
0.0127219
0.000744342
31.9426
32.5652
28.009
0.147334
1.3431
236.351
0.0113777
0.798699
27.804
505.367
100.995
245.528
0.000742587
153.961
0.000880543
165.593
40.5836
429.912
325.656
18.4495
0.00215328
0.000770601
79.0246
28.3192
49.9447
0.00169857
0.000751493
0.134499
290.524
0.000750068
11.9845
6.12098
0.0859271
0.000775417
366.481
27.675
227.083
0.565929
332.755
27.921
45.7417
0.000736804
0.746034
124.543
35.0958
0.446795
0.0490278
31.0902
0.000749472
476.246
37.9226
0.00257861
0.00114859
244.358
102.099
38.212
263.871
65.249
324.666
0.0335822
168.54
270.137
1.52443
0.0725753
82.9482
0.00199476
128.138
72.7621
1.84366
0.00387182
0.000795451
381.882
99.3982
327.865
0.000747287
32.8601
169.329
16.7615
69.1992
0.000770828
0.000840578
174.273
43.5635
0.000963676
0.0031228
22.3938
97.784
195.568
132.979
48.9821
0.000746696
36.0081
0.433599
424.556
55.6644
33.0443
3.05322
380.16
0.000967917
0.000849606
220.538
2.56998
0.000802402
1.30903
129.397
4.44918
87.5359
0.00357087
0.000935129
54.5434
22.8595
75.4443
0.00315179
201.954
0.000736281
45.8754
0.000831611
0.0120237
282.294
0.000772788
0.00308831
64.0113
0.000773868
0.000793427
0.000690869
0.000738947
70.0433
340.828
0.00112946
5.05622
10.0316
1.66966
43.8728
0.00105841
0.000783365
0.0017868
143.583
146.097
171.19
0.00841832
0.0066852
0.00147039
205.113
2.19206
48.2204
4.7181
0.000801038
289.728
20.4131
0.00116774
79.5469
93.2166
0.000742022
6.50397
0.0185229
0.000758172
380.509
0.212472
0.2586
5.47207
0.00076494
0.0017339
93.1998
43.7747
0.000784926
0.000756373
440.562
0.000858715
0.000746415
0.000722063
0.000770617
173.814
0.569184
39.3529
2.4042
167.894
33.161
58.615
325.748
0.109658
48.3532
0.388475
70.8079
28.6378
69.6757
27.903
4.3994
40.2681
0.000737475
0.000935543
0.169726
0.000769749
0.499773
0.473573
0.000753655
97.1179
0.0319242
5.25973
271.745
108.788
0.000706025
0.0301503
75.024
0.200087
0.00980956
0.000756859
191.611
1.64138
56.0209
39.2618
0.108979
41.3522
0.0246628
28.5737
86.4606
0.000741331
0.454392
44.7045
0.0405269
31.5506
37.7723
433.521
86.8557
181.127
0.000742749
0.000762288
0.000743845
190.593
10.3337
10.5875
0.000743927
0.00113216
72.9845
1.00818
0.000886843
128.155
76.8062
0.00123311
0.133473
135.566
0.000783132
0.0780451
0.000744696
72.889
0.00171817
0.000743461
239.582
23.9197
0.000717274
5.8766
0.227407
0.000733946
0.264264
2.88982
0.000887602
0.217729
84.8832
0.0667644
0.000746861
0.00075755
11.0216
0.00102363
224.248
0.00116429
180.243
0.000719496
198.447
53.5257
0.0846463
63.68
266.028
245.266
172.287
115.879
2.24833
0.000739165
0.000753403
0.000737323
3.34514
90.0488
352.732
0.00070432
0.00244765
0.59577
0.000756481
119.929
1.36257
0.00082176
391.104
14.7067
15.5463
26.0503
6.39587
7.64971
0.740142
108.521
63.6467
6.00473
0.000777979
0.000751766
0.568617
0.000748503
30.5148
170.731
130.231
239.712
0.000729435
91.5041
0.00101305
393.368
261.43
24.4319
84.5055
0.0246749
6.38215
0.479144
18.5266
4.69598
3.25967
208.206
101.503
161.584
0.00166253
390.721
0.0730689
0.000964668
0.00845825
0.00306716
0.40619
2.28887
140.747
225.995
13.7231
0.00117034
88.8566
402.098
429.482
0.00101353
0.0022481
0.000770763
158.488
30.3087
1.65535
71.6122
0.399837
30.7317
173.07
6.55035
242.925
0.00123346
0.00108482
281.599
0.000711677
217.637
95.6485
24.1558
75.1087
114.919
93.3784
341.447
73.9613
420.519
0.00122178
0.000745901
0.000716276
0.00418
222.374
6.25315
15.6459
148.256
0.0408203
0.000701933
0.000771387
0.00083353
0.00112888
166.753
0.000800024
0.0475733
114.903
0.000720941
0.506604
130.341
24.9609
428.165
173.982
97.3776
484.662
3.5373
299.231
33.8744
418.687
389.382
51.7128
107.549
2.44975
80.3436
161.222
0.000753729
0.000752085
160.796
28.7998
44.5429
0.0841365
0.000741251
0.00075479
30.1421
32.6809
0.0283709
0.288373
0.182713
0.000846885
0.0203411
0.000746719
0.000748011
128.491
191.159
152.754
0.00080261
0.00106316
0.000806051
152.816
154.795
0.000758452
0.041862
230.919
0.00074615
0.000743321
0.216934
7.93317
1.89815
46.3879
0.000730217
0.221886
0.000727982
0.00284507
0.270084
2.25083
0.000761297
0.0467203
0.000976696
0.414086
0.000750484
0.000712034
0.0471504
59.2077
168.764
16.5681
57.457
77.6183
48.5898
26.1538
23.4015
214.662
6.78208
0.00117478
0.00117628
167.077
31.0502
1.80845
0.003947
0.0944212
251.879
3.30014
84.6205
0.000753449
12.0812
0.0165004
0.000848055
160.156
0.00136893
4.58137
221.644
182.335
59.1735
37.4479
428.637
57.1377
72.4773
50.1665
112.299
22.8103
3.95811
0.000975547
0.00301889
110.058
2.81038
0.0911299
25.9692
0.000701342
221.896
0.000754605
207.774
3.61316
420.984
142.891
0.000739336
136.056
6.88014
28.8387
0.000945998
63.0385
0.105744
84.7961
0.000724212
0.000732879
206.82
0.102905
54.8908
83.2095
34.4791
6.66529
0.00158711
0.00070258
29.4854
1.28024
19.8987
0.000753497
153.636
0.00153025
0.00403005
0.000950707
65.6855
217.95
0.00532623
50.9079
0.0596778
1.88823
439.701
0.515513
0.00171737
9.58038
221.86
25.7094
0.000758498
403.596
128.261
37.6944
0.000765376
2.1869
0.000903132
10.3324
26.8384
0.0551623
0.000951531
0.867552
372.286
1.27958
1.59748
0.0265063
132.571
0.000854108
257.386
95.2904
41.9586
230.44
2.71183
26.1287
83.4651
32.7478
0.00107087
0.000797648
0.00113783
79.5743
0.000966021
0.00073389
135.732
0.000763306
0.000780528
75.7117
165.121
65.4402
385.208
64.3353
0.00125182
73.7941
184.117
0.000732112
66.444
6.88249
0.00144028
1.08046
311.72
102.147
141.027
27.9004
0.000700034
48.6255
122.857
46.865
164.674
188.232
7.70421
27.9363
147.664
0.000781173
127.358
27.4229
32.7878
61.6204
0.00270149
243.644
38.7751
0.290926
0.00107696
381.381
81.5915
89.0999
0.231054
0.000852932
335.22
245.296
6.21803
104.943
120.681
297.267
22.8124
0.00181523
447.199
59.0206
4.02008
0.000966958
0.000740353
435.051
6.68554
17.2217
260.888
0.00141198
530.21
402.649
214.187
0.000723432
0.000753859
8.13746
142.332
1.9584
31.0548
25.9167
0.0015364
0.000783812
4.70247
260.888
58.8366
146.621
60.04
19.6486
0.000725088
5.08421
199.9
1.26639
64.2528
0.000744693
0.00072783
0.000814429
125.805
277.379
295.79
52.8338
359.663
0.00575534
147.022
46.9664
126.534
101.864
0.0871872
429.035
0.00073436
163.864
166.848
59.7035
0.0064721
0.00114335
245.026
0.0421025
1.27118
0.000737654
368.852
0.000750393
162.074
18.5588
3.62757
2.2885
0.0726017
1.95288
0.000752491
0.00102529
0.0637555
0.000781955
70.8228
0.000763446
30.6901
143.01
125.814
126.354
0.000773112
225.104
0.094544
1.28304
0.0029025
97.4699
0.20178
135.768
33.2958
0.000715474
41.6951
0.000762626
23.6456
0.0352477
343.004
65.4509
12.0238
64.3242
238.206
1.01779
261.928
6.85755
0.0012127
0.000738266
326.139
53.2287
25.8567
61.5887
127.422
278.067
97.3388
0.000723855
32.0088
246.261
0.184951
0.00218111
101.472
271.939
78.8506
161.535
405.244
83.7117
1.48414
0.00102714
0.000731548
27.6938
0.169646
187.091
0.033967
56.4098
36.8856
0.000745422
0.000878701
25.4133
60.5485
247.522
0.000904374
0.0933304
377.553
0.000752482
23.5727
50.8742
0.0799911
387.248
138.87
0.000746447
52.4613
411.439
0.000742692
0.0111696
0.335822
0.00102044
0.400606
0.000818216
0.00072205
0.146717
89.1574
131.99
433.45
10.0473
57.1923
0.185689
0.000948945
24.4154
415.26
245.18
0.00410835
0.0665188
96.7001
181.375
0.00074827
85.6547
74.5267
0.00100729
347.895
0.265115
366.119
11.7869
0.000827178
0.694247
66.9935
0.00100875
0.000754063
0.000739863
318.418
0.251099
0.000706822
19.3181
11.7577
39.7448
88.5723
104.669
55.5553
6.49456
0.271913
355.518
159.043
0.000755405
132.638
0.0659727
20.244
134.091
17.7077
6.40025
364.445
0.00109345
0.657782
6.26683
1.22172
195.624
0.00079487
36.0298
116.82
0.000711085
0.000739394
27.8305
3.00084
0.0579666
0.000755939
310.416
0.000725234
0.000810343
134.888
0.00515309
56.5497
98.8357
97.3491
230.974
7.21988
0.0052814
0.000738443
0.00212265
0.000728719
51.4962
25.9138
62.2041
37.1633
0.000819003
152.497
405.832
0.00120885
429.139
118.998
15.3324
0.000784773
274.755
91.0975
0.00118831
85.9107
181.726
2.01308
91.6999
1.6633
0.00075216
295.03
0.000751207
2.68504
0.0007466
121.727
378.23
1.16889
0.0008199
42.5378
0.000916559
0.00213634
0.000760086
1.18617
165.309
34.5369
194.681
0.968654
45.2227
0.000765154
0.000693608
0.00269288
0.00462388
0.000870772
94.2451
0.000714002
56.676
543.581
0.000754006
27.8495
0.196877
50.9145
109.95
0.000771574
0.000747498
117.268
0.00074857
0.0257069
21.4026
136.504
84.2289
0.00261817
139.449
0.242105
0.000775586
27.8464
8.03
21.231
46.2485
9.26658
0.0281806
5.27638
12.2787
303.574
41.2876
0.000759228
0.00801794
9.42407
32.4343
160.736
158.056
0.485575
371.001
57.7891
0.0302367
134.381
87.8261
129.976
232.009
0.000696734
27.8431
0.000963807
0.0119459
48.4909
0.000734383
0.446843
0.00379654
43.2526
192.605
0.0174098
23.1362
0.000754236
130.324
0.000730566
0.00115424
9.04494
14.7809
0.000713085
36.0746
0.00119148
0.000756291
0.0376523
0.000732342
0.000746409
23.8359
301.789
5.72191
70.6115
262.531
272.569
0.000697888
62.354
0.000749811
0.0152879
55.3472
72.8733
116.876
0.356012
4.10223
10.9086
136.479
0.131287
131.809
371.817
131.754
0.000770599
0.00082174
10.1963
410.345
351.378
0.00195237
59.568
0.00507216
0.0181901
0.000713415
206.071
1.68375
0.000754258
28.2697
0.000683651
0.144925
0.000821663
0.00110109
0.00107527
205.29
57.604
100.653
19.5123
271.027
189.598
267.585
1.27677
206.158
29.0042
5.44003
0.0844409
0.000775082
27.7415
66.026
46.1963
40.5062
0.000750147
421.777
5.05788
2.75332
72.5483
9.45962
21.5116
0.000742168
0.898751
245.266
292.931
0.000767641
50.9821
193.899
0.0115729
0.000782956
428.464
211.715
243.29
0.00073525
1.83319
0.00980731
0.000723725
84.1233
290.677
222.419
1.62708
34.0152
9.53523
33.7678
32.8114
146.231
0.0417644
52.3792
111.326
42.3259
0.00209969
0.00736272
0.239571
61.3164
242.224
70.4931
35.3314
38.816
81.1826
0.00128125
0.00341101
0.000697763
0.000770725
319.562
0.000791548
55.7912
0.000780216
0.000937843
28.6336
2.07225
87.2007
429.288
53.4168
0.264681
0.000757756
16.9058
8.96598
0.000727187
11.72
466.513
7.13012
36.5913
16.5519
66.396
32.4259
0.000744902
305.502
0.0010755
18.0828
0.829122
188.873
0.000755935
86.9605
221.076
0.658297
12.3747
383.017
104.923
0.000947094
0.0173635
221.084
0.000814513
60.6696
0.00118115
0.00093683
24.6391
11.865
0.127167
120.842
0.692261
6.50456
236.271
77.265
0.000720212
139.894
87.8971
0.000725469
5.64259
103.133
168.54
197.307
0.00312602
36.3866
53.3081
133.908
0.0188609
0.000733452
0.00289064
0.566167
0.589486
0.00075983
0.000756
0.00182783
1.24688
0.156078
0.00599739
131.392
102.612
0.00075475
117.817
125.202
5.14105
96.062
52.6343
254.838
0.000724841
63.7893
0.00287501
209.249
28.1318
97.5195
19.2214
0.00229361
62.9503
37.1614
95.1881
346.449
385.648
0.402172
61.3069
0.00114998
0.000737791
0.00116759
24.3472
0.000828884
45.2931
0.0428956
1.5922
0.000754244
46.6082
163.989
355.532
151.656
240.483
0.00100668
29.9534
149.666
9.26001
129.891
0.000848318
245.489
0.00119351
0.00100714
279.289
0.0030213
73.3358
0.00169052
59.5579
0.000752553
0.000699054
30.7092
0.00112554
0.000735942
375.619
95.2043
0.0120697
56.3449
28.7657
0.00152588
0.000908498
230.362
2.51962
0.000747619
13.0013
0.00331538
54.6523
0.00173073
1.00249
128.37
198.831
0.000897182
198.964
0.002239
0.00074578
0.00224582
227.595
207.648
29.0875
0.000859782
442.409
34.7301
0.000747608
0.000810388
52.1522
300.935
199.337
116.753
0.000772514
0.000775926
122.447
0.00112564
0.000813198
0.000747673
138.48
0.000994068
1.19745
114.484
53.5436
54.8299
114.486
95.3318
0.000818447
1.26764
171.519
0.000761337
6.73685
10.9902
70.6002
211.772
0.000745481
156.017
2.82603
0.000744621
0.00081121
54.3268
344.936
53.3915
0.000750543
186.117
0.0250308
132.456
37.3236
0.0121044
60.2131
0.000754793
101.297
180.527
0.000745075
62.5822
201.388
220.379
0.230409
23.8617
353.309
0.00656551
0.000999365
209.195
0.000763192
33.7411
0.00143155
0.00969233
0.00274072
5.65766
31.87
29.665
0.00130479
259.574
11.7181
29.5293
0.000741679
22.4921
5.08411
47.5724
0.79455
0.000760477
147.839
62.8143
27.2364
14.0781
222.934
61.0707
0.00120642
344.519
26.3029
246.098
155.515
39.33
139.948
6.40703
146.7
207.713
9.9691
63.6883
0.00755927
0.000757939
34.1569
0.786214
0.000770939
45.5492
30.777
0.000740751
225.334
11.5301
0.000778232
111.258
0.000706328
0.03489
35.0432
0.000888412
0.000767565
173.283
80.9441
37.2162
11.0782
141.954
551.718
54.604
32.8659
121.264
20.0845
214.597
0.154369
219.475
426.085
403.855
113.433
0.000995255
47.3349
88.5522
0.00112408
43.1625
3.09929
0.000748439
0.00108002
433.771
155.296
198.403
74.9064
0.393752
0.0113389
55.7537
0.00178181
196.485
354.724
0.000775247
0.00116637
174.965
0.00146764
0.000724286
156.748
4.08871
0.00212041
0.00075136
0.018928
0.00116501
147.885
0.00137587
1.38751
361.717
0.00658429
34.6995
0.000753095
151.028
63.0937
1.86588
54.41
0.00652262
0.134048
0.000752962
55.6935
48.0336
0.011898
416.51
209.832
409.196
0.000711266
14.7413
0.000747272
160.047
0.000763241
0.000748503
384.466
49.9788
32.5882
0.0672207
427.918
0.00167782
522.49
0.00181117
109.911
5.43734
27.5448
30.22
41.6169
0.000738942
0.00174974
0.000756514
0.00224502
0.00455738
0.0125464
0.000730275
158.504
108.103
200.403
0.00301673
0.0183551
7.19491
291.412
2.61211
18.9929
0.00103858
55.1523
0.000744924
348.214
0.000740217
0.000935444
18.444
0.000754422
0.0301516
0.000779468
394.947
0.13753
29.5354
176.289
232.393
29.0219
0.00072912
0.0593073
2.75787
202.26
16.1708
136.859
42.4314
0.000739525
55.2253
3.47811
207.355
0.000756179
57.2437
28.4059
24.8395
0.00223601
0.000714912
12.6315
0.000706352
0.00486832
311.446
164.316
0.182408
33.8216
392.543
62.7004
4.38762
6.3149
0.000755227
99.3405
31.5782
0.000746179
304.452
272.3
12.5249
3.41471
0.00208396
91.6813
276.582
0.058273
0.00599654
203.105
58.7425
413.883
1.29409
2.73516
41.2756
31.3406
13.1025
109.884
117.129
68.9523
0.0219709
65.3881
123.79
32.7149
0.00768055
22.0352
0.000774947
41.1868
50.7326
0.250012
124.917
33.8836
0.000745876
0.000745806
0.000896326
0.000738292
225.118
11.4156
20.4292
65.8678
159.538
136.787
168.477
0.269641
0.00128369
0.0176842
187.981
120.017
142.668
0.0484985
0.013675
3.54729
193.778
0.0434893
267.059
0.000835616
78.377
359.822
20.2685
33.651
0.000745144
0.000730387
0.0273674
1.04417
1.70826
76.7815
152.998
19.9742
0.000728797
0.000741895
455.062
0.000763638
1.303
261.154
0.000723011
222.526
90.6277
235.93
88.864
3.06783
212.687
7.76919
0.00799139
342.578
4.27483
46.5026
34.472
158.431
0.00116548
181.531
0.00075258
13.1952
0.000757742
203.575
77.1464
0.0011289
0.667989
281.52
0.00144362
0.000932782
98.1442
113.965
0.00095292
49.7964
56.1361
84.2465
0.0886988
3.7813
202.634
152.603
69.3302
0.00106873
9.14939
0.186494
1.20071
2.63663
50.9627
196.393
0.244113
0.000719911
0.000761633
116.338
60.6537
175.219
148.702
226.478
311.677
0.00790992
96.2842
90.4911
179.537
78.9928
15.8895
57.3084
64.0506
60.1145
19.5092
0.00075115
0.00216416
0.00119112
261.6
0.000749227
230.718
40.9271
95.1614
112.319
246.834
0.000968086
89.8167
357.914
0.000746831
22.9463
31.664
0.00108101
29.4071
152.021
0.00108767
0.00241061
25.5874
0.00274823
90.3085
29.8804
0.000747737
0.00366113
0.000756002
0.00183321
107.152
136.063
109.477
0.00300253
214.851
31.0197
38.6614
0.000752745
40.0554
68.3917
30.3131
31.9282
238.258
0.000752389
17.9869
0.897184
334.083
6.09511
0.332643
0.00071815
0.00130863
0.00274399
0.000768518
0.118696
0.000718209
0.000743633
542.908
8.75829
11.0998
52.2283
85.6709
351.641
16.0985
28.2676
54.2993
0.000764031
0.000755761
13.5851
55.703
56.0278
219.166
0.0006943
0.00940083
0.000748904
0.00072265
0.0122722
0.00125285
381.657
136.103
75.9424
71.6643
0.60392
0.000759073
4.35215
28.1102
79.4335
5.68639
180.257
0.000754922
31.6059
35.0964
30.2419
0.0310721
43.9526
0.0163525
0.000713388
70.0379
0.000763173
0.0021504
162.369
0.000784207
43.4353
188.279
0.000754992
1.15578
11.1181
90.8073
2.64936
115.527
38.1204
6.61822
0.941993
0.00336365
52.587
15.9438
417.032
66.3208
292.104
340.455
197.373
122.307
0.000751809
0.015817
389.939
0.00107248
58.5731
214.163
12.3481
0.000745423
0.00565894
405.836
251.629
31.3187
0.00103957
78.8678
1.05086
0.630055
0.000745961
0.028745
227.601
27.9823
0.000704885
1.35259
60.5023
0.417411
31.7506
0.000883369
46.7095
0.0734173
0.00135184
0.000744289
123.147
0.001249
147.211
150.541
0.00148538
0.000734691
35.8662
114.537
0.00243429
253.304
1.14399
52.338
0.000784207
3.60257
38.9643
0.000739046
0.0481686
4.07362
69.4017
0.137324
118.981
21.7965
40.4553
48.8489
0.255915
39.0052
0.00128061
0.42161
154.941
55.6261
0.000807369
5.01764
12.6149
86.668
28.7184
213.703
3.16617
0.000721821
4.94515
0.0411429
28.515
14.5352
363.184
0.000761806
21.2634
0.00276459
259.119
42.8424
55.9314
0.00291405
0.000750228
364.532
80.0952
0.000742035
109.404
0.0601585
0.00231957
0.000756112
0.000751282
279.85
14.1756
0.0941804
1.3008
0.991135
369.229
0.00158169
0.00372073
0.000908742
0.000690359
2.43449
28.8617
0.325697
0.0497917
0.000744472
52.5257
38.6837
0.000802481
0.000721785
372.82
370.596
14.8165
252.226
61.7703
0.000750606
0.000732182
0.00072891
0.242445
152.986
0.000716512
53.3577
28.7114
0.267904
151.562
0.000721909
0.89288
0.00213718
153.089
2.8276
118.374
0.223498
32.9069
0.00649938
0.000728538
196.859
0.00102777
97.9331
67.7543
0.00312791
79.8235
315.348
30.3328
9.21914
0.00150632
162.251
0.00083643
0.000742
0.00104951
0.00072064
195.008
369.915
82.066
42.8592
0.0016743
0.000710571
28.6164
86.7754
0.0011364
0.00673717
0.0631928
1.88239
2.35243
344.989
60.2477
0.000783418
289.847
386.714
141.154
114.025
262.513
0.000709701
0.00373121
5.23624
37.1567
259.483
111.517
312.832
0.000805391
45.2397
288.975
6.73457
4.09768
74.0413
0.000763664
240.752
99.381
201.058
77.9238
20.608
30.2069
145.12
0.235985
0.000760138
79.2916
61.2552
39.7129
82.8074
0.0384563
9.12973
30.7808
217.078
0.115052
1.74615
175.173
0.00147933
0.000729939
0.000743733
206.239
0.00410387
92.7649
39.1028
42.5489
14.9749
191.115
0.000742579
0.225347
0.35578
0.0518813
3.32387
0.000972454
228.641
96.8761
1.40828
0.000931737
138.998
37.0612
203.948
0.000727962
133.31
79.1131
140.239
0.000760629
0.000736373
225.851
0.000747042
109.999
3.1627
0.000732721
168.431
29.6157
77.0896
242.393
7.64581
104.412
0.000747455
0.000984488
132.013
34.3977
36.3222
275.986
0.000790053
187.735
0.000899944
0.000792025
57.8907
0.256892
0.443141
489.062
367.78
113.961
79.3716
519.403
33.5352
6.11318
0.00214833
0.186323
0.361953
5.12027
0.0401739
84.8774
212.947
393.953
73.4465
42.7466
0.000760658
68.817
0.000784763
52.8822
67.441
192.028
91.0221
10.1057
0.00241381
0.153336
0.0462617
29.7747
339.215
233.114
56.1867
0.000894444
45.5117
77.1286
0.00074723
77.1955
0.000758858
355.984
0.342288
0.0464293
52.7963
0.000849072
173.835
45.8542
0.000743817
0.000774471
2.76293
0.00140532
49.644
0.00075646
0.00930883
147.259
27.2335
37.5854
210.975
0.000766819
115.708
182.827
59.6253
8.19989
0.000916981
39.0908
0.0007388
1.27225
41.5889
0.000941296
415.171
194.391
0.00275702
11.0336
16.7966
0.0095019
134.16
31.4271
0.000765307
347.021
0.0815877
0.013399
0.0627366
0.0031374
147.111
330.894
462.536
0.000738896
0.366818
0.0603118
43.797
28.011
437.662
326.95
5.4856
82.2933
31.8534
236.28
4.38487
0.000734737
24.3594
0.000750353
138.625
0.000825523
312.817
34.1549
0.000692683
164.051
17.012
0.00075021
299.485
11.9024
147.597
21.6532
3.70347
39.9386
0.00103496
3.2677
318.98
0.00084646
61.8853
203.93
0.000696738
0.000781212
53.3944
0.000978297
0.0020626
33.0284
203.484
0.000730805
10.2193
115.05
201.829
190.641
115.681
93.2523
100.815
0.00110642
138.653
83.8239
0.191045
141.227
0.00114433
103.512
0.000736762
10.9202
160.939
1.32966
0.00224012
52.1718
0.0707213
79.4915
0.00075291
6.23789
68.9595
0.0802076
200.668
442.051
0.000722044
270.654
0.000746029
38.871
0.256861
395.124
57.497
28.8939
126.01
52.3501
13.1744
300.721
236.247
0.000716929
68.722
52.3839
0.000753951
36.8384
400.713
100.355
443.625
0.000878844
0.0198543
112.428
73.1337
126.372
8.05629
0.0424457
0.0453606
61.2389
0.189998
0.00100298
13.3026
0.000782766
12.4811
0.000739004
93.0921
0.111784
0.000854163
0.000941508
13.5421
0.00169094
54.1179
30.6442
309.569
33.5642
102.007
9.63704
0.00219915
40.445
10.9449
46.1895
137.224
0.00834322
0.240722
370.628
109.692
138.605
0.0096225
106.619
0.000746585
350.795
29.9089
102.512
2.16713
0.0454074
11.7377
188.765
144.888
122.858
0.00158553
0.000868717
1.33435
46.0898
70.5896
0.00100949
89.2749
0.00916573
141.145
22.3779
0.0409394
411.728
45.7691
52.6243
54.8435
17.5022
286.879
10.5145
0.363469
0.000735219
6.62222
91.6115
22.3533
0.000762039
0.155286
68.0186
357.103
0.000743983
73.1273
283.96
423.907
52.2462
33.9963
1.16442
105.636
1.94724
52.7571
21.7373
11.3843
0.00102762
284.992
323.706
253.142
303.039
326.818
0.0411887
0.593758
13.1103
28.8723
408.069
1.0702
0.000748768
398.482
0.113172
0.137217
143.402
1.30702
0.00928986
0.00559632
82.727
28.6095
0.0015337
12.8635
0.0204782
0.000936483
137.83
0.000790151
115.481
0.00188844
75.5346
5.70592
28.1036
0.000961031
414.486
0.00538517
38.035
101.12
0.000757366
0.00571241
0.0014483
104.338
0.000760145
421.324
0.000754571
99.4738
0.000688846
42.6732
5.61967
3.34099
0.00804531
142.197
0.000743927
0.000712641
0.0113916
24.0409
290.346
73.7656
0.00794337
0.000837484
28.4164
236.331
0.000873427
0.00428251
0.000759735
0.000744955
0.0129279
29.6106
0.000745283
0.000825592
0.00316769
0.162138
490.282
25.5274
6.01445
41.3611
0.53782
427.366
4.63761
419.544
32.1547
1.81252
0.000743327
74.0509
218.505
69.8752
0.00224377
0.155888
0.000735023
0.000750412
45.7776
0.000803603
71.4077
0.769949
68.8915
0.0158366
56.7745
0.000745224
39.8606
0.582964
52.4798
0.000735894
73.6163
407.234
0.00105259
45.528
27.3993
0.0341632
0.000850298
361.432
45.259
0.00208648
33.6148
16.3416
29.8268
38.9511
8.48856
0.000790712
0.0278939
116.86
69.0218
26.8187
0.000741354
35.4489
191.723
0.000881256
0.0098312
40.7029
0.000781307
254.741
0.754787
0.000754926
67.0321
39.3845
0.000734206
31.7945
423.566
177.402
7.95941
177.071
18.4737
0.000741952
61.1315
1.33322
139.159
0.000742347
175.595
25.7897
0.000818605
109.657
113.272
70.396
0.000753201
2.97757
0.00254891
0.000716319
10.6717
113.687
106.452
199.612
0.846472
0.000951709
0.0122334
0.0164221
417.762
60.9661
0.000893825
0.218166
1.34818
397.618
70.6919
270.645
0.000720259
0.000766456
0.000707962
12.7354
0.000746667
146.05
11.1114
4.44791
0.97189
0.00315017
79.6289
0.347262
120.536
0.00124132
0.000749484
0.00412873
0.00206097
4.49098
0.000903424
0.000805375
58.6983
0.00076433
0.000743063
59.1638
29.4837
295.107
0.0014852
0.000735698
0.0919963
31.9598
0.0541933
30.4959
9.7851
138.901
95.1402
7.05628
284.714
0.266893
0.000746268
0.640999
0.000873899
33.1778
5.84484
0.00569007
0.2715
13.1943
4.43829
0.225979
0.000765403
10.5507
23.7157
0.000747165
4.52037
4.11688
38.9308
0.113636
1.92006
0.000745848
0.000746254
0.000746318
5.10945
0.0287475
34.1168
2.89388
0.0643921
386.793
51.0651
3.886
0.000747293
0.000743397
0.00851097
43.487
0.974329
97.9451
95.1745
0.000725516
3.88382
0.000833851
14.7258
0.000750102
29.0791
0.00702734
0.000730132
0.000950157
336.545
26.7594
0.00129685
23.3153
1.60126
87.5172
125.133
130.676
0.00229401
116.892
9.15246
0.00137352
85.2934
0.0381383
264.101
0.000711173
81.0844
232.085
0.00363457
32.5111
20.0916
1.70185
189.689
36.5438
15.7017
79.3095
33.1752
77.3584
0.874786
195.029
136.931
223.913
4.27675
0.000743474
57.6481
3.24951
34.8595
0.00493522
0.789351
0.00484452
0.000752392
0.645585
0.000746758
15.8072
35.3495
343.319
32.1852
11.2504
31.8815
48.3996
110.692
49.2738
0.00071075
2.32537
19.5719
28.9382
23.9619
41.1376
25.9685
0.000751336
42.8389
38.2938
120.358
415.854
0.00105074
413.594
0.000757278
309.447
129.044
70.0038
0.000746603
118.92
0.000743907
43.435
74.0482
20.8792
106.357
12.9888
66.4359
216.46
0.000735153
0.00100492
16.8704
288.693
0.00661508
0.0157232
0.00115023
0.000743852
0.000854394
300.222
58.5494
11.1666
0.000749682
0.112501
77.0384
5.77018
0.215164
138.831
5.4269
103.474
0.181805
0.107966
0.362723
212.019
0.000727531
404.25
0.000745883
42.1807
0.00191851
0.602097
0.000737582
127.623
0.00100891
0.000758975
0.00195271
0.00110198
0.00130213
0.0375279
0.000773198
8.65822
0.00314672
381.354
0.365866
0.000894992
0.000752098
74.8793
0.000765107
53.1333
6.36986
0.000774436
279.53
207.006
0.000863129
2.79134
122.861
0.0324309
10.0368
2.41644
0.557055
336.528
43.7685
261.436
39.7637
121.302
47.8299
0.00765234
23.6165
318.269
3.43196
2.68123
0.00134015
4.70855
3.73685
0.00161225
305.517
74.8849
6.21679
0.000739248
0.000753322
13.388
0.00136507
80.2487
0.00836855
0.00755567
27.2688
4.57501
79.0718
50.1331
138.747
35.6189
34.2913
0.00137652
4.42621
57.9721
0.000750296
106.824
0.843322
0.000748551
44.6802
146.53
22.6681
29.2818
0.000751004
3.71747
20.1282
0.000785508
25.6564
0.00085418
44.1893
0.000830526
14.3101
74.8413
50.7532
0.965862
0.000737583
24.2358
0.148388
165.066
0.0318421
69.0262
19.7661
4.34303
4.79753
2.0146
32.5346
140.102
360.45
0.00393154
125.771
28.3751
0.0232196
0.727676
290.235
105.963
0.000742955
16.9404
0.000744897
0.00891945
88.0846
348.105
0.000872701
0.00476799
0.000756105
0.00142051
0.000849956
0.000734277
0.000910799
8.08159
91.3739
55.4527
34.7494
100.162
109.049
0.000749457
38.795
3.47179
74.0919
26.7504
192.668
0.000735034
1.13875
0.000736755
329.458
2.67343
0.0460238
0.000754219
0.000918395
1.11235
4.0057
4.42272
7.56629
6.10809
0.000835923
37.6484
0.000737951
208.292
46.6097
0.000831693
0.130722
46.0859
0.000731879
0.0018944
271.269
0.0189734
192.928
0.00089557
331.901
0.000730191
0.00155458
1.57822
35.2568
11.4646
49.8912
45.4661
0.000777497
1.56204
78.4507
67.6502
0.265056
0.000744345
0.782993
0.000748768
53.9259
135.734
0.128214
56.8876
34.7868
35.7812
412.801
0.00600941
0.0786022
0.000727026
178.334
0.000750615
0.00155411
0.0569304
61.7966
427.107
1.01428
0.0007702
0.00077081
58.9308
0.00137021
0.000740945
0.00204236
206.656
36.1873
232.86
12.573
0.00993248
28.9294
83.9672
0.00146514
158.011
0.00778069
0.000728507
2.0667
13.8453
206.97
89.8277
49.8478
0.101493
0.000753461
0.00307765
31.9444
45.6832
45.1814
0.00103469
72.8784
12.5634
3.2074
0.00139163
0.00540879
0.0053446
0.000866342
0.00081738
2.47418
266.906
54.1705
0.000739264
105.245
0.00671116
0.00103502
67.996
8.37411
0.000743028
0.133186
339.736
0.00143332
1.62255
0.000800502
0.00213801
5.02867
218.683
5.30433
0.00640181
0.00109406
0.281599
0.000718544
0.000740126
0.000773627
19.7907
2.61769
0.000740332
0.000726036
0.441938
137.179
0.00124333
26.0873
33.727
42.7912
11.5201
0.0111925
119.809
0.000913906
0.000803132
0.767284
0.588507
0.00111235
416.108
0.260348
0.0276848
70.5982
0.000843108
0.000793771
9.96476
64.1881
0.000733537
252.124
109.869
10.4579
0.000750519
163.354
13.3982
44.7099
0.864122
32.4231
95.0641
155.615
26.9934
151.721
0.0211284
0.000754916
265.841
130.335
170.288
0.910605
103.505
55.0008
0.000849726
193.183
50.9567
113.279
78.3394
50.4283
0.00146803
0.00220526
412.982
0.000737499
0.00666797
42.1786
169.985
0.00361095
106.695
211.348
13.7139
19.6688
70.5991
50.881
0.02294
0.000782779
104.428
0.000865911
26.5549
9.1937
35.5617
282.819
0.000932559
0.000811303
0.00174666
423.037
0.000728372
30.672
0.0110493
0.000735753
113.585
0.000734065
0.000762767
5.56041
44.5738
9.8065
42.5003
0.000751137
2.56207
0.94495
0.00336473
0.00188069
0.000746852
44.8379
1.45028
195.25
0.000706272
0.141341
106.286
98.5304
0.00271686
0.000745999
0.000746377
94.7964
20.9625
0.028328
1.09783
0.00172104
0.000722513
19.3538
131.84
8.65978
2.17357
14.02
0.643988
0.00278801
15.1949
20.7554
125.33
198.342
75.5531
0.00196546
14.2643
30.7704
66.9895
0.00471711
90.028
0.000748255
0.000757529
319.014
5.75561
342.436
0.00088932
338.598
38.6338
0.163138
0.00217506
30.7938
188.088
84.1012
0.000726361
0.000733209
0.000820023
0.000848584
170.607
0.12146
0.000746026
0.143833
147.615
13.1984
26.0811
406.621
55.8623
308.248
417.982
0.00118135
0.010369
0.00101005
197.085
0.447639
21.5822
0.00099488
137.607
0.125802
0.000719713
0.001549
0.00105995
39.5575
0.000816121
0.00074473
409.896
27.7411
45.1755
25.2467
0.0011969
60.1978
57.6228
0.000782006
53.9463
0.000788579
1.13053
296.698
0.0076999
146.886
0.000727829
0.000752807
54.4566
114.561
1.45055
30.327
0.00392536
120.225
32.1445
9.71778
0.00078342
0.0007948
41.7375
0.000866844
184.088
0.321045
15.7795
0.636681
0.413872
26.7083
0.00085741
0.00083087
241.978
0.000815976
7.40395
43.6976
0.000760532
0.00073288
0.000748784
35.6297
92.2623
0.000735956
0.00626154
0.17687
73.589
24.029
0.000761444
0.000888515
405.696
93.6569
137.541
8.25884
0.000922669
0.000921896
125.976
0.401104
118.002
71.3438
0.000885843
0.00114689
28.8909
1.59123
0.00113162
183.627
0.0430145
17.274
392.967
279.096
307.302
40.4429
0.000747976
0.000744595
96.0196
73.34
207.569
1.72127
0.000736657
0.00104635
4.83655
0.000775453
45.4928
150.219
0.000704692
99.7168
0.000747125
0.000751864
0.000759055
229.844
93.6565
223.492
0.00835255
0.000820824
20.1136
0.00994764
2.08717
38.2847
98.4325
126.18
0.0795444
0.000792779
0.000766863
0.000740762
13.0844
308.04
0.00531368
84.0042
10.1098
0.000738455
0.311361
0.000748046
7.58686
43.9123
348.081
0.322435
29.4168
0.000746622
183.377
0.0019146
6.79183
103.286
0.000890362
169.439
1.34579
21.7618
38.7603
3.78823
53.6428
65.9483
94.6555
0.00107802
1.84941
73.0288
0.00101224
31.8597
2.55423
107.595
98.4593
0.0010702
43.7056
0.00100893
1.32271
0.0169603
0.000727427
142.045
0.000748456
45.6419
229.261
0.000747044
0.00133346
78.737
0.000721655
0.00154503
0.000745219
0.0773365
47.4763
181.335
0.231857
0.00071935
0.0077878
40.0799
2.9513
0.426562
277.883
90.4706
1.15191
133.831
0.00471045
192.944
2.67089
0.000750237
393.392
0.00924958
34.0901
1.48069
10.5183
115.538
0.571572
0.00341848
0.0704465
8.09854
329.054
0.000775601
7.50337
40.1077
0.0466986
139.331
54.2385
2.81053
10.8462
0.000782333
0.0409235
1.10621
0.000863413
44.3263
0.000736216
0.118028
136.229
42.264
31.8302
120.066
0.0521018
0.000742554
8.61752
0.000707845
59.1765
20.5561
164.279
0.000746392
56.5515
117.923
40.2374
53.5362
0.000776761
0.783151
1.85168
123.244
3.43956
0.244002
103.264
7.64249
0.000749804
59.0071
29.5654
0.000924746
73.1982
0.220455
174.281
10.0415
0.0485151
0.427265
0.0246856
72.7053
133.976
0.881109
1.266
99.5129
17.7607
1.31056
205.638
0.000776167
167.941
56.9809
0.245921
0.000808363
79.3869
99.4083
0.971761
234.723
0.000784173
408.554
74.3941
0.000754805
0.000747918
0.00187547
29.5954
27.8292
0.000726547
189.269
132.64
97.7229
118.496
0.204173
0.000723646
0.000747998
0.000747408
0.405703
28.4741
0.00160824
0.000746961
0.000873238
97.2669
97.5453
0.00098869
0.0103533
0.144309
21.8505
97.3251
59.5377
21.1373
9.63826
205.292
69.6938
0.00287636
78.1673
0.000743136
0.000790063
161.821
415.663
0.000909472
53.4202
0.000746152
0.00191838
412.303
0.000841871
38.8314
0.00815777
77.537
0.000850906
0.000742875
62.7987
0.000754946
9.83695
74.4484
41.0653
8.37844
80.6467
0.0362281
0.000759861
0.00255018
404.022
120.852
39.6322
0.00074218
0.00718437
0.187426
0.0108656
2.01925
0.000923825
16.008
405.46
0.00119075
102.526
0.00075453
92.2914
0.000728103
0.000738696
169.756
79.0512
172.893
0.0037682
0.000812733
0.000750669
0.00755749
43.5926
303.349
0.000876912
0.00800903
104.084
68.4688
29.7427
0.806778
0.000700724
103.584
420.24
0.725304
0.862412
1.76599
0.000825935
190.157
282.439
8.23278
320.793
59.4445
0.00604725
0.000863571
48.8622
0.000745756
290.099
0.000865439
117.267
14.6668
2.05975
97.2833
77.4082
67.8675
91.6788
190.243
0.000706357
72.0229
88.2868
0.00857803
0.000741348
1.70007
321.643
88.2667
81.5571
192.368
0.000753303
0.000751943
411.333
1.46908
59.1494
0.247298
3.67897
0.232789
0.000740945
0.00075312
0.775973
2.12398
95.7584
256.879
62.595
126.546
33.1315
0.00648383
0.00452707
0.547513
1.33203
78.9704
0.00458341
2.59923
)
;

boundaryField
{
    frontAndBack
    {
        type            empty;
    }
    cylinder
    {
        type            epsilonWallFunction;
        value           nonuniform List<scalar> 
244
(
2406.04
2394.26
2392.37
2385.62
2374.31
2358.04
2336.9
2310.7
2279.33
2242.85
2201.45
2155.24
2105.07
2051.89
1996.53
1939.93
1883.21
1827.4
1773.2
1721.14
1671.77
1625.42
1582.22
1542.34
1505.83
1472.55
1442.41
1415.31
1391.13
1369.7
1350.89
1334.55
1320.53
1308.69
1298.94
1291.14
1285.16
1280.92
1278.39
1277.49
1278.09
1280.2
1283.78
1288.74
1295.15
1303.02
1312.34
1323.07
1335.29
1349.15
1364.64
1381.74
1400.67
1421.4
1443.92
1468.03
1493.54
1520.06
1546.84
1573.29
1598.98
1624.01
1648.22
1671.33
1693.3
1714.32
1734.82
1754.9
1774.86
1794.61
1813.38
1830.84
1847.54
1863.73
1879.81
1895.98
1912.92
1931.22
1951.38
1973.75
1998.79
2026.19
2055.42
2086.08
2117.79
2150.2
2183.26
2217.14
2251.48
2286.27
2321.53
2357.43
2393.84
2430.79
2468.42
2506.74
2545.66
2585.28
2625.74
2667.09
2709.19
2752.06
2795.96
2840.85
2886.57
2933.45
2981.35
3030.15
3079.89
3130.77
3182.84
3236.02
3290.19
3345.9
3402.74
3461.08
3520.71
3582.37
3646.04
3711.73
3779.33
3848.96
3921.72
3997.09
4074.45
4153.85
4235.71
4320.96
4409.04
4499.9
4593.25
4689.28
4788.35
4889.36
4992.58
5102.3
5239.14
5364.91
5489.71
5617.11
5747.03
5879.43
6014.63
6152.69
6293.2
6436.39
6582.01
6729.38
6878.2
7028.21
7179.22
7330.37
7481.56
7632.18
7781.37
7928.52
8073.13
8213.77
8349.31
8478.46
8593.14
8677.68
8735.34
8767.75
8774.74
8754.52
8705.51
8625.24
8509.65
8354.08
8154.21
7905.4
7601.36
7235.23
6801.77
6293.21
5687.48
4733.12
4310.68
4098.31
4014.25
3974.95
3895.56
3751.87
3594.12
3425.04
3247.03
3069.14
2896.7
2733.04
2582.48
2448.81
2334.22
2239.25
2162.96
2103.84
2059.74
2027.97
2005.99
1991.6
1983.21
1979.37
1978.83
1980.91
1985.02
1990.72
1997.88
2006.46
2016.27
2027.19
2039.24
2052.47
2066.77
2082.09
2098.38
2115.52
2133.28
2151.53
2170
2188.34
2206.27
2223.6
2239.98
2254.96
2268.34
2279.96
2289.62
2297.42
2303.66
2308.47
2312.11
2315.18
2318.43
2322.23
2326.78
2332.6
2339.83
2348.15
2357.24
2366.79
2376.77
2386.19
2394.11
2400.07
)
;
        Cmu             0.09;
        kappa           0.41;
        E               9.8;
    }
    domain_boundary
    {
        type            freestream;
        freestreamValue uniform 0.000765;
        value           nonuniform List<scalar> 
64
(
0.000737084
0.000720937
0.000737155
0.000765
0.000765
0.0245711
0.00158474
0.000685522
0.000765
1.01472
0.0337697
0.000765
0.000765
0.000765
0.000693638
2.0126
0.000695209
0.000765
0.000765
0.000765
0.000765
0.000765
0.000765
0.000765
1.99858
0.000743895
0.000765
0.000765289
0.000863831
0.000765
0.000704038
0.000717066
0.000717015
0.000765
0.0842185
0.000765
0.00072575
0.000689557
0.000765
0.000765
0.000765
0.000732112
0.000750393
0.000765
0.000765
0.000714002
0.000732342
0.000683651
0.566167
0.000765
0.000765
0.000765
0.000765
0.000765
0.000765
0.000765
0.00366113
0.000765
0.255915
0.000750228
0.000721785
0.00072064
0.000765
0.000765
)
;
    }
}


// ************************************************************************* //
