/*--------------------------------*- C++ -*----------------------------------*\
| =========                 |                                                 |
| \\      /  F ield         | OpenFOAM: The Open Source CFD Toolbox           |
|  \\    /   O peration     | Version:  2.3.1                                 |
|   \\  /    A nd           | Web:      www.OpenFOAM.org                      |
|    \\/     M anipulation  |                                                 |
\*---------------------------------------------------------------------------*/
FoamFile
{
    version     2.0;
    format      ascii;
    class       volScalarField;
    location    "1680";
    object      sigmaEq;
}
// * * * * * * * * * * * * * * * * * * * * * * * * * * * * * * * * * * * * * //

dimensions      [1 -1 -2 0 0 0 0];

internalField   nonuniform List<scalar> 
11800
(
136146
108181
390166
335219
103821
243693
130971
136845
143739
151860
134026
473114
66780.1
350401
307427
1.35861e+06
107376
103371
181821
107833
270633
429726
612552
547646
1.1093e+06
713136
700235
348867
770194
842117
238185
108692
705669
116508
119483
232401
119871
750492
115750
117307
725941
798222
366941
872896
250792
1.2717e+06
580696
672675
130116
173856
493793
353069
118135
185431
1.4484e+06
1.23445e+06
57928.6
331772
256867
252462
1.22243e+06
126465
265201
219801
1.08794e+06
167794
506981
364358
58670.3
658288
122223
102445
98618.4
1.20754e+06
1.20993e+06
228174
1.1283e+06
157788
136157
141806
1.47476e+06
99937.9
104565
107538
102565
810438
253509
739875
673558
360601
115449
839395
123877
56314.4
137557
113893
14721.9
113543
117998
416886
72162.6
457280
796911
287811
124573
241534
135708
124336
1.18307e+06
739509
811014
673093
256754
366922
157350
1.06959e+06
158026
120286
1.0053e+06
158234
154707
132449
139414
112017
121089
117060
118362
117066
91250.1
29694.6
1.39819e+06
908687
272500
811039
381449
737898
671389
241731
694508
333244
631964
575445
364968
147386
172898
229087
809173
833869
475586
273909
157211
150801
117910
188290
169293
142002
322835
437537
896219
121604
1.35869e+06
169775
1.14811e+06
329133
359291
392826
198107
158745
1.4775e+06
888387
305961
414714
125223
257456
257994
1.26752e+06
1.28168e+06
654524
595797
718295
322159
227743
180602
155156
304829
156011
249338
122589
129071
130588
178816
165133
157581
164396
610791
782030
1.23873e+06
109825
159352
1.4524e+06
111160
198299
222626
121736
124866
568204
478534
436066
361696
1.3928e+06
420738
616937
1.90398e+06
1.52949e+06
1.61501e+06
256341
110163
575071
522335
476596
187328
257098
107820
103019
181633
108592
922951
193380
109894
320307
157911
134505
114848
437845
446873
1.89536e+06
919034
162515
170720
768976
627450
228422
321680
723098
662564
603039
123557
794894
272475
367068
345064
120028
112179
293842
250087
128959
1.60822e+06
198701
226172
171753
194620
470736
517059
565811
257344
189091
120875
1.20519e+06
126252
81680.1
117985
282248
108442
364747
1.42666e+06
266033
263496
391486
286554
328191
241617
829426
695163
221825
272225
182645
214810
387789
506624
208893
832816
894093
1.08103e+06
131915
264496
263043
1.2228e+06
1.23463e+06
701345
690319
719855
713072
114828
80482.4
204256
1.62723e+06
106828
112338
208935
179619
184312
617761
627497
1.10231e+06
1.61866e+06
497582
140362
590657
485724
345680
281793
134759
135597
188957
324942
174762
298651
104543
131363
131200
123351
892395
130401
110696
1.327e+06
213092
489498
518793
505950
636708
613578
93919.3
93176.2
455176
589562
413893
1.07221e+06
97794.8
568175
445891
287779
220580
217804
169078
224576
196591
255672
283025
308509
118395
117760
510688
542715
138564
158007
330573
272023
307131
145035
137932
169470
171111
625121
289570
221609
284668
712642
834689
274040
149564
144347
177949
167637
300462
350039
282533
332172
257686
303312
231382
217321
469435
228632
500443
858045
417985
310216
1.48098e+06
114901
902226
430059
316732
1.38077e+06
116952
928122
231914
801443
738875
713510
142579
62866.2
108746
1.7097e+06
1.47531e+06
623490
222347
290527
138167
162190
187115
113173
168666
1.1213e+06
45641.6
375267
284227
1.24664e+06
91433.2
136348
118427
126426
117419
122086
1.25124e+06
405196
170678
445964
407029
372774
93167.4
887972
283073
387542
130524
607300
137796
1.17549e+06
113118
149449
324325
296690
272186
614206
162884
335923
311434
162582
450254
493078
540505
256251
192524
54145.8
127265
137957
1.54951e+06
484605
382274
283976
234105
135656
125270
92849.3
95975.8
153890
84085.9
95361.8
109762
125954
250780
118909
161783
414820
472280
226447
1.11942e+06
148541
264954
120370
129481
1.07304e+06
1.36239e+06
399686
439163
177771
158058
104267
942315
1.31221e+06
1.16864e+06
1.71007e+06
511782
358548
477905
98761.5
137291
129417
142032
467891
122435
120490
98960.3
130700
938512
203427
901493
592316
125529
157897
812132
957219
465764
512190
559951
256204
191380
424170
119638
119604
117255
131155
108092
147520
83509.7
139258
81048.6
135112
74076.4
132983
121948
129404
92622
1.07757e+06
180713
171110
381538
619533
92250.9
123248
106280
101701
91758.8
200930
277482
115210
113639
402690
98114.4
145004
1.16733e+06
67254.5
132096
344543
315659
333101
362708
373505
397059
182789
146304
1.31967e+06
1.67335e+06
320370
77105.7
231202
254293
245546
180650
525675
482306
439295
132978
70715.5
497902
476663
214402
234482
128841
398437
437268
167161
696082
700865
709428
706769
1.26189e+06
1.23467e+06
374710
1.55382e+06
522460
113880
1.09765e+06
887121
974791
488578
202374
221242
143503
1.07516e+06
339592
432303
1.6414e+06
153994
176487
359161
329819
883703
441784
1.33393e+06
114688
110489
188066
255545
571634
521056
474772
1.27094e+06
120346
260918
564670
908393
112321
1.48523e+06
1.39093e+06
1.41552e+06
164766
223135
90250.2
1.44727e+06
388971
169680
274633
1.32523e+06
117824
171916
184905
116939
344901
198589
1.70361e+06
1.43678e+06
151796
408163
520596
196930
226885
178635
162946
470886
159638
382343
287750
745556
668417
129819
886861
119894
266641
323107
1.22282e+06
222421
304645
173837
153001
134006
154051
287791
667088
736562
110334
110430
107714
145009
244855
900023
96148.4
295235
523743
405277
158245
694125
774404
494521
851762
933528
377692
254251
124596
136339
246138
264285
226492
247026
146464
225852
268019
164760
116324
1.68992e+06
703234
261926
344699
333481
164867
278954
398061
881160
803217
730521
230024
269584
161280
157823
1.04224e+06
803421
883638
123580
153260
196967
434491
1.00939e+06
313715
67838.2
125917
1.57327e+06
1.48098e+06
172180
1.35823e+06
97680.9
125220
104771
492523
102233
173069
197610
877096
964399
1.05676e+06
1.15559e+06
497344
427708
357637
287222
146925
112570
280335
1.41937e+06
121747
120839
119521
119316
118130
123356
130785
1.10282e+06
561972
547486
318887
600732
660658
232090
789603
190768
166047
124524
1.55294e+06
115940
130206
123363
126190
114773
1.41568e+06
191669
193225
787340
236334
503452
188106
1.44395e+06
600740
290704
225841
961115
324210
140641
123465
108800
111402
172565
195187
182948
129659
365398
136557
113950
558760
627345
106599
401440
569693
487084
653432
1.26246e+06
1.15338e+06
1.04887e+06
950716
400190
484839
1.27089e+06
1.16065e+06
567115
1.05637e+06
652204
955857
1.15681e+06
128612
113950
124684
170930
369171
841031
122267
303296
405242
329842
443785
146944
180699
292215
418750
924132
842410
766152
362904
274444
695999
151148
184615
133014
241141
221744
200036
389320
308290
316289
237918
116070
513071
146592
238401
297742
749904
392947
458602
393124
145551
182154
140337
125647
124562
137960
408376
350418
117266
156713
161770
318345
988096
315410
433340
365150
129685
160038
149629
136728
182543
142601
434830
395832
359633
151529
1.14874e+06
478386
178360
697495
463189
958692
1.36609e+06
167795
187216
156006
121957
119973
507056
432202
1.41494e+06
106803
143215
247405
352995
163225
122615
511061
504616
59098.5
113973
256034
207091
86671.2
1.21652e+06
1.36161e+06
209307
108344
200223
267054
565108
467437
514040
1.56116e+06
117212
403071
452522
131950
417397
508711
595209
681606
1.32271e+06
1.20793e+06
1.09851e+06
996165
416734
506293
1.32977e+06
1.21455e+06
591337
1.10567e+06
679533
1.00089e+06
1.2998e+06
1.12687e+06
851580
332369
379870
1.12281e+06
852680
238859
107745
103374
849151
1.46683e+06
115385
288791
1.24269e+06
843579
1.36709e+06
1.38909e+06
802696
808611
372393
299828
388102
202052
137911
214199
126022
143544
166712
148529
284849
1.42011e+06
388355
147947
95858.1
255602
275085
1.27965e+06
261741
236364
290046
308686
815485
365440
269998
1.09696e+06
290277
371959
145609
130964
270700
230231
251044
636205
389588
376091
927219
887759
372140
389628
708654
762160
283834
293481
115759
138111
144294
380536
295393
58337.3
130442
146465
461591
443740
231658
440143
342976
144085
95482.2
97162.7
390325
909164
102409
1.3616e+06
194318
511082
465937
154969
190599
311379
122411
112602
1.12137e+06
271276
705469
644797
587610
222258
312296
128955
1.05461e+06
1.32057e+06
135702
121159
722253
257874
344502
595750
654510
726158
228034
317103
54019.3
551521
269216
1.31034e+06
250717
761753
597813
668648
121940
118369
115447
130476
122649
113329
1.10214e+06
324981
131639
155556
168023
189551
223914
249404
514128
500628
470241
455723
416836
429512
824755
131863
116226
117140
140379
168921
123187
130024
969470
192121
351619
282126
734070
374064
139149
146394
310825
243857
422410
347869
877664
758582
692138
629577
352378
1.01765e+06
479954
1.059e+06
183828
157123
198590
199121
142144
138684
139475
1.05267e+06
1.4263e+06
235543
97837.4
176705
391604
300843
95530.1
123524
193520
180216
173746
166988
208827
198087
156958
332735
369906
360936
401948
301722
336619
402218
114794
805708
630557
342583
863271
812952
472232
1.42158e+06
257821
244675
279017
303100
139927
125748
137576
272403
120078
1.14532e+06
166623
122346
535216
51638.8
103386
1.18307e+06
137964
282999
905587
405436
826284
751660
1.06762e+06
712314
115978
411513
330561
160849
960551
422099
173196
764913
692681
840085
119447
121301
116909
1.7174e+06
203748
296682
359082
175362
117452
112545
293346
319086
139098
1.18774e+06
288359
1.12621e+06
175289
586876
115525
428940
515656
707851
278674
368092
442522
192465
1.62235e+06
129660
97041.9
113563
1.40364e+06
940278
224022
320071
738779
678166
617457
1.44493e+06
411141
335767
1.48907e+06
1.6728e+06
1.1329e+06
86222.3
393041
933306
686125
365582
277506
663311
591435
280530
947585
229552
205287
346145
301048
238403
1.15599e+06
1.72997e+06
104879
118306
139481
1.67719e+06
124141
138391
478118
361148
1.49757e+06
1.5678e+06
120495
437859
164248
153386
361893
160096
100766
392031
108871
124646
1.733e+06
720003
392502
299024
269124
200274
542455
496861
451529
169799
1.58367e+06
314559
280247
294546
1.33086e+06
525887
755511
112504
176314
132041
593697
332006
441392
107338
195031
261037
567216
200794
145591
128612
244136
1.4763e+06
203209
268041
560683
958952
1.35355e+06
874920
606739
445787
527340
66539.4
171824
224385
473559
432445
394015
1.34909e+06
114119
138062
148283
147679
147355
149431
199765
118545
116221
473747
1.19322e+06
316700
710200
647746
590087
225051
1.35343e+06
404446
457075
543509
467983
811742
1.31793e+06
407670
121530
548060
104037
580678
346704
637323
700855
254202
833325
208495
1.83544e+06
619757
117707
1.21931e+06
1.83732e+06
1.58227e+06
366035
118614
687025
130605
118623
104778
209583
122432
120334
110114
107610
1.10167e+06
1.15595e+06
115345
795716
136923
127996
115970
169681
736831
745054
181103
750234
755774
1.0482e+06
348102
137463
159527
211813
423386
463475
168421
44674.3
127119
550610
238371
565070
636244
700397
768767
389981
280372
223774
128566
115713
1.37472e+06
744960
115298
159967
642571
505851
269254
293514
152691
127602
236876
209031
102023
155282
119473
1.14502e+06
409227
1.01031e+06
109693
113414
1.84072e+06
118499
1.42096e+06
1.39059e+06
111879
627290
305768
1.1316e+06
123732
575225
704936
1.54194e+06
167983
116673
107366
348957
166073
214863
421906
383434
348943
115047
113147
127015
120202
722748
798041
547797
946346
861669
1.01715e+06
1.51062e+06
186102
481937
1.43911e+06
453943
1.38784e+06
605094
664708
730287
320663
225413
283476
342462
1.29649e+06
131707
141747
196646
185604
171191
142112
255062
233029
218392
561652
530211
1.69694e+06
178317
102504
145055
1.3686e+06
395609
203808
195419
1.33957e+06
625474
432628
93158
150488
106608
613476
786018
213475
933310
136086
133064
1.76822e+06
1.16886e+06
1.43229e+06
260414
335404
605770
211883
461103
1.44283e+06
1.57725e+06
135151
154753
252295
211738
673966
751039
507944
572261
1.59046e+06
1.51093e+06
192594
140075
93801.3
1.05385e+06
103852
1.38629e+06
298768
205616
740462
230775
112693
1.3172e+06
159143
188770
98018.2
112711
992594
313114
118697
520480
242263
144336
116547
113611
449900
113519
1.31992e+06
1.22953e+06
213109
551335
317418
115114
125866
1.04854e+06
134199
690927
179295
373030
735644
846158
1.25492e+06
140850
229623
1.40503e+06
177238
124249
108083
131224
115358
1.46265e+06
1.10226e+06
243262
324019
585696
561082
771757
265213
355599
265485
376738
811651
740186
672907
1.10075e+06
491755
356058
1.12645e+06
359513
1.22464e+06
443213
459490
1.32633e+06
1.8429e+06
1.55198e+06
283283
320842
798935
362145
270113
112133
257781
1.30071e+06
121180
134618
1.61297e+06
1.19916e+06
1.42424e+06
592239
734691
743887
640096
106245
97413.3
148589
100031
471678
516206
566834
257158
188072
422269
1.44111e+06
119091
160415
134741
122992
670026
606479
150926
1.27323e+06
1.4613e+06
779485
631567
1.16356e+06
1.34001e+06
109381
646453
415563
863365
123335
181225
194132
1.10166e+06
1.09767e+06
530493
248906
103804
119555
163625
339369
1.17402e+06
158863
883350
114904
248535
181704
227207
396193
207184
329652
31904.7
9237.86
328217
1.72004e+06
146032
127269
135749
112479
109206
141633
149246
113954
121513
353470
111797
120473
142514
647989
803007
572135
1.21976e+06
1.52315e+06
119489
155465
262507
128014
1.03791e+06
171344
1.58386e+06
167826
210950
408243
294020
169763
169674
392708
113630
129574
150458
106316
141939
101850
1.35618e+06
95040.1
120339
196814
110367
86614.6
1.36475e+06
146617
1.17231e+06
1.22324e+06
449785
308172
225957
318311
723886
669128
609191
114871
822077
450332
115041
1.45401e+06
119330
122409
252390
789507
576583
644293
935284
140535
115977
279587
407122
904323
471892
991320
345007
823839
749537
276266
990609
337324
900428
398341
821644
747344
461302
1.07293e+06
140166
405691
311018
117327
143030
1.16637e+06
663194
904319
839177
732830
913439
666406
259397
285361
420386
1.02831e+06
122318
1.64378e+06
143211
119617
1.24887e+06
142638
214766
440679
449595
1.30294e+06
101662
795609
727623
662122
246353
351964
1.58741e+06
255894
202318
467159
136625
487476
224214
261471
105859
154181
163694
138198
361942
110436
454096
246302
190065
593376
792808
800577
592814
300255
1.47712e+06
119500
119776
1.33204e+06
1.22219e+06
733285
1.82533e+06
742558
636600
709728
1.62689e+06
735805
581258
1.44049e+06
315766
322059
440865
1.25732e+06
100350
1.10262e+06
131947
194535
273994
455786
499729
547731
264767
197034
346003
67729.5
71389.8
120234
121443
164231
133797
115792
161772
769568
1.47264e+06
171207
141143
1.35999e+06
919271
358468
480088
118083
124538
1.16962e+06
786266
182352
604594
564744
782822
107204
117514
131829
114743
887484
1.47505e+06
1.46259e+06
982020
1.59459e+06
198061
105969
242233
723429
658382
793593
356930
247973
1.60722e+06
339135
419485
548712
188158
169430
683450
250384
128147
505312
193057
240152
1.52561e+06
249153
222658
774730
709633
645716
326183
1.02787e+06
961745
1.25359e+06
392716
410357
488775
1.05192e+06
474621
344903
933641
181903
1.83259e+06
132628
1.40208e+06
364396
419325
102488
441822
833459
117793
134973
128448
1.62233e+06
440459
398664
478935
234376
175737
235980
419577
1.06742e+06
424123
834143
1.00397e+06
917222
288628
915011
687180
730452
864672
912701
687375
737956
874183
508706
452674
36129
222743
142013
295943
429170
361646
495937
1.03251e+06
943302
859140
781481
291655
831682
393769
132390
94147
101132
166411
91551.7
346174
800368
825468
302221
1.42828e+06
135614
117802
1.1275e+06
1.40625e+06
90167.9
865451
339647
452836
629873
398380
230823
120576
337756
526794
63717.7
119880
1.45145e+06
193707
154869
342186
311762
373030
252530
119960
123105
261078
898640
1.41998e+06
1.64464e+06
238169
263491
1.11981e+06
1.00961e+06
1.33091e+06
107958
769807
1.29043e+06
1.65163e+06
1.70824e+06
1.64198e+06
397552
702767
299963
1.51443e+06
1.10456e+06
445481
986892
121761
117381
1.17402e+06
1.17609e+06
116984
326489
1.50908e+06
1.24297e+06
1.17287e+06
1.21329e+06
1.71472e+06
1.15536e+06
1.43775e+06
1.26936e+06
124873
202198
913647
484246
762759
164255
113426
143213
132919
132491
160183
142762
303728
1.43556e+06
871115
295740
402300
938206
137022
438462
317086
1.76093e+06
231331
219891
432129
233977
396514
172931
145471
1.43195e+06
11722.1
114915
114383
23630.4
321680
385445
139631
152745
164679
122342
427219
390196
113631
1.49575e+06
1.28835e+06
420698
929725
307263
115527
1.08644e+06
240508
1.49209e+06
384108
468796
548791
630626
1.23474e+06
1.12934e+06
1.02677e+06
932428
383528
465388
1.24121e+06
1.13434e+06
544749
1.03238e+06
627340
935624
214057
171347
413974
429883
374769
184297
159249
141058
120603
115370
120312
111414
111997
184533
681942
733595
613785
345722
669903
738472
1.20131e+06
489489
392805
1.34049e+06
449730
155096
94414.7
134436
121296
212506
191521
196203
124672
298336
231392
272598
546980
123780
157998
716542
126836
104226
123443
104751
1.00598e+06
138301
173522
455120
363333
204968
460958
176279
105320
96463
1.60248e+06
1.61521e+06
905209
736614
715636
917495
1.55824e+06
793320
117644
510890
275290
216754
307047
155001
1.53392e+06
164418
843615
772492
703138
367616
255006
448733
255462
200407
1.55147e+06
175934
117598
509843
507643
220375
149497
173798
283671
604267
1.13732e+06
446379
352389
744830
912024
240124
340499
761259
694482
632333
354117
383239
651531
504474
714151
381494
790746
869622
255676
953053
1.79091e+06
1.27821e+06
107202
559220
614307
673775
218804
158829
1.0764e+06
183310
239500
311156
333395
143357
181144
156733
127281
959892
727735
766138
918595
238984
1.28579e+06
1.59424e+06
586123
113327
549996
602769
661579
646529
773897
211777
1.22304e+06
537485
468708
425127
511734
191946
257325
157766
150449
322150
386424
352154
401001
439715
482631
290456
286934
404874
407566
840949
835693
695847
765464
691459
760728
419985
460682
176526
122688
133425
147246
909221
527163
120713
837816
692181
659496
861155
155214
308810
1.11375e+06
458203
1.01592e+06
923899
92895.5
187708
787742
440987
318867
1.03485e+06
380896
66875.4
765881
697273
841070
371858
257219
1.10572e+06
395137
321567
1.43587e+06
396406
554365
141445
122725
242272
224624
203952
1.2129e+06
290787
216655
335702
305843
363745
184093
148747
818200
929159
156084
511218
118739
720313
1.43153e+06
913011
404680
308937
746852
371056
334749
275846
187099
128527
293291
147906
340050
145898
255579
117741
122623
1.5142e+06
285702
1.22153e+06
667077
726302
390270
297919
720407
1.37687e+06
100499
122166
128251
118472
274729
26488
8781.93
273528
561139
112411
573778
251851
199482
127245
371198
513848
1.11303e+06
111870
97071.9
131403
144672
308353
195746
728348
645928
174281
119248
106853
1.52295e+06
562373
111502
228671
116585
1.76048e+06
1.37562e+06
229478
163931
566195
280199
388852
778661
644019
708879
1.59074e+06
1.2583e+06
122510
1.20523e+06
1.66152e+06
1.26331e+06
1.39027e+06
623951
139331
861496
196540
133001
155607
298608
310853
235387
229887
536213
180083
132101
108574
794990
910435
1.00125e+06
1.09761e+06
1.18995e+06
508538
437839
363991
291220
186175
107326
383498
17936.1
190292
189450
9770.71
398768
200537
159188
86300.8
244899
280733
122114
275414
840769
570512
395220
284319
324686
1.47512e+06
1.14553e+06
147246
487146
120001
125323
389832
460698
508789
1.02908e+06
276829
306139
123815
1.33268e+06
126800
227549
268880
249619
910631
1.00063e+06
510982
605457
602830
387178
503267
985905
937633
925261
308243
420650
94174.7
109738
98289.8
197780
103952
445112
856622
762519
935275
678919
946083
677697
466488
341861
823613
602179
828546
604131
214183
953723
763208
667339
869634
770796
951056
689524
955042
688358
911027
1.75787e+06
350945
489038
1.07365e+06
409267
110333
125609
176822
17434.2
176033
15457.6
116206
301500
923813
840694
1.01437e+06
442446
309394
1.52747e+06
65709.6
113932
214161
702024
210018
579571
281066
1.57195e+06
1.58617e+06
975325
117495
228397
1.03393e+06
521317
419210
315080
524770
476596
573465
207118
280275
1.63708e+06
384242
1.44613e+06
114717
116608
118897
115112
87266.7
1.42375e+06
121816
1.02265e+06
86414.9
742599
995918
117588
124149
154453
427848
163649
348661
317909
237533
258281
282484
132957
248557
334225
411195
281729
960013
877787
798576
1.0642e+06
1.43036e+06
1.58231e+06
105772
106903
111496
115867
199909
121521
211648
1.57494e+06
1.61692e+06
1.55631e+06
1.24989e+06
49122.4
886939
1.44423e+06
915180
715278
734603
904371
474493
447473
841519
526367
1.03755e+06
92404.3
188790
226953
440804
181477
176838
204585
145562
168615
124363
144332
300488
306773
334794
329126
360342
365355
429246
429314
119683
120724
382458
258381
101510
153674
644589
1.04224e+06
120634
592584
1.28619e+06
382504
1.21225e+06
531038
165353
1.18548e+06
574346
483024
763494
1.3647e+06
1.70329e+06
674791
261728
1.44364e+06
200974
153819
135056
336746
83831.8
614773
1.04652e+06
257009
401391
168016
121700
175000
1.54781e+06
258282
295896
286193
219997
632246
198134
161883
649666
142329
1.35901e+06
123553
800844
284532
307658
1.2507e+06
1.01666e+06
605602
1.11804e+06
1.22714e+06
519897
1.3396e+06
438231
351049
1.01138e+06
1.11119e+06
1.33544e+06
1.22007e+06
352251
523700
608890
439840
1.43496e+06
148605
1.12671e+06
128420
106812
117731
6457.35
49124.9
600410
70311.6
1.08485e+06
210892
167263
390564
424357
356153
336518
202077
892959
200805
213136
832961
93113.3
311752
286359
283886
888496
808751
975268
419489
398113
163976
271263
503263
1.08029e+06
71019.2
258876
162286
112183
358368
1.16455e+06
626196
547910
1.21382e+06
156716
646508
1.40308e+06
697942
1.28201e+06
128077
1.42868e+06
178692
965337
327847
404637
119414
11342.8
114165
113612
19452.5
184632
1.0216e+06
141765
1.18096e+06
558137
194126
876959
841726
965200
926492
1.0596e+06
1.01751e+06
479524
463578
332750
322689
366884
253482
847647
776557
706319
229143
272882
249593
136392
775846
671561
89601
146302
114928
131950
136740
1.4289e+06
1.16231e+06
290578
949066
864103
1.03986e+06
113353
548785
957953
976617
124927
117937
1.16789e+06
388247
140197
198713
233847
216352
137569
380783
348060
319997
1.26449e+06
1.75448e+06
1.26221e+06
863514
410581
299468
140558
152686
215471
160454
122019
114298
162858
450991
356289
113876
1.07768e+06
1.23095e+06
464852
435305
137669
137915
125656
127070
346712
1.16325e+06
823506
627129
648398
772981
116913
117369
178079
112826
110191
211180
1.81918e+06
1.43876e+06
114339
144546
555699
480503
339007
1.05795e+06
1.15585e+06
875942
962833
626908
306090
258690
282956
146407
170219
1.31802e+06
327728
824767
76130.9
1.23574e+06
118257
442938
509857
1.8114e+06
113519
453689
129808
425077
132554
272583
856260
371901
944048
604715
1.04001e+06
1.14242e+06
526012
1.25054e+06
445141
366340
448912
366793
178712
526380
596634
774553
112834
179132
1.01767e+06
452274
1.64444e+06
1.35519e+06
1.51811e+06
281343
1.15948e+06
564980
411126
199848
156131
1.57022e+06
838496
108324
1.73158e+06
1.42185e+06
51367
468486
386151
65604.4
706090
530944
102296
134698
1.16237e+06
1.6619e+06
119673
538299
552780
1.15694e+06
1.12025e+06
395467
405574
397412
409450
117916
119906
119666
113792
85894.4
1.74854e+06
1.3147e+06
1.21845e+06
1.53435e+06
562053
289061
1.19061e+06
640832
704777
773299
74752.9
1.27898e+06
215071
944937
1.38742e+06
403339
273922
1.73668e+06
426901
448429
318049
336562
878671
850573
168891
168782
96813.2
116012
285164
1.0326e+06
942169
856502
422769
1.74068e+06
121190
197940
102303
844903
929540
530955
1.01984e+06
455533
1.12482e+06
387810
1.04587e+06
865977
952082
1.1434e+06
314115
549525
474988
392969
114900
149188
154380
187062
337152
280741
308042
1.38731e+06
601968
734787
1.31109e+06
162163
226103
115333
360133
492504
175550
236238
1.35183e+06
145334
113163
120020
121925
113957
82425.4
179630
130621
141564
1.11914e+06
1.33456e+06
127463
109699
133237
231435
488353
1.46915e+06
1.36323e+06
632562
124834
144370
1.1378e+06
121769
124547
1.78125e+06
662919
1.31742e+06
346582
883096
527995
537544
161018
662946
911994
425648
309089
135129
299879
115556
79440.8
104237
1.45033e+06
775130
787372
1.36547e+06
219820
236615
132572
437847
121984
116775
130859
264180
227204
23044.8
226222
15821.2
118757
880833
252781
359225
769097
701293
637373
140653
1.6048e+06
552737
293117
1.34391e+06
761159
797793
145918
14276.2
145244
15067.7
1.21002e+06
328552
476172
574119
526095
121100
1.35669e+06
288873
213461
657084
503460
113257
30832.7
974635
196970
987801
235734
306906
578418
625115
522118
126075
480697
200346
248760
133925
144080
461044
479504
161882
278309
112712
113911
753017
368216
274236
125937
427713
11046.3
41276.8
425863
484176
392154
575714
684448
97228.8
1.6249e+06
1.70392e+06
204182
119412
126527
176869
197584
20352.1
196730
17588.8
813655
273124
375023
1.58777e+06
1.6096e+06
1.32263e+06
1.24457e+06
674174
596630
569924
507683
1.35061e+06
188907
367976
142864
102295
114549
257708
355648
505588
1.4999e+06
1.52103e+06
190857
98818.1
480824
526937
185931
808317
323363
270281
1.25815e+06
132139
128275
162450
757195
757039
809063
512714
261750
361055
88135.8
85557.9
935963
106198
810592
104673
383778
621712
545068
954417
1.1158e+06
122033
145140
298429
1.31806e+06
6708.99
83435.1
24739.4
83563.2
214503
202894
86473.1
1.50957e+06
26999.8
1.4354e+06
373898
36076.4
11656.1
372277
229138
121447
13932.5
120971
291231
1.27836e+06
290733
1.49136e+06
1.67835e+06
49788.1
447896
539608
494363
655777
307536
227043
719435
485101
85400.7
178852
267601
197938
469260
628202
183351
183961
1.618e+06
537731
622414
585749
674846
1.03202e+06
113979
105238
863484
1.06376e+06
376584
189852
216884
123181
240993
327686
124814
181404
252577
121355
84532
940320
1.10667e+06
203648
435965
342336
352223
1.11912e+06
487910
217191
178327
437795
387309
103392
254281
1.06785e+06
1.33212e+06
333509
237823
581840
702104
640479
84048.7
113115
246746
183598
1.00409e+06
364624
93514.7
45359
61529.1
327628
236035
562573
678419
619377
119843
1.46538e+06
1.6638e+06
131003
119454
112252
108403
1.44572e+06
271481
210513
597713
1.79197e+06
1.45475e+06
380503
150459
362418
331057
209476
193543
224957
131907
124986
123268
293051
1.42985e+06
104537
716508
776098
1.28629e+06
920985
898545
336902
331665
446255
453515
232535
237580
211150
109926
114680
526217
177709
1.31355e+06
886018
219801
112732
582537
1.69782e+06
110124
822391
682769
643750
849270
618712
259871
350828
813352
153776
594538
254033
280941
154133
341647
182288
233685
643821
313518
148065
130151
164880
791052
649932
159823
151631
148482
165479
118015
425060
325726
112989
310538
123239
182496
287076
1.54892e+06
1.36457e+06
940006
253289
190751
565684
517361
471096
234542
240642
111893
842997
125608
428181
566861
179715
183958
1.39284e+06
87531.8
257066
238741
127108
1.45132e+06
83942.8
122547
375267
444538
149469
140255
158611
117865
119655
933216
104534
114799
14225
114315
929222
861526
1.62527e+06
1.02327e+06
1.26075e+06
125368
1.30906e+06
867278
12870.2
93395.1
209077
167625
351574
383664
418436
558323
301309
1.27614e+06
712982
782231
137564
100972
96918.1
112665
127177
125730
179378
767587
93760.3
1.62415e+06
407265
157345
820593
517598
268020
368875
180338
155173
217971
337850
213439
449165
417767
163750
123167
540570
819631
86111.2
90084.7
158403
96032.6
105779
1.26523e+06
304077
231812
676583
1.20485e+06
332440
225381
543043
470032
512822
427806
252984
188976
119714
7570.51
59899
522831
432032
608924
1.30705e+06
1.086e+06
1.19349e+06
431643
519423
1.31626e+06
1.20054e+06
606798
1.09289e+06
162045
291592
242615
253690
113125
173265
150818
441120
208935
170723
194338
340459
966354
461662
120364
173987
110177
122840
187345
284235
115692
111853
106028
711883
256922
335960
233337
299543
625988
531472
625385
501929
892272
263299
157467
232922
542409
408119
201011
267868
378422
120828
234244
141360
139673
438486
438624
165812
562658
176593
184341
1.02938e+06
861751
110655
130170
1.3978e+06
96947.5
154995
98752.3
173700
212202
679212
618003
559258
366620
368784
683674
163517
123054
116958
935496
176403
164078
172006
162627
151996
154488
93786.9
140718
1.09946e+06
1.09365e+06
325040
257104
123461
736842
630688
260815
357924
508803
116866
83756.3
122953
1.41139e+06
511242
613410
62252.5
437258
174037
72381.1
167282
182274
165171
426775
118950
263368
206584
124830
1.73044e+06
278327
813513
229170
1.32674e+06
551961
646879
339106
249742
787897
99129.6
125045
145140
299855
367108
250319
171201
101439
75845.9
620214
262632
200490
101940
107645
111980
115078
272189
226308
250520
62562.7
129889
1.249e+06
119819
1.7216e+06
373444
156497
634318
135003
102609
468767
169947
165930
770786
109248
508121
1.04997e+06
955683
1.14638e+06
98178.2
170314
337226
1.02819e+06
973104
268215
120058
287445
291092
415022
483308
906233
414388
472820
998470
895186
970965
750798
825607
741442
815305
1.235e+06
260210
198578
1.43552e+06
105654
140429
510655
1.20003e+06
374553
207176
165485
107621
98156
125254
140066
104665
950301
236447
306173
561754
121331
669356
153886
244448
258259
389767
146052
123684
164004
125861
112155
166920
156462
146920
1.41981e+06
139124
114866
291285
367541
83740.7
197824
201746
1.09336e+06
214620
147250
128970
136778
145143
1.4073e+06
243585
221423
538539
241879
191128
1.36567e+06
1.0606e+06
1.13013e+06
359124
128178
1.20838e+06
362109
411487
177709
709258
567222
814859
660167
886608
451892
1.18432e+06
769617
1.01198e+06
785888
538207
429551
110966
125123
1.24863e+06
104146
117515
115405
117723
114556
102992
745090
777930
165218
347645
33700
4631.06
346129
150407
101131
1.24445e+06
428340
581796
222159
186637
210236
153222
169517
306748
352171
117222
164210
472723
330560
240048
456712
698164
591568
103021
706833
593594
1.7027e+06
1.04967e+06
633127
1.15468e+06
1.26782e+06
544960
1.38388e+06
459766
370451
1.04484e+06
1.14798e+06
1.26082e+06
1.38029e+06
547492
370245
635439
461767
116248
620571
91732.7
774079
770737
1.721e+06
142522
310355
929634
130775
589687
95980.1
106881
885207
122454
201567
500708
655397
1.4393e+06
262341
290752
318246
136401
245553
324836
688491
259700
149985
120235
119710
130591
1.4186e+06
692299
673703
1.24274e+06
1.20912e+06
249836
225517
330468
296329
639386
586171
1.08162e+06
1.2553e+06
788347
866453
951731
1.04774e+06
293438
494613
361667
426692
1.047e+06
953283
870566
791994
289576
353144
418592
483712
160322
205856
945121
1.28216e+06
251100
206602
262424
546325
642440
587192
532816
461243
232068
319130
1.78554e+06
102551
196976
769659
1.096e+06
944814
383675
473356
139317
42955.2
187392
994178
356888
1.59804e+06
159747
203135
958311
1.16772e+06
102507
787596
865096
714222
1.48995e+06
509845
220800
282321
373030
188210
233452
502387
769057
321750
817804
675596
205700
550915
665898
605922
209182
311985
1.73555e+06
1.40319e+06
177657
159776
1.31169e+06
162545
252048
262462
340761
352714
705628
723427
232335
173942
498919
458197
417465
597453
115358
936182
1.28789e+06
544537
111468
132172
1.26313e+06
626020
599346
744576
719826
1.20604e+06
256491
353611
226063
169334
146898
302917
777745
151492
129332
159689
1.60965e+06
1.2414e+06
432211
192126
147992
206598
108233
522245
350587
382691
418124
203583
161836
118813
113579
1.40364e+06
54972.4
1.25609e+06
239691
259809
217693
142193
112822
121656
1.19495e+06
102215
1.72434e+06
564080
439149
477665
579542
633770
526969
219233
303351
1.67529e+06
462630
545808
192148
238204
479802
450629
1.69603e+06
577368
525775
631250
288437
206743
139373
1.42763e+06
1.16072e+06
1.26135e+06
175974
124702
220061
181736
231077
434813
1.27736e+06
256956
720338
342175
706671
796943
760380
294767
175450
148385
1.34283e+06
266212
209254
558826
1.30942e+06
167156
641491
206763
585810
534431
287476
177183
88729.4
413767
295510
845908
769582
699785
91893.5
945048
722491
761416
914417
6527.71
58874
100195
1.18933e+06
1.20331e+06
115624
107547
213735
480186
395887
434864
469328
174476
219606
128310
122008
87618.7
898938
267323
740458
1.1798e+06
222287
126183
124850
189463
1.40518e+06
183512
1.02041e+06
428174
569967
81772.3
99678.6
124025
489305
777285
144927
602552
548311
659403
303618
216546
74863.2
71564.5
57159.3
180101
901843
170191
110475
1.13745e+06
108511
1.29827e+06
83517.1
1.0566e+06
588385
227734
666634
309492
937375
128197
196996
236637
608080
605444
172773
435025
397509
566628
99333.3
1.14313e+06
1.09968e+06
127136
88553.3
90631.3
314733
578023
169398
150702
319195
106236
113908
243580
132071
104675
99422.9
113530
108519
163486
154065
146502
198080
123221
677594
658690
129403
297367
273472
1.48793e+06
1.37869e+06
1.01033e+06
1.40522e+06
1.00026e+06
244952
191067
431162
500045
842458
362597
926297
1.01452e+06
293091
1.10878e+06
730541
185852
122699
215308
661553
603742
300581
550057
743190
718330
673243
690899
1.74523e+06
817755
291067
289423
216879
1.45891e+06
491759
1.38547e+06
93137.9
163578
315336
357409
269280
705817
190402
1.80096e+06
753003
1.49918e+06
1.51635e+06
654621
498056
453508
545704
72590.9
402870
234676
118311
90684.1
29552.9
108705
73548.5
518245
524708
478194
472131
991565
213739
213301
419812
1.31373e+06
121349
574844
334285
655701
890007
828031
718879
658571
897090
1.76403e+06
1.03784e+06
732020
184924
194253
516173
500708
933687
1.02674e+06
1.04556e+06
950846
863777
848256
351793
365262
1.52814e+06
186054
235573
416516
407332
722462
1.40184e+06
116918
120357
276312
159574
117854
70374.3
533606
514055
311425
295044
585985
564081
643637
619392
229471
215882
576947
180050
335697
134599
95901.1
1.65474e+06
121597
1.62218e+06
1.40319e+06
1.48692e+06
150131
121047
259352
663996
644530
391422
370380
730648
708699
804067
779603
282277
264659
96269.6
167819
190687
181308
600907
534815
1.639e+06
1.16002e+06
953715
642550
113939
145905
129748
123615
241593
335806
690120
629979
571877
122614
94664.9
426754
187858
236096
564568
226538
123144
1.42289e+06
1.1229e+06
494271
132783
150541
1.41997e+06
216840
190796
245077
139891
153326
131139
124097
226950
305693
359954
1.1551e+06
216222
637479
582375
297914
530829
116621
119942
165626
504158
601747
96017.5
1.64132e+06
904625
722278
715160
901152
120791
573056
597631
154829
55397.5
452999
313353
545212
392217
468113
1.20518e+06
1.0985e+06
911413
1.00143e+06
313821
391497
1.20475e+06
1.10419e+06
464333
1.00711e+06
540558
915682
114065
120417
155715
129833
122127
235779
227434
1.18676e+06
393565
181817
239056
136822
149017
390741
478651
561894
647288
1.29137e+06
1.17957e+06
1.07243e+06
974408
390535
475505
1.2997e+06
1.18712e+06
558706
1.08058e+06
642131
979970
127641
1.43657e+06
164080
112601
151629
128513
282335
177875
1.35664e+06
872520
851929
595639
574185
962155
939034
1.05741e+06
1.0322e+06
516706
498755
1.15653e+06
1.1289e+06
426328
443219
352706
366831
578527
597137
445119
429162
1.12346e+06
1.14806e+06
180272
195128
167931
120100
119754
1.46036e+06
188218
255320
1.32939e+06
1.6986e+06
207978
266173
549982
1.0951e+06
761949
837369
919426
1.00984e+06
279809
473532
342863
408415
1.01547e+06
926771
846805
770369
274708
335149
400034
461059
457717
621101
208733
118172
1.3239e+06
759641
115717
1.62984e+06
310876
303422
432730
943451
859016
780750
146645
105787
735455
1.19493e+06
194054
1.39646e+06
468535
617612
123353
879844
725023
915918
702290
77246
1.16388e+06
1.0997e+06
244587
231543
1.20403e+06
288781
1.23342e+06
147934
221362
200862
164535
96509.8
134452
124315
133334
699511
114612
1.50985e+06
1.35026e+06
303038
123211
269790
218181
127764
1.09094e+06
659701
738329
566637
433945
125671
121046
101418
651224
568634
242004
227505
323335
298430
494198
452153
410469
204920
994713
11463.8
129269
128701
10725.3
1.45605e+06
399681
104273
146474
99295.4
1.42425e+06
114064
176789
121700
138388
662056
581563
823833
378485
469967
337397
129911
268926
131329
785430
198184
136176
281142
141537
484111
529958
442120
788873
811645
917323
696629
775439
715302
659142
955365
891540
833841
901262
768179
719566
717388
663761
900568
961408
812509
183554
542800
595854
655188
324445
751031
239953
188942
128062
100799
1.05664e+06
1.14001e+06
837264
114491
97832.7
828283
379871
1.21275e+06
93974.9
163526
380041
457394
266962
373150
765070
697172
633411
1.2287e+06
920363
137875
87253.4
179320
1.15675e+06
1.13176e+06
1.24551e+06
831396
83250.1
146451
133835
1.467e+06
85141.5
88832.4
642381
179677
391531
430810
468740
230154
179419
572510
1.07049e+06
634203
1.17689e+06
1.29237e+06
544586
1.40997e+06
457543
368119
635100
366486
458739
547662
1.06608e+06
1.40579e+06
1.28483e+06
1.17107e+06
823621
1.30669e+06
221165
300669
428676
1.52044e+06
1.04129e+06
464972
337938
175056
143494
100417
173805
123383
127539
113566
106779
83597.5
930535
601464
1.50242e+06
1.40508e+06
119818
168126
122274
89915.7
88941.2
87196.8
273367
259106
184723
135487
846907
733648
819371
266538
275693
169885
151772
127543
1.10294e+06
548079
118300
120640
627149
570551
1.00471e+06
273395
140264
1.37841e+06
1.42493e+06
105757
155209
135250
146675
1.29095e+06
1.4111e+06
212088
257793
236568
590643
176584
320018
798807
511072
829738
119068
176424
164870
749273
765449
1.18134e+06
166931
408969
373352
105533
548075
241120
217261
731911
555940
867098
587902
157175
124744
119085
117430
356293
122208
207371
240769
224390
378082
17887.8
156342
155735
29905.6
22810.9
215748
214847
22728
576721
892357
227547
122347
134276
345948
448461
797907
216587
943187
1.29988e+06
122691
144443
236185
231863
1.31614e+06
1.11553e+06
280327
289207
306855
316888
142292
152725
1.28415e+06
92694.5
167703
1.04379e+06
116531
115336
1.19421e+06
1.47183e+06
187385
124808
573999
825459
809023
126072
1.03928e+06
1.31993e+06
149850
141784
159925
131408
119957
119048
120786
139706
133560
302681
195444
278071
180967
255128
165446
235733
82310.8
85413.4
81846.6
127842
128758
60224.7
1.11366e+06
1.40607e+06
177778
138648
662452
178176
97739
186302
131833
135727
159486
150171
144337
113414
69948.9
391867
462359
824022
5369.64
61787.6
407536
39678.1
14826.9
405773
293740
29573.8
17950.8
292479
529597
438602
848825
834568
115033
768471
243942
116167
328913
293622
1.429e+06
868958
752543
145808
154384
582787
529394
638812
87767
462336
640784
269245
265605
372154
126013
976072
216237
200276
168952
668772
736867
399848
810380
971068
288704
233574
331396
342485
178242
165615
50728.7
354829
1.14443e+06
147253
92400.2
126167
121027
122958
95422.5
99452.6
107967
154395
97029.2
158194
339529
132138
133591
377459
362280
325234
298814
576449
613586
250501
228774
428214
289596
134962
114743
192378
389520
838464
874767
111659
465666
541880
385565
1.16455e+06
968117
1.06361e+06
384581
464230
1.17031e+06
1.0682e+06
540331
971621
832219
792699
307358
1.41987e+06
39545.8
293173
415532
865726
715971
787258
400752
203586
273766
885938
522718
433426
478998
300340
108491
122540
1.3842e+06
1.40479e+06
1.28022e+06
53928.1
656485
13017.9
72316.4
248502
1.17067e+06
1.01713e+06
650872
752507
749239
1.4472e+06
554825
204313
235027
641203
443135
179732
148334
554364
13275.6
53033
551962
904438
410398
296121
76371.2
1.3e+06
867725
668987
1.16368e+06
74469
188771
201600
218158
130258
661892
116648
119498
111791
174889
107510
108605
87294.1
540148
295508
112479
247533
123968
1.75503e+06
174494
159820
207144
543271
271277
208543
108844
874247
1.24901e+06
1.10596e+06
1.0091e+06
1.53691e+06
514870
1.11996e+06
1.63852e+06
1.32295e+06
117589
136532
145621
1.05787e+06
1.6646e+06
297885
186904
220710
1.16802e+06
202208
133623
161385
259456
435101
795478
328252
87981.7
903739
127308
185974
42492.3
4745.96
109800
342594
695348
258336
255656
201621
455589
108040
484100
227662
127084
116537
1.49936e+06
643670
1.28878e+06
137132
1.24806e+06
274414
731360
362974
743509
753246
1.33183e+06
1.31361e+06
793137
617127
153058
113377
122786
116040
125091
121853
115852
119328
283916
166570
1.64665e+06
519346
123791
241643
22993.6
237631
7948.41
236591
182698
179063
768223
1.16071e+06
1.36649e+06
1.15229e+06
1.12844e+06
89849.7
1.30623e+06
1.14734e+06
595985
575563
250146
1.0247e+06
1.06652e+06
249695
943820
977735
317337
310101
860573
891472
372934
782597
810395
382234
429879
707155
734883
442582
510251
495403
1.51516e+06
1.63566e+06
160885
782503
927798
122885
846507
1.15596e+06
726771
1.06497e+06
1.42506e+06
828804
810313
187927
180124
1.69382e+06
1.12168e+06
114162
123879
164633
142118
1.6182e+06
122089
564606
203782
271609
382578
1.5523e+06
1.47531e+06
974161
488131
362536
289247
443423
169702
207744
124442
586563
143473
155464
166028
111158
1.00019e+06
255598
106450
134345
392954
484223
569490
658210
1.35259e+06
1.23591e+06
1.12361e+06
1.02184e+06
393381
480218
1.36814e+06
1.25152e+06
568373
1.13927e+06
653828
1.03402e+06
439661
437756
31858.9
623200
724794
585432
786409
590631
184552
1.31795e+06
113779
122258
996410
688094
1.10382e+06
1.21236e+06
597919
1.32771e+06
512824
422743
991052
1.09648e+06
1.20594e+06
1.31973e+06
687978
425249
600649
513169
1.11305e+06
374417
124911
117312
1.4407e+06
1.61321e+06
440933
333745
798367
71244.5
199749
121049
177308
105666
971310
485972
361819
463848
1.50209e+06
901595
231629
739093
386726
474664
553095
638579
1.30359e+06
1.19055e+06
1.08274e+06
984329
385988
471200
1.32459e+06
1.2111e+06
556466
1.1024e+06
640241
1.00032e+06
1.51478e+06
155920
203602
189233
271010
325852
161175
145351
145439
129761
125040
135777
1.80039e+06
166992
122511
136139
280902
382676
283949
769680
1.0301e+06
600037
1.13242e+06
1.24273e+06
514571
1.35523e+06
431546
344756
432080
602531
518920
1.02588e+06
1.23626e+06
1.35121e+06
1.1269e+06
344506
905474
330273
32288.2
4017.43
328832
592528
199875
235341
216104
129436
1.3056e+06
1.44876e+06
939948
1.43231e+06
855770
222295
1.34509e+06
1.30076e+06
717709
609062
617114
736966
592434
760258
777324
581067
118315
600288
575159
580199
253106
249688
1.54528e+06
623342
599449
1.13093e+06
1.71372e+06
628274
501931
402285
127830
121508
1.50286e+06
146561
149430
352494
122008
135445
113953
108198
55513.2
1.13722e+06
101871
1.61649e+06
1.72756e+06
194181
211331
220007
296374
284733
658245
647248
407707
418095
118097
786745
1.64974e+06
1.49594e+06
158242
155528
122256
1.21349e+06
463098
1.04222e+06
1.04242e+06
1.28574e+06
170199
1.30435e+06
1.4223e+06
445044
91126
184565
449454
742066
295688
274813
127414
15965.9
90636.5
89984.4
7189.6
1.33863e+06
111434
697967
121569
651960
113707
649091
1.64522e+06
278099
1.47459e+06
117429
656313
557035
218768
772783
120523
856052
115551
811402
120611
135887
147683
130298
108434
95420.9
1.52056e+06
731310
739120
392651
398921
313873
308765
171492
114112
763490
196592
494699
485429
969630
952401
694163
198429
267492
380731
749288
333903
119025
148171
230303
526517
483217
437364
140791
1.47784e+06
17450.5
184379
9047.01
183565
573518
661960
599432
678337
502733
674580
506132
1.45424e+06
219609
274648
158897
291444
772569
387521
173312
168357
1.17774e+06
440230
221347
205881
509235
591585
420899
1.25655e+06
1.04269e+06
1.14539e+06
334837
420569
1.38047e+06
1.26633e+06
506291
1.15449e+06
591053
1.05058e+06
250681
190993
415311
455554
499782
924924
531330
429394
897538
296542
178331
335949
1.37264e+06
572407
651704
162890
5934.18
76578.4
76269.4
24107.5
374112
216416
236927
1.05154e+06
564278
908288
983970
523737
693875
694625
516940
103550
980864
964047
116608
1.00639e+06
1.0779e+06
1.07563e+06
179994
283510
336271
336704
259991
279380
349595
375031
708713
747554
654753
632360
573885
596795
129056
151316
1.09673e+06
205388
354824
508564
575915
618177
1.09467e+06
1.11457e+06
1.07116e+06
118262
303531
1.09391e+06
450906
997898
907513
286995
265085
311943
155526
134230
913783
831162
1.00454e+06
472285
328821
804204
679556
645296
848075
799060
670879
633626
843951
1.39254e+06
117741
177433
1.33904e+06
1.55745e+06
840446
576483
926580
1.01872e+06
499644
1.11468e+06
428751
355233
834677
918982
1.01031e+06
1.10559e+06
578062
500716
430272
355307
197024
157875
105081
109595
290856
876390
395557
342130
456568
267262
455353
1.6437e+06
1.36582e+06
146995
1.42201e+06
956453
870067
317471
790134
450086
118991
984561
895956
813656
323395
459351
1.51091e+06
587787
676981
600945
704831
574737
523013
477869
181221
360606
173103
806250
246790
111641
106586
140397
104881
1.12438e+06
1.22105e+06
901433
1.61228e+06
221802
159375
147667
173505
135203
130310
1.84864e+06
171850
1.64109e+06
802545
677300
639025
844810
790074
673839
641270
850667
544754
510393
1.40781e+06
308059
260911
1.84037e+06
993100
1.03644e+06
225935
115234
990123
448369
322954
1.40759e+06
116023
542913
595476
653195
302077
219222
222638
383026
631481
695765
765386
277725
223305
913839
1.02807e+06
573256
594021
544873
164268
460686
419514
380882
122364
581098
1.17063e+06
1.2243e+06
1.12866e+06
582649
182270
762286
412200
299047
1.18492e+06
517727
924276
56422.7
232342
648849
166526
186685
334168
617402
476463
1.5939e+06
669097
1.49899e+06
114604
215409
300911
523964
220132
574876
631712
127830
295960
272041
322598
181076
152739
181621
187672
1.61166e+06
117879
1.40741e+06
132610
295878
438919
849470
1.023e+06
933165
127002
1.59635e+06
157947
115040
568111
493599
237987
359555
112944
251706
191341
433272
475146
521006
1.21224e+06
122035
316026
117350
566970
620815
514676
1.46525e+06
257418
1.16215e+06
461227
235947
322423
304539
29276
6818.69
303214
117431
114825
120005
115090
374418
120210
114970
398196
191418
201548
122343
149892
715032
138252
215237
230824
249761
110735
1.50821e+06
380108
152352
176751
337703
1.62549e+06
761769
78433.6
175274
141573
147898
1.60066e+06
1.58693e+06
455614
435095
327803
342646
878399
826790
507613
542684
138572
131324
1.61392e+06
632855
538245
154876
181518
368376
596643
948028
432753
305471
334579
147428
505061
227315
1.03047e+06
1.27538e+06
1.60098e+06
100911
1.18997e+06
1.42589e+06
952013
437025
315893
158877
390834
292037
768372
325856
1.41134e+06
78409.7
419753
946541
323519
382551
114720
188005
896808
82967.7
80310.1
1.7223e+06
229943
211076
329069
1.38515e+06
1.50861e+06
128092
1.32238e+06
1.20468e+06
324620
1.15117e+06
1.05072e+06
956407
157284
1.66886e+06
531750
581689
483008
1.19986e+06
686056
128323
150940
1.67958e+06
947711
1.6423e+06
553894
159339
939390
1.05641e+06
105761
1.59046e+06
123060
152453
229651
115294
123951
291287
839841
205125
1.4549e+06
557315
170770
169393
213405
21415.1
212474
13822.8
168126
176849
227282
424653
1.50784e+06
132024
126498
141385
145565
207028
263546
83755.8
89568.5
766734
190671
139495
741077
813806
889880
260820
380261
607749
28804.8
9654.61
402400
400652
38825.1
1.36926e+06
127108
486182
1.60839e+06
201146
321109
427907
831617
117835
245299
339835
722894
658352
599505
697650
484378
183696
565247
101430
105921
99807.5
117527
1.10748e+06
805776
611509
621767
663815
914282
703383
736488
891853
337633
448635
833933
101401
564920
794773
257435
1.41602e+06
228229
21639
4560.06
227232
254120
1.11283e+06
630399
1.36499e+06
897851
127734
198483
484479
1.0817e+06
352263
420458
295878
316791
389714
802794
735137
174121
404771
211388
222783
599120
451976
267535
806957
176507
18151.4
175736
16353.7
726111
702161
256631
193458
13912.8
98156.9
262833
250098
819278
373973
114904
828603
89277.3
530182
958858
84223.1
98289.4
1.63955e+06
120545
200187
113962
123843
133276
1.30328e+06
202377
147895
157296
225838
229372
315653
313500
634106
579161
650485
539333
594194
525486
211017
11174.4
120501
119899
16912
376266
351156
636768
1.13222e+06
746387
309838
119538
639576
1.79561e+06
495351
150387
127165
272512
205204
171378
465365
509639
560100
644153
116357
238239
251422
126614
135162
114277
327371
32091.9
10478.3
325949
876731
966240
233360
60391
51417.5
1.73113e+06
348814
126822
128587
466622
44792.1
344888
1.36385e+06
131004
316765
1.50144e+06
246612
674509
1.20584e+06
664658
122194
1.63259e+06
112811
114393
12749.3
113957
24047.4
173700
429465
952576
473517
122458
367715
509939
1.12485e+06
214905
1.40198e+06
161021
691821
296563
705363
1.52224e+06
721130
285630
1.30806e+06
740209
783501
118062
823768
906060
992046
418726
284959
185025
887470
786489
1.04594e+06
248670
119628
124939
375656
337821
242518
265469
788178
652685
694766
718265
633759
575509
997791
273198
281443
386599
396850
838208
849165
772484
763774
702225
695006
274203
637643
233303
1.61807e+06
1.06606e+06
139698
122936
465406
366265
1.58819e+06
775563
452647
202919
1.37628e+06
177084
1.42326e+06
700876
1.20423e+06
386781
512727
964563
215991
583300
294062
221457
8440.99
85305.9
84572.2
21543
551236
393986
114009
202785
261391
417233
456263
749291
150917
146155
1.3575e+06
356584
1.10083e+06
168311
1.16004e+06
113232
139288
189294
106275
741516
405747
497334
581995
672032
1.35614e+06
1.23834e+06
1.12558e+06
1.02326e+06
405506
493414
1.36857e+06
1.25076e+06
581342
1.13871e+06
667468
1.03285e+06
179646
155775
156681
376595
412877
162256
113833
89676.6
133246
788505
105373
238040
150773
93841.4
553665
112488
410291
827033
837296
656002
666472
842605
821704
670864
656105
616971
271729
122998
1.47888e+06
489194
1.39332e+06
597865
298024
258872
347978
290761
788397
1.6751e+06
477774
1.54048e+06
105743
141243
109505
223141
120484
379406
795313
368143
267532
295425
322846
352625
153724
603059
546399
498384
205564
280778
1.05069e+06
674630
280956
568125
517932
194653
1.19703e+06
439918
605619
352851
296002
232754
396534
358362
126207
138511
1.04179e+06
1.40875e+06
798526
732816
666662
241923
348063
1.43295e+06
1.24945e+06
161694
1.27748e+06
981604
1.03086e+06
320554
1.5172e+06
109024
101305
138775
145970
148727
1.36476e+06
383953
513421
969515
301031
281981
558825
218113
164109
223087
560480
281465
280699
243835
335802
389001
779447
669426
709979
645012
610860
554530
1.48865e+06
927403
910773
241408
646723
314321
911441
878473
1.00418e+06
967843
596252
577652
1.10318e+06
1.06368e+06
519544
502550
1.20741e+06
1.16365e+06
428063
442102
353306
365285
444538
430802
49890.7
56931.5
1.06779e+06
482250
480180
230495
98554.1
305394
235903
574917
349588
425637
1.26664e+06
916257
245663
846200
1.03513e+06
214296
131658
133304
160567
243097
285663
1.02436e+06
617270
171654
164632
172640
436973
430652
584424
576135
1.08121e+06
1.1092e+06
123767
924442
647337
878966
120188
319368
154976
178803
1.18961e+06
155516
124334
558981
271796
204698
156707
329476
302280
374486
210539
1.08911e+06
210658
43841.2
584242
220731
237029
731055
924927
943388
775951
784610
105038
12670.8
104663
833145
413615
497434
209363
1.71501e+06
1.46294e+06
1.04282e+06
490540
539030
589173
277710
203543
377374
1.19112e+06
524071
221008
124120
1.43463e+06
114336
105810
112594
612930
636650
846515
881333
697182
723726
807636
780147
637041
615096
894330
860372
1.38358e+06
124781
270501
1.57825e+06
210138
263022
524305
45823.2
1148.55
1.19919e+06
182756
241962
1.04253e+06
92179.9
92494.6
1.52307e+06
1.29161e+06
623055
431142
415864
1.44402e+06
407815
58313.6
126682
1.11117e+06
861234
119879
91042.4
956036
1.28091e+06
1.29121e+06
1.51526e+06
132896
213525
165205
1.47475e+06
108347
398336
206338
520662
165999
713279
701166
795194
808394
134040
155904
776055
438810
1.33451e+06
204202
169739
263936
195259
592003
565620
189545
35116.8
96408.9
15920.2
163526
162796
11493
663256
628988
814032
894528
778105
449100
854999
738871
706574
432503
290337
309062
832797
281425
1.1828e+06
1.11126e+06
1.15141e+06
464843
433721
536923
448071
1.49468e+06
539346
314237
466211
1.11212e+06
1.01733e+06
926117
842552
871250
131933
121155
115096
348652
364760
752790
909535
1.24234e+06
243859
848257
776149
706041
357145
811293
124252
865609
126092
119814
116037
122874
160994
418289
382721
1.05117e+06
537746
373200
286367
96464.3
735621
247012
40871
163453
198901
432111
97242.4
337149
202418
196856
179255
174809
232648
220421
459812
379620
86566.5
204653
163653
422573
394798
359389
416149
515525
897301
250671
222061
1.49796e+06
167909
158713
814765
326986
270784
597580
1.50125e+06
874253
943963
424888
695825
373209
284786
197760
59250.6
639186
535318
1.28744e+06
136713
161470
322196
293386
268218
163116
194596
540303
259281
1.38553e+06
395385
393690
1.08382e+06
531719
202423
548881
499366
885210
451873
543002
497215
263405
194129
1.16294e+06
140142
146154
152850
1.07562e+06
895988
1.30575e+06
754444
824993
1.326e+06
146317
476404
626580
1.75649e+06
231940
120238
128708
716340
865785
786793
254272
372462
117813
845746
121233
115257
137802
136193
195607
120705
120870
123448
119461
375098
1.24492e+06
1.4496e+06
400588
1.02776e+06
304074
718649
669466
125618
623377
197010
105877
777897
1.44699e+06
182805
182695
764198
121090
1.2666e+06
125171
124767
299682
970816
864334
700473
802736
665782
506674
301125
310558
300550
901666
160710
120619
173339
111968
117167
1.43892e+06
905614
171816
313010
376642
288888
300450
217195
227061
690944
675284
145527
109829
107291
117453
95339.9
1.41608e+06
149207
200827
1.01217e+06
205837
117613
226757
156032
206094
115326
110134
1.36296e+06
1.26478e+06
567161
408653
1.41375e+06
123893
623228
615345
579085
123162
501341
230264
137310
121705
739492
121762
128990
139116
1.58869e+06
117037
1.03583e+06
460573
166569
147793
220178
941138
256770
263246
355311
437702
239210
120286
151834
740040
673855
1.45004e+06
123464
237786
220774
897888
1.04635e+06
216348
125468
240570
229223
430554
233677
1.13767e+06
1.03118e+06
1.31925e+06
1.36461e+06
226567
942424
1.29912e+06
261906
251772
1.09367e+06
1.03031e+06
1.59041e+06
1.67525e+06
459092
807873
112495
113251
1.12343e+06
153525
1.02382e+06
109940
204361
217785
116369
115816
1.26742e+06
1.08385e+06
432952
106293
305585
949557
419809
1.47892e+06
562208
241836
122479
188934
115314
113326
803465
271872
166939
114486
761990
1.36813e+06
322220
255228
1.56704e+06
164408
626332
233533
1.36236e+06
134583
153603
164048
414857
795684
697830
638670
766382
1.63397e+06
543033
598451
388689
401408
524835
541602
1.00703e+06
1.04628e+06
330141
317390
441404
458425
718229
100723
797659
856537
501324
156228
1.00063e+06
1.02628e+06
481273
405389
863477
719550
111815
120114
116266
105040
1.75013e+06
118526
1.24297e+06
788548
1.5029e+06
130798
134657
808578
550500
328276
603994
664389
240866
785330
197525
949768
1.77372e+06
162974
226672
206522
240200
222171
261191
240332
285055
273084
328149
131583
176015
151536
122578
133640
112661
873460
1.12793e+06
646705
747730
532151
618297
936869
84688.1
623853
636622
486442
467268
126308
1.47461e+06
83396.8
768201
665211
565233
518795
975147
229474
205798
941133
812844
211090
103257
135772
124895
131724
104472
890471
346494
460448
866351
1.66622e+06
1.37724e+06
876111
501144
128484
988729
882525
504963
708224
610367
256630
125664
1.61693e+06
116743
392938
366264
297089
317181
466867
542417
435523
506019
1.16055e+06
1.08745e+06
964506
902914
1.05876e+06
877606
991528
821476
304711
316195
374847
390076
1.1344e+06
1.16521e+06
445714
462152
1.03681e+06
1.06515e+06
516393
536201
946296
971587
860781
883535
1.69543e+06
79641.2
1.43354e+06
171250
833204
610896
618719
670988
680271
551207
546945
214123
217024
632123
629389
895040
220267
177487
393396
1.28943e+06
1.32349e+06
92600.6
114443
1.31907e+06
1.26355e+06
213890
685181
679878
141293
264594
1.07382e+06
557774
112440
313046
506986
426165
588807
344106
1.26428e+06
1.15498e+06
1.05165e+06
956890
342122
423539
1.26967e+06
502305
1.16204e+06
1.05901e+06
582993
962752
207992
168796
316521
346354
379342
460717
538610
90830.5
92831.7
1.62701e+06
1.51109e+06
1.49771e+06
117086
115084
149179
141465
144205
482789
391389
149714
626599
102977
892560
156876
350819
390199
428423
1.27368e+06
218617
660910
347018
307942
425803
480411
1.03751e+06
918642
123150
896379
104846
240232
311435
1.50778e+06
302460
302204
424872
424817
893083
888240
812192
807758
737762
733593
122408
124200
1.03739e+06
139362
144894
49376
221062
310341
688279
627229
571790
113390
131475
564791
760640
563183
765527
943867
509160
1.27396e+06
104133
122308
198215
183750
174790
163782
1.20613e+06
374865
136014
340145
293424
1.35996e+06
123130
115275
118615
394010
114224
122357
981328
1.8005e+06
203707
1.40535e+06
369888
210394
482666
1.61447e+06
118909
603011
626121
165754
158306
122409
1.77601e+06
106277
148370
127497
135341
107375
165780
917543
115847
119549
1.44249e+06
759719
408279
1.26418e+06
564461
1.04751e+06
1.16858e+06
1.46806e+06
706365
528304
745346
127552
138221
122830
193583
114130
1.69607e+06
1.37164e+06
1.35316e+06
1.44538e+06
1.03747e+06
694309
328594
1.1595e+06
485291
1.05723e+06
961355
60395
697270
488728
1.16782e+06
1.11292e+06
87837.8
1.09736e+06
162181
696810
577882
68724.2
666515
429050
324534
799015
93219.5
592852
817551
821106
110400
1.16444e+06
595206
1.72848e+06
1.18827e+06
192235
240878
508750
1.03075e+06
391152
1.35241e+06
1.44733e+06
192189
130728
150929
1.74731e+06
333916
450142
122387
381943
1.30263e+06
374921
350423
634640
638118
444572
361635
524525
606612
1.15137e+06
1.26029e+06
1.04748e+06
952769
361441
442090
1.26969e+06
1.16277e+06
523542
1.05886e+06
603519
961638
99565.4
281965
984415
899108
413092
817466
1.43943e+06
285240
284289
94687.1
912114
687799
689317
273070
1.18528e+06
1.03289e+06
1.42541e+06
707554
1.36815e+06
518428
1.07056e+06
112226
138672
1.64197e+06
242793
552729
716268
132857
16067.1
132385
214043
228515
140248
241549
626550
1.35831e+06
200708
384332
532491
138090
806034
1.49869e+06
802557
249363
248301
25690.7
19948.1
727297
800101
878727
412993
287168
509500
206609
266539
132504
1.78451e+06
838530
34033.9
665150
661657
605770
553771
553944
602434
111090
131696
193186
151611
218650
220839
63458.2
177399
245977
132706
147464
140366
471531
13810
469491
45442.4
812950
1.47799e+06
1.40486e+06
1.35252e+06
100172
188276
100874
72921.4
194306
161411
1.47386e+06
1.42033e+06
1.4914e+06
1.65025e+06
54837.2
262992
384046
382009
1.04607e+06
516478
124125
122803
1.1507e+06
1.20815e+06
227021
62158.7
109336
176809
1.49557e+06
273655
1.70943e+06
58018.2
122703
118892
1.75511e+06
413726
1.26792e+06
835683
808372
735957
760978
132641
784892
863224
949473
457985
322859
172130
111922
112194
902915
581879
994541
1.09264e+06
504831
1.19846e+06
428798
351765
969962
882179
1.06679e+06
1.17016e+06
580755
502257
431285
355670
254406
259862
1.21389e+06
227843
79922.5
139371
120135
104746
820962
341720
1.42469e+06
246718
184983
849244
126077
187775
249583
568930
350206
1.27746e+06
64499.7
1.44679e+06
1.48319e+06
847843
1.45218e+06
212917
1.47565e+06
1.43362e+06
1.51576e+06
103470
1.37375e+06
141937
147853
123549
1.43419e+06
118159
790245
126330
132617
139299
149254
131688
121565
112436
121822
273624
186667
504698
459314
554953
1.09453e+06
1.42644e+06
397944
1.67441e+06
1.26527e+06
912713
175417
561710
511257
466694
203074
660955
219672
290433
73220.7
152883
856191
551310
638925
1.33955e+06
260613
1.1679e+06
134229
160075
163384
356873
331555
383411
1.71291e+06
442538
525424
284801
1.4585e+06
1.43121e+06
118865
713157
156834
340272
192856
75164.4
74535.8
114276
374747
496500
924038
169773
872131
134449
196213
158611
134056
328607
360540
394539
458933
1.5841e+06
221195
942951
1.51375e+06
1.551e+06
101427
175620
1.42922e+06
1.30089e+06
130042
132114
116997
332524
445291
868572
166378
181507
542970
448692
494195
119952
1.4331e+06
123264
115544
212873
799932
117107
115490
125317
271713
274241
386242
389141
814868
818154
745382
742178
674381
677355
503519
492749
540517
553007
193404
182821
104033
140981
123542
1.33513e+06
263141
240645
658961
1.49315e+06
779952
139385
149710
1.47993e+06
152726
139234
51756.9
1.67215e+06
1.00157e+06
124403
108743
679854
1.47682e+06
1.431e+06
124912
167738
1.61982e+06
147020
72061.9
203925
818019
1.64657e+06
158512
151896
196455
176942
355248
242221
1.45991e+06
1.38726e+06
92761.7
104874
69440.7
187803
129176
649009
634137
295662
293309
216155
220984
269185
1.63698e+06
126038
97231.6
1.14253e+06
256091
256475
331412
333916
613996
627244
90995.9
113984
1.40671e+06
216271
231403
536225
273527
152895
244554
189090
160155
393287
431557
473584
581471
1.23144e+06
759719
109071
108089
134821
96010.6
139131
153890
112290
98001.8
125893
101319
119786
256472
257965
242769
121394
1.22606e+06
118034
123845
1.47383e+06
133315
141373
165954
1.49178e+06
1.35859e+06
497754
103675
158943
120486
124322
99092.3
1.33668e+06
1.2893e+06
84251.7
1.45247e+06
1.67354e+06
1.42429e+06
107300
1.64644e+06
841756
1.0348e+06
954662
190229
110108
936585
1.33423e+06
90322.2
103734
360643
1.32377e+06
227219
709272
615283
1.06406e+06
1.10635e+06
256498
197716
584248
1.49219e+06
263818
862922
788560
634170
548760
98178.6
116849
653474
1.34806e+06
277172
1.19798e+06
798467
256525
326815
110490
148604
1.27101e+06
1.1452e+06
164475
1.08234e+06
1.35538e+06
1.40141e+06
309779
1.1175e+06
1.02041e+06
929007
138458
557166
1.45848e+06
448111
621724
126264
150243
310457
956335
200471
454004
495271
861866
774816
1.28536e+06
629625
1.3516e+06
952876
638025
635299
256060
1.70687e+06
621879
431112
1.04224e+06
1.43386e+06
606720
234926
1.08639e+06
218915
221007
162541
511369
257493
260673
347535
353108
795299
805133
1.33194e+06
292979
386191
729281
881864
970373
1.06733e+06
517955
362546
1.69914e+06
15334.8
129612
129095
1.69915e+06
917883
941336
1.06125e+06
1.48949e+06
597011
22434.7
214917
214004
19214.2
943030
696336
755419
876587
693413
933021
757145
881629
393164
122199
124714
322076
348695
29643.1
1.69124e+06
532824
124060
787830
154993
207765
908750
828138
1.51217e+06
346502
255444
208363
572091
628106
690485
819771
99139.5
701743
274058
750338
1.49932e+06
294620
235695
965221
281898
1.46364e+06
121694
100716
597532
749497
307139
242450
24847.7
241413
17518.1
1.55033e+06
404512
39450
13003.2
402760
115233
110593
503963
679159
502262
680846
204300
192614
124783
1.52088e+06
1.43179e+06
921500
278385
222604
111083
987386
1.3773e+06
1.56921e+06
33070.1
187912
233326
323704
694548
632468
576061
111815
132032
1.34266e+06
668429
1.47415e+06
129080
1.3924e+06
943940
685274
864538
758440
937447
684027
417289
222612
595530
296091
351342
1.08386e+06
483035
567225
456080
12451.4
44194.7
454106
92365.4
1.51396e+06
155997
1.78789e+06
211173
254307
149049
131794
485201
294186
53856.7
591792
740141
142534
170172
1.78019e+06
139037
131036
1.51618e+06
255144
854826
792952
162665
1.46773e+06
233169
79306.8
879479
376462
274745
1.55162e+06
1.36117e+06
327939
147764
109652
1.4047e+06
170090
134367
211109
168717
405570
134068
1.66094e+06
657082
599897
721876
111874
58570.1
230689
122005
118652
463557
517203
325122
635840
834685
12227.4
130778
130173
15428.7
125202
1.02139e+06
619134
1.12373e+06
1.23369e+06
534220
1.34723e+06
449512
363471
1.01426e+06
1.11465e+06
1.22469e+06
1.34013e+06
365282
624396
453025
538135
189588
953775
678063
769651
858444
938642
678995
1.06147e+06
84173.5
76689.2
181754
545928
496669
453531
700263
290994
349982
395210
719711
196811
118623
113117
114478
1.03e+06
263950
167850
116905
853704
776697
105806
1.91982e+06
101053
279713
1.45007e+06
740732
116899
117459
374183
670319
1.54846e+06
779371
1.06531e+06
722377
629783
901304
983048
107948
102833
116369
641608
102783
94913.3
158032
174042
383552
364509
103831
210777
337891
133688
13847.2
133110
20410.8
433676
150357
15377.8
149691
18306.4
1.5582e+06
261729
350438
695868
17690
158839
158195
25059.6
19292.1
178084
177347
22715.4
114277
266199
902364
1.9061e+06
1.54191e+06
1.20407e+06
1.02585e+06
972524
413084
208899
460009
867069
765312
1.56663e+06
1.0579e+06
110865
794187
188616
1.56925e+06
489716
238068
153001
1.55692e+06
1.589e+06
122421
576452
862603
146258
156994
756988
753713
33077.1
334284
14397.5
332837
29798.5
297779
15410
296496
119720
141856
1.23113e+06
117722
12126.5
72974.5
970478
1.45136e+06
101983
104273
1.74529e+06
143956
181811
594133
374876
414865
283430
258185
945333
851582
861000
774664
783522
705034
290482
900056
1.45415e+06
689386
236867
320890
612142
679803
747603
223738
1.62759e+06
1.32234e+06
224861
156578
157473
851168
655507
372462
1.20507e+06
938510
728484
748174
917539
166746
943155
40184.5
1.35972e+06
141778
173303
380291
230786
415642
501781
670647
586749
1.05468e+06
1.26973e+06
1.15959e+06
950506
414641
499962
1.27847e+06
1.16651e+06
583745
1.0616e+06
670067
957713
692512
687292
502576
503520
11934
60316.9
1.08553e+06
1.36841e+06
1.44496e+06
478662
605281
1.51773e+06
1.35377e+06
44709.2
359530
623899
621192
230353
767045
116875
108517
242559
1.04547e+06
770297
625193
638434
559090
542864
310661
318535
1.54548e+06
12005.3
558563
556144
53911.3
1.35757e+06
396465
309764
1.01973e+06
191220
446043
1.64771e+06
278371
27341.1
10773.2
277155
873699
249943
24471.7
11704.9
248851
175847
225661
471412
310263
126574
138260
1.64093e+06
1.43724e+06
751283
551052
121572
936484
854432
88046.9
1.51171e+06
125933
124571
1.45192e+06
123371
118901
125064
210104
1.96241e+06
693788
625510
971634
875628
693656
624972
885485
981985
194269
189296
912437
121636
113983
153400
122520
1.60058e+06
555687
557497
426290
370893
700560
86639.2
412368
414779
1.15413e+06
262453
8450.79
51430.5
1.45062e+06
184294
238118
147551
996389
549591
466170
1.06947e+06
122422
135760
178688
221597
205561
166106
1.56762e+06
1.50557e+06
127353
138221
1.03239e+06
670293
380001
1.04728e+06
377949
512248
1.95342e+06
529390
527092
141491
119323
203202
666997
113299
1.33167e+06
462889
673311
400427
741417
347039
815756
897812
287944
94473.1
127837
671165
482358
1.3452e+06
1.4528e+06
122785
45988.4
3250.55
704609
713416
1.78047e+06
467459
558285
269567
292685
319218
137076
1.65517e+06
941839
1.41936e+06
130423
318790
33284.3
507464
529774
1.52767e+06
193841
156696
120866
1.25141e+06
121842
716418
1.45561e+06
1.44547e+06
453669
271460
213287
109544
1.48778e+06
989968
582637
574796
818234
839198
498431
504998
926088
901446
429267
435052
1.01791e+06
991128
356049
360340
1.11416e+06
1.08553e+06
129497
140555
38122.3
783574
105874
1.48128e+06
114784
476820
400650
408954
565753
485860
555118
322517
327837
1.20722e+06
1.23568e+06
1.1261e+06
1.10188e+06
913162
1.00357e+06
934215
1.02653e+06
320654
328793
408480
397837
1.24196e+06
1.21282e+06
483492
1.13743e+06
1.10921e+06
472329
1.01144e+06
1.03702e+06
562855
549423
943221
919929
136768
212940
195873
180131
135769
163618
298787
1.1059e+06
914964
1.00578e+06
1.21149e+06
593809
513195
101418
106698
1.15082e+06
154850
762841
150434
1.65683e+06
915951
119043
1.02731e+06
633363
1.13082e+06
1.24168e+06
548390
1.35524e+06
462257
376094
1.01766e+06
1.11854e+06
1.22937e+06
1.34535e+06
377470
464879
637328
550313
1.25477e+06
734938
286824
238991
208612
1.35279e+06
925101
400099
292797
343383
116985
139948
111071
469160
8519.9
45065.1
467124
125445
125724
143299
148208
347340
195057
159332
1.57507e+06
338293
326114
438929
438832
778555
786219
118039
965598
603145
1.40987e+06
1.04626e+06
456809
331249
138419
1.16171e+06
1.15722e+06
767059
1.29174e+06
99501
96578.9
1.33957e+06
246989
169174
126335
102567
89532
160655
1.28598e+06
143688
128109
420306
370348
715743
726447
876675
855442
314068
307751
421961
413983
1.27066e+06
1.4557e+06
297926
351495
106804
127429
860923
1.43712e+06
126052
123256
871086
677914
136958
190352
223847
119325
114773
336248
310401
369823
340875
280822
308502
150355
146506
147905
177809
305369
109618
1.21563e+06
1.49574e+06
63201.5
9923.15
178722
301405
416528
677001
94123.1
115585
132670
337084
324241
176738
229267
180763
237395
1.16906e+06
920272
174433
117953
110533
103961
264783
274046
396060
435463
190328
154455
159067
199073
1.41308e+06
1.46796e+06
956531
574029
780229
572382
785489
432190
1.38023e+06
1.39885e+06
271672
1.54779e+06
1.10611e+06
185524
757005
419508
424999
385742
461891
348513
383509
1.27559e+06
159418
101300
1.35479e+06
1.53166e+06
1.58166e+06
1.49229e+06
24806
256535
6269.96
255413
745292
469381
695728
409686
766004
842525
350954
920398
293846
4009.29
58977.4
356679
364748
510843
521249
996406
1.06696e+06
969972
1.09604e+06
881546
906194
506947
558546
795037
879979
875824
969970
962939
1.06585e+06
1.0516e+06
1.16558e+06
528403
587417
461471
511209
438699
393952
392436
436220
360886
327472
203939
862853
657334
118657
118739
124780
246407
322360
617916
144666
619313
682203
75472.3
70705.9
465363
1.58992e+06
427857
424425
957349
952390
309913
312489
1.38748e+06
1.395e+06
161110
163192
887304
146444
646602
720400
791936
240446
187832
150535
169831
212520
160567
200570
504435
274249
673848
658972
743210
734244
738272
730746
829427
1.03247e+06
266324
982292
1.4475e+06
978024
324555
354785
144425
844576
152357
137385
184971
155611
322096
208305
405875
309496
265409
1.11105e+06
525298
350275
384074
420706
203252
160236
438096
377287
173489
1.47979e+06
642187
639402
1.3633e+06
1.56478e+06
555147
590530
586830
134743
887619
1.43359e+06
713956
120824
99249.5
1.8052e+06
312760
446631
966900
880095
799727
441568
1.00066e+06
116965
683591
1.52102e+06
122591
73388
165853
1.41969e+06
167344
416878
379847
362782
805508
885896
971998
399069
270593
639493
660747
1.1338e+06
1.19024e+06
1.6668e+06
121332
56906.8
117648
740017
781426
674148
711790
648037
613139
1.00045e+06
130650
173475
226633
243156
482309
137916
87110.7
394751
528643
1.00436e+06
951554
302485
1.66574e+06
182897
240536
529922
1.19622e+06
1.5331e+06
441954
1.47286e+06
488126
1.48473e+06
1.10836e+06
1.10351e+06
119153
540295
12456.2
81528
45674.1
71110.9
1.09049e+06
131815
732027
547660
564897
289560
288585
226063
222595
112289
130336
146579
99713.8
119635
122077
1.47359e+06
435180
330887
818732
677264
809720
344981
177588
609208
679771
119325
439919
455302
533197
557128
81456.8
1.05174e+06
180997
474057
519202
570873
195509
156884
315685
346543
375950
113652
159645
780279
904810
1.43061e+06
54654.6
9854.45
682127
153846
186082
348397
244500
974743
187540
432289
1.54811e+06
690659
294383
1.34463e+06
123889
1.75675e+06
919733
128000
151938
773.815
36424.5
385224
383548
1.29736e+06
464999
356117
868812
1.48568e+06
150737
784521
121386
1.24098e+06
165194
474160
432742
97269.9
128169
148863
81401.5
92086.6
173023
1.55331e+06
120847
105442
864380
860634
1.61711e+06
146163
86999.5
1.61463e+06
686028
1.60897e+06
768637
34363
1.58251e+06
1.27008e+06
857524
1.27246e+06
875193
181160
401595
124483
217054
176100
460092
959745
297397
317184
428656
443752
547568
562079
212757
116609
108951
126561
486868
484753
339317
337922
170054
171547
231235
175908
402304
437132
363173
110712
215124
1.75679e+06
1.00433e+06
1.60676e+06
1.53814e+06
359901
256470
745531
617361
679261
1.21006e+06
385931
976269
959991
543768
551018
1.07326e+06
1.05552e+06
1.15752e+06
1.17627e+06
473803
467931
1.28733e+06
1.26508e+06
393737
388635
315760
311703
384980
553139
395695
472448
541787
466784
1.17102e+06
1.14744e+06
1.05109e+06
977222
1.07353e+06
956838
588896
603792
1.16701e+06
1.2034e+06
506705
499711
1.01068e+06
986901
813724
834030
919367
898188
1.38723e+06
96569.6
95418.3
95953.4
249689
259748
1.01208e+06
1.75944e+06
480607
9102.09
106258
18222.4
105795
118071
1.01103e+06
934711
667204
622288
1.0309e+06
1.11564e+06
1.13265e+06
1.22525e+06
541580
580065
1.23964e+06
1.34145e+06
462082
494060
380632
405556
1.00605e+06
930505
1.10756e+06
1.02416e+06
1.21819e+06
1.12657e+06
1.33293e+06
1.23175e+06
670541
627157
583625
545104
497529
465093
380266
406705
721186
727662
799669
792758
373566
872141
865621
370374
254332
257033
252686
297835
275781
913468
1.75818e+06
436198
282782
828714
995883
910216
126222
238594
219554
126319
101117
1.31118e+06
142614
163923
550024
586933
409681
295094
275217
382410
893190
942528
167059
473666
434181
394475
144265
134043
526201
498284
1.46903e+06
606578
410685
241663
462722
158024
161793
118535
588964
310010
317046
1.25235e+06
1.28534e+06
520588
434794
357175
102982
97567.8
682554
122138
184507
568485
566006
1.45511e+06
1.15258e+06
256291
123318
109217
114328
790023
1.54921e+06
1.44986e+06
184149
628582
1.07436e+06
1.59525e+06
1.46343e+06
109092
208057
648006
123033
741005
507516
283173
341180
424264
503123
582118
1.22394e+06
1.11847e+06
1.01761e+06
925630
343553
420369
1.23096e+06
499916
1.1273e+06
576504
1.02697e+06
933166
1.57873e+06
279396
275026
13361.5
84280.1
1.21338e+06
1.18999e+06
664145
677938
229423
1.08808e+06
553151
843839
142116
140389
880461
610365
973821
530181
1.07028e+06
1.17184e+06
454752
376858
872927
968148
1.06403e+06
1.16658e+06
532921
611348
377450
457297
1.42711e+06
902101
205461
1.09553e+06
245176
84338.8
586440
1.54055e+06
558306
137271
113529
1.39368e+06
1.428e+06
121022
713091
276076
184764
106099
197393
111546
169333
103800
112313
125849
836526
911185
713396
727987
902114
1.61869e+06
1.23473e+06
547703
393079
1.31104e+06
820525
1.99981e+06
108348
133087
188659
178268
185453
118378
1.01745e+06
930868
846343
323076
768016
388251
453391
520646
1.13485e+06
3078.2
55388.7
27032.9
58668.5
63132.5
484061
905298
631689
1.00044e+06
549499
1.09954e+06
1.20429e+06
472081
391150
1.19646e+06
897409
1.09446e+06
995670
551859
392101
473438
632323
986605
1.03707e+06
773197
169657
202011
827894
122448
1.09323e+06
434764
176565
224382
1.65052e+06
232568
632694
108198
663700
685769
528650
539781
635447
182003
1.01458e+06
675686
660397
530998
549767
1.18566e+06
114352
153192
139617
680027
693955
664171
633655
662806
1.7582e+06
218203
599890
656557
545604
306022
573892
253273
197022
1.18052e+06
1.31724e+06
1.10849e+06
150732
66744.5
1.46367e+06
162611
148249
1.39638e+06
111739
13650.2
112222
9537.02
615593
221719
281865
484366
1.2156e+06
109689
111361
93475.8
99753.9
1.03174e+06
203671
19337
204568
6086.4
107875
844817
787654
1.40695e+06
314151
1.4862e+06
124961
1.07862e+06
1.50183e+06
649909
160509
1.01857e+06
123022
530305
899217
1.08646e+06
988537
1.18947e+06
501066
579241
1.35792e+06
125094
339590
933312
457456
1.66506e+06
98238.2
140911
143656
656332
46795.9
380262
129331
110850
1.12793e+06
147866
1.32585e+06
465530
751406
1.65928e+06
187232
487510
534211
587330
715948
608476
307697
232131
284242
124347
184080
212526
198484
60074.8
283769
126074
1.37508e+06
90918.3
303827
171908
143280
295787
183553
744246
119325
101469
529923
578639
121031
132113
1.40991e+06
1.41393e+06
123724
164026
130423
174064
128058
114497
737322
792181
848632
896955
1.51657e+06
933837
507637
383796
826516
178274
662543
799861
729132
266894
377934
101003
341615
1.8633e+06
519107
803980
323334
100903
810988
1.65005e+06
338568
313962
601462
569160
1.44117e+06
1.85369e+06
1.72967e+06
572092
586213
1.42319e+06
830522
800398
1.41988e+06
152465
115070
1.6879e+06
114088
118967
119898
108720
101568
137022
215613
133913
180551
52273.1
122564
104629
108325
1.37158e+06
143821
168901
133848
180838
195772
126013
217933
138197
193967
243481
467906
297343
49940.9
177550
236815
257148
158978
143317
193404
176239
380303
361014
935338
505315
284308
215010
177719
463475
508292
558592
664501
1.46233e+06
1.56483e+06
163149
171414
108840
115625
110356
139164
146799
156216
174188
1.3127e+06
147108
1.98934e+06
1.53315e+06
134410
96914.4
140320
95701.9
147766
100644
99444.8
118389
1.67245e+06
202026
163203
363178
394359
330904
123062
1.40709e+06
1.31025e+06
1.22191e+06
286229
1.3046e+06
524135
1.47128e+06
174982
117486
114004
119867
123433
647741
210209
277311
923087
151626
140836
287368
290409
1.18576e+06
1.21356e+06
971493
1.60964e+06
1.10378e+06
1.15836e+06
634815
82924.4
1.09899e+06
1.64711e+06
1.76957e+06
1.30788e+06
620041
629759
460895
476006
91583.7
474827
436107
397032
172332
226903
812540
626647
603002
123046
77876.8
753457
501695
1.36679e+06
96354.6
74322.9
217286
134301
1.49053e+06
190921
1.19279e+06
606573
573843
487948
510182
1.46341e+06
122494
118824
113084
1.19861e+06
833409
415147
306789
380349
469199
552426
638912
1.32822e+06
1.21346e+06
1.10369e+06
1.00389e+06
380165
466294
1.34124e+06
551462
1.22775e+06
1.11798e+06
636232
1.01514e+06
1.38216e+06
122382
1.02565e+06
76089.7
469422
971162
347595
887974
151854
1.63125e+06
698789
546401
98390.5
214696
124268
83798.9
1.87165e+06
732005
740808
201250
1.52787e+06
291979
21847.3
227504
226503
8944.46
133465
40293.6
1.4476e+06
521764
624885
381915
456785
327535
332294
147821
162285
160417
181345
1.47852e+06
11573
78404.4
109619
678410
350469
266646
152972
124614
113918
116918
1.8636e+06
130219
1.41929e+06
77246.4
851771
107558
1.59282e+06
1.80617e+06
204575
275658
141896
684430
548119
502187
454793
127903
211614
213347
114158
127114
1.69877e+06
743217
817977
77805.3
11537.3
88073.9
8243.59
399537
397804
38231
973916
1.311e+06
87747.9
263430
782301
1.61404e+06
394020
419118
385599
349352
155617
646283
508364
179051
926784
514779
1.09263e+06
1.34575e+06
272847
211064
523545
269328
1.06132e+06
117391
757990
870472
334146
384390
281839
247590
343841
420696
500998
580554
1.2259e+06
1.01976e+06
1.12027e+06
927644
340199
417109
1.22759e+06
1.12487e+06
495839
1.02509e+06
572379
931605
111116
356989
444883
332175
416119
536741
620997
501433
582532
1.39947e+06
1.16985e+06
1.28286e+06
1.32419e+06
1.21517e+06
1.10898e+06
1.06501e+06
1.00946e+06
357463
333024
414285
443847
1.32249e+06
1.40729e+06
496337
532013
1.21358e+06
1.29032e+06
1.1062e+06
1.17536e+06
578199
620434
1.00634e+06
1.0694e+06
485068
598552
1.04489e+06
63039.1
146088
1.49365e+06
510816
493160
1.47814e+06
1.5425e+06
1.22623e+06
1.76626e+06
137373
205764
204504
1.44494e+06
96322.5
28195.6
135070
156087
279279
237276
258964
509419
617432
6360.09
68369.1
29732.2
70028.6
168901
1.33245e+06
1.24334e+06
218560
281647
519359
1.44644e+06
902288
221363
211594
210662
20713.7
12783.2
1.47222e+06
289357
479306
413237
969678
730885
882763
803915
1.49169e+06
722182
632441
1.61135e+06
321173
144963
147940
1.05737e+06
968240
880697
799203
333537
399861
536935
468590
335426
992414
1.46447e+06
115201
884998
1.18035e+06
262623
954320
541440
412104
639156
500745
178085
196746
871486
540740
172884
1.24491e+06
715636
780612
1.28226e+06
423904
1.4617e+06
124286
704688
701637
458209
528121
229082
246900
187841
196263
63136.6
1.58869e+06
115628
1.32444e+06
1.17965e+06
338178
155795
1.60245e+06
250323
737960
821342
1.14116e+06
1.64453e+06
636445
492744
649646
647542
287065
294215
225281
217803
183098
237621
449788
412806
374648
979542
1.07895e+06
1.18665e+06
1.29865e+06
402051
491707
661262
575568
401980
1.30646e+06
488697
1.19327e+06
572727
1.08617e+06
658061
983990
1.10499e+06
1.89716e+06
115605
260562
155991
190402
436089
147861
326790
301152
272913
1.27103e+06
1.52813e+06
1.20416e+06
91531.1
1.35029e+06
1.45744e+06
859918
805178
818599
753665
117436
1.40253e+06
398976
958920
954762
143215
522099
1.30302e+06
826446
817734
247728
1.20906e+06
872084
1.05849e+06
283630
233175
1.3097e+06
267841
1.14756e+06
512873
367744
120888
908612
214566
295859
347252
62035.4
1.53706e+06
161799
840434
121024
125427
836797
122419
366367
1.90433e+06
83293.3
917450
119803
748775
1.24255e+06
1.13004e+06
1.74459e+06
188798
236366
401005
160175
386247
353954
322038
11149.3
67849.7
129036
106419
604832
829889
161050
1.81022e+06
107182
102201
787868
853636
1.41205e+06
761001
807131
1.36304e+06
6972.31
401136
38895.7
399398
1.25539e+06
711387
302263
783417
1.28057e+06
323645
487261
235515
182961
1.60774e+06
1.07864e+06
1.01653e+06
1.52564e+06
53250.2
214316
20954.2
213375
10506.5
147167
138933
324457
267280
299274
291026
244223
272575
1.51383e+06
234901
208201
233941
298167
339773
693504
796001
638235
730474
581038
664686
1.54845e+06
816985
898459
988178
475526
333377
421822
98016.6
102037
109835
948777
429321
370876
755963
869383
321339
277711
123194
120462
112366
1.28792e+06
817915
781100
859889
753624
308468
326598
1.40292e+06
1.34148e+06
1.04123e+06
121332
123334
683249
622950
750312
756006
315842
1.31866e+06
242656
10903.9
93366
92671.6
212527
267579
492565
312989
28672.9
113859
1.52297e+06
1.53631e+06
1.69613e+06
1.88725e+06
374086
463034
548456
634926
1.34227e+06
1.22656e+06
1.11583e+06
1.01516e+06
374719
459523
1.34931e+06
546339
1.23602e+06
1.12547e+06
630110
1.02237e+06
1.57847e+06
1.60217e+06
1.13792e+06
120885
185857
1.46723e+06
1.56948e+06
1.55559e+06
1.46876e+06
120150
132310
156708
170384
222613
157136
191655
502875
387424
309262
263065
926618
1.47655e+06
176171
139091
58399.4
122282
92515
1.65499e+06
100171
103948
564020
694953
428975
5476.62
40636.5
427113
102633
474985
354917
898126
118514
136544
257380
1.28187e+06
509943
121107
184459
20209.9
183711
26120.3
469692
347869
950210
351305
1.61189e+06
1.89471e+06
1.05693e+06
605586
1.16162e+06
1.27472e+06
519111
1.39071e+06
432442
346514
522883
606337
344863
432715
1.38255e+06
1.04988e+06
1.26504e+06
1.15329e+06
270887
209815
508561
610191
1.25577e+06
120690
150912
260302
56223.6
437181
188657
157004
132751
52797.8
1.20298e+06
181387
106156
110482
191836
243926
445504
116438
144940
138871
123402
181543
232242
207102
242477
997659
116305
152993
9870.64
484236
482132
46856.7
1.30832e+06
795517
846727
1.42121e+06
263728
453391
642530
442010
207018
127537
120977
84822.4
76829.4
95772.4
98098.9
325797
1.0107e+06
925072
391030
841293
454937
763038
523164
348400
192692
251684
534355
452748
108075
197513
167503
34360.5
347407
16266.6
345907
478047
878520
850044
237998
124054
121187
788617
118760
34921.5
615163
152937
654393
1.37354e+06
289215
680864
748248
821288
378604
268720
1.47397e+06
216663
135442
113923
119812
999884
447462
483849
531373
174776
291083
1.62903e+06
440617
535014
1.70619e+06
1.19804e+06
223820
191388
212177
370548
488340
769700
883100
523773
41234.6
378960
46360.1
1.18048e+06
783822
257264
258390
13324
25691.7
91037.1
84264.8
1.22461e+06
1.2928e+06
116015
515319
30097.9
11937.3
306897
308235
1.28272e+06
1.16757e+06
1.01023e+06
1.08482e+06
579175
613725
1.11054e+06
1.19185e+06
1.21826e+06
1.30794e+06
497891
525132
1.32864e+06
1.42725e+06
436946
413806
349109
333243
1.0749e+06
1.1807e+06
1.29516e+06
1.10459e+06
1.0056e+06
1.21149e+06
415278
437630
529810
614083
580962
500247
321293
1.4106e+06
786391
854469
142091
227533
210318
685090
581621
638535
700608
324642
232995
362978
1.74584e+06
470170
94972.8
907441
152209
859521
812608
321077
1.46001e+06
1.7539e+06
263220
322899
455391
528317
1.07939e+06
983067
894551
813798
1.32577e+06
125230
85421.6
1.47253e+06
93651
94432.4
13040.7
649363
646547
62093.1
97572.7
158037
429840
392051
17144.7
164354
163648
19376.6
92730.1
86241.4
455109
498984
547901
646921
264047
197974
165070
138689
14951.2
22634.6
138123
1.34869e+06
1.58489e+06
98681.2
941013
134603
108494
106668
864154
832889
1.46395e+06
98804.3
119303
120262
176281
1.41375e+06
941094
162100
178258
187244
181629
131302
992101
1.0588e+06
310243
833467
418945
107740
407056
297889
308556
324353
1.44606e+06
1.34546e+06
806392
747774
810135
869812
147496
115571
123212
566502
465688
519708
435870
298242
231455
589522
383944
1.37715e+06
108289
124238
1.40277e+06
984064
118323
144572
202583
195651
180627
216757
188136
209337
112843
120504
1.21081e+06
1.09576e+06
693259
726743
753607
1.23411e+06
804630
180609
239901
309367
583220
351460
133618
1.41023e+06
116769
105761
150468
1.39877e+06
1.2794e+06
316773
506091
224499
172035
1.47228e+06
824629
281692
212915
452641
304838
194870
167914
157308
141228
407272
1.28775e+06
347048
376236
241595
220972
314994
261043
149401
141839
1.97574e+06
651432
522512
405889
127723
1.4638e+06
723181
376330
1.04943e+06
509784
527706
922912
508632
385746
734985
67636.9
495819
252289
432729
395233
360816
169773
72874.5
592263
93043.6
112285
1.10252e+06
345693
509226
428383
590617
1.2658e+06
1.15659e+06
1.05272e+06
957791
344137
424790
1.27241e+06
504809
1.16348e+06
1.06019e+06
585160
963724
1.31255e+06
1.29417e+06
1.27666e+06
1.96662e+06
841643
111716
1.00956e+06
478904
736970
119022
134032
1.13633e+06
110753
119010
9381.81
70832.5
657672
528740
930012
111293
432407
931501
1.99585e+06
450419
1.18319e+06
475011
93655.2
56694.1
148118
189739
259030
454387
1.77362e+06
321956
1.1436e+06
476628
1.04277e+06
948229
68221
73736
189915
1.79508e+06
1.41862e+06
330283
1.32791e+06
348023
57989.1
884938
166462
464667
1.05615e+06
337099
280738
301043
1.53692e+06
126620
522090
381206
1.98579e+06
158178
313722
145671
1.17342e+06
122740
159797
144031
198541
176934
291751
294934
206364
1.20222e+06
117378
214711
199243
232615
160252
141048
172012
678791
1.72275e+06
130190
665838
731430
802051
364187
257034
956898
480547
126315
111854
103160
154181
106020
162456
204046
224474
142591
237863
717695
1.40618e+06
399400
1.24579e+06
553369
117492
1.0691e+06
274454
295778
292583
1.00223e+06
198033
820996
823144
256924
362407
798872
728357
663005
1.17949e+06
116187
121163
795960
875398
958646
397353
269601
830797
1.17542e+06
10581.3
74125.2
202498
801484
125062
119789
1.68402e+06
444458
366822
129537
464527
316076
391015
538954
867921
1.14752e+06
954061
1.04805e+06
314268
386540
1.15699e+06
1.05579e+06
962835
459420
875533
532490
426919
439943
123015
73663.5
133827
117637
64602.7
853502
234459
84421.6
10524.5
487020
164432
84214.5
1.297e+06
1.5577e+06
117346
1.67304e+06
1.03829e+06
197821
206165
147975
1.04249e+06
86517.5
96991.6
608939
502198
1.77488e+06
1.51875e+06
119833
108375
87716.2
16289.9
147785
147183
23790.3
18220.7
170563
169851
20986.3
114215
503561
973132
371688
829286
832599
1.67313e+06
277727
128510
144754
126088
1.30119e+06
1.57768e+06
31496.1
319362
13163.2
317977
27590.3
277312
14393.3
276110
227639
101614
119294
453534
489912
627853
579598
125462
124904
57921.7
10960.8
1.48414e+06
312521
1.30734e+06
37313.9
598516
595919
1.62733e+06
127476
11011
522140
519873
50023.8
43001.5
250995
211671
197734
228238
236223
119559
112149
114646
1.71678e+06
117971
915375
1.0067e+06
1.10362e+06
458791
310171
1.07191e+06
403726
155151
741262
1.04983e+06
1.58056e+06
101726
103889
200137
1.26629e+06
1.44306e+06
534061
1.20312e+06
385993
98334.6
288506
407730
870758
791973
719909
149446
1.19576e+06
475538
397260
124594
1.22465e+06
1.54559e+06
409621
516305
388074
1.5743e+06
1.80211e+06
154681
1.19543e+06
62402.7
1.05403e+06
89240.1
108840
122101
201353
141921
128129
415618
382656
646998
125199
1.79527e+06
486497
13035.5
143223
142584
13028.8
117322
317756
169061
128985
134182
1.23765e+06
1.23048e+06
1.00479e+06
849520
340014
449835
622126
523281
452915
423191
179216
191060
216054
231518
501769
81190.2
928427
736744
734730
921487
80176.5
260085
1.50941e+06
1.0237e+06
128096
935907
1.13995e+06
227563
588603
413645
298355
992842
1.47885e+06
112326
344855
339182
141230
121676
206239
217497
1.18015e+06
230507
708666
378047
287345
743170
898290
817280
427470
299742
119760
126634
278999
555953
215486
110605
734800
808629
1.50651e+06
1.389e+06
146574
138597
130853
1.27169e+06
1.07608e+06
1.06827e+06
193980
209771
225659
131747
470149
284738
124590
128154
365765
448775
525888
608064
1.26544e+06
1.15613e+06
1.05188e+06
956815
446350
364923
529065
1.28543e+06
609722
1.17792e+06
1.07279e+06
974385
1.08697e+06
1.55299e+06
240717
101658
157258
183823
352377
117408
95993.4
98298.8
1.5458e+06
121727
168256
1.34686e+06
290421
116487
558096
494005
862855
382896
280529
1.34354e+06
935354
154165
240059
262881
146065
118484
693498
90695.2
120426
459135
319495
878649
966425
799133
252335
529041
1.0553e+06
93953.4
217008
178434
363403
250159
131904
170130
214151
431233
288834
99597.3
101190
245202
1.34749e+06
166679
217698
780645
231295
709940
641842
277535
368431
525746
843129
876562
136939
151103
105560
123475
926841
285972
392372
59123.3
295262
95918.1
482961
1.21593e+06
371624
223699
180699
104072
260263
125128
124690
109260
131744
154427
129423
162641
136719
107070
1.20087e+06
92634.5
92037.9
9720.19
118296
898364
639451
525158
130331
118791
135056
162354
179112
150170
318574
303940
273718
285335
736783
101464
452909
479464
138076
167212
274192
287974
534853
361525
712869
702036
390700
338296
233594
657834
722986
788437
730242
812662
113361
426772
466613
1.20552e+06
537565
391973
279963
251787
198362
471244
70452.5
530440
127420
169479
141415
286763
311018
338585
123567
623300
620572
203043
170710
160564
138019
244338
279760
233436
135046
147848
272432
287376
250443
263017
230530
241959
120241
657354
748634
211891
137003
1.00141e+06
1.66125e+06
956089
965019
703769
774786
887008
956693
702252
80172
82604.4
122508
8660.29
59957.2
138477
184777
124179
638159
285606
452819
206764
161571
1.11794e+06
1.07787e+06
657098
329733
249411
158021
201508
447836
276106
434249
1.76441e+06
178013
118199
245814
286036
266770
123073
172762
1.18232e+06
789801
795119
171539
161350
152591
113034
50873.1
773480
622738
708020
673267
252419
197284
455249
116934
115629
137711
159259
538284
155978
191347
318107
180809
227578
413030
116478
123377
1.06606e+06
314350
1.03438e+06
681441
353817
810476
736813
670696
246446
176347
214276
445334
676616
188739
132441
151573
161149
143672
326293
349426
214248
223856
136205
133888
265773
295684
246791
273701
250931
226414
234697
152562
183349
534664
378031
455073
414483
577505
506498
1.09651e+06
127350
380012
878732
799087
727532
261053
509055
885865
169102
564889
286180
396332
1.14593e+06
871171
123554
111067
387587
405264
224671
121485
406052
130516
229038
496959
741013
432709
816168
897707
370511
983623
308627
233309
305374
309816
237648
586150
587168
181031
167303
419053
550857
607903
834658
766471
772033
839168
555044
607617
1.01716e+06
107054
358292
111994
186893
202449
1.45955e+06
140138
311629
114878
116100
305639
230602
704992
908990
567935
397560
286388
438010
1.45109e+06
275435
227961
245594
1.2269e+06
1.20558e+06
653871
763306
123522
655927
720741
790836
235904
340096
307786
83919.1
93216.3
125960
129780
481482
204550
1.40487e+06
301361
158535
1.27631e+06
1.21059e+06
1.56392e+06
676447
774492
115822
101962
121152
125333
149321
129648
262043
242735
225579
110111
263726
367415
749239
620157
682638
205502
1.56681e+06
1.33354e+06
1.44706e+06
101882
170713
124203
144412
1.27235e+06
322116
149984
353205
1.26691e+06
997814
704403
126195
103884
122488
113686
120383
125919
130675
135732
142605
126032
1.46927e+06
351648
253386
324683
206614
118606
112162
153982
180619
150131
131102
232881
1.07652e+06
876798
1.40671e+06
332239
876879
542842
964583
468791
1.05799e+06
1.16248e+06
395874
477803
321829
401770
553202
1.06293e+06
1.16263e+06
967467
879971
323174
1.13918e+06
216689
133800
151943
99691.4
1.56619e+06
119474
96475.7
1.26742e+06
1.01897e+06
1.06159e+06
232503
239354
1.12681e+06
831293
125060
119201
121256
868529
737584
120976
113897
299230
189410
1.08222e+06
401501
539246
400384
765954
418636
460382
116110
114990
1.47365e+06
112062
1.46039e+06
1.42658e+06
203257
888267
793764
124878
169284
121817
121371
792809
877382
1.23101e+06
794539
200110
655931
596474
542653
120594
467340
441068
446486
890025
885593
736346
665471
638096
208104
254324
193148
270208
514417
507908
981326
729763
325293
485893
407244
756260
717942
831570
914399
789759
867861
454652
429607
306378
324023
428615
421053
167519
185923
223428
199109
1.07342e+06
598350
1.30984e+06
350560
550454
192755
1.25626e+06
74888.5
76196.5
7840.81
132499
153288
566704
115708
245933
333145
778295
117670
552677
354759
586070
673695
8423.02
68748.3
167739
695202
143168
349504
321234
293025
399870
383687
622302
700437
1.51364e+06
598783
619281
130063
174363
162036
82797
245468
189280
157781
408877
448604
492164
583870
365969
1.46246e+06
1.02814e+06
361618
492125
113522
176803
180917
1.7047e+06
114112
215026
200747
165304
134354
127206
158900
139435
330349
218696
137194
1.56185e+06
548370
192495
156690
340450
708287
79152.5
388539
117230
118484
504340
933788
518863
516489
112286
795979
651249
324221
451911
1.03753e+06
1.21971e+06
865951
715550
788451
503705
170687
193249
354850
264239
1.46742e+06
1.67124e+06
1.53981e+06
122273
1.33257e+06
1.45153e+06
630641
125843
332747
924810
877141
841071
964593
764570
797507
454353
322348
469939
235104
88857.2
94875.3
1.02399e+06
108578
127256
405575
388669
178639
222840
111182
121876
116755
1.44747e+06
115705
189417
131203
225836
515564
429668
929404
925346
124392
130998
156559
96393.2
96673
102836
1.15353e+06
1.47297e+06
142313
149640
160944
163994
817698
900852
471298
990193
334101
97114.5
676974
767047
184668
1.03408e+06
1.07647e+06
297841
155641
188146
750047
1.06071e+06
227787
158009
154420
351450
287822
121321
121457
579410
655146
718586
516933
1.64537e+06
114031
131152
223041
206944
350252
211079
543977
477426
130687
288139
378105
692163
236640
604786
497236
351580
211204
122668
127534
149450
448225
339939
828063
115521
125688
860077
253375
304160
126725
100027
136613
681839
348832
97853.5
122677
201277
110454
128299
1.14693e+06
859195
692151
668129
848714
232198
300733
181863
354003
484211
245777
198297
165036
158447
686334
1.50177e+06
1.01005e+06
427975
127031
1.1646e+06
1.505e+06
84553.3
142091
167479
888556
1.32714e+06
1.03574e+06
144878
120507
114285
121623
112446
921502
152366
686502
580783
159925
132232
131980
1.4896e+06
1.41464e+06
962725
1.49372e+06
104363
119811
121060
121088
113684
93146
152205
216482
135273
1.32035e+06
1.09897e+06
122264
120571
141855
128488
167029
149211
245810
256514
138676
341917
127742
560347
523190
987097
1.49383e+06
127631
126933
288077
219335
201470
264117
244743
186643
104826
108198
93016.4
759550
1.55387e+06
1.01906e+06
539881
433680
487014
1.02211e+06
112673
726931
189449
202413
119296
143835
136198
95330.2
90993.2
96905.2
116442
545685
130637
118521
117642
616667
1.17412e+06
940682
1.50878e+06
1.28876e+06
145877
153355
161446
1.32421e+06
244289
140156
821864
192709
1.36499e+06
163772
789066
264977
258825
230728
206570
187209
451721
479842
301453
285567
1.02782e+06
202322
157730
173350
144479
314498
393140
117788
119875
117338
120845
1.37095e+06
933072
503269
489356
444656
995070
514077
124346
232642
200422
216605
856334
119702
138661
282678
103231
1.54256e+06
173354
216493
349139
192162
128646
109965
204148
165399
812422
92221.2
800753
297067
232230
1.26542e+06
110278
112297
172623
183996
195869
182185
123358
117860
459770
185949
113989
114822
121354
123287
98490.7
105192
101329
563412
118724
617802
980426
142189
140437
122500
1.42133e+06
78115.5
9046.47
79242.4
115603
155506
1.54285e+06
1.07796e+06
114712
150396
133202
131462
612340
136226
176374
806780
811176
126814
98733
153330
175227
188458
201676
126959
234966
134757
594818
)
;

boundaryField
{
    frontAndBack
    {
        type            empty;
    }
    topAndBottom
    {
        type            calculated;
        value           nonuniform List<scalar> 
452
(
1.45218e+06
29608.4
1.54029e+06
109391
1.64447e+06
1.65362e+06
282998
1.43e+06
1.56294e+06
404507
574236
490604
658516
1.27268e+06
1.16246e+06
1.05711e+06
958184
403202
488677
1.28088e+06
1.16974e+06
571488
1.06472e+06
657133
963265
807012
812340
58606.4
1.69016e+06
1.57642e+06
179246
319011
1.62273e+06
922055
691960
735868
870465
918411
692437
742535
880625
1.52444e+06
95158.9
1.56847e+06
186712
147990
1.04457e+06
1.04927e+06
1.71359e+06
1.02297e+06
609697
1.125e+06
1.23485e+06
523610
1.34802e+06
441133
353639
1.01781e+06
1.11822e+06
1.34395e+06
1.22784e+06
354618
527206
612815
442749
1.58016e+06
1.74223e+06
65787.8
135352
1.74724e+06
79464.7
1.5096e+06
1.52821e+06
104713
291936
1.6844e+06
204677
46479.1
158263
1.74163e+06
101269
76075.6
145936
1.7126e+06
42810.3
54978.1
1.68229e+06
1.75513e+06
29101.2
218008
908564
725080
718077
904421
393012
481445
565001
650766
1.29874e+06
1.18635e+06
1.07858e+06
980043
392702
478277
1.3078e+06
1.19464e+06
561971
1.08748e+06
645965
986196
885659
728979
919847
705653
11540.2
130244
129672
10877.3
1.45934e+06
168416
294247
1.43433e+06
835377
795308
308525
1.42456e+06
1.54183e+06
1.519e+06
1.64215e+06
1.42982e+06
832176
813643
388234
476661
556199
642231
1.31121e+06
1.19755e+06
1.08897e+06
990091
387541
473105
1.33057e+06
1.21665e+06
558778
1.10746e+06
642858
1.00492e+06
1.03602e+06
603217
1.13888e+06
1.24989e+06
517251
1.36308e+06
433440
346420
434284
605671
521647
1.03185e+06
1.24346e+06
1.35875e+06
1.13345e+06
346449
16090.2
91946.4
91297.2
7287.7
511875
594749
423087
1.26314e+06
1.04813e+06
1.15138e+06
336432
422844
1.38854e+06
1.27315e+06
508691
1.16065e+06
594066
1.05623e+06
337730
1.38085e+06
1.64898e+06
56233
1.61617e+06
1.51252e+06
1.6076e+06
1.7284e+06
330337
1.39008e+06
917496
705785
739023
894692
229309
21810.7
4617.57
228308
1.73717e+06
234333
157480
89583.4
1.39834e+06
1.5466e+06
486205
484121
247857
46394
1149.45
1.44903e+06
35632.3
41282.4
86769.2
328364
1.45197e+06
235153
116937
1.75646e+06
313999
1.63371e+06
1.50539e+06
897251
901090
1.51572e+06
120197
1.70096e+06
68732
1.73519e+06
1.75312e+06
214398
227086
1.71711e+06
172946
248265
1.67897e+06
285301
1.46328e+06
193786
104119
51587.4
1.67619e+06
1.62828e+06
1.46524e+06
257918
227984
138722
864852
777173
637854
635134
945343
698007
757257
878615
695423
935691
760164
884958
275271
283352
1.47181e+06
308063
278671
1.57495e+06
1.4794e+06
946265
687663
867413
760148
939755
686515
1.559e+06
1.66745e+06
1.02445e+06
621323
1.12713e+06
1.23749e+06
536166
1.35136e+06
451202
364847
1.01766e+06
1.11836e+06
1.22879e+06
1.34463e+06
366463
626177
454572
539682
190120
957966
680619
773081
861922
943532
681561
856563
778947
871591
769684
1.59466e+06
1.63249e+06
417353
503861
673311
589069
1.05859e+06
1.27446e+06
1.16391e+06
954277
416322
502005
1.28334e+06
1.17093e+06
586105
1.06563e+06
672698
961323
126082
209202
1.2938e+06
1.28806e+06
1.50273e+06
272676
1.4973e+06
1.48422e+06
73427.7
1.67053e+06
683.323
36811.4
387960
386274
1.48954e+06
215288
1.76225e+06
1.76393e+06
242620
256997
914300
716236
729360
904228
3055.64
55524
27327.7
58850.3
1.76342e+06
112406
13723.9
112892
9590.87
204534
19430.8
205435
6116.38
848066
790851
1.41442e+06
315439
47101.1
124482
178946
1.65532e+06
1.42861e+06
835265
803695
1.6916e+06
52598
1.1957e+06
1.20153e+06
381777
470634
554083
640858
1.33178e+06
1.21677e+06
1.10665e+06
1.00658e+06
381415
467806
1.34491e+06
553231
1.23117e+06
1.12107e+06
638189
1.01793e+06
83974
40398.5
142039
1.70265e+06
263847
1.64767e+06
981729
1.08139e+06
1.18932e+06
1.30157e+06
402893
492752
662636
576865
402823
1.30936e+06
489787
1.1959e+06
573980
1.08859e+06
659535
986163
91577.3
828488
819641
1.75179e+06
1.6123e+06
243186
1.5261e+06
1.53969e+06
58623
1.05914e+06
606716
1.16403e+06
1.27741e+06
519963
1.39366e+06
433302
346983
523896
607516
345500
433567
1.38546e+06
1.05193e+06
1.26761e+06
1.15555e+06
797907
848651
1.42521e+06
167709
291561
1.63308e+06
191598
771473
885072
321724
1.41418e+06
788739
856506
1.74958e+06
152472
1.75763e+06
1.58801e+06
)
;
    }
    right
    {
        type            calculated;
        value           nonuniform List<scalar> 
20
(
95212.4
97550.7
92065
100494
101084
94685.4
95344.9
94052.7
98746.7
92589.8
93876.3
99730.3
91707.7
101789
96050.5
99492.7
99958.1
91769
99565.6
97189.3
)
;
    }
    left
    {
        type            calculated;
        value           nonuniform List<scalar> 
120
(
115116
14868.8
114676
1.91876e+06
1.90986e+06
806462
1.14542e+06
1.84112e+06
1.84589e+06
72963.7
18019.4
157478
156869
30124
22981.3
217373
216465
22900.9
410804
39964.3
14934.3
409026
296030
29792.6
18081.2
294759
39806.9
54248.7
13083.8
72676.1
757215
753926
559007
13370
53405
556586
783568
1.36388e+06
1.86498e+06
1.85651e+06
1.59987e+06
1.59299e+06
1.36683e+06
790393
14042
99210.8
99364.4
881209
1.77481e+06
881490
134218
16234
133747
251825
250753
25938.4
20140.7
1.7859e+06
34344
476183
13938.7
474123
45862.6
62726.2
1.48312e+06
1.47601e+06
1.23547e+06
1.23006e+06
955786
952276
1.04311e+06
1.70661e+06
1.69885e+06
1.79809e+06
1.7901e+06
1.92396e+06
1.90937e+06
1.36478e+06
1.35879e+06
1.96913e+06
1.95984e+06
1.49231e+06
1.48576e+06
986967
982678
1.11201e+06
1.10714e+06
868526
864761
13451.8
84852.2
84995
2.0005e+06
1.98988e+06
1.5928e+06
1.04332e+06
1.27224e+06
1.69715e+06
1.60165e+06
1.2814e+06
185912
20368.1
185159
26327.9
34628.2
350236
16393.8
348724
1.70679e+06
46666.5
13132.3
654100
651264
62509.4
1.97649e+06
1.96755e+06
841514
1.99862e+06
1.98832e+06
1.17134e+06
)
;
    }
}


// ************************************************************************* //
