/*--------------------------------*- C++ -*----------------------------------*\
| =========                 |                                                 |
| \\      /  F ield         | OpenFOAM: The Open Source CFD Toolbox           |
|  \\    /   O peration     | Version:  2.3.1                                 |
|   \\  /    A nd           | Web:      www.OpenFOAM.org                      |
|    \\/     M anipulation  |                                                 |
\*---------------------------------------------------------------------------*/
FoamFile
{
    version     2.0;
    format      ascii;
    class       volScalarField;
    location    "1200";
    object      sigmaEq;
}
// * * * * * * * * * * * * * * * * * * * * * * * * * * * * * * * * * * * * * //

dimensions      [1 -1 -2 0 0 0 0];

internalField   nonuniform List<scalar> 
11800
(
117023
99375.4
299126
259498
94994.5
193935
113868
115360
120414
125475
114696
362509
55144.2
268207
240306
1.081e+06
96270.6
90172.3
154429
91357.3
212061
330672
500168
446792
879773
577307
539941
269981
598763
660195
188902
100218
565435
108031
109666
186254
109375
600284
103272
99957.3
559856
620375
284205
684265
198639
1.01096e+06
470610
543004
112731
139976
376720
272601
108298
163978
1.15098e+06
1.00924e+06
54083
258742
199795
199750
992867
114401
208120
173692
863003
136440
386390
280590
55322.4
532064
112805
94949.7
91178.5
1.00253e+06
981982
184408
889334
127498
116408
122417
1.1737e+06
86459
95692.3
98918.1
90031.5
634347
199752
574140
519596
277175
104965
672272
109547
53350.1
112770
94043.3
12129.8
93556.3
107523
319674
69052.2
349431
637859
238045
113217
197239
112502
107355
954222
569722
630540
515526
202115
282814
125803
863502
129175
108314
812155
131307
131732
115326
116799
97227.1
106801
107300
108309
106485
87052.7
30853.3
1.15256e+06
735616
212929
633059
291600
570567
516431
191166
542389
256509
489090
443153
296203
124275
138528
179721
614217
636420
362532
225346
133424
127884
107766
153678
136215
121365
251181
335652
703329
110266
1.09581e+06
140679
903953
257851
282563
311165
157117
132221
1.20075e+06
702458
236811
315944
109551
202868
204384
1.0052e+06
1.01667e+06
504546
456511
559047
249619
181411
146048
131546
236134
126797
206955
107660
107949
114694
147679
135548
131424
145555
462909
596250
1.02259e+06
101880
129666
1.19538e+06
98433.1
156722
176039
111256
113634
434222
367201
333026
276890
1.14554e+06
342035
499407
1.57115e+06
1.22482e+06
1.33263e+06
213797
99866.3
452124
407450
369686
152004
200390
96021.6
89115.8
156075
92890.2
762394
162251
94496.7
249320
131987
113821
102869
334050
340825
1.56028e+06
757628
134195
141475
587536
477813
182401
249180
566569
514823
465575
111988
629195
212441
280488
264611
103719
104439
238569
196237
117119
1.32401e+06
157602
178056
140613
157576
361460
399701
441366
201276
153442
111059
980859
108719
77393.8
108224
219986
88044.6
281106
1.17282e+06
208138
206041
301189
222819
253631
189049
652355
547891
174711
211418
147751
170954
308822
401631
179499
667834
717255
870251
113537
207819
206760
968239
977619
532516
524526
549971
544846
104722
75489.3
163523
1.31562e+06
98770.8
103940
165310
146094
145849
472468
476964
876568
1.33668e+06
405852
117549
452552
370115
267930
217808
119834
118239
154204
258958
141881
236616
92661.2
112002
114936
112171
718679
112164
101797
1.08501e+06
167950
387038
395484
385982
484411
467161
88246.5
87609.4
369054
474262
336542
872285
85209.7
447840
353908
225006
174448
172829
135529
179943
159203
202606
225794
247689
101072
107206
388316
412984
118999
127566
269658
217456
246098
119808
114946
138686
139174
496637
222959
176290
246820
541724
638953
238339
127285
124344
143692
136540
236328
275520
221133
260035
199938
235487
181715
169418
382869
181086
395029
673660
320215
240482
1.22251e+06
104723
709010
329779
246014
1.10989e+06
104340
732734
185132
645161
594533
570157
119485
51918.2
100931
1.41075e+06
1.21513e+06
495112
176792
223642
119596
129680
149933
97247.2
148707
917939
37681.9
291485
219206
1.02707e+06
82271.5
116152
101887
112877
101347
108022
1.03282e+06
326166
143001
346000
313368
285904
82953.7
703460
220309
295765
114185
494438
116594
956098
102521
128070
252987
229614
210147
499055
132433
268910
258173
134704
349916
384964
425372
199574
155906
50006.3
108064
115242
1.27508e+06
371035
293222
222387
184068
113009
112634
82531.9
86648.6
133893
75130.5
84936.3
102607
108970
214495
105607
145099
339638
368858
179441
929407
125416
219502
105418
106981
884750
1.09849e+06
306657
339883
148916
130776
96442.5
778406
1.05081e+06
940467
1.3893e+06
389430
273613
369132
87596.3
114777
110561
121559
357513
111953
110025
86202.1
108078
773644
164751
713954
500554
105718
131059
684485
775131
356735
395285
436739
201296
157536
324701
108814
108456
106631
117297
98597.6
126115
75447
117710
72348.7
113428
66968.1
112393
103687
112402
81494.5
890253
156913
137892
304887
503783
80312.7
109971
93132.2
88127.5
80114.6
162287
215035
108383
106514
327374
86931.5
126492
961592
61895.1
117137
271110
247381
262314
286772
296001
315939
144904
122350
1.06945e+06
1.38167e+06
248631
73373.1
181140
216970
191727
145508
410197
374013
338452
116133
65183.3
381935
373718
169610
182773
106851
306800
339511
140040
531195
531886
538687
539163
1.00298e+06
981436
289066
1.26108e+06
400260
102648
898069
680703
752977
372478
157774
173977
125101
853931
260120
333734
1.33076e+06
129512
141024
290667
255928
696631
337797
1.06106e+06
104836
100229
153813
199952
449672
406399
367963
1.04019e+06
106960
204493
443485
745959
102501
1.21256e+06
1.13657e+06
1.14248e+06
134115
180753
77140.3
1.16827e+06
298202
138805
215456
1.05023e+06
104896
139812
151752
105415
286270
157059
1.40234e+06
1.15093e+06
128010
328655
417614
156644
177096
146046
136252
394979
142364
293156
224230
584265
534250
111800
716442
110062
207943
249253
1.009e+06
177788
246678
142373
131476
111390
125942
231750
534648
590873
95070.1
98038.2
93367.2
126007
199313
727507
87539.2
230201
401073
309385
129870
531764
596949
376660
662116
731963
291106
200597
108752
112397
196415
211701
179371
194133
126294
176112
211433
134506
104714
1.36709e+06
556493
206397
265082
266530
134440
217784
304442
688241
621698
562157
181078
210717
142057
131770
836364
663212
706016
110306
132150
158691
331467
799424
243480
56031.2
112444
1.29466e+06
1.21962e+06
138605
1.12057e+06
90512.5
108206
94771.8
391962
89897.1
148003
172775
675337
748534
827687
914252
379067
329036
276635
225677
126831
102230
218921
1.12563e+06
111404
111511
103208
106487
100815
105748
113468
877191
449784
422208
244566
465354
516582
182650
628037
153461
136964
112424
1.27709e+06
103814
110494
103877
105095
102464
1.16523e+06
154193
156201
659692
187141
401750
155648
1.18982e+06
477240
224996
180971
783327
252233
118317
108348
94051
99956.3
142723
163970
151950
107204
309004
124772
102762
425931
480494
100113
309995
434802
374369
497379
986021
892117
804213
725152
308302
371489
996619
901297
431388
813710
495655
731191
920308
115450
103686
113549
138200
294853
691200
113002
239907
315557
261963
347342
125660
149620
226664
319243
721346
651968
589625
279024
214596
545335
123950
147575
116930
194473
177585
159567
298976
239323
245419
186572
107608
421316
124482
183536
231760
590765
300934
350657
314441
118061
143359
117452
106606
108953
117648
312460
271496
104887
131039
129088
244385
782397
245240
330845
302834
115069
129871
120982
109983
145346
121243
341902
308580
279223
125158
955897
366456
156281
577202
380159
765031
1.12728e+06
137820
153679
127078
108720
101714
388371
330901
1.16304e+06
95239.5
123709
196405
271891
131780
113133
390487
385049
58210
102124
201975
162904
82572.1
986960
1.12126e+06
163878
101144
164240
209815
440371
358012
396641
1.28963e+06
107411
309535
346890
116019
322599
392407
455489
519715
1.03299e+06
934114
841982
759431
321949
389440
1.04234e+06
942599
450865
851191
517083
765485
1.05592e+06
920304
696274
256217
292669
914931
704653
190300
100667
96620.8
700330
1.18642e+06
96983.4
225053
1.02444e+06
692497
1.12871e+06
1.14257e+06
609570
616416
285644
232615
298445
176160
116567
169534
109535
119835
136601
123819
220455
1.14812e+06
298930
123229
85254.9
201074
216339
1.02791e+06
206692
187140
224060
238728
645933
278125
209747
897507
225914
285580
118902
113292
215369
181218
199177
513424
300954
289399
722501
691813
286534
298067
558847
601217
222927
228069
104621
115952
120861
294582
227598
50581
113935
126072
367282
355215
181606
337717
264584
116875
82442.2
84560.9
325316
742260
91476.2
1.12175e+06
159608
398520
361154
127226
153883
247531
108829
104035
901289
211166
553500
501775
454581
177350
241688
111230
868964
1.05004e+06
115182
107892
571641
201397
263697
456054
504326
565629
183753
246728
50711.7
450727
210567
1.03837e+06
214827
607748
457423
510659
111908
104972
99462.2
115615
104676
100909
881367
250649
108113
127515
137410
154984
175700
195970
404080
394882
367263
356945
324987
333955
690412
115358
104276
107205
118269
147502
108782
110353
807061
155630
287437
221106
579494
287839
112102
118470
241333
191533
323735
268178
689104
589210
532994
481862
271795
802482
365538
862000
147572
128088
159861
163370
118765
121112
116629
844060
1.17721e+06
183812
88607.4
139495
303479
231410
81722.3
108959
161874
149467
139368
137343
164286
156809
129382
258909
288223
281969
314671
232848
260194
329510
105750
617111
478279
265524
694557
655159
379163
1.17083e+06
205559
194698
223357
244603
114103
109034
119136
225497
107365
918502
142454
112010
408657
48760.7
95716.5
975103
115699
220919
707492
310218
639901
578678
879582
588735
96457.9
316692
255566
137809
764230
325473
152488
586869
528049
648654
110109
111688
97149.5
1.41297e+06
167767
230719
276965
144039
105233
97960.3
232304
253841
120133
980890
224498
888031
140405
480724
103388
327727
395983
558539
216760
281903
339372
155611
1.30107e+06
110321
85089.9
97969
1.13637e+06
772042
178148
247662
579613
527562
477181
1.16957e+06
315327
259565
1.23068e+06
1.37704e+06
921885
83534
322049
742770
536958
281496
217222
503795
449243
217879
748481
182709
170878
267462
230845
188486
946878
1.40331e+06
93064
107161
123366
1.37446e+06
106655
116080
369361
275246
1.23403e+06
1.29192e+06
111556
357084
139041
128566
294859
131704
87368.7
319942
98597.4
113203
1.40208e+06
562880
302603
234409
210774
161876
422065
384106
346584
146683
1.30318e+06
260621
230709
227712
1.09746e+06
425269
599820
94067.1
148869
111109
487722
255647
338323
96891.6
153866
202500
449311
158646
126096
113514
209029
1.21391e+06
161500
208789
443324
790944
1.117e+06
699799
490332
341130
403991
59350.8
142541
177591
370637
336079
303847
1.1111e+06
98807.9
114644
123180
122090
121344
127222
157370
108128
103847
384474
966386
244876
553467
500345
453074
179046
1.09906e+06
311641
350210
414524
356446
649298
1.06648e+06
336377
107960
462332
96393.4
447331
266410
493222
547317
200719
662137
168064
1.51524e+06
507122
105207
980578
1.51361e+06
1.3041e+06
298133
109321
555000
111254
100126
96181.5
177418
108035
103140
98270.2
92319.3
884485
927858
103282
657312
117234
108620
104571
141261
559403
568585
145992
569541
576414
846194
283735
116331
127795
165913
330193
363716
140185
36880.9
109471
458724
186478
431071
485015
537792
594084
298694
218174
183826
107385
99470.4
1.13493e+06
607451
107476
134025
510614
406432
212464
232735
132478
105745
195773
173561
94682.1
125928
104422
940620
315638
787788
94992.9
103015
1.51924e+06
109791
1.16861e+06
1.13687e+06
96762.3
501242
238946
934941
107076
449819
579529
1.2718e+06
137149
99086
97225
287877
137912
171516
329260
297594
268741
97121.4
105587
104289
98504.2
550567
608393
419449
730422
660802
792636
1.21356e+06
148230
387137
1.1562e+06
379994
1.13481e+06
463506
512278
569017
248592
179946
227943
280132
1.06758e+06
116086
118571
158488
149356
136513
123159
203019
184110
172518
458314
404224
1.37825e+06
140334
90448.9
128107
1.12751e+06
326546
163707
156220
1.10448e+06
476530
330226
85785.2
126152
96277.3
465480
598874
172305
739255
113347
111367
1.44832e+06
961913
1.18088e+06
204609
257760
476889
178762
352822
1.16376e+06
1.30108e+06
112997
128636
204302
174332
517539
575425
385573
434526
1.27526e+06
1.2372e+06
155970
120639
87083.9
849308
94364.3
1.11437e+06
252343
163928
593303
181906
99695.2
1.0762e+06
134958
150898
92769.9
104616
817157
241725
106037
417481
191035
120980
100715
102297
343344
103124
1.06404e+06
1.01541e+06
169847
422149
246468
101968
110338
861234
114801
559316
146599
297548
559538
647011
1.00874e+06
115934
193290
1.14945e+06
144711
109114
91979.4
113481
106700
1.2099e+06
890355
190784
247849
462301
427846
611551
207120
271628
208923
290743
630058
569508
514440
869698
373783
274012
928875
277023
1.00926e+06
357027
351453
1.07873e+06
1.52343e+06
1.26872e+06
220224
274695
633054
276551
211275
100049
214082
1.07237e+06
106773
115639
1.30339e+06
965701
1.17177e+06
450194
558769
567197
487068
95576.5
85979.3
131023
88050.8
366568
403027
445847
199073
150658
340850
1.18354e+06
103481
138154
116660
105028
510093
462091
132057
1.04024e+06
1.2064e+06
595885
480415
953832
1.09715e+06
100763
531655
344255
691888
104131
144467
154619
878176
875633
436258
195387
97107.5
109406
132867
271632
948735
129492
703139
96523.7
193554
149727
179146
315277
167450
272266
26281.8
7620.78
270487
1.4194e+06
119275
106809
119175
100628
100424
120277
128125
101309
112004
273864
99620.4
106623
124056
494428
614782
435085
1.01315e+06
1.25244e+06
105796
133625
207157
109296
824932
149565
1.29441e+06
136056
166426
323787
227267
140400
137077
313780
104017
116944
127848
94657.8
119363
89769.9
1.08152e+06
87882
101752
156896
102987
82086.8
1.12628e+06
118282
962912
991215
367712
260670
180797
247630
567588
520615
470829
105167
657944
373935
106678
1.19786e+06
109430
111210
198513
644922
439440
494147
747868
115516
101025
217928
312575
702592
361334
778461
267577
633975
573368
215449
781777
259550
703788
304602
636740
575654
350724
890748
119822
314324
238426
101311
120652
949454
503316
689734
638744
558079
699011
505749
200855
221268
324739
801747
109234
1.35615e+06
124112
105339
1.03486e+06
116217
167594
354149
368397
1.04893e+06
95121.2
622891
564907
510930
194212
270631
1.27163e+06
198813
161047
370445
117843
384746
177354
220015
95455.1
128767
137830
115138
280490
102874
357852
195298
152923
451226
604472
612694
450855
235091
1.17099e+06
110162
110116
1.06304e+06
985936
585482
1.50263e+06
568129
484669
573177
1.34123e+06
563681
441184
1.18568e+06
262637
262926
338557
1.0279e+06
94086.6
917654
109645
162821
214079
353390
389253
429808
206096
158732
292513
64228.7
66947.7
105834
103329
138667
111714
102531
143175
611802
1.21075e+06
137635
122811
1.11998e+06
718502
277951
368056
103666
109193
955345
649669
157054
487364
454158
645541
93708.6
101065
117367
102596
709305
1.20208e+06
1.20468e+06
802229
1.31853e+06
161960
95985.9
189691
557285
504177
616991
275283
195222
1.28739e+06
263411
321282
419385
151054
141964
554693
207283
106136
402463
155000
186550
1.24296e+06
194986
176556
608153
552620
499129
253155
829473
773031
1.00278e+06
315331
331918
374386
831303
360265
265076
737412
145219
1.50817e+06
113790
1.1552e+06
295239
341361
86340.4
357183
664800
104413
115535
108748
1.33803e+06
342044
307028
373977
181793
140785
195919
320576
883733
324935
642560
785202
711479
225167
700337
520653
555440
657139
695909
520700
561898
667044
390844
364883
29824
182459
119517
230708
329393
280594
379482
810422
732592
660945
597666
226538
656976
300681
116300
82663.7
90525.7
143517
80668
268261
606997
630777
236658
1.13101e+06
116075
99778.6
901068
1.12914e+06
85078.6
676700
264412
347724
481918
334332
180365
103530
261069
434823
61335.2
109068
1.15284e+06
154794
129683
266675
241149
292093
206268
110192
112267
215643
728990
1.16818e+06
1.35316e+06
188042
207237
884487
797671
1.06084e+06
101745
631271
1.02591e+06
1.35843e+06
1.40616e+06
1.33625e+06
305748
548336
232491
1.21368e+06
861729
343570
790569
105527
105889
939891
942245
103996
267709
1.23793e+06
1.00568e+06
943073
975244
1.41138e+06
945508
1.14199e+06
1.02428e+06
109192
164347
724530
409518
613547
135006
96661.4
121219
113178
117931
135078
119330
236931
1.13668e+06
688597
228418
306014
745944
118200
350136
260333
1.45381e+06
182570
171236
352685
183416
320784
138937
123508
1.18143e+06
9657.14
94911.9
94272.1
19503
246440
320058
115619
126920
137782
107238
362625
316738
102543
1.21468e+06
1.05311e+06
319622
735488
236904
105811
860140
191151
1.21531e+06
296813
361640
419633
481012
964878
874075
787557
711328
296434
357592
974097
881474
415048
795479
477145
716220
166999
138207
330766
332303
286873
145926
129948
117345
105354
101976
100740
98708.7
96271.7
155378
547348
589282
466929
264306
510501
562735
952478
376618
300749
1.09939e+06
369408
127427
77790.7
112622
107241
173474
154545
159156
113535
250445
193574
213030
418987
112620
131427
591461
112216
97726.4
112812
95410.5
793536
121643
153959
347568
277757
173673
356219
152981
92607.9
85176.7
1.32173e+06
1.31086e+06
691271
560076
542165
699276
1.2503e+06
629165
108850
404627
212756
171585
239420
126759
1.26452e+06
134467
660604
599888
542563
282746
200442
355578
198351
159353
1.27966e+06
144443
108719
421136
418403
175098
125825
141251
225936
493147
923264
344884
269505
624705
732629
188517
260782
595653
538718
487816
271875
295205
521941
384640
547225
294185
609860
676462
201756
748164
1.4559e+06
1.04782e+06
100616
426331
471426
520372
177271
133364
868308
145758
189149
255302
269913
116540
145817
132752
109815
734814
551291
581904
698448
198381
1.05793e+06
1.31265e+06
480640
98934.9
419798
462616
510848
514617
631000
170528
987804
435818
362356
326109
398164
154229
200413
129046
125311
250728
304843
275596
311521
343147
379827
226333
222886
309342
311892
651626
646975
531310
588189
527640
584399
326223
360256
146527
108434
114969
120323
750038
402582
109951
639577
527045
499632
656780
130813
241848
871754
351835
787930
711125
83648.6
149325
628658
336795
248266
820269
313173
63939.9
590046
534064
654486
286770
202520
902359
303543
248752
1.1526e+06
305104
422528
113892
109660
194185
179048
161803
966857
225663
182546
262865
237706
285955
145570
123339
661726
758045
132005
405543
101429
591839
1.16861e+06
754642
309861
240395
587101
284659
259562
213568
148779
109352
236571
121116
264175
118872
212192
104047
103214
1.24603e+06
223971
964743
506129
556286
297807
231447
566210
1.13182e+06
87352.7
105328
111782
105035
226928
21821.5
7244.95
225449
454415
97115
451876
196914
171002
105977
286215
392946
875049
101013
92060.2
111673
118061
248811
156147
557614
491883
143830
101440
97792.3
1.24557e+06
455743
100150
189794
100242
1.45306e+06
1.10128e+06
192200
132501
431803
218566
297483
602151
490954
544270
1.27338e+06
1.0026e+06
109311
976444
1.36859e+06
1.01973e+06
1.11301e+06
513773
120346
719716
156221
112576
126798
240128
241136
188203
180610
429087
148060
111704
97832
643795
700677
777015
859777
942065
387977
336893
281875
228753
147749
98170.6
313321
14772.3
157160
156125
8065.33
317223
160006
128373
82893
191248
220606
112725
231188
708386
434865
302607
221055
251854
1.18809e+06
932388
117201
394710
109984
112973
298706
353897
412260
845458
213843
239080
112691
1.07233e+06
113028
179315
213760
197998
698405
772956
389984
500219
497012
295528
387736
787326
748457
731828
237779
319677
81975.5
99368.5
85616.6
156879
89831.1
362670
651543
580780
713023
515495
723910
514197
357069
282459
627443
458396
633528
459753
173977
755968
581710
507675
661894
586887
724714
524420
730350
523003
726439
1.44713e+06
269895
373682
844336
331495
93881.8
111974
146018
14359.9
145050
12756.2
104098
235259
711486
643439
789334
339596
239550
1.23992e+06
62432.9
103730
185988
590878
166090
457101
219226
1.28761e+06
1.2999e+06
810917
99386.6
198220
823727
398096
320951
260478
405374
365506
446212
166147
218153
1.35431e+06
317533
1.19025e+06
99800
104373
107283
100072
82453
1.16938e+06
104144
824138
82312.7
595801
828851
97966.3
114392
131019
345824
139527
273901
248034
187600
204775
225686
114321
191800
257036
314900
219780
751008
681121
615605
872725
1.17818e+06
1.30517e+06
91491.3
93931.3
99049.1
103403
159549
99891.3
165640
1.29076e+06
1.33e+06
1.24304e+06
1.03529e+06
40570
745069
1.16807e+06
697956
541267
558859
690432
383032
375451
671682
403033
855861
83935.8
157045
179813
353010
145503
140567
163744
122239
141410
105302
121594
234715
241686
265166
258606
285228
291387
344609
347385
106830
109237
293430
206151
95466.9
124656
543412
861498
108278
470297
1.02437e+06
295661
958169
405020
138519
972588
439134
368782
582372
1.08289e+06
1.39858e+06
557152
201340
1.19067e+06
162950
127542
114402
285660
77444
510959
853901
201564
321543
138880
112368
141814
1.27357e+06
201013
226904
219948
175397
503350
157093
132799
530698
116671
1.08978e+06
108742
640565
219942
237082
996751
781795
459816
865622
959229
395464
1.05677e+06
336298
270189
774185
855927
1.04997e+06
949157
271095
399617
463022
337671
1.1842e+06
127025
929120
108144
97912.9
101492
5321.9
40463
486049
61382.9
895935
166623
138843
304345
331987
275612
283707
161558
707001
160304
168247
675945
88691.9
244001
223081
221391
684368
619098
759257
321642
331122
133878
216716
383690
890271
68832.3
204146
132736
97451.6
295674
970423
505036
448381
1.00426e+06
138740
524694
1.15338e+06
567289
1.03653e+06
111575
1.14568e+06
147809
781052
254559
313837
107420
9342.81
94273.6
93613.8
16055.2
150055
845449
116073
938302
457461
154654
673767
646383
746149
715822
826597
793273
365648
353481
257645
250099
282106
199287
664034
603374
545137
180789
218182
198221
116268
593977
510820
86177.2
121889
99002.6
114040
114989
1.17305e+06
935056
226138
732306
662547
810011
106160
458980
780641
783297
115446
109505
965841
329312
123552
155271
184340
170071
116364
301874
273785
250569
995820
1.44411e+06
1.02135e+06
678480
315453
232444
118363
128367
171187
130862
111419
107341
130818
347951
272898
101248
894265
1.01465e+06
355812
352985
116166
120280
111320
108703
286484
960152
630496
475453
493117
587864
107008
99647.4
152600
100284
95116.2
167042
1.50137e+06
1.18396e+06
96845.6
121416
424000
367394
262639
821155
906497
669577
740234
517827
241518
202104
222667
124814
137392
1.07881e+06
254059
665772
71050.5
1.02063e+06
99848.9
339782
388733
1.49114e+06
101569
346320
113172
324758
112886
211921
678476
283241
723780
458984
802499
889411
401169
982895
341433
283623
346065
284010
141736
401537
456535
588933
97398.7
151155
815992
369076
1.34302e+06
1.11822e+06
1.25205e+06
235709
938874
468733
327548
158015
125985
1.26177e+06
688286
95303
1.40809e+06
1.13299e+06
42419
358054
297096
55440.1
592484
426813
96379.7
108974
967808
1.35033e+06
108275
409368
420511
910757
881319
303990
311872
306268
317027
103651
105988
106204
101674
74402.1
1.4431e+06
1.05757e+06
999625
1.25775e+06
450210
225419
939060
489014
541355
597857
72450.1
1.04434e+06
171472
762972
1.14442e+06
327224
217457
1.41548e+06
325518
342009
245626
260500
691825
670096
145188
144754
85645.4
103848
224643
808575
731056
659274
325627
1.43321e+06
109066
156423
89811.9
649463
718941
403423
795552
347183
885628
297461
811587
661713
731690
896415
242813
419789
363552
303895
103261
129338
130681
150748
264226
217379
240426
1.11275e+06
457927
558637
1.06973e+06
138044
179601
103561
287629
387649
142376
186589
1.11892e+06
121352
101922
110566
112089
102527
79064.5
158506
113684
123239
900266
1.08087e+06
108099
93111.1
109967
191618
395845
1.20599e+06
1.11572e+06
530896
114599
116865
915839
109682
112790
1.46151e+06
528113
1.06517e+06
265550
708171
404374
425877
135393
555753
716999
326573
239307
113229
243667
100546
66224.8
91022.6
1.19248e+06
590876
597988
1.08431e+06
177281
191490
114031
349416
105602
103195
116823
204335
187620
18982
186402
13053.1
108403
715054
198328
276839
596695
539387
487060
116379
1.29596e+06
459841
229382
1.06348e+06
577490
609629
120520
11760.4
119710
12434.1
970321
279988
364932
446357
406512
103331
1.12336e+06
222627
168964
501509
382791
102301
25444.7
794305
158135
813400
185383
237088
454099
478423
398120
105181
381783
161490
194426
114251
122938
367952
381854
131710
215353
97936.1
99175.4
591968
284117
214542
111807
353237
9108.9
34000.9
350935
370170
300626
438411
521159
86505.6
1.32719e+06
1.39941e+06
162025
107862
109516
145271
163189
16767.1
162140
14511.5
641056
212366
288567
1.30388e+06
1.32096e+06
1.05891e+06
1.02314e+06
514337
454723
434054
387578
1.1122e+06
152462
292179
118893
89291.4
102625
200744
272961
385362
1.19659e+06
1.21775e+06
152537
79879.8
373413
411723
152139
637668
249881
212087
1.03891e+06
112770
113861
138972
576548
573656
618680
391212
203548
277238
81228
77555.2
752255
91805.2
639845
83425
293754
474316
415845
757795
884837
110326
124642
234266
1.04216e+06
5524.65
68911.5
20422.4
68873.4
171323
164371
82180.9
1.24324e+06
22281.9
1.1848e+06
308822
29722.8
9612.94
306817
180367
100290
11478.3
99683.5
228833
1.01024e+06
226996
1.22991e+06
1.36216e+06
41097
343518
419947
382373
517539
237895
178063
575543
405185
73213.9
144385
206608
157290
356844
482547
146509
146958
1.31556e+06
410339
473599
449424
517232
843232
104595
88577.8
705259
877432
318592
150111
170193
104067
198029
255370
112449
147249
198395
109055
76172.8
766193
905846
161038
334063
264059
273464
885333
372849
170280
146611
349941
324601
91748.5
198471
882478
1.0805e+06
257555
187573
444807
545029
493028
80765.5
100458
193596
148427
822918
299457
82798
42015
50803.9
254411
187750
430084
526546
476822
107266
1.20486e+06
1.36224e+06
116651
100572
93675.1
89834.7
1.1758e+06
211687
170842
476206
1.46122e+06
1.19473e+06
293597
128034
286309
259608
168947
154811
182214
110877
110457
108444
229680
1.17766e+06
98062.9
545970
591093
1.019e+06
725438
707654
261703
257219
341438
347186
193232
185045
168082
95393.5
103166
402437
141530
1.07257e+06
710082
173646
101293
486973
1.39708e+06
97915.7
627503
520181
487523
648040
495084
205309
269458
645271
129860
472558
199586
219034
127626
293529
145498
183713
507442
243084
123356
109906
134789
601350
493949
134165
126944
127666
139221
105898
327037
250741
105437
240096
111720
144812
221605
1.2723e+06
1.12112e+06
777332
198633
156955
442203
400459
361981
187910
195991
89799.5
694751
107917
325364
436330
146402
164463
1.15093e+06
77939.5
200956
186227
107419
1.18897e+06
74247.5
113390
287378
342068
124466
115908
132553
100448
106354
770822
98133.7
94791.2
11719.4
94189.3
765891
696056
1.31084e+06
853069
1.03942e+06
115069
1.08125e+06
701342
10603.8
76944.4
166083
139594
275036
301342
330815
448812
235426
1.00761e+06
540782
598521
114560
88475.4
84057.9
98099.4
113048
107702
144774
626750
77408.9
1.30508e+06
333062
124744
647550
395244
208551
283519
145886
124470
172689
274437
170592
363288
343216
132879
111401
413474
670289
80048.7
82153.7
137412
85526.5
98552.9
1.04501e+06
233630
184305
538207
981960
273060
177033
414238
363870
399340
329005
198791
153319
105607
6238.7
49348.6
401407
332827
464066
1.01979e+06
832917
922464
332198
397215
1.03107e+06
931202
461518
841377
139276
226553
189065
206142
102716
143396
123213
354364
165329
141691
151894
263835
761598
352649
103932
138594
96191.7
108043
148865
221139
107101
99430.3
88554.3
570582
201640
259092
185222
233210
490695
416072
476534
382644
711886
205654
128279
195705
414995
311434
160286
208509
290854
106957
194508
118726
118286
335773
334986
136025
439424
142078
144906
826174
691746
98715
117041
1.14534e+06
88690.9
134604
87205.7
140629
170029
529310
477771
429857
281732
281771
543427
136098
106241
102434
766231
142890
132447
146319
137086
121950
129396
83600
117520
898811
885180
252410
201597
112990
587304
503406
204631
275959
388684
108784
75589.7
107294
1.15877e+06
390370
466946
61051.5
335599
141050
59746.3
132958
145441
138474
327717
106882
206273
164273
112087
1.41082e+06
217758
642377
180323
1.08141e+06
420290
493701
259186
195683
625407
87678.9
110040
119082
229933
284375
206810
137958
81051.6
64841.9
494976
204311
162387
90023.2
95763.7
97702.5
99711.3
220625
181217
201687
56497.6
106201
1.01765e+06
101239
1.4192e+06
287452
141075
533260
118175
93587.8
396425
139389
133193
632520
102163
388033
810671
732949
893609
92923.6
150406
260961
821345
777945
208286
104116
223683
226653
318145
369387
703586
317732
361029
783430
694691
761593
574137
635144
566762
626927
991485
226480
160415
1.17912e+06
99298.1
121711
410950
992862
297011
164575
134010
97932.1
88900.6
112739
123857
91985.5
775450
186833
237097
440195
109952
533445
130131
202606
211993
325397
120575
109597
136272
107138
102316
139575
129575
121211
1.17684e+06
122622
102499
224414
285303
79057.9
156970
158829
877189
168302
125464
114805
120936
116601
1.16102e+06
191868
176807
430830
187882
155299
1.11915e+06
850501
899918
277000
115049
988868
290871
329887
143861
567891
455687
619945
501476
726373
376202
958530
628728
827967
628270
410930
328042
91832.3
106181
1.01226e+06
90888
104368
102649
106040
102274
90546.8
568537
593394
134303
287141
27760.2
3822.36
285263
129379
84736.1
995856
324462
448715
175105
149839
166898
125471
137342
243455
278300
101688
136900
360840
254383
188208
348741
584173
494932
88067.4
537641
451742
1.38233e+06
806559
481058
893327
990257
415223
1.09134e+06
353293
286087
799556
883842
980489
1.08472e+06
417940
285350
483241
355259
104765
500122
79886.7
639347
635211
1.39164e+06
120171
253707
741631
113898
450128
79006.4
88930.4
724958
104539
161682
406286
528723
1.17228e+06
206129
229565
253136
115375
193125
249019
545686
220098
127829
109102
109675
113391
1.14039e+06
527885
513857
985870
959395
195965
177444
255005
228732
501914
461461
862188
1.00036e+06
603153
666880
739839
823118
229553
378460
280139
328186
826573
745391
674891
610213
225818
271436
320176
367445
132290
168221
750014
1.05877e+06
196253
166684
203444
434695
498261
452655
407464
352473
181809
244683
1.47093e+06
89274.7
159742
609008
906682
777867
292752
364796
121620
40328.2
151918
813412
292931
1.29128e+06
130909
163465
764431
954483
95963.4
604444
668272
544467
1.2204e+06
400087
175391
219454
306970
154013
181634
402110
607771
264337
621890
513546
163923
423500
518924
468455
177656
254173
1.40743e+06
1.13525e+06
156313
131946
1.07408e+06
133262
197130
206177
263288
273133
554809
569139
182716
141843
389968
355569
321715
453717
98062.5
760657
1.03671e+06
450659
100766
115096
1.00733e+06
477215
457070
569035
549760
997103
199192
271783
179763
137685
123289
241777
613128
127060
108081
127207
1.32135e+06
1.02139e+06
331688
159043
123580
172213
96140.9
398588
274597
301048
331287
160524
133952
108897
102266
1.15552e+06
48610.9
1.01048e+06
187548
204121
169150
124693
102020
108819
973579
91929.4
1.4259e+06
433913
334529
401782
446960
492412
403731
175236
236338
1.35605e+06
354555
417700
157560
186776
383076
346840
1.39949e+06
446372
403981
491895
223749
164662
122158
1.16861e+06
962885
1.00672e+06
157065
114663
173348
145426
180589
343863
1.05276e+06
201408
570123
262243
587182
650770
605594
235085
141347
123420
1.08171e+06
207354
169724
445130
1.0731e+06
134510
503496
164624
456090
413902
222073
153227
80269.9
315795
229873
654701
591086
534041
87520.6
720168
547735
579352
698232
5378.76
48511
94747.1
978726
999934
105358
96995
177103
368643
304407
337225
367463
145926
174108
111808
108731
78851.5
714037
210221
563715
975580
175410
107299
106183
154102
1.1441e+06
150254
845063
324698
439366
72041.3
94256.6
104983
390759
629896
119240
464819
420408
512935
235462
172301
71639.2
68331.1
47182.4
145488
724672
135485
98287.9
905469
97786.3
1.0376e+06
78953.5
839947
449781
177781
526776
238860
762456
113812
156078
199382
502497
499316
144399
341284
310079
479153
89358.5
913618
878502
114004
79206.7
82309.2
243775
441071
136963
123967
247961
97147.2
98628.1
191478
117618
92453.5
87025.1
95735
100165
139696
130338
122709
157634
110764
540289
526449
113393
233819
215987
1.18022e+06
1.09429e+06
823723
1.16048e+06
829465
205123
158070
328954
379419
649077
278357
718395
793340
227087
876035
614734
162688
110910
171818
518380
469190
232689
425103
568550
549254
511072
524223
1.4276e+06
655091
227591
225174
170160
1.18783e+06
405923
1.10963e+06
80206.8
133986
252044
274701
210600
557962
156813
1.48851e+06
614337
1.22845e+06
1.21801e+06
537673
382277
345697
421560
65914.9
308611
199656
109417
86615.9
30935.7
96548.2
70813.2
400402
405270
366478
362159
789594
171780
169256
322036
1.0641e+06
110457
456708
259717
497324
678645
629944
547306
499361
686407
1.4452e+06
863996
610443
152587
160530
393776
382034
716543
794699
808870
729580
659157
647557
271777
282832
1.2393e+06
148962
184642
328068
312121
563723
1.156e+06
108809
110629
222549
132574
107023
62067.2
411788
396897
241144
228066
454456
437611
503628
484695
183434
171996
488423
144987
288299
119601
90891.8
1.36567e+06
110108
1.31322e+06
1.15426e+06
1.20574e+06
127835
108845
204743
509549
495399
299926
282907
563810
547520
626712
608304
221206
206309
86259.6
137901
153773
145343
488825
437347
1.32148e+06
923736
788826
527351
102476
126518
114492
111216
188540
256862
535374
485215
437226
111481
90078.8
336628
151231
186247
462426
186382
103751
1.17697e+06
909815
408235
115978
126176
1.16383e+06
172216
153843
201203
119866
125813
116085
113852
195842
235887
278349
941434
172388
499313
452776
230604
410649
105418
108215
133113
384743
458279
84767
1.34397e+06
691101
548718
541386
686435
107656
469738
472451
125269
45734.4
380045
242544
416080
301843
358384
947743
854749
697529
771310
243381
301914
951417
863473
354642
780582
411474
704643
106303
111702
128428
114829
110837
186785
178554
971050
320868
146998
196783
117905
123092
302280
369078
429971
494034
1.01016e+06
913410
822427
743305
302010
365242
1.02071e+06
923010
426012
832904
487551
750358
107701
1.17862e+06
136443
101461
122848
106437
226990
142121
1.0777e+06
668019
652557
453214
436424
741365
723761
821729
802517
393195
379661
907394
886188
327324
340479
272644
283446
441281
455323
342743
330728
877878
896646
147600
160462
136476
106883
101822
1.16213e+06
150115
216781
1.09761e+06
1.40132e+06
166538
206141
437375
878629
583057
644714
714907
793689
219014
362770
265040
314328
802177
724673
656865
593787
214008
257135
305920
349661
348021
477039
165021
104567
1.09095e+06
605404
103943
1.34572e+06
241591
235861
330284
736158
664119
600108
126802
94952.5
599805
976536
153499
1.11206e+06
375862
494343
111479
668990
550531
701042
531992
69110.3
922504
871854
193977
185078
992940
227032
974454
125776
181218
158958
140325
86552.1
113713
114089
112449
589642
105099
1.24542e+06
1.1085e+06
236527
101601
211211
172968
106245
890481
501442
565786
433536
330428
112174
110195
84598.2
512180
447005
189393
180319
249536
232511
382512
347993
313348
162943
810665
9441.68
106775
106079
8853.91
1.158e+06
308610
96245
128601
87174.5
1.16808e+06
103673
144125
103551
113168
504587
442766
630006
289654
362236
271994
107194
218590
113071
647750
171714
120980
224520
115807
372521
410460
338178
651879
619628
701276
530758
589740
542430
499595
728284
680119
634015
685069
584535
547765
543540
503310
689435
735691
653211
151691
418482
461568
512185
250953
597689
191550
153074
106974
90834.9
853694
941329
686852
103780
86775.8
677428
292112
988047
84516.5
131844
291589
351783
208379
285845
592846
536121
483647
1.00559e+06
753901
115776
77555
154349
936713
938130
1.01433e+06
693551
74202.9
121645
116092
1.20907e+06
81234.2
84714
508209
148202
299864
332809
365651
182645
150038
466493
823069
482420
911142
1.01031e+06
415334
1.11231e+06
351569
284759
482822
282149
352466
418634
816499
1.10578e+06
999810
902547
681950
1.04271e+06
174391
231951
327630
1.21426e+06
829523
386753
270501
141196
118482
94674
143341
104317
113313
102435
100286
70920.1
765450
486026
1.23881e+06
1.15023e+06
109965
135633
108543
81582.7
78274.2
78139.5
214209
202478
149400
118523
700203
559442
624040
224956
223915
137895
129287
114088
863580
418813
105742
107520
483243
436752
804058
219889
115156
1.12927e+06
1.17512e+06
95558.9
132770
113845
124412
1.05991e+06
1.16123e+06
170955
200193
188587
490326
144642
254617
650240
431518
679490
98049.3
145941
136540
595942
607597
959515
140224
320611
290935
95735.4
417206
186533
172441
561831
420959
709879
479044
126331
113085
107927
106669
274565
109776
165287
193316
179797
290513
14736.6
129101
128324
24678.7
18791.7
178170
177045
18752.5
466247
719423
185901
104770
111125
264795
345872
642669
172513
746627
1.0582e+06
104141
121198
194024
188376
1.08369e+06
908673
217540
223755
240106
247326
122816
131229
1.02634e+06
83286.9
134121
862006
104026
104598
976995
1.2127e+06
151438
113491
435055
680776
677860
108602
856443
1.08904e+06
126246
118955
136003
115445
103763
106577
107029
122061
118229
238367
156014
217413
143665
198473
130807
183096
75989.6
79975
74541.9
109671
114100
57966.9
891845
1.16165e+06
144708
116652
542719
147733
91708.3
151522
110303
113885
133322
124738
119332
101956
62260.5
300593
354937
655924
4422.8
50924.1
336588
32687.7
12228.5
334407
242576
24361.2
14808.6
241012
448068
361860
645326
635910
104556
619771
191936
105533
272486
229210
1.13223e+06
709699
609313
122436
126234
447968
403792
494073
82259.2
352360
491856
210613
207144
285131
105278
784579
189759
158155
137003
513238
568783
305216
631224
770774
225056
185364
261320
269300
143415
133803
49741.8
273284
934962
125098
86901
107795
106869
105672
87741.8
87459.9
96786.1
134833
85898.5
129122
272062
111902
113204
290112
279196
251146
231009
456552
484946
197552
180733
328250
226329
109240
99366.6
152152
299379
673857
702413
100942
357795
412948
297615
908232
742481
821699
296364
356103
916506
828486
411368
747623
635775
600545
239813
1.12323e+06
32636.1
228190
318475
670638
546408
604492
307700
162055
212400
722885
405388
331245
369557
246055
94785.6
108619
1.10325e+06
1.15282e+06
1.05732e+06
44509.8
498557
10730.8
59580.2
196520
927694
817236
519367
621585
617548
1.18576e+06
423684
161686
186821
488922
338600
143524
128559
457877
10946.2
43689.9
454904
711813
314374
228865
66709.6
1.06629e+06
702220
511389
959103
71630.1
149013
159886
174167
115600
536720
106694
108006
95579.9
147789
92844
96950
79302.5
431039
228356
102027
216017
112558
1.43502e+06
142200
129962
163851
428877
210502
165811
99475.2
717654
1.00224e+06
887517
816678
1.22851e+06
412300
925274
1.31514e+06
1.08361e+06
98212.8
115404
123909
865382
1.36961e+06
229716
147740
174731
964551
164059
108920
129304
203137
333293
620761
254515
73478.3
728218
106587
156328
35004.2
3912.38
94315.9
263473
550525
202622
199730
160769
358556
95419
381320
180091
113562
104654
1.23334e+06
533138
1.02605e+06
119802
1.00714e+06
215780
578348
279355
566931
571939
1.05698e+06
1.04995e+06
607319
467972
122960
102322
109711
105666
112607
110492
105979
107656
230221
140571
1.35583e+06
397866
114056
189981
18938.2
196255
6559.35
194970
147801
157242
618387
935003
1.10346e+06
951632
931460
80268.3
1.03974e+06
945550
454176
439376
197174
812178
845868
197239
741019
767524
246388
240942
669429
693178
287160
603520
624464
294400
327687
541776
562752
337532
388694
377463
1.25006e+06
1.34341e+06
140084
642502
762546
103970
690425
944458
588240
845263
1.13122e+06
629616
617781
152829
145610
1.39371e+06
891868
102413
104783
133069
115594
1.33534e+06
110062
446409
160641
211339
326215
1.25129e+06
1.18714e+06
766039
371218
278784
224851
357052
140460
163754
113611
476665
120388
131076
141042
99220.3
799290
216416
93005.2
120922
304945
373522
436229
502735
1.05963e+06
958440
862588
780044
304452
368565
1.07569e+06
974239
433673
878852
496285
792232
363199
360843
26300.2
474004
552228
444220
602170
448439
149738
1.0932e+06
102577
109303
761838
523257
850258
941218
454499
1.04078e+06
393129
325285
756199
840934
932886
1.03087e+06
523570
328510
458070
393815
887682
313930
113666
106849
1.18652e+06
1.3153e+06
337870
259110
623050
69368.5
173291
107426
143666
99751.7
764364
370497
279505
393718
1.24159e+06
743656
182401
590430
299773
366265
423239
487165
1.02088e+06
922817
831012
751293
298688
361838
1.04126e+06
942467
424682
850152
486245
766184
1.24871e+06
131565
164004
150475
221022
266385
132747
118878
125518
112389
110088
118237
1.47211e+06
132961
105391
111895
228297
293593
220363
604094
792727
456112
877615
972629
392128
1.07002e+06
331443
265958
331548
458423
396779
786096
962729
1.06357e+06
869226
264926
748326
272810
26598.4
3316.53
271030
496867
159699
190083
173383
111882
1.07193e+06
1.18997e+06
764979
1.15516e+06
704712
174264
1.09613e+06
1.0548e+06
548374
463999
469490
561134
449146
580034
595067
441317
106144
487433
452884
456810
198976
195627
1.24535e+06
477099
459110
930044
1.38913e+06
482371
381989
326798
112884
107343
1.23554e+06
125833
123330
301944
109146
118731
101674
94115.6
53669.9
933541
95194.3
1.32315e+06
1.3993e+06
152855
166801
174223
229709
219799
519946
512294
311518
320179
108036
665308
1.36124e+06
1.23004e+06
134140
131285
109010
986619
393591
822467
865742
1.03247e+06
141288
1.05165e+06
1.17374e+06
359029
83962.4
147638
343192
609232
229687
214784
113287
13181
74859.3
74161.9
5919.51
1.07838e+06
97172.6
552289
108301
528350
100070
547557
1.35419e+06
215283
1.20968e+06
103978
502106
424863
177779
627378
109571
689491
107426
659054
106367
117211
128631
111421
97947.5
84581.4
1.25887e+06
574245
580350
299368
304320
244114
239976
138920
103492
627694
155907
378414
372092
758400
745373
559900
157503
206945
292068
623389
274560
105908
125242
187688
409529
373721
335389
113642
1.18892e+06
14372.7
152288
7468.55
151290
468584
533876
458339
520308
381908
514790
385042
1.16928e+06
172956
215444
131638
228056
610183
297874
142736
137819
943557
365480
176335
164090
390137
450308
323388
980319
800020
885277
259081
322975
1.0911e+06
992010
386778
895433
449510
808788
196131
155422
322113
354994
392710
734912
408256
328145
713622
230203
148214
260039
1.08167e+06
453416
551284
136130
4887.23
63256.6
62873.1
19901.8
285198
174675
186787
867622
430800
725514
781706
398179
529580
533190
392305
96636.9
790045
775953
106305
799560
883977
888408
144159
242307
260389
261262
202839
218050
269453
289023
556531
586658
502210
485232
437524
453909
109681
126970
913202
162107
289348
387887
441214
471345
869788
884563
882914
101741
236793
856063
345544
773972
698634
228955
210664
250559
125438
114662
701800
634828
778646
361390
254896
614080
517943
489084
646822
608130
510192
481084
645807
1.14265e+06
104178
143483
1.06877e+06
1.27565e+06
643141
438812
713753
791482
380420
874558
329464
274820
636445
704905
781244
863411
441012
382033
331597
275585
156688
127801
98641
102333
225873
693296
301603
263005
350528
209025
374663
1.32958e+06
1.13181e+06
118097
1.14855e+06
744939
671374
246811
606057
343555
107938
767573
691858
624526
251512
350728
1.25338e+06
447279
514614
459716
538884
449796
405817
369355
146830
284083
139040
663192
197707
99858.8
92848
124508
91620.3
894897
1.00148e+06
717877
1.32733e+06
173514
129801
119338
141292
113668
114950
1.52549e+06
137541
1.35047e+06
612390
516407
484515
644781
601498
512587
486694
651235
416273
389935
1.14086e+06
238272
205069
1.51509e+06
790747
820797
180112
100413
779340
343438
249873
1.15435e+06
105098
419653
462562
511674
232894
174057
175369
293031
484536
537045
596156
217239
177229
725232
823465
437558
454278
459948
136007
361566
326473
295119
108561
472520
944210
986760
922536
442777
148730
603827
340897
255213
962645
421478
750788
49656.1
184946
547148
139825
149021
268498
474439
361949
1.31569e+06
534122
1.2144e+06
103220
173453
231911
404618
174834
446011
494592
112927
233883
214309
256758
145489
129191
153857
158232
1.29911e+06
101942
1.15485e+06
113256
230771
336894
650626
796315
719127
115619
1.29811e+06
133932
93788.8
433621
377527
188157
290591
102433
196068
155247
336691
371181
410337
979600
107632
266083
103371
436084
480342
392678
1.203e+06
202366
919791
352876
185707
248647
251533
24115.3
5624.5
249893
101585
103752
107652
100434
301703
109368
102874
326524
151150
159723
108085
121333
573727
114990
173046
187015
203460
96701.1
1.2421e+06
307102
127970
139988
259807
1.33604e+06
626397
73940.9
154466
117230
120425
1.28578e+06
1.30703e+06
347376
332417
253598
264644
691090
650072
387630
414724
119771
114303
1.30748e+06
483675
410575
129511
143525
296488
490760
778564
330618
236806
261687
126302
418005
179215
815770
1.04681e+06
1.30569e+06
93099
977362
1.1688e+06
749116
334933
244153
131007
300213
227583
602212
252266
1.11462e+06
75095.8
321746
772422
248140
295614
103535
165035
725671
75909.7
72871.9
1.40999e+06
186653
169763
254828
1.09271e+06
1.24392e+06
112335
1.08863e+06
994790
251229
896484
810217
732845
126234
1.37443e+06
409572
450613
368993
988736
548781
113195
123089
1.36799e+06
796747
1.34716e+06
468792
128473
769551
863193
99819.7
1.30827e+06
111831
128795
202310
104844
112422
227676
688699
174559
1.19435e+06
424796
135611
136025
176234
17639
175085
11403.7
137721
142195
180152
335961
1.24251e+06
112111
108276
115858
120325
168405
214190
79352
84375.9
606872
154894
117915
567992
627527
693252
205354
293077
466114
23772.2
7960.77
332379
330220
31980.2
1.13878e+06
116088
412185
1.32665e+06
178694
250178
328383
651079
105986
193771
261338
565034
510068
462125
552688
399266
150789
431437
89934.2
95119.7
87379.3
104574
882422
643907
465828
472508
508380
696945
532846
560302
680798
262212
343999
651218
95403
468279
673102
199764
1.16609e+06
188528
17825.3
3766.64
187299
199555
914224
499544
1.08319e+06
739874
107415
161900
369139
855029
272512
322951
232076
247110
300073
627876
575127
144246
309664
168325
176863
506570
371957
211552
658546
145756
14951.2
144805
13493.1
583991
564372
212114
154540
11463.9
80867
204644
194643
673113
301856
104415
699402
80241.8
403481
788926
77183
81144.9
1.3531e+06
102240
159394
101747
109552
116508
1.0602e+06
162009
120528
140549
178088
180748
243258
241801
492232
446278
505491
412802
458120
401940
166619
9202.75
99511.9
98800.8
13958.4
288756
271160
525335
918740
628798
251045
105409
528662
1.46332e+06
401675
124105
107056
211707
165306
139123
360191
396001
439064
512944
108099
192618
205278
110702
111799
102840
270372
26435.1
8641.87
268610
723091
794790
183371
54146.4
48073.4
1.41982e+06
285158
112780
113574
357475
36970.7
285279
1.1178e+06
107503
268677
1.23518e+06
208778
515250
957784
532967
105483
1.34427e+06
105062
94465.9
10503
93904.5
19844.7
139997
328649
746184
362116
111108
283872
389770
884767
169323
1.1326e+06
134718
574087
230798
549496
1.22659e+06
591276
223420
1.0349e+06
561097
598972
99488.5
634340
702842
775851
321508
223074
151288
711375
626475
854527
194156
104081
113937
287810
260664
191123
206626
611613
498940
538767
552660
487573
439597
815722
213046
219583
295303
303289
654536
662849
597111
591051
539792
535018
227589
523436
183440
1.32723e+06
870479
115020
101699
356978
280868
1.29301e+06
655070
355291
161275
1.13244e+06
146132
1.12722e+06
576640
983003
298723
391526
753020
172661
459152
229128
175198
6953.88
70463.7
69711.8
17780.5
448605
326080
105902
165383
203240
331632
362907
592151
129843
126593
1.11134e+06
275742
907962
140174
960590
96675.3
116691
152127
100037
598988
314527
383965
445569
513216
1.06145e+06
959610
863653
780915
314073
379147
1.0749e+06
972547
443617
877741
506702
790805
143793
131949
124620
290197
320724
136919
103425
75166.9
112224
636701
93041.4
195689
123817
88427
422544
105001
314097
629884
637397
497154
505530
644479
628411
509317
498425
485024
212513
111479
1.20821e+06
403936
1.10231e+06
485273
231732
200855
267231
242011
661325
1.38451e+06
394390
1.23232e+06
94037.7
115244
102377
175877
109604
309000
626013
282988
207551
227893
250004
275132
131281
472872
425521
386034
166412
218997
867211
511967
219796
443759
401882
158107
966526
334826
465040
271136
231176
183936
336066
294910
107208
115112
872056
1.16129e+06
625177
569163
514164
192001
269824
1.17558e+06
1.01027e+06
133003
1.03577e+06
794414
850672
268391
1.25255e+06
99456.5
89136.3
117591
124884
128310
1.12101e+06
296310
392309
756797
235594
218773
443182
173804
132926
179489
444460
218518
219524
190896
257285
298004
603316
518634
545447
492089
470229
423528
1.22541e+06
739172
745220
191732
512653
242387
698475
673144
774220
746173
452792
438899
858042
827406
396391
383225
948224
914106
329095
339863
273823
283318
342323
332031
46468.3
52043.5
864238
398486
395944
179319
92827.7
235444
185854
454504
268678
326677
1.0418e+06
742481
191892
691797
855910
178557
114649
110958
131106
191160
220813
837370
513219
139144
136536
142318
336257
331492
445804
439541
843351
865872
110625
759661
545156
707109
110950
257944
131319
143839
947198
127772
106971
441521
211546
161831
134175
260357
237878
287573
170914
893606
166758
36205.4
470009
176892
190867
595461
747948
762764
591123
595880
86749.9
10440.2
86259.5
678826
337215
379768
184250
1.4109e+06
1.2031e+06
857281
376493
416451
458852
216849
163963
291332
941362
399557
173925
110226
1.18133e+06
103106
99332.1
105071
466885
485161
644668
671421
530944
551590
614772
594061
484400
468008
684075
657830
1.10209e+06
107194
211597
1.29582e+06
170285
204843
416784
37761.7
940.534
982821
145228
189953
829108
81943.5
82106.7
1.22323e+06
1.06622e+06
510577
332550
320070
1.19008e+06
347422
54242.4
112961
912255
699807
106257
79443.7
796503
1.02002e+06
1.02737e+06
1.23069e+06
112867
174947
133788
1.21073e+06
92063.1
339502
164139
427353
137074
542023
533200
608884
619025
114571
128363
644560
335568
1.05998e+06
163144
135369
229359
157027
454303
434304
155541
28998
83646.8
13111.9
135044
134150
9484.11
505587
479146
624641
691382
597252
342981
660678
563246
538691
330069
225572
239759
679116
217616
970585
888029
919572
358664
352837
439804
366544
1.23314e+06
411064
242677
356010
872116
789519
712101
644285
715768
107365
107618
100719
269761
282321
636418
743670
1.01284e+06
192107
664131
603131
544654
275618
669437
113563
721873
106933
101096
97578
110001
134293
328614
299149
821545
411155
287159
221998
84310
607755
208412
39056.5
136018
157033
347963
88057.2
257428
162856
157936
143068
141715
183268
176341
364078
299576
70738.6
163612
137222
331091
306525
276794
317858
395757
745465
197731
175611
1.23125e+06
137367
130102
673618
253374
212626
466111
1.21379e+06
732421
784285
324834
547883
286362
222283
172090
56809.2
488854
409160
1.06068e+06
116928
131019
254679
230775
209316
133303
154025
427431
202257
1.13516e+06
304809
303343
852520
404566
166526
423948
382587
747254
346749
422576
384290
205547
156118
949398
121928
122211
125662
872288
732128
1.06575e+06
624665
671173
1.07599e+06
119818
388028
516749
1.43947e+06
203414
106287
112883
548822
674461
606481
200072
286892
106495
690399
108996
104465
117363
113658
165704
107259
103562
112717
109531
288174
1.01591e+06
1.16449e+06
308759
828017
254193
576418
558906
108731
509477
167561
90986.1
637000
1.19476e+06
148307
148778
605679
110710
1.03576e+06
114402
113753
242307
776708
657805
531235
639763
508592
384932
235067
242099
234819
743348
142682
102940
149213
97038.4
105346
1.16935e+06
748117
142579
241396
290915
223924
233572
174368
182920
549492
537219
120940
102920
96682.9
107271
83946
1.16374e+06
136086
161455
825623
162262
107189
177537
131175
170661
98773.3
95214.2
1.12487e+06
995201
432548
314773
1.16045e+06
113327
475942
515016
487949
112299
405805
181271
117030
103601
610720
109094
116295
123512
1.28193e+06
107199
839049
372218
134816
124035
178389
777229
199234
203568
272038
337753
199447
109492
126250
570885
516607
1.18314e+06
110358
193404
178684
723844
857972
185332
114073
191053
179497
348504
184033
927946
860121
1.07151e+06
1.10805e+06
178938
759685
1.04332e+06
206205
198684
863647
813271
1.28816e+06
1.38261e+06
350304
658282
102323
103439
925788
127118
829849
99032.8
161765
172176
92918.5
104032
1.03679e+06
864742
331426
98100.2
236820
751526
319929
1.20961e+06
463856
192143
106216
151303
104564
103216
653292
235868
136100
102809
618798
1.12895e+06
251215
197164
1.26587e+06
136632
497170
183564
1.12198e+06
119434
126297
135262
319205
644959
535168
487538
591475
1.33335e+06
438086
481496
300047
309678
401346
414115
786610
817733
255487
245820
337240
350549
588512
93512.5
636687
684064
383026
137325
788339
808332
367132
311773
688352
602855
100859
106789
104193
98662.9
1.42816e+06
101089
1.02005e+06
642292
1.22661e+06
111548
114719
654884
423907
252495
466929
518323
190381
623821
158341
757313
1.46286e+06
131570
180349
167001
189778
180419
207072
196399
227579
225740
265755
109088
142556
128712
107216
114563
98905.3
720756
931387
494946
571190
405968
471423
784798
74119.9
480145
489305
369181
353876
111791
1.20922e+06
73121.3
586454
507532
428710
394078
781292
182835
165876
743828
642473
166963
95844.7
114559
107624
114865
94190.1
709312
269306
353074
676978
1.36204e+06
1.13304e+06
702766
414086
113551
790708
742098
410748
541776
464670
207168
111929
1.30175e+06
106807
302685
283074
232005
246003
357474
414258
334577
387571
911278
854487
742116
694935
822948
671285
771119
628288
236339
244513
287683
299278
895516
919101
340046
352128
810624
831908
391991
407029
733553
752507
663029
679976
1.36817e+06
69667
1.18101e+06
138138
682564
472482
477867
522717
529410
423685
421104
170907
173030
522169
518806
728067
173346
143521
310871
1.05677e+06
1.09384e+06
88486.6
102438
1.07917e+06
1.04633e+06
185438
567125
550236
117481
214802
882326
449095
105039
243859
387558
327685
448958
265948
992841
897754
809248
731897
263710
324617
1.00139e+06
382210
907647
819820
442224
740336
165594
140898
247177
271633
299847
351245
436919
84217.5
85874.2
1.31293e+06
1.24046e+06
1.19296e+06
103381
105777
128033
120431
123745
409517
299915
120361
524720
96808.8
736318
130796
271972
303901
336370
1.04266e+06
172781
534058
267789
237969
326378
367604
815584
722390
106725
740982
98281
186888
240418
1.20522e+06
236009
235099
324820
324259
696076
692026
626911
623345
566138
562804
109784
110117
854082
121255
129513
48648.8
174052
238138
539327
487288
441974
103012
114818
430106
579662
428383
585834
791768
391382
1.03642e+06
92985.4
109320
160335
147495
139677
135107
957311
300765
111153
262556
245944
1.11454e+06
108357
102205
109462
320444
102413
101306
801252
1.46867e+06
172256
1.153e+06
284287
166831
382288
1.32761e+06
109243
478361
496667
137691
131457
106288
1.45063e+06
94533.1
128887
108990
116467
92942
138061
764819
103357
96930.5
1.18442e+06
602206
315224
998124
430186
850526
936488
1.20995e+06
537791
436723
605033
112477
120564
111450
168662
100795
1.37427e+06
1.0955e+06
1.08086e+06
1.18807e+06
834501
572690
256021
906815
371476
819311
739651
49850.1
576289
374929
957033
899845
81831.3
896250
140707
529733
439804
58919.1
541442
330115
253729
624291
88930.5
479719
673761
678168
99645.6
909926
454518
1.40659e+06
970289
157529
188649
406675
841350
326898
1.11294e+06
1.18946e+06
163910
115675
127469
1.42567e+06
254753
348423
110481
294196
1.06593e+06
287860
269198
484329
487152
342610
279484
401167
462582
893357
988006
804790
727909
279035
338886
998716
906014
398737
817711
458043
737847
88405.1
222205
770578
697886
318321
629688
1.18816e+06
223469
222615
89850
739237
524571
525444
214850
936846
849386
1.17195e+06
573007
1.12336e+06
433758
865297
94577.9
115415
1.32373e+06
202474
419215
549899
109708
13237.8
109086
170088
180570
117588
190071
513490
1.10482e+06
157653
311050
428166
122256
666260
1.236e+06
662049
205935
204617
21164.3
16458.1
555580
614872
681358
316249
222344
401322
163951
206725
118509
1.47651e+06
681986
28087.1
512906
510337
464267
422636
423365
461668
96407
112752
161865
127566
175967
178362
56431.6
142252
199241
113499
121312
119276
389448
11388.5
386920
37438.3
685355
1.21844e+06
1.12186e+06
1.07977e+06
88582
160380
91170.5
60191.4
157959
137656
1.20054e+06
1.16862e+06
1.22757e+06
1.35421e+06
45268.6
205723
295731
293747
822390
392683
112784
111780
935157
995190
180539
51306.3
98985.1
156764
1.22819e+06
213407
1.3902e+06
53461.3
107238
105808
1.43308e+06
343074
1.03755e+06
644726
623339
564195
583413
116187
599003
662602
735127
349885
250336
136326
104726
104619
692271
441660
767328
850629
384979
942063
329055
272313
744361
673429
826496
915904
443223
384209
331929
275464
200050
204212
977122
178989
75861.8
115957
105284
92415.1
661902
264743
1.1235e+06
193474
148951
693410
114270
149703
193861
451254
268529
1.0593e+06
62888.7
1.18809e+06
1.23162e+06
683158
1.2036e+06
168755
1.22078e+06
1.17194e+06
1.20925e+06
96992.5
1.11441e+06
122176
126468
111337
1.17176e+06
102851
664181
108949
115624
117327
126756
110431
104050
101012
107330
226648
152398
390774
353872
433340
892325
1.17234e+06
337452
1.35275e+06
1.05199e+06
753358
142380
439783
396894
360951
159739
525236
175838
224624
65694.1
127643
709725
419806
487856
1.10033e+06
204820
924037
110815
140575
143426
276775
254972
311865
1.38937e+06
339575
400002
223882
1.15731e+06
1.1466e+06
108295
603827
128923
286281
151292
65356.3
63740.1
105737
289791
379562
720773
141319
732905
116316
155775
132530
111868
257341
284046
313086
368689
1.30636e+06
175760
746019
1.24753e+06
1.24712e+06
92596.7
153628
1.17599e+06
1.05937e+06
111494
111268
102153
258152
341216
679634
145959
148649
424605
346220
383308
104711
1.13319e+06
111696
105316
181722
645183
104493
102605
114487
211876
213806
296605
298847
631560
634541
573085
570387
514860
517412
390073
382423
422391
431612
158169
149074
85194.2
117458
109007
1.07122e+06
215717
197851
536484
1.1875e+06
658372
113609
131947
1.19321e+06
130419
120633
46494.5
1.35458e+06
816825
110543
98819.6
516633
1.21647e+06
1.15304e+06
106056
143931
1.30315e+06
127801
65173.2
160964
652339
1.3475e+06
128940
126060
156264
143759
282190
192575
1.16205e+06
1.1412e+06
79366
98436.6
66609.1
151690
107262
512998
500799
229672
226714
169897
175143
210419
1.31624e+06
115670
91336.3
926730
201292
200710
255339
256473
484605
494948
84925.4
105168
1.12774e+06
173108
193586
436772
213429
130860
191800
154669
131941
305243
336676
372527
464288
1.01686e+06
625097
95934.8
94322.9
117896
84997
117629
132547
99979.6
84663.2
106505
89032.8
103677
200342
202391
190453
111130
1.01021e+06
106178
111833
1.21226e+06
108232
125877
146165
1.18671e+06
1.10609e+06
382860
96761.4
128899
110728
113599
93137.3
1.07258e+06
1.05337e+06
81476.3
1.19667e+06
1.36346e+06
1.17451e+06
100427
1.34018e+06
710763
826579
777598
152713
101110
777017
1.08984e+06
86415.2
97534.7
278033
1.08755e+06
178563
540923
468352
849535
907749
200052
160656
465926
1.1908e+06
207954
659589
598487
484964
418303
86407.1
100294
533643
1.08612e+06
236724
951352
666028
210740
269201
93360.8
125405
1.05771e+06
938092
136131
878726
1.08073e+06
1.11819e+06
239589
870455
787218
712096
111196
466945
1.17462e+06
341768
476850
105342
121469
250612
801352
159255
359758
407366
659161
588076
1.05824e+06
513056
1.08483e+06
802111
527319
523986
201882
1.40881e+06
475644
328826
869847
1.17888e+06
461329
187907
860869
175022
173268
135628
424456
201496
203954
265385
269885
630906
638301
1.10512e+06
229391
297427
570738
672958
744491
826141
396020
280209
1.40224e+06
12633.2
107022
106366
1.39923e+06
739808
766222
855149
1.2222e+06
482387
18480.5
177480
176346
15851.9
721756
527601
574932
666075
525783
711198
576002
673652
302175
106625
108769
258823
281501
24461.6
1.39259e+06
427535
109858
665914
130732
164779
719195
698935
1.2052e+06
266337
202027
167080
440438
485907
538754
651001
85231.6
590978
213850
606331
1.22691e+06
230381
182749
772353
219721
1.1623e+06
108866
94610.4
453981
570791
239263
200210
20467.4
198920
14451.7
1.25517e+06
334078
32497.4
10723
331908
104486
97623.6
384442
518062
382298
521990
161337
155552
114342
1.25546e+06
1.17944e+06
748218
219240
190949
98605.5
812936
1.10425e+06
1.25797e+06
27290.3
146582
184726
249250
543395
490632
444595
105181
114567
1.08096e+06
544276
1.17443e+06
113291
1.14797e+06
722577
519252
657011
577613
715052
518385
341459
175752
469331
230267
273170
857157
369282
479385
376667
10266.8
36405.1
374219
88302.3
1.24696e+06
125479
1.47527e+06
166673
216635
126496
115232
385770
235856
44451.4
449951
566723
115229
137253
1.46547e+06
119597
113176
1.20458e+06
200916
650594
603819
130405
1.21058e+06
185511
72129
697352
288120
215147
1.24495e+06
1.08916e+06
251301
119362
102489
1.15174e+06
137442
115839
165907
136091
321517
108191
1.3406e+06
503379
457803
556496
95671.8
54591.1
182447
110984
108029
391326
397245
265348
524996
692607
10068.5
107989
107255
12734.4
111139
784700
469341
869135
963197
406377
1.06203e+06
344081
279847
775559
857491
951680
1.05232e+06
281801
475535
348180
411165
149331
729024
515610
585400
653538
714743
516583
862632
80207.8
73681
148734
426441
384762
349728
570645
226185
269055
304120
562550
156100
106506
98397.9
103253
850976
206668
150035
99170.8
649916
590769
86617.9
1.58606e+06
87159.3
220467
1.19181e+06
597389
108698
109000
287716
523397
1.27795e+06
637158
859030
552970
479623
727459
791680
99463
94781
106128
532004
85011.5
89199.1
130378
143898
306472
292254
98589.6
167121
285608
110399
11406.7
109685
16844.2
333468
124173
12667.4
123358
15106.7
1.28192e+06
203427
268703
546399
14572.9
131163
130351
20678
15892.9
147066
146145
18742.2
102622
225790
753332
1.56948e+06
1.26972e+06
989539
845867
808285
350002
165271
363667
663383
581006
1.26419e+06
863079
99059.1
628948
151941
1.29088e+06
406596
190147
125183
1.26359e+06
1.27804e+06
111200
476014
727682
121900
131611
625193
621116
27247.9
276083
11874.9
274296
24545.2
245912
12711.2
244320
107501
118979
977118
106082
9993.59
60111.1
793858
1.19825e+06
87196.6
90063.7
1.43104e+06
122329
148822
472206
289192
318977
221698
203428
735391
662566
662954
596500
599688
539612
226779
730123
1.17146e+06
544267
185843
248220
469545
524997
582245
177302
1.3105e+06
1.06969e+06
179030
131764
132528
651975
496368
299105
974548
717849
552489
567218
698358
136971
767809
33163.7
1.12263e+06
117501
137894
304668
179128
320881
385137
510843
447531
808217
990647
895987
724498
319312
382686
1.00162e+06
904959
443907
817191
509615
731802
530452
526865
382538
383491
9837.33
49690.2
866035
1.12129e+06
1.19036e+06
364537
461567
1.24906e+06
1.11527e+06
36900
279374
515328
511979
183699
632395
106578
98899.1
191266
826528
636401
478003
488512
425941
414333
240597
247025
1.25677e+06
9897.14
461320
458318
44407.9
1.11429e+06
316709
251908
842552
157287
343874
1.35438e+06
229913
22522.4
8887.12
228414
731231
206432
20158.9
9656.42
205086
142162
177434
373447
240253
112139
121038
1.32269e+06
1.18346e+06
633369
447534
108728
782673
689921
84325.1
1.24213e+06
101281
110289
1.18013e+06
112275
108944
109474
168171
1.61942e+06
528417
476783
740477
667054
527858
475406
676930
750577
155126
150623
735993
108743
102965
125541
107499
1.28835e+06
423401
424572
348200
306444
570616
81952.7
315961
316828
912606
206164
6965.89
42365.7
1.16441e+06
163394
195798
122362
793609
418805
356761
874732
109627
120909
146630
180872
166845
135780
1.29287e+06
1.22514e+06
107879
114575
830546
540135
293345
823565
291329
390416
1.60784e+06
437312
434481
120949
102725
170110
542329
105313
1.10119e+06
352584
516396
305773
571863
267743
635243
706017
224353
88183.7
109215
550329
407389
1.10628e+06
1.19712e+06
110721
37892.4
2679.08
569807
580077
1.44942e+06
357686
425606
209967
228334
250991
118932
1.34975e+06
771885
1.12991e+06
113484
264737
27472
423990
432839
1.25683e+06
154958
126066
106253
1.00333e+06
110405
605318
1.16061e+06
1.17106e+06
355252
211536
169903
102109
1.22825e+06
796139
443310
437416
625964
642224
379394
384103
713625
694134
329790
334158
790940
769470
275036
278346
873917
850706
110745
115680
31467.3
631136
99478.8
1.22023e+06
104675
364792
308302
314878
431552
371725
423621
249847
253929
948532
971195
876057
856943
698471
772418
714940
790416
247616
254566
314331
305155
980397
957311
368536
889220
867215
359632
783768
803490
427899
417034
725995
708195
120445
168849
154195
141675
112716
132792
239945
857581
698985
772591
949198
453079
392453
95709.9
92676
915457
130319
624421
127236
1.36681e+06
745238
107364
788572
480295
873882
968341
417519
1.06731e+06
354199
290131
777718
859756
954569
1.05545e+06
292093
357483
485779
420760
1.02783e+06
600032
240857
188256
163795
1.08361e+06
732647
306119
229110
291678
104398
122538
103654
387539
7024.14
37123.9
385024
114386
114456
123236
127330
275159
153006
128132
1.2595e+06
262472
252157
335209
336022
606981
612875
109586
794250
501704
1.12113e+06
828473
349044
257647
115844
936495
925120
635624
1.06761e+06
94413.5
91682.8
1.09947e+06
194402
136809
109354
91518.4
82570.7
139702
1.06078e+06
123458
110775
340142
283117
574069
582427
691965
674686
244969
239631
323240
316920
1.01851e+06
1.19849e+06
245447
289883
96308.7
113975
686160
1.15343e+06
111778
109657
666743
514055
116426
153733
191579
108006
104018
262876
241825
289271
265727
216817
238347
129999
127308
122236
143693
243977
102916
969639
1.19442e+06
52060.5
8177.63
142787
233691
319464
565214
86976.5
100105
113059
259955
251017
142836
180129
145613
185169
939293
724806
150927
99095
98390.2
93326.5
207489
213709
314689
346613
151534
127643
130653
158020
1.16719e+06
1.1733e+06
781956
437628
594622
435655
601162
353225
1.09961e+06
1.11458e+06
214240
1.278e+06
909976
151670
599694
325846
329465
298088
359782
266874
294477
1.01907e+06
128401
89984.1
1.07782e+06
1.259e+06
1.30543e+06
1.18764e+06
20432.5
211889
5175.85
210506
608685
357299
533676
312961
590929
656182
270526
724096
229007
3301.11
48607.1
276226
282327
390910
398628
764524
826168
744105
848697
672645
691691
401354
443325
609377
674077
675367
747668
749427
828758
826352
915108
401446
446595
351960
389623
337988
303532
301547
335274
279356
254382
163326
661154
497897
109893
110016
103877
193297
248214
485182
123897
471320
518693
71511.2
66970.1
355833
1.29275e+06
325196
323255
757532
753504
239959
241302
1.10944e+06
1.11549e+06
135858
137450
726449
131128
495948
555963
616019
190112
153761
123312
140919
176515
131773
164894
385293
213760
511904
500773
569291
562407
594276
584389
662211
849864
210124
811219
1.18869e+06
805925
255009
280598
123744
682325
123755
114491
146182
126794
256111
167638
310618
240540
206639
894393
400977
270998
299360
329616
161470
133716
333782
291757
141753
1.176e+06
530449
527007
1.11228e+06
1.26046e+06
426164
453028
448167
115733
740603
1.15854e+06
574078
109173
85458.3
1.46894e+06
242277
340355
753959
680094
614419
359074
813895
108674
550383
1.24731e+06
111516
61362.5
136881
1.14688e+06
140271
326996
295824
297447
620940
688527
761886
307926
213824
488408
504296
900038
945192
1.37966e+06
110266
55310.9
103199
571375
603262
517379
546063
494214
467407
800129
113816
146988
180636
193581
408538
119819
75930.1
304706
404112
784602
794582
260649
1.34844e+06
145774
186862
420338
978958
1.23724e+06
337826
1.21332e+06
372655
1.19827e+06
915370
909414
98970.1
414507
10264.3
67163.7
44413.4
64319.4
898011
112543
593448
433563
447787
225201
223548
180344
176718
98614.2
112197
122644
86869.5
108101
110937
1.21411e+06
332397
255920
643129
564199
631146
266587
145376
505488
538102
107299
336835
348460
406270
424556
67242.8
853157
146616
366003
402339
446226
155668
130752
244306
270180
294267
102082
133305
593254
691931
1.17954e+06
45023.2
8122.78
551883
126906
148329
277550
191019
792068
153784
366115
1.23639e+06
569122
229800
1.10567e+06
113076
1.43658e+06
752440
108873
127560
644.143
30011.2
318263
316202
1.06372e+06
355194
275384
682021
1.18424e+06
125572
622254
107767
1.01184e+06
136610
372023
337310
85476.7
109631
130417
77716.2
86139.7
150948
1.28637e+06
107341
95813.4
713889
709234
1.33477e+06
124073
78738.4
1.31887e+06
561549
1.32504e+06
637211
28373.8
1.29268e+06
1.04242e+06
706538
1.02133e+06
732813
144427
325296
112852
172853
146916
368223
780384
232683
243352
326821
337964
421076
432314
176537
100931
92884.3
107651
402265
399670
261579
260053
139650
141587
180716
141927
311603
340339
278717
103320
169142
1.43032e+06
821964
1.28941e+06
1.22474e+06
275641
200088
577790
471529
522363
997954
318301
751073
738533
414732
419824
832143
818419
905934
920798
363639
359239
1.01785e+06
1.00016e+06
303582
299880
246629
243407
296261
421429
305076
363235
413001
359198
913098
894618
811812
749811
829366
733880
449830
461201
912514
941227
386139
380922
781412
762479
620034
635998
705513
688978
1.14077e+06
91612.9
78730.7
80139.3
196242
204955
813967
1.44529e+06
392492
7494.23
87749.9
15041.3
87179.4
107372
774047
715696
506749
472765
794263
859907
880017
952375
412719
442027
972778
1.05316e+06
354951
379265
294157
313043
767832
710057
849784
785446
943574
871939
1.04267e+06
962788
511032
478590
446360
416702
383485
358457
293649
314146
556371
561618
621459
615971
287887
683226
678136
286270
200814
202244
198020
235596
217586
765936
1.43933e+06
336080
220451
634937
775633
701721
111897
189895
173293
111076
91981.1
1.06429e+06
120953
132101
418845
447333
313782
229158
213803
292797
704901
743825
139711
368362
335572
302756
125679
116773
401523
380366
1.20743e+06
503041
314498
189607
353487
140862
132181
102963
488223
240223
246396
987053
1.01318e+06
399676
351021
287631
96897.5
92019.7
556542
111561
150790
469658
466627
1.20143e+06
927885
201013
112351
94647.2
105091
661855
1.23431e+06
1.15561e+06
148614
516971
883514
1.29939e+06
1.18737e+06
102967
177516
531121
112789
624521
418546
235373
263962
327305
385451
444498
960281
868510
782274
707310
265477
322089
969779
380970
879620
437548
794108
716925
1.27484e+06
216420
212134
11011.3
69430.8
961713
942068
506223
516827
180706
850890
423314
710131
123252
123516
673485
464183
750098
403081
831093
918758
348486
290640
665564
742700
822672
910562
406072
465757
291773
351425
1.16287e+06
717592
162304
876237
191676
69620.2
477333
1.27115e+06
462269
120649
102928
1.15352e+06
1.1748e+06
111928
587706
238095
150532
89550.8
161496
94573.6
137534
87223.6
101469
111931
678005
696707
541153
551525
686677
1.31873e+06
971919
417434
302262
1.07958e+06
664021
1.6511e+06
96668.4
112891
160873
143386
149492
106354
799221
724178
652384
250624
588360
298666
345558
395943
928488
2531.85
45754.3
22320.9
48359.8
59221.7
398077
692149
480633
770245
418097
853380
943760
362227
301781
933739
684147
845983
763724
420726
303244
364124
482149
802069
851496
624992
136471
162311
655337
110895
893919
344379
141671
176355
1.34678e+06
182200
521890
101272
505551
522988
402005
410413
525216
160165
837740
517255
505847
404202
419161
979075
98927.7
132122
121039
520202
530760
504709
482030
556939
1.43697e+06
173010
462632
510372
418030
237147
458529
196083
159210
972693
1.07373e+06
907729
127157
60774.9
1.2044e+06
133634
123993
1.15999e+06
92078
11268.5
92676.4
7852.16
505555
176633
219896
379276
1.00438e+06
102519
104006
76928.6
93955.2
846853
167872
15928
168975
5026.53
96813.5
645759
595797
1.11203e+06
244832
1.19597e+06
111668
868909
1.2086e+06
522773
129974
823491
111907
430752
687011
842512
759424
931944
382891
441536
1.10798e+06
112788
264124
734588
350382
1.34051e+06
92188.1
119440
121213
536968
38647.3
292415
113152
103334
920708
125602
1.08951e+06
376817
611158
1.35053e+06
151780
376153
413902
459075
575315
478997
240082
184052
232762
99349.7
147673
171608
160026
54455.2
245088
115429
1.1363e+06
83706.6
235224
138758
118823
236375
150484
589429
104304
93207.6
426362
465538
106338
109675
1.15643e+06
1.15983e+06
105721
137204
112196
146533
115339
104812
560008
602720
649892
685400
1.2462e+06
728637
387843
296810
670920
142238
506174
620411
560665
209402
291098
94155
265161
1.53913e+06
419480
661971
247049
95027.2
662376
1.33111e+06
262301
242522
469978
446104
1.16797e+06
1.52642e+06
1.4283e+06
457776
467428
1.12883e+06
631561
609967
1.15171e+06
129274
104158
1.3851e+06
102626
106684
106946
99100.3
93456
121113
170412
112496
156599
46846.9
111527
91576.4
94829.8
1.10805e+06
119907
137319
116790
147411
160727
109877
180510
116395
156134
189754
372022
230654
49640.7
140310
185453
201731
131527
119029
155089
141236
304015
286919
754329
385567
221101
173355
144742
358392
394827
437647
529033
1.17014e+06
1.25096e+06
135933
142373
95304.1
104505
98875
117518
124619
133823
150195
1.08391e+06
124780
1.63785e+06
1.25941e+06
114010
86519.3
119836
84610.5
127243
91009.5
88694.9
102396
1.35138e+06
159995
135703
283215
308848
256087
109944
1.12005e+06
1.08186e+06
1.002e+06
247495
1.07484e+06
423488
1.20969e+06
150216
108524
105596
108769
111911
516315
168055
213658
766373
130550
121468
224631
227540
935575
958078
796074
1.30434e+06
911551
952626
523447
78746.5
905618
1.34774e+06
1.43879e+06
1.0777e+06
473609
480622
351376
363171
76260.3
371348
339064
306521
140136
177567
622403
475156
509875
111996
74510.3
633774
417260
1.11801e+06
91381.3
71944.9
186485
110435
1.22208e+06
153357
983933
463288
438200
372491
389360
1.20259e+06
108595
107502
101523
990721
653574
318756
238787
294498
361422
422620
487234
1.04126e+06
941462
847704
766697
293588
357716
1.05551e+06
420074
956778
863313
482738
778622
1.10441e+06
111199
821039
69170.6
358986
765229
269907
735507
129315
1.33096e+06
536045
414937
93196.1
179228
113651
70906.9
1.54477e+06
557713
564361
174079
1.25588e+06
226831
17997.2
187916
186687
7381.11
107212
38597.8
1.18201e+06
401730
480190
290846
347413
264159
269439
125240
136784
127930
144886
1.19505e+06
9535.97
64585.9
101703
535858
270619
209994
129370
113907
102940
105557
1.53401e+06
108333
1.13142e+06
73589.4
714078
101375
1.316e+06
1.47151e+06
163458
213950
113031
578485
426291
387900
348594
109141
166396
169057
104019
114274
1.39651e+06
565781
623095
64232.5
9506.11
72572.1
6798.78
330003
327851
31492.4
787693
1.0782e+06
72460.9
205631
659513
1.32054e+06
302219
327072
299323
268967
132247
496069
386438
143034
757538
431680
872570
1.10182e+06
211782
167344
412577
228113
886480
109146
601282
689541
254418
292765
218799
193029
266076
324250
383563
443355
961607
783908
869839
708898
262804
319723
967219
877670
377807
792838
434464
715858
103453
275571
341619
256432
319680
411132
472700
384916
443826
1.10151e+06
902424
999088
1.04274e+06
946863
856025
816185
773903
276772
258909
318834
340356
1.04475e+06
1.11093e+06
379476
405785
949906
1.00971e+06
857632
910738
440306
471957
774506
822828
369946
459076
875949
59045.6
119954
1.21783e+06
391346
377572
1.18485e+06
1.27263e+06
979085
1.44218e+06
118164
174156
161929
1.18496e+06
88057.1
23272.2
115521
126399
220971
186108
204508
388596
473014
5238.95
56470.2
24544.8
57717
135708
1.09006e+06
1.01816e+06
172940
218391
407926
1.17724e+06
730880
175877
174751
173604
17062.2
10548
1.20503e+06
225366
366882
317038
760178
558329
684559
617899
1.22637e+06
550631
481757
1.32504e+06
267810
124814
126418
830459
753258
679005
612399
258840
307370
408164
357245
272395
829088
1.20599e+06
107095
726056
965234
205941
779582
417040
313337
490664
380983
143648
157638
719967
412536
141417
1.02338e+06
545498
594526
1.01584e+06
352419
1.18808e+06
113082
582020
578236
365808
421366
179566
191531
154513
159427
59316.5
1.29613e+06
103886
1.04794e+06
974668
261417
136634
1.32306e+06
207544
560038
628602
945292
1.32784e+06
485856
374676
516684
514934
220818
227497
180558
173185
149556
187222
350066
319439
287750
747217
827316
918356
1.01507e+06
310300
378938
504036
439944
310286
1.02504e+06
375189
926930
436405
836728
499969
752949
887980
1.56653e+06
101846
202679
130768
151277
351426
128082
255249
234232
210615
1.05564e+06
1.25549e+06
959554
73859.4
1.07041e+06
1.15555e+06
653952
613138
624083
574358
105322
1.11491e+06
332201
791963
786809
121011
415705
1.07408e+06
628274
622361
194521
986603
706459
856407
222060
183775
1.06474e+06
206949
903131
391976
283655
109158
718270
170308
230776
269933
61249.3
1.26529e+06
133911
694095
106414
110037
689565
110636
282891
1.57207e+06
78135.2
747407
108641
609476
995749
905604
1.42553e+06
151717
185728
315298
135772
299984
273099
247024
9188.37
55891.6
110259
92144.1
493400
682365
131014
1.48127e+06
101107
96562.1
600159
650324
1.1185e+06
579792
614775
1.08023e+06
5749.09
331312
32037.4
329150
1.01377e+06
539955
235339
599664
1.01114e+06
249100
385914
184348
147277
1.29523e+06
870554
820091
1.25738e+06
51447.1
176989
17259.2
175826
8669.27
127442
121437
255216
207632
234312
227606
188545
211960
1.24919e+06
186609
166174
185464
231892
263566
544535
624083
497253
568161
449596
513284
1.27728e+06
623390
689497
765107
364152
258513
343467
89192.2
92204.4
103905
765116
329551
284649
597200
685314
251289
217058
113059
107632
101029
1.06283e+06
625556
591210
657298
570429
240450
253486
1.10742e+06
1.05942e+06
853354
111214
112462
523967
475286
578999
613489
245445
1.04032e+06
190141
8983.9
77114.2
76374.8
170033
208554
390485
242283
23665.7
100406
1.21375e+06
1.22879e+06
1.40004e+06
1.55389e+06
289411
356610
419437
483877
1.05327e+06
952587
857822
775855
289484
352199
1.0625e+06
416420
963882
869507
478100
784540
1.2978e+06
1.32859e+06
951096
111493
149089
1.17385e+06
1.25607e+06
1.24113e+06
1.17074e+06
109484
116763
126326
137424
174391
129503
152941
399600
307889
238903
206010
751255
1.21684e+06
141754
122338
49678.1
109941
88432.2
1.32993e+06
89866
93293.9
454130
574234
354360
4515.92
33476.6
352059
95946.1
364553
275305
701289
109719
111966
205615
1.06843e+06
415770
109343
152328
16649.4
151386
21553
358133
268375
747868
271807
1.3355e+06
1.55978e+06
813442
460571
900476
998092
396136
1.09871e+06
331779
268109
400639
461574
265963
332211
1.08879e+06
804986
985951
890473
210922
167050
400043
484452
1.02855e+06
105939
124028
203167
55121.8
361316
153549
128158
111416
52261.8
988972
153005
93130.6
96539.9
152808
190297
351306
103994
119290
116210
108522
149298
189127
171384
197569
801200
105356
134974
8137.85
399981
397384
38598.4
1.08048e+06
606185
644496
1.12649e+06
208655
348431
541817
340254
175360
110663
105051
81198.8
74145.9
84117.9
93126.5
252659
793665
719456
300819
648480
346453
584382
398142
267844
154655
196544
422733
377408
95835.8
160689
132568
28305
286913
13417.5
285057
383384
700494
678377
187448
113263
110802
655472
106021
28822
518909
122899
531238
1.13177e+06
247661
524235
579231
641430
289765
210416
1.20522e+06
186315
119457
102898
107378
820962
345728
375908
416136
143025
227104
1.30951e+06
337309
408031
1.41336e+06
979661
177787
150160
187086
286003
372618
585118
675052
399491
34033.5
316524
38261.5
959992
659277
212017
213405
10991.7
21163.9
85227.8
78634.5
1.02044e+06
1.06886e+06
99802.4
414323
24793.7
9846.62
252911
254568
1.05753e+06
940436
777150
835168
441203
466734
860649
924217
953233
1.02441e+06
381209
400593
1.04943e+06
1.12785e+06
335279
318127
269951
259239
824652
912199
1.01007e+06
852817
771148
944148
319014
336223
405993
467444
442444
383930
249493
1.11414e+06
595132
652970
125066
183150
168700
563149
448462
494857
547854
249528
183847
281024
1.41864e+06
383097
90486.3
751349
121225
656645
615669
250822
1.15481e+06
1.42861e+06
218685
250059
348162
403021
845652
762230
687277
621728
1.08145e+06
102129
81266.6
1.20032e+06
84792.8
85373.5
10750.9
536354
532870
51154.6
92112.2
132557
338242
306152
14122.6
135720
134845
15988.8
83456.3
77252.6
352973
388769
430529
516092
204501
159054
134283
114537
12317.2
18678.4
113826
1.10691e+06
1.27258e+06
79588.2
769106
120266
91827.9
90466.7
656868
634794
1.16197e+06
91282.8
106230
107644
156713
1.1614e+06
786551
134705
145900
151590
145649
114162
813461
857793
240331
653438
320316
99856.8
346805
231900
240672
251990
1.14301e+06
1.06265e+06
610494
565899
619425
664746
120942
102400
111680
434330
355786
397079
333196
231112
184543
467522
296144
1.13343e+06
97488.8
108087
1.1368e+06
785408
99631.2
119472
164586
156481
143804
176651
151967
167749
102211
108263
969244
876948
572337
576066
602018
1.01345e+06
662389
147346
190533
239991
461314
270792
112109
1.15899e+06
102078
93342.7
130663
1.1475e+06
1.04652e+06
242927
402221
174845
138035
1.2009e+06
685897
219613
169572
360396
242987
153917
135971
129869
119946
313360
1.06362e+06
270980
294797
189654
172464
243664
205403
129130
124910
1.63146e+06
499153
398407
313708
112881
1.20299e+06
594450
290809
825803
389025
433438
719283
388644
298263
592997
55835.9
395542
220068
335258
304044
276025
142646
70800
488224
88469.5
99692.6
885451
267319
389582
329761
450430
993811
898837
809868
732332
265406
325224
1.00345e+06
384305
908648
820483
443775
740919
1.03833e+06
1.03313e+06
1.01994e+06
1.61881e+06
712366
100732
834664
404408
621332
110249
116825
912594
91596.2
99065.6
7730.22
58354.5
500954
402566
740367
96478.3
350276
783632
1.6473e+06
347483
944032
364763
86507.4
53212.2
129327
153174
212604
368779
1.45977e+06
250965
894162
365132
807977
729355
66661.9
71465.9
155778
1.48218e+06
1.11785e+06
255572
1.04579e+06
268683
47894.6
724261
135753
354727
835465
261653
219564
235162
1.23757e+06
109890
421091
295208
1.63451e+06
132214
244791
124624
980341
111028
130236
117659
157397
140584
232546
233172
169973
988524
107178
172327
159493
188146
130134
120718
142383
538055
1.42287e+06
113857
513108
566674
626815
278526
201004
749453
367382
113509
101771
90790.9
129516
94077.8
137205
159685
187732
116465
201471
578901
1.15489e+06
308197
983504
421731
104393
867173
229785
228345
226518
797643
158467
649632
663919
201946
277839
624671
564564
511064
974177
95122
106532
613055
679499
750510
306045
212229
665392
968950
8718.7
61067.7
160610
673575
100890
96952.2
1.37644e+06
340046
282234
108515
355763
245045
301498
411642
663699
901087
734015
814597
242839
295854
912511
824902
745731
349932
673840
403858
326371
338499
108748
60819
109910
105609
63280.3
685171
184372
69567.8
8671.4
374343
145130
69546.3
1.06864e+06
1.25217e+06
103591
1.34583e+06
855895
155275
161671
120550
861108
81996.6
90701.9
466240
383988
1.44911e+06
1.24773e+06
108826
101629
81585.1
13420.6
122049
121293
19631.5
15010.7
140859
139971
17316.6
103171
386044
760492
287210
630124
634666
1.36444e+06
227316
111688
117324
104094
1.07425e+06
1.27728e+06
25946.4
263765
10857.5
262053
22728.5
229030
11873.3
227547
180712
95356.6
107319
345591
372637
479500
442897
109878
108080
47715.2
9034.92
1.22463e+06
242443
1.03122e+06
30796.3
494377
491166
1.31886e+06
113258
9077.87
431309
428515
41209.3
35492.4
210311
172826
160772
187933
197422
100464
99343.1
101274
1.38666e+06
107013
704535
780578
863504
351686
242219
871561
310379
129298
595428
865619
1.29995e+06
96234.5
97510.4
159560
1.01855e+06
1.15355e+06
407483
950726
298516
85333.1
224423
311126
679358
612041
553267
125231
975204
366049
304581
105838
1.00187e+06
1.25319e+06
314654
397815
295826
1.27661e+06
1.48708e+06
127161
982739
51516.7
870790
78900.1
93088.3
101106
166323
122987
110985
333255
304862
520733
115084
1.47749e+06
398372
10734.7
118279
117498
10754.5
98293.4
247589
145127
115528
114397
989809
1.00369e+06
814207
667805
262988
343775
474095
399221
361092
337973
147663
156651
169799
181213
413840
78161.5
709393
559548
556307
702130
74946.4
204351
1.19837e+06
817417
112922
738015
923900
179732
449158
316608
231241
814357
1.2175e+06
101528
265022
261661
118550
110606
162772
171754
942243
181894
557848
289332
223284
567231
695986
627570
327716
232788
107739
114228
215926
441210
171317
90284.5
559814
615405
1.19958e+06
1.13867e+06
121663
114755
108057
1.04504e+06
865287
858714
153708
166890
179916
116709
383604
222235
113102
108118
282912
345649
402388
463851
992102
897128
808222
731020
342004
281526
402748
1.01162e+06
462571
918121
828806
747914
891557
1.28161e+06
189923
95596.2
133712
148658
284170
105307
90202.1
91858.2
1.2729e+06
109061
134635
1.10272e+06
228745
105703
427304
376602
683543
291367
217429
1.09538e+06
784064
129836
188202
211864
119745
101797
563609
86198.1
107219
351620
247596
674344
748524
609826
207014
404467
825630
85021.4
171953
144654
286442
217459
117845
138746
169112
342209
223836
91547.9
92780.2
193167
1.09493e+06
138512
171334
607647
183413
547955
492376
230972
296215
433957
675261
702390
121175
129230
93301.6
106248
734968
223910
300206
57267.3
248052
90138.8
393028
970000
292440
175953
145633
93194.8
204556
113823
113327
100584
118251
130072
109229
137931
115874
94862.5
990375
76517
75862.2
8008.35
100601
744962
540543
401243
114663
104683
112693
131538
144546
124605
257568
244454
217981
228666
615189
96014
346817
367530
112447
135384
222691
236429
430303
290142
571119
561566
323533
262063
185230
507952
562239
618180
555103
621872
100567
344631
357689
996112
414632
297925
216845
195969
158411
374470
68129
437007
116121
135332
119601
227144
247243
270965
111460
514943
511634
160675
136320
134061
121622
201422
229657
197150
118025
128011
215015
224929
196149
204245
179953
187507
107724
527574
619358
169040
121195
799314
1.34975e+06
776073
738773
533208
590155
674014
729605
532332
76823.5
78948
111212
7136.38
49392
118537
153516
103684
520224
219299
360627
161590
130172
890999
859079
520097
253943
195836
128729
158707
356662
213399
356095
1.43269e+06
143441
106611
194427
228993
211693
104489
139416
957821
601803
603978
141956
132898
125257
102257
50208.3
592261
474046
541912
512093
195879
156598
358243
104676
98483.5
119062
129158
439933
127071
152544
252122
144485
177536
326053
103545
108211
866595
243365
838106
561300
273568
630963
567474
513434
195544
145248
167601
356284
567710
157489
113205
122238
129418
121230
260917
280125
169689
176663
119850
117435
210645
233696
195221
215661
196453
177935
184533
125422
150495
427067
293667
358270
323593
443540
386259
894632
109266
292501
684536
615935
557488
205308
412940
697829
134355
431535
221854
303730
917357
701821
109371
91387.4
315865
328587
176440
109690
325010
115492
181153
377686
568137
330134
629473
698960
285090
773479
240006
183308
235309
239474
187373
460379
461151
145937
136005
348895
420105
462734
635964
583974
590836
642078
422270
462009
810057
100782
298147
100183
149282
160090
1.19477e+06
123282
253925
97877.4
100490
236559
184978
560692
716800
433073
304081
221965
336893
1.18037e+06
227239
179197
192453
1.00699e+06
993648
528957
621264
111955
502369
555358
616115
187226
262729
251453
79479.5
87748.9
115154
110081
390883
162397
1.15224e+06
247674
131315
1.04519e+06
999691
1.26299e+06
552554
625039
101215
88817.9
106347
111230
124588
114765
213099
195696
181179
94587.2
205655
280858
580350
473443
524884
164008
1.28098e+06
1.07648e+06
1.16719e+06
96416.1
137532
113558
122392
1.05054e+06
252108
127503
278575
1.04386e+06
822902
581502
112290
91334.9
104951
102897
102230
108160
113171
119093
121971
107294
1.20915e+06
282346
207949
259130
167194
101603
99330.8
127410
144639
123706
113699
195785
897550
714274
1.14435e+06
258021
674187
412289
746290
357762
825708
916072
303657
366302
249585
310724
423015
825472
912292
743844
672562
250451
921377
177377
113697
123984
81405.9
1.28835e+06
108501
90787
1.04004e+06
805826
839881
183563
189107
911083
692271
109348
103151
107388
717677
617772
108712
102914
244102
149932
850546
309149
409663
307788
620974
322844
354329
102510
104002
1.19397e+06
96934.1
1.16813e+06
1.14142e+06
160090
679370
602415
115025
138853
109179
108497
603147
668262
1.00711e+06
649748
159948
511169
460855
417319
109403
382079
337536
342222
697701
693874
606109
532631
510708
166362
199380
153468
212394
406641
399752
782066
608803
266841
370495
313068
576996
547840
638195
707171
606517
671402
346902
328167
237983
251410
342302
338086
139033
153437
175726
156181
856624
489389
1.04963e+06
270023
443331
153883
1.03173e+06
61728.3
62938.9
6459.88
116511
124475
461930
105611
194481
256250
617578
107661
451037
286890
469937
539630
6939.99
56650.6
138399
552236
123572
273798
249960
226743
307213
294273
474187
533548
1.23838e+06
455481
470810
108095
143616
135140
78368.4
191774
154219
129381
317582
350304
387488
466853
283062
1.20361e+06
809476
278491
374707
100336
144039
145369
1.38042e+06
104160
170715
157080
133661
112695
109023
127882
115460
265908
178170
119517
1.28098e+06
446393
152348
126982
270266
588805
76103.4
321058
106574
106855
417226
765242
396782
395247
101630
645542
496473
251089
345143
818117
975618
668453
545556
604914
422216
142594
153735
283702
207564
1.18765e+06
1.3487e+06
1.26519e+06
112042
1.09507e+06
1.19665e+06
509026
112475
257934
715639
673587
645639
746830
583507
608823
346701
250021
358651
185425
80919.1
88704.1
823525
96116.3
105134
328717
306423
142999
174309
100343
109502
100291
1.19054e+06
101571
160030
109920
178426
395694
328984
767712
762760
107058
114623
130898
89566.7
90987
96398.5
929198
1.20889e+06
121493
128374
131174
133965
627040
694964
359729
771105
259872
86175.6
515781
584251
147081
846828
867128
235971
126849
149838
626463
853750
178534
128768
126151
287325
244919
109873
110195
441762
501533
550510
393747
1.32578e+06
102857
115272
180645
167036
271076
166977
416406
365519
114468
225522
291076
541136
206566
504333
400315
272828
166812
111200
113598
125607
343792
264634
647034
104628
113570
716223
205804
246487
108062
87920.8
115669
568293
270448
88952.9
111924
159349
103195
115343
921553
653833
524751
506875
649397
181937
232879
143549
282953
384654
191561
159824
136988
132435
551784
1.22506e+06
816615
355663
109942
941329
1.23922e+06
77287.4
118041
138350
707684
1.08522e+06
851343
126480
107385
104387
105685
102348
757666
127788
580758
442921
133184
110117
116801
1.22276e+06
1.15985e+06
782326
1.22874e+06
95972.7
109059
108848
103458
102092
77377.6
126966
170444
115555
1.05596e+06
893107
108284
107268
117236
106901
135388
121046
196478
206712
119720
263766
110609
450435
419647
790472
1.22765e+06
110615
109849
231086
177933
162337
210356
194208
149739
97156.4
99851.5
87843
621548
1.26669e+06
835169
415205
330736
373600
836795
93453.5
594971
155465
166797
108354
119441
112202
86678.9
82343.4
86143.3
104091
439607
112266
107560
107371
495130
961597
773131
1.2414e+06
1.03335e+06
120136
124565
130663
1.06251e+06
198399
117610
676458
154450
1.11667e+06
136191
659265
221956
201995
179909
166322
151339
359421
380273
233075
221667
834024
159901
126749
144291
122749
255896
315324
106524
107980
101179
104487
1.12925e+06
771425
403205
393895
363077
823286
435700
110216
186487
159495
173188
698522
101503
113791
229004
88352
1.26129e+06
139968
170760
275058
153893
114290
94001.4
170386
132057
669470
86812.4
659068
241737
188929
1.03997e+06
99424.7
95628.5
141075
150947
161334
146682
111626
107504
353904
156567
98757.3
103450
104183
109413
85876.7
93285.3
88986.9
475756
108505
495124
820301
116258
114745
109973
1.17061e+06
64379.2
7453.58
65446.4
104151
128254
1.25781e+06
883861
96519.6
123089
110315
109023
490844
115172
146032
651196
654998
112663
85194.6
127533
140294
151504
162300
113226
190486
111530
476305
)
;

boundaryField
{
    frontAndBack
    {
        type            empty;
    }
    topAndBottom
    {
        type            calculated;
        value           nonuniform List<scalar> 
452
(
1.15401e+06
30054
1.23349e+06
88738.9
1.32952e+06
1.34059e+06
221058
1.13407e+06
1.28548e+06
312311
438274
376924
501209
993991
899151
810509
730875
310549
374439
1.00438e+06
908291
434679
820121
499348
736837
612909
619226
50424.1
1.38534e+06
1.2991e+06
140929
247640
1.31132e+06
705741
524162
559560
661480
700170
524673
565255
672054
1.22165e+06
78264.6
1.25855e+06
148043
117672
861729
867382
1.40721e+06
786603
462959
870975
965292
398375
1.06347e+06
338504
272272
779117
861363
1.05671e+06
955206
272892
402309
465952
339909
1.26966e+06
1.41678e+06
55441.9
109277
1.42404e+06
65968.7
1.2043e+06
1.22343e+06
83444.4
227808
1.36706e+06
161884
42719.9
125389
1.41979e+06
80738.8
64869.3
117157
1.3904e+06
39625.1
48453.5
1.36164e+06
1.43564e+06
29675.5
172947
694075
550833
543572
688971
303932
371152
432315
496626
1.01589e+06
918576
827130
747576
303549
367276
1.02705e+06
928773
428397
838224
490381
755116
673474
553409
704020
534557
9504.4
107577
106875
8979.46
1.16053e+06
134493
229572
1.13647e+06
638182
602472
240675
1.12696e+06
1.2325e+06
1.25328e+06
1.34888e+06
1.13502e+06
632200
620303
300965
367780
425632
490002
1.02678e+06
928183
835738
755634
299845
363249
1.04593e+06
946710
426410
854023
488169
769679
797307
458456
882629
978278
394078
1.07625e+06
332694
267118
333194
460756
398814
790690
968348
1.06957e+06
874308
266412
13283.6
75941
75243.4
6000.15
392141
452704
325030
985407
804169
889886
260189
324727
1.09744e+06
997338
388490
900179
451751
813145
261320
1.08807e+06
1.35705e+06
49143.1
1.30279e+06
1.2456e+06
1.29142e+06
1.41503e+06
255717
1.09651e+06
699363
534655
562181
682993
189416
17966.5
3814.25
188180
1.4248e+06
184088
125260
74907.1
1.10622e+06
1.23731e+06
401743
399176
193886
38231.7
941.143
1.19421e+06
29423.9
39073.6
70793.5
254424
1.19891e+06
185227
93294.9
1.43324e+06
244437
1.31832e+06
1.19916e+06
740188
744882
1.21163e+06
97550.1
1.37811e+06
58766.6
1.41228e+06
1.4303e+06
170311
180376
1.39642e+06
136939
194805
1.35648e+06
224102
1.16106e+06
151821
85116.6
45870.8
1.35784e+06
1.30979e+06
1.16622e+06
201659
179017
111233
661434
589765
527175
523843
723532
528857
576340
667560
527297
713229
578336
676145
214819
220986
1.16867e+06
239865
219159
1.26256e+06
1.17849e+06
724364
521071
659141
578886
716806
520303
1.2509e+06
1.34593e+06
787049
471095
871804
966280
407946
1.0654e+06
345496
281016
778202
860403
954923
1.05592e+06
282700
476802
349432
412279
149645
732194
517516
587981
656234
718490
518513
652122
592432
666763
584322
1.28259e+06
1.31437e+06
322197
386766
512845
449323
811226
994349
899369
727398
320608
384273
1.00544e+06
908381
445714
820298
511619
734557
101283
164198
1.06937e+06
1.06255e+06
1.20003e+06
215027
1.19168e+06
1.17946e+06
61317.8
1.3523e+06
570.201
30329.9
320517
318439
1.18729e+06
169136
1.43473e+06
1.44402e+06
190431
201560
699066
543348
552516
688304
2513.15
45866.4
22564.3
48509
1.4413e+06
92628.6
11329.5
93230.6
7896.54
168584
16005.3
169693
5051.32
648236
598166
1.11791e+06
245670
38900.3
99387.1
142713
1.33534e+06
1.13312e+06
635114
612476
1.38812e+06
47117.6
986401
993191
295722
362524
423906
488759
1.044e+06
943968
849900
768693
294577
358890
1.0584e+06
421449
959400
865657
484219
780704
71004.8
38303.8
113033
1.39972e+06
205855
1.33035e+06
748845
829169
920377
1.01734e+06
310924
379723
505058
440955
310912
1.02728e+06
376025
928937
437356
838568
501096
754583
73803.1
629880
623789
1.43144e+06
1.2989e+06
190556
1.21624e+06
1.2315e+06
49791.6
815158
461392
902349
1.00021e+06
396704
1.10104e+06
332424
268377
401382
462458
266417
332855
1.09107e+06
806572
987964
892250
608031
645948
1.12961e+06
132678
227437
1.31268e+06
150230
586506
676540
249684
1.11693e+06
596862
654509
1.42172e+06
121439
1.43167e+06
1.27507e+06
)
;
    }
    right
    {
        type            calculated;
        value           nonuniform List<scalar> 
20
(
90573.3
92245.2
87936.5
95092
95521
90105.7
90270
89568.7
93027.3
88400.1
89177
93928.3
87655.3
96054.1
91158.2
93770.4
94619.3
87724.6
94364.9
91649.2
)
;
    }
    left
    {
        type            calculated;
        value           nonuniform List<scalar> 
120
(
95055.6
12251.3
94493.6
1.58331e+06
1.57215e+06
679236
953115
1.51675e+06
1.5259e+06
60228.5
14845.4
130041
129261
24859.6
18932.9
179517
178384
18895.5
339295
32925
12317.3
337097
244469
24542
14916.6
242893
32851.8
44774.8
10785.6
59879.3
625478
621415
461718
11024.3
43998.2
458720
662618
1.13029e+06
1.53895e+06
1.52834e+06
1.32061e+06
1.31201e+06
1.13684e+06
669650
11570.7
81737.1
82033.3
744078
1.46379e+06
741244
110836
13376.1
110214
207974
206644
21369.4
16617.7
1.47769e+06
28343.8
393298
11495.1
390745
37786.7
51775.3
1.23167e+06
1.22116e+06
1.02018e+06
1.0135e+06
800661
801423
870505
1.40839e+06
1.39884e+06
1.48367e+06
1.4736e+06
1.58951e+06
1.5722e+06
1.12679e+06
1.11939e+06
1.62494e+06
1.61309e+06
1.23197e+06
1.22391e+06
815074
809753
918383
912405
717311
712633
11085.8
69902.1
70162.2
1.65167e+06
1.63832e+06
1.31609e+06
874786
1.05678e+06
1.40097e+06
1.32827e+06
1.06822e+06
153529
16779.8
152580
21724.4
28525.7
289250
13522.5
287380
1.41394e+06
38514.3
10826.4
540268
536759
51497.7
1.6321e+06
1.61962e+06
712545
1.64957e+06
1.6366e+06
978896
)
;
    }
}


// ************************************************************************* //
