/*--------------------------------*- C++ -*----------------------------------*\
| =========                 |                                                 |
| \\      /  F ield         | OpenFOAM: The Open Source CFD Toolbox           |
|  \\    /   O peration     | Version:  2.3.1                                 |
|   \\  /    A nd           | Web:      www.OpenFOAM.org                      |
|    \\/     M anipulation  |                                                 |
\*---------------------------------------------------------------------------*/
FoamFile
{
    version     2.0;
    format      ascii;
    class       volScalarField;
    location    "0.68";
    object      epsilon;
}
// * * * * * * * * * * * * * * * * * * * * * * * * * * * * * * * * * * * * * //

dimensions      [0 2 -3 0 0 0 0];

internalField   nonuniform List<scalar> 
9648
(
2426.38
2431.79
2430.55
2425.17
2414.96
2399.29
2378.88
2353.27
2322.43
2286.43
2245.49
2199.76
2150.06
2097.32
2042.31
1985.94
1929.29
1873.36
1818.82
1766.22
1716.11
1668.82
1624.53
1583.42
1545.55
1510.84
1479.19
1450.53
1424.77
1401.73
1381.3
1363.34
1347.72
1334.29
1322.97
1313.61
1306.1
1300.36
1296.35
1293.98
1293.15
1293.85
1296.05
1299.65
1304.72
1311.3
1319.34
1328.82
1339.84
1352.53
1366.9
1382.92
1400.82
1420.57
1442.15
1465.34
1489.92
1515.47
1541.23
1566.59
1591.14
600.619
595.583
588.421
580.241
572.945
569.255
568.12
568.718
571.116
575.316
581.127
587.914
595.28
602.861
610.324
617.302
623.618
629.236
634.151
638.299
641.787
644.684
647.047
649.004
650.689
652.17
653.508
654.784
656.087
657.471
658.962
660.621
662.492
664.572
666.899
669.502
672.371
675.509
678.93
682.664
686.703
691.032
695.662
700.604
705.838
711.397
717.274
723.438
729.871
736.571
743.486
750.587
757.821
765.216
772.629
780.036
787.279
794.465
801.45
808.162
814.556
234.503
238.717
244.608
252.631
262.563
274.154
287.435
302.062
317.995
334.853
352.452
370.359
388.248
405.79
422.702
438.751
453.772
467.682
480.427
491.999
502.429
511.76
520.076
527.47
534.045
539.891
545.099
549.764
553.963
557.772
561.26
564.487
567.503
570.355
573.083
575.715
578.284
580.806
583.302
585.789
588.281
590.797
593.334
595.902
598.504
601.131
603.78
606.432
609.08
611.701
614.289
616.839
619.311
621.757
624.061
626.321
628.441
630.554
632.502
634.327
636.022
129.376
139.791
151.947
165.867
181.424
198.493
216.959
236.581
257.105
278.17
299.46
320.603
341.287
361.216
380.153
397.899
414.332
429.384
443.025
455.274
466.165
475.758
484.141
491.413
497.687
503.071
507.669
511.581
514.893
517.694
520.059
522.06
523.762
525.214
526.463
527.55
528.512
529.37
530.151
530.876
531.564
532.232
532.894
533.558
534.228
534.906
535.59
536.276
536.964
537.645
538.3
538.954
539.579
540.189
540.731
541.266
541.789
542.291
542.752
543.177
543.606
94.0192
107.019
121.958
138.749
157.254
177.312
198.68
221.053
244.078
267.339
290.464
313.072
334.856
355.547
374.944
392.867
409.232
424.002
437.176
448.806
458.944
467.656
475.054
481.238
486.347
490.502
493.818
496.406
498.351
499.749
500.688
501.238
501.476
501.456
501.222
500.821
500.295
499.665
498.96
498.202
497.406
496.598
495.794
495.008
494.24
493.498
492.785
492.098
491.43
490.786
490.148
489.518
488.904
488.295
487.688
487.081
486.502
485.925
485.333
484.739
484.147
80.8586
95.4946
112.293
131.122
151.761
173.978
197.434
221.733
246.442
271.081
295.246
318.53
340.659
361.373
380.544
397.975
413.616
427.488
439.6
450.061
458.942
466.299
472.285
476.987
480.581
483.211
484.99
486.055
486.471
486.346
485.78
484.832
483.602
482.144
480.486
478.691
476.811
474.849
472.846
470.817
468.774
466.748
464.76
462.826
460.939
459.107
457.333
455.629
453.98
452.374
450.809
449.271
447.765
446.286
444.826
443.413
442.04
440.679
439.316
437.961
436.597
76.7896
92.8522
111.251
131.798
154.17
178.088
203.118
228.797
254.656
280.098
304.763
328.158
350.101
370.324
388.846
405.358
419.871
432.488
443.182
452.17
459.542
465.293
469.682
472.711
474.645
475.644
475.803
475.317
474.184
472.539
470.511
468.112
465.493
462.697
459.713
456.635
453.546
450.395
447.256
444.135
441.02
437.968
434.994
432.122
429.316
426.599
423.976
421.442
419.001
416.631
414.318
412.051
409.844
407.65
405.493
403.394
401.35
399.359
397.366
395.349
393.354
76.9848
94.3999
114.273
136.339
160.138
185.358
211.545
238.188
264.779
290.583
315.343
338.372
359.706
378.989
396.595
411.91
425.022
436.197
445.212
452.516
458.244
462.201
464.946
466.169
466.354
465.671
464.168
462.165
459.483
456.34
452.928
449.13
445.211
441.166
436.935
432.67
428.462
424.166
419.979
415.858
411.746
407.734
403.884
400.17
396.533
393.047
389.651
386.397
383.245
380.198
377.226
374.318
371.472
368.62
365.823
363.126
360.46
357.909
355.318
352.685
350.143
79.1722
97.6658
118.855
142.039
167.074
193.181
220.056
247.458
274.294
300.258
324.739
347.26
367.577
385.598
402.063
416.094
427.732
437.314
444.864
450.5
454.361
456.485
457.342
456.938
455.439
452.942
449.897
446.44
442.13
437.553
432.696
427.664
422.725
417.454
411.878
406.616
401.209
395.756
390.622
385.379
380.174
374.958
370.401
365.872
361.348
357.283
352.987
349.112
345.076
341.331
337.486
333.979
330.56
326.986
323.52
320.369
316.961
314.114
310.861
307.485
304.486
1615
1638.02
1659.91
1680.65
1700.44
1719.69
1738.51
1757.2
1775.71
1793.22
1809.41
1824.82
1839.7
1854.42
1869.19
1884.69
1901.48
1920.06
1940.83
1964.3
1990.24
2018.13
2047.54
2078.05
2109.3
2141.24
2174
2207.27
2241
2275.22
2310.1
2345.52
2381.49
2418.17
2455.57
2493.59
2532.33
2571.94
2612.48
2653.79
2695.91
2739.08
2783.27
2828.34
2874.6
2921.91
2970.18
3019.44
3069.9
3121.6
3174.47
3228.4
3283.94
3340.68
3399
3458.69
3520.47
3584.33
3650.28
3718.2
3788.22
820.611
826.734
832.682
838.373
843.833
849.181
854.562
859.825
865.183
870.288
875.349
880.302
885.26
890.247
895.256
900.332
905.494
910.787
916.205
921.723
927.304
932.885
938.445
943.957
949.411
954.785
960.012
965.062
969.928
974.634
979.197
983.592
987.839
991.958
995.945
999.802
1003.55
1007.19
1010.71
1014.12
1017.43
1020.67
1023.8
1026.84
1029.79
1032.65
1035.41
1038.05
1040.62
1043.09
1045.46
1047.73
1049.91
1052.14
1054.18
1056.33
1058.42
1060.74
1062.94
1065.21
1067.59
637.684
639.267
640.898
642.498
644.069
645.543
647.092
648.543
649.979
651.268
652.506
653.689
654.889
656.059
657.202
658.306
659.366
660.38
661.336
662.224
663.028
663.748
664.373
664.898
665.319
665.632
665.833
665.918
665.88
665.724
665.441
665.035
664.509
663.86
663.103
662.234
661.255
660.165
658.965
657.653
656.234
654.713
653.096
651.369
649.544
647.609
645.553
643.368
641.062
638.637
636.066
633.396
630.591
627.68
624.581
621.402
618.138
614.802
611.382
607.911
604.451
544.011
544.417
544.792
545.155
545.485
545.785
546.048
546.293
546.476
546.555
546.571
546.543
546.45
546.273
546.04
545.739
545.371
544.929
544.405
543.791
543.089
542.297
541.419
540.451
539.386
538.219
536.952
535.584
534.113
532.542
530.87
529.088
527.2
525.212
523.133
520.96
518.695
516.337
513.882
511.332
508.693
505.98
503.194
500.342
497.426
494.442
491.37
488.211
484.959
481.63
478.198
474.671
471.063
467.358
463.529
459.585
455.572
451.475
447.324
443.155
438.993
483.56
482.948
482.314
481.649
480.955
480.2
479.389
478.572
477.749
476.876
475.966
475.011
473.994
472.918
471.778
470.571
469.327
468.009
466.617
465.146
463.602
461.989
460.314
458.579
456.777
454.903
452.952
450.927
448.832
446.667
444.428
442.104
439.696
437.209
434.654
432.033
429.343
426.575
423.727
420.8
417.807
414.756
411.664
408.543
405.401
402.238
399.018
395.769
392.453
389.093
385.669
382.169
378.616
374.993
371.279
367.467
363.576
359.601
355.606
351.6
347.597
435.247
433.887
432.52
431.108
429.67
428.197
426.681
425.145
423.566
421.959
420.312
418.639
416.925
415.158
413.342
411.489
409.606
407.657
405.638
403.551
401.404
399.21
396.98
394.723
392.424
390.073
387.672
385.221
382.737
380.221
377.667
375.052
372.379
369.641
366.864
364.047
361.173
358.246
355.246
352.174
349.045
345.869
342.669
339.473
336.297
333.154
329.985
326.829
323.644
320.474
317.268
314.003
310.719
307.371
303.979
300.465
296.89
293.242
289.609
285.94
282.296
391.377
389.41
387.433
385.441
383.409
381.329
379.215
377.096
374.937
372.726
370.498
368.261
365.987
363.685
361.334
358.965
356.592
354.166
351.67
349.099
346.469
343.817
341.149
338.493
335.825
333.116
330.375
327.596
324.825
322.069
319.348
316.588
313.811
310.983
308.157
305.31
302.403
299.462
296.46
293.39
290.259
287.063
283.851
280.656
277.503
274.455
271.392
268.411
265.425
262.544
259.671
256.721
253.784
250.795
247.802
244.637
241.462
238.183
234.997
231.748
228.552
347.6
345.114
342.615
340.153
337.661
335.177
332.615
330.119
327.588
324.939
322.29
319.681
317.023
314.338
311.572
308.833
306.167
303.454
300.672
297.743
294.733
291.744
288.736
285.771
282.865
279.92
276.943
273.872
270.83
267.87
265.086
262.287
259.564
256.809
254.132
251.471
248.676
245.82
242.956
240.079
237.095
233.986
230.858
227.732
224.63
221.748
218.792
216.019
213.239
210.738
208.304
205.723
203.198
200.614
198.091
195.287
192.552
189.651
186.99
184.213
181.539
301.246
298.247
295.076
292.252
289.26
286.692
283.774
281.281
278.749
275.976
273.192
270.664
267.879
265.11
262.055
258.98
256.263
253.634
250.999
248.097
244.774
241.67
238.479
235.262
232.237
229.262
226.381
223.16
219.729
216.495
213.668
210.854
208.267
205.737
203.551
201.432
198.985
196.258
193.626
191.191
188.686
185.792
182.828
179.924
176.925
174.309
171.372
168.816
166.139
164.148
162.268
160.059
158.047
155.946
154.005
151.521
149.265
146.679
144.594
142.332
140.288
3861.39
3937.24
4015.15
4095.16
4177.71
4263.71
4352.63
4444.41
4538.76
4635.88
4736.11
4838.23
4942.56
5053.57
5192.03
5320.16
5446.96
5576.27
5708.05
5842.26
5979.25
6119.07
6261.33
6406.25
6553.57
6702.61
6853.06
7004.65
7157.18
7309.78
7462.35
7614.25
7764.63
7912.85
8058.41
8199.86
8336.05
8465.32
8578.77
8662.09
8718.5
8749.48
8754.89
8732.94
8682.03
8599.69
8481.85
8323.87
8121.39
7869.76
7562.72
7193.41
6756.58
6245.37
5605.01
4691.69
4287.9
4087.72
4009.2
3969.32
3883.42
1070.23
1072.96
1075.91
1078.93
1082.05
1085.43
1089.35
1093.7
1098.53
1103.68
1109.34
1112.89
1114.44
1117.56
1121.35
1126.56
1131.96
1137.3
1142.77
1148.49
1154.48
1160.78
1167.36
1174.22
1181.33
1188.69
1196.33
1204.25
1212.53
1221.19
1230.3
1239.9
1250.13
1261.1
1272.92
1285.83
1300.01
1315.82
1335.04
1365.03
1401.3
1440.25
1482.42
1527.94
1577.48
1631.38
1689.71
1752.74
1820.73
1893.22
1969.31
2047.38
2125.97
2203.67
2272.87
2338.17
2398.93
2486.23
2591.39
2696.8
2641.67
600.97
597.497
593.994
590.475
586.908
583.375
579.959
576.708
573.536
570.346
566.723
561.21
555.414
550.442
545.983
542.136
538.396
534.559
530.663
526.758
522.887
519.048
515.235
511.446
507.679
503.929
500.206
496.513
492.869
489.27
485.739
482.297
478.955
475.758
472.733
469.931
467.397
465.203
463.509
462.786
463.243
468.081
476.661
488.56
504.242
524.369
549.661
581.146
619.822
666.764
722.985
789.279
866.878
956.058
1056.49
1164.6
1272.31
1390.53
1536.06
1724.45
1908.13
434.839
430.699
426.563
422.413
418.224
414.042
409.918
405.902
401.876
397.768
392.885
386.99
381.302
376.164
371.415
367.017
362.734
358.469
354.203
349.959
345.743
341.535
337.342
333.17
329.013
324.881
320.776
316.697
312.646
308.626
304.638
300.688
296.787
292.947
289.178
285.498
281.929
278.487
275.2
272.129
269.356
267.196
266.367
267.225
269.678
274.072
280.875
290.745
304.531
323.262
348.354
381.133
423.258
475.816
539.377
611.861
689.322
773.465
872.883
1001.43
1160.81
343.618
339.704
335.814
331.905
327.933
323.969
320.029
316.181
312.315
308.35
303.624
298.409
293.489
288.982
284.729
280.713
276.8
272.98
269.215
265.514
261.854
258.185
254.537
250.916
247.311
243.737
240.19
236.673
233.175
229.7
226.247
222.823
219.434
216.088
212.794
209.564
206.407
203.337
200.361
197.497
194.772
192.25
190.065
188.581
187.883
188.009
189.184
191.713
196.033
202.688
212.478
226.415
245.7
271.584
305.043
346.153
393.538
446.806
508.359
583.904
679.52
278.656
275.141
271.657
268.174
264.556
260.95
257.342
253.86
250.361
246.809
242.57
238.145
234.004
230.219
226.578
223.104
219.692
216.429
213.254
210.179
207.155
204.093
201.068
198.087
195.118
192.19
189.28
186.402
183.528
180.669
177.82
174.998
172.201
169.447
166.737
164.085
161.495
158.979
156.537
154.182
151.925
149.79
147.816
146.093
144.862
144.023
143.697
144.008
145.163
147.443
151.219
157.019
165.52
177.489
193.794
214.98
241.168
272.438
309.453
353.926
408.978
225.277
222.201
219.169
216.188
212.953
209.754
206.498
203.453
200.398
197.382
193.697
190.024
186.583
183.516
180.474
177.577
174.667
171.978
169.379
166.9
164.476
161.955
159.516
157.167
154.809
152.505
150.192
147.921
145.622
143.336
141.037
138.777
136.54
134.357
132.209
130.123
128.09
126.127
124.229
122.411
120.675
119.046
117.529
116.161
115.008
114.206
113.673
113.474
113.712
114.522
116.094
118.68
122.602
128.294
136.224
146.884
160.683
177.946
199.148
225.089
257.068
178.618
175.981
173.43
171.028
168.197
165.44
162.533
159.982
157.423
155.02
151.868
148.867
146.024
143.642
141.137
138.816
136.362
134.235
132.169
130.209
128.316
126.232
124.312
122.592
120.799
119.051
117.241
115.517
113.697
111.898
110.05
108.293
106.549
104.895
103.253
101.687
100.145
98.6807
97.272
95.9574
94.7146
93.5799
92.5543
91.6333
90.8489
90.304
89.9532
89.7907
89.8823
90.2999
91.1426
92.5332
94.6422
97.6669
101.857
107.496
114.881
124.348
136.265
151.14
169.639
137.688
135.423
133.372
131.632
129.205
126.916
124.307
122.338
120.312
118.553
115.882
113.454
111.064
109.34
107.258
105.52
103.424
101.866
100.266
98.6725
97.222
95.4237
93.9683
92.9711
91.6448
90.2924
88.8245
87.6018
86.0999
84.669
83.1008
81.819
80.478
79.3183
78.0787
76.9594
75.7495
74.6753
73.6666
72.7893
71.9889
71.2881
70.7071
70.2126
69.7544
69.4027
69.2341
69.1745
69.3344
69.6374
70.3227
71.3083
72.8015
74.7634
77.4075
80.7688
85.1374
90.6067
97.5698
106.295
117.136
3738.58
3579.96
3409.73
3231.06
3052.81
2880.22
2716.73
2566.87
2434.37
2321.31
2228.07
2153.61
2096.27
2053.8
2023.48
2002.69
1989.28
1981.68
1978.46
1978.42
1980.9
1985.38
1991.36
1998.75
2007.63
2017.6
2028.76
2041.05
2054.54
2069.12
2084.75
2101.37
2118.86
2136.99
2155.67
2174.57
2193.43
2211.94
2229.88
2246.94
2262.66
2276.83
2289.26
2299.75
2308.38
2315.42
2320.96
2325.23
2328.81
2332.45
2336.53
2341.28
2347.29
2354.79
2363.52
2373.26
2383.73
2394.86
2405.62
2414.9
2421.95
2449.94
2247.61
2049.54
1860.79
1694.52
1540.7
1398.24
1268.19
1150.78
1046.96
956.877
880.028
815.452
761.698
718.549
685.196
659.604
639.912
624.617
612.649
603.262
595.879
590.215
585.726
582.638
580.471
579.325
579.13
579.868
581.534
584.143
587.679
592.141
597.501
603.703
610.656
618.258
626.409
634.945
643.663
652.299
660.542
667.968
674.11
678.55
680.882
680.753
678.003
672.735
665.321
656.344
646.596
637.011
628.434
621.302
616.057
612.524
610.465
609.033
607.473
604.876
1990.18
1973.55
1869.18
1695.44
1517.33
1344.54
1176.23
1023.9
887.548
766.803
662.669
574.604
501.465
441.982
395.247
359.428
331.749
309.878
292.573
278.99
268.303
259.86
253.085
247.72
243.274
239.735
236.86
234.612
232.928
231.777
231.131
230.987
231.327
232.118
233.334
234.94
236.899
239.161
241.672
244.356
247.119
249.852
252.431
254.694
256.48
257.589
257.83
257.027
255.084
251.958
247.745
242.745
237.39
232.24
227.781
224.595
222.974
223.055
224.668
227.495
231.082
1325.85
1471.25
1565.72
1579.18
1508.23
1382.3
1213.75
1044.84
888.67
744.706
619.64
514.911
428.596
359.491
305.309
263.192
230.46
204.626
184.363
168.622
156.467
147.122
139.926
134.346
129.929
126.403
123.554
121.254
119.411
117.959
116.861
116.092
115.625
115.423
115.45
115.67
116.047
116.543
117.116
117.72
118.301
118.808
119.182
119.367
119.305
118.945
118.244
117.174
115.733
113.926
111.797
109.459
107.09
104.932
103.276
102.532
103.068
105.105
108.707
113.864
120.702
796.317
931.688
1074.34
1200.14
1279.63
1295.78
1244.15
1137.86
1001.4
847.282
701.505
576.255
468.646
380.913
311.321
256.241
213.094
179.365
153.047
132.732
117.242
105.596
96.9042
90.39
85.4302
81.5892
78.5779
76.1996
74.3197
72.834
71.6831
70.8326
70.2448
69.8765
69.6865
69.6376
69.6934
69.8176
69.974
70.1225
70.2209
70.2293
70.1094
69.8253
69.3459
68.649
67.729
66.5928
65.2534
63.7472
62.1324
60.5046
59.0162
57.8577
57.2875
57.5681
59.0856
62.1696
67.0484
74.0066
83.0187
477.665
563.087
666.111
782.521
899.954
1000.54
1064.17
1075.81
1033.74
946.047
829.807
703.917
577.209
466.918
376.702
302.206
243.229
196.585
159.491
130.89
109.34
93.472
81.9402
73.5281
67.3001
62.6043
59.0249
56.2783
54.1657
52.5275
51.2737
50.3519
49.7119
49.2992
49.0665
48.973
48.9798
49.0521
49.155
49.2518
49.3044
49.2807
49.1468
48.8757
48.4394
47.8244
47.0283
46.0644
44.9447
43.7023
42.388
41.0873
39.9288
39.0885
38.8165
39.4307
41.3408
44.9298
50.53
58.3617
68.4787
296.832
346.636
408.808
484.777
573.519
670.202
764.721
842.883
890.42
897.053
860.905
789.479
694.81
590.844
489.122
393.121
313.978
249.348
195.527
153.497
121.682
98.5586
82.1287
70.3985
61.8969
55.6095
50.9173
47.4049
44.7744
42.7735
41.2624
40.1591
39.3947
38.8958
38.6038
38.4697
38.4503
38.5092
38.6109
38.7199
38.7992
38.8227
38.7575
38.581
38.2627
37.796
37.1763
36.4196
35.5301
34.5417
33.495
32.4677
31.5735
30.9685
30.892
31.6836
33.7604
37.6008
43.6389
52.1442
63.205
192.735
221.657
257.976
303.311
358.962
425.111
499.944
578.377
652.406
711.28
744.604
746.203
716.396
659.727
584.983
500.293
415.516
335.723
260.725
200.429
152.829
118.354
94.3031
77.3278
65.1095
56.1393
49.5274
44.6888
41.1638
38.5229
36.5515
35.1126
34.1122
33.4448
33.0333
32.814
32.7355
32.7564
32.8392
32.9472
33.0425
33.1059
33.1031
33.0153
32.8055
32.4751
32.0126
31.4399
30.752
29.9841
29.1694
28.3818
27.7229
27.3369
27.4524
28.4003
30.6031
34.6657
41.0923
50.249
62.239
130.77
147.723
168.946
195.709
229.068
270.05
319.01
375.4
436.691
498.794
553.814
595.727
618.236
618.679
595.52
551.003
491.071
419.886
346.561
272.28
203.552
153.908
119.393
94.8171
76.736
63.4379
53.6618
46.6454
41.647
37.9453
35.221
33.2221
31.8285
30.8783
30.264
29.8945
29.7057
29.6454
29.6744
29.7472
29.8298
29.9072
29.9438
29.9207
29.7977
29.5776
29.2496
28.8314
28.3169
27.736
27.1244
26.5508
26.1164
25.9517
26.2727
27.411
29.799
34.0938
40.8657
50.6086
63.3763
1.527
214.332
192.094
2.25558
2.18236
0.203926
0.000719664
90.9003
0.00079674
0.0147082
92.9254
6.94795
0.000720618
243.661
0.166949
136.701
0.000757579
92.2297
117.17
0.000715461
2.26294
232.555
201.188
0.000767106
0.000781415
0.210704
0.000716673
7.88624
0.000753323
0.000820413
6.15546
0.000740685
0.00879105
64.6797
3.96413
111.071
71.042
15.5714
0.000723232
44.9211
65.9976
29.1429
0.000743359
104.01
171.271
0.717991
0.000866738
0.00861958
1.276
7.15541
370.652
360.648
0.000697647
0.00102917
0.0631192
0.0339362
0.000817523
9.23855
58.2238
287.497
141.716
0.000906584
1.54119
0.0250866
204.181
2.40765
38.3659
63.906
0.00113273
0.000747675
9.78975
40.2253
56.7966
0.0401053
0.0516844
80.1621
232.54
54.7908
0.000699582
5.43428
0.00234753
47.8182
0.0125851
109.983
0.000749932
8.50142
0.000791397
37.0231
0.0110172
0.00136937
0.231629
0.000697926
0.000934708
311.479
146.081
0.000868035
1.58413
1.76865
0.00185078
209.92
1.0448
31.7524
5.83172
0.000696416
0.000725928
0.000693448
1.41528
0.210047
0.000748103
176.687
225.558
0.00475352
234.345
26.8743
115.412
54.2997
28.149
0.000977898
0.110981
0.00110542
0.00167527
188.178
0.00311132
291.027
420.094
28.3043
0.000746045
7.08166
6.93866
0.000743968
0.0300058
0.0269684
93.6038
0.00187839
63.6591
0.000748859
0.000723758
400.447
355.043
0.000748918
0.729774
152.034
0.231663
0.906477
26.5316
118.879
0.292738
27.425
0.00526824
276.376
11.0935
0.0367665
48.3172
107.528
191.732
0.000766329
0.000757641
0.514574
0.000695298
40.9845
0.113636
0.00145081
0.000740336
0.000747513
0.000758569
39.9863
71.071
34.9371
0.000767183
284.415
306.232
408.166
164.404
0.006937
158.326
44.4763
28.0995
0.000750334
0.00169949
195.7
67.1566
29.9204
73.8825
0.00074544
0.000842707
238.244
0.0296953
2.48277
0.000757793
0.000864791
0.173006
0.000797992
336.252
3.97981
0.000691409
0.681585
92.4819
142.777
0.00119882
52.1227
0.000746685
0.000750288
106.209
32.9446
302.53
0.00121575
0.000801103
0.0028563
42.3402
75.804
9.68179
124.677
14.2986
234.944
0.830922
86.3323
83.6866
27.3511
10.6079
39.4465
0.00144583
0.0294427
0.000747749
0.000724486
28.2446
0.0100521
0.0117856
0.00199368
0.00629523
46.3729
195.731
0.0111531
172.607
7.44906
2.94913
0.000732515
0.535223
38.1856
7.20467
0.00106377
12.8557
35.7334
0.873381
2.43897
274.521
7.54467
5.09451
123.818
0.000955795
0.000723835
0.00102785
0.0042936
28.5663
0.000784945
0.00251464
0.000723652
1.73056
75.0351
76.7176
48.7209
12.0274
11.3081
328.785
0.00114041
47.6075
98.3447
0.00074394
81.5605
0.000749604
326.211
1.73064
51.8906
0.00155033
0.000748506
19.9595
7.67322
0.000759624
0.000750694
0.000755482
0.000751659
1.18518
36.3144
44.4373
0.010821
0.000760435
0.00072443
0.00069543
104.504
1.12962
0.00119207
19.388
0.116633
0.0946536
0.000691568
0.780751
0.000760155
0.107595
48.4352
272.74
3.07795
0.000976549
0.00184793
55.5415
0.356566
133.116
326.07
0.000838573
0.00073994
0.000734041
157.653
0.000773883
135.606
0.00074984
25.0411
12.201
0.0243363
138.449
237.865
0.00127379
49.5
50.9834
91.2329
90.646
9.75327
352.682
38.5529
70.9924
140.337
95.7996
57.0028
0.339729
341.615
283.406
61.9055
33.5745
0.000999632
269.28
123.984
232.525
0.0188342
0.000867934
0.000745793
0.000812012
0.70688
1.56229
6.09864
0.12526
0.000726299
173.172
0.000746398
26.9397
23.7295
194.777
40.7038
18.5575
0.00193101
0.00110764
0.454375
85.9936
0.00436668
8.18673
258.124
35.6988
83.2519
193.08
61.6771
0.000822003
286.294
145.088
98.4973
0.000750571
196.448
154.781
0.000781708
30.4757
0.000751706
398.997
168.906
27.9362
81.4162
112.317
151.497
0.000764816
150.551
0.000965772
68.5045
80.3843
28.1233
282.581
3.62778
0.493437
2.56058
0.00110138
440.79
1.49388
0.00290962
0.00181072
255.088
0.000954138
91.8289
0.000737457
0.000750126
0.00184
31.7
0.193711
21.9016
0.00199462
83.7125
0.309227
221.758
279.639
38.5476
339.434
0.000793815
282.475
41.7733
0.000742445
77.7795
25.796
0.000695811
0.000727428
114.786
0.00206308
25.9701
0.451668
76.4642
0.0177416
3.44851
40.1105
117.382
32.9698
81.0358
70.457
0.000999091
0.0333567
28.6452
21.6835
334.513
341.027
141.756
0.084949
125.783
124.703
3.38144
93.7768
46.6812
26.125
0.000820835
83.4909
388.059
0.00107698
90.4986
18.8712
47.3469
0.0153709
0.0896631
266.263
0.00193422
330.529
0.0012485
1.83557
0.000738125
7.66003
170.979
0.556896
0.0013229
0.000902069
75.991
26.683
0.378303
5.4476
292.834
544.567
0.00138547
11.555
27.0907
72.2909
26.1205
449.96
28.6468
151.355
51.2501
3.46683
7.17975
305.565
54.9088
357.852
173.924
0.234261
172.079
60.3795
0.000792002
94.1841
29.4003
13.0106
0.00981177
96.49
45.7973
4.11412
53.8542
0.00159465
0.000747176
0.163709
28.413
105.773
72.1866
0.000750199
0.000731324
0.000744025
28.0675
0.0280132
0.000745762
0.247177
92.9013
272.028
0.00441465
0.00454807
0.000721182
0.000738843
0.00194406
29.6418
102.782
21.3503
1.88186
300.988
388.648
0.00151188
60.9041
27.7501
28.304
75.7127
443.469
0.000822099
0.00446042
0.000751047
398.85
0.777351
0.000726929
10.4033
0.353536
305.391
0.00075933
327.737
8.61043
0.0657633
204.343
0.000748297
0.000736806
0.00102735
409.019
52.3903
132.128
321.38
10.7444
28.4805
0.000708423
0.00184917
0.455927
0.0157685
0.0163819
180.81
40.6
0.000747907
25.9847
44.6791
187.233
411.594
0.00295373
415.022
0.00182696
0.0218628
147.755
0.000739554
147.294
0.000759557
0.000791977
0.0211672
34.4549
2.92274
327.096
62.643
0.000886418
28.3088
498.665
0.21716
2.19014
7.39756
0.000775062
0.000759845
0.00231139
135.957
5.6186
0.000783101
273.544
276.703
218.84
0.116607
59.1021
0.00109008
29.7459
0.543709
0.131681
120.851
29.5756
153.171
176.113
0.000761216
0.000711276
0.00493679
73.0945
105.334
5.8723
0.00661118
0.000771816
0.00075017
0.00343869
0.120674
0.00211917
71.6276
21.0579
0.00499581
26.2644
175.071
0.00076072
37.9459
0.000742725
3.34502
0.000762491
0.013269
37.1825
0.0116713
0.000744597
4.03073
367.494
264.54
0.000731071
0.000746928
1.54438
0.130821
0.000747738
98.1379
0.000906154
31.7447
381.058
29.3225
89.7503
299.46
130.812
339.494
0.000747773
0.00250822
0.0110227
290.119
62.0402
203.241
5.4915
4.2889
98.4482
165.585
128.875
4.93745
46.5383
0.000750533
1.52337
40.6377
32.6318
306.87
27.049
1.10009
40.2605
0.20474
0.00969672
40.8979
0.000751177
171.969
0.000887409
2.79206
296.089
188.026
3.00684
0.00251516
7.14572
0.000769122
0.000736287
0.199703
0.0135513
51.7475
0.00873127
28.5048
0.000750509
0.0191069
0.000725491
96.315
0.00180391
85.3795
305.226
0.0143352
170.545
375.875
0.000757184
100.6
221.446
0.000785651
290.515
0.266392
0.000823685
0.000789571
282.799
0.000731647
0.00111996
0.122714
0.216624
437.033
273.302
0.000751493
0.00075497
9.16573
27.5052
0.00712553
2.31353
21.832
0.000747677
0.000954784
0.000910549
170.777
274.198
3.42909
295.582
0.0172417
26.6294
0.000771676
0.0072025
0.0160896
0.0437044
0.000749728
296.029
0.000741939
0.0161144
0.000772191
1.35139
0.0148292
0.0417644
2.551
5.04063
34.9341
2.20635
9.10306
27.7686
188.31
0.000816692
163.898
329.831
12.6109
75.5841
0.000761965
265.926
81.2464
0.000745701
414.592
65.2238
0.00647689
0.0258213
162.881
160.986
0.225875
319.165
412.863
4.38982
436.375
267.207
127.222
49.9899
21.0349
28.0909
267.684
294.184
0.0143118
310.38
42.371
401.487
0.000813736
1.57204
2.80168
227.709
167.745
0.0118675
444.626
197.542
6.92759
0.0543676
2.82625
27.9732
0.00154993
28.1117
446.541
0.029425
223.95
14.3976
94.4715
192.076
0.00074614
0.00168204
7.27781
5.2416
0.0133273
0.000748302
0.848039
1.84556
0.0012101
0.000758694
268.706
6.95501
53.7134
10.5846
0.00315529
0.00107654
0.421826
86.2837
0.000824337
21.7217
30.1413
1.84913
168.349
0.00100598
0.403756
0.000740642
1.75235
86.9901
0.00167199
0.185721
40.4813
166.537
0.504177
94.1208
5.20442
0.919628
0.000988487
33.35
335.681
0.000744105
0.000755142
149.997
0.0158417
0.000758244
73.979
2.10388
166.483
29.4603
38.8596
0.314223
16.9071
200.8
165.383
242.34
0.000763384
273.047
0.000968942
37.7094
0.000795955
0.00148874
44.5489
0.00209759
252.5
0.0122246
0.0324338
46.0816
7.88521
0.554217
0.000897871
188.243
0.000887394
0.000719167
348.337
163.871
40.1674
28.5449
0.000814281
0.000683312
18.8401
150.795
0.00073276
220.179
37.8417
0.000752991
170.637
0.000701916
3.40515
6.32203
10.5781
1.52249
77.8197
20.944
0.000700083
272.676
328.909
0.000744603
0.0133262
28.7569
0.000708532
241.359
158.401
401.927
0.000745614
0.00072788
198.864
0.0954647
0.000837207
31.318
81.9076
253.675
0.000720802
0.000794168
0.0158149
0.0116574
0.000746849
0.0020329
126.141
50.4388
0.000746727
13.4395
0.000747041
10.2701
0.00109147
0.000867549
26.8913
0.000746826
0.343296
0.00073055
50.521
2.09949
20.5046
187.49
358.758
147.354
5.11402
14.5912
0.000758248
5.62355
280.859
530.397
0.157047
0.00082699
130.926
0.000746094
0.114262
0.000720554
447.612
15.3053
3.19798
199.713
52.7209
5.076
80.292
7.92839
226.24
112.376
0.000774018
0.000755917
0.00308624
0.000735193
0.0141194
100.722
0.000932447
253.899
0.0018672
0.304285
3.01326
152.045
0.00136014
42.0778
0.0135464
56.365
30.0749
442.845
0.000794823
0.000955256
1.455
83.9158
64.8804
64.8732
1.93964
7.98616
20.3576
0.0629541
10.3101
1.76255
30.0141
0.000756231
389.158
1.43716
54.9539
0.000788564
52.0509
16.6007
0.00191856
90.4643
17.0366
0.0849037
0.000714833
0.00074607
202.038
47.0855
14.7247
0.000738216
0.00958083
49.9006
189.802
3.43237
0.00587471
0.000734396
150.086
132.32
35.5637
35.4207
0.000743757
101.701
441.434
0.000746914
0.000749287
18.7225
0.00128732
0.00387785
0.223276
48.0223
0.00105187
36.0717
348.284
0.000731216
0.000821768
0.000727368
0.000770403
66.2143
513.628
339.183
0.0206489
34.2135
46.6397
0.133257
44.7509
0.000822742
31.1599
0.532883
30.3674
5.18593
83.5482
101.698
0.139784
0.000759126
161.494
85.1978
279.177
5.67146
30.0416
0.527649
19.8369
0.0035403
0.00133631
151.133
145.402
0.0333471
1.19395
0.000754078
0.0999399
19.3713
0.0280939
13.9547
4.36642
388.705
37.096
1.73743
273.065
140.062
55.8877
15.3442
198.628
186.055
3.11993
37.4442
0.00378775
46.3709
44.5775
0.00074346
0.000710714
0.343987
0.00074851
0.000775289
56.9112
298.042
0.00074471
82.7871
0.000745011
0.000736841
0.00074119
0.000752694
0.00181757
29.5236
45.8413
252.564
0.000718508
0.00107184
6.59351
0.0008557
0.0284124
0.000762782
0.000863922
165.947
0.000983843
0.00467589
185.015
0.00426509
0.000749441
185.255
0.0007454
0.000760659
1.44823
0.000871373
6.5567
0.00123888
0.0240642
0.000743846
0.000753684
307.139
426.441
45.0603
0.0238973
109.326
15.9726
0.00130197
27.4748
306.268
237.279
474.21
0.00069954
26.6302
56.1428
0.262645
28.4062
100.343
0.352171
31.604
1.01482
28.3295
0.279814
7.31158
0.000757618
224.625
0.000755263
28.5549
31.8243
0.000747865
0.920027
0.00246157
0.030133
0.000726468
3.86962
0.000894347
0.00074197
40.2512
0.0338007
0.165631
232.782
154.455
0.000819035
0.000968606
29.9877
263.995
0.000689554
0.000754077
0.197433
24.4478
147.008
0.00210064
15.584
0.000745496
0.000818589
0.000718246
0.0280272
24.2747
0.00409788
271.511
29.8173
262.26
175.297
0.000843624
300.692
66.1359
0.000732727
0.000754063
0.000750339
0.00115977
0.000740263
123.772
0.000745392
0.000750592
351.301
1.20371
0.00268314
0.0357839
59.12
7.36327
0.00768524
0.000824337
188.095
0.000762691
6.76197
0.000755095
0.000846026
165.795
167.128
0.00334265
0.000834246
3.80406
0.000744259
370.134
0.000753156
153.778
0.026899
8.69122
0.123382
3.22693
1.9394
30.2468
0.000760942
0.00086049
0.0049081
61.4246
0.289542
306.72
0.000747087
0.00124237
0.00164281
260.142
61.4673
276.161
0.00226551
0.00351088
0.832233
0.000751302
19.7176
37.0056
0.00879547
267.069
181.411
42.6238
0.00154873
1.43855
172.301
228.728
27.7798
0.0105994
120.543
0.520708
136.4
0.144924
2.26908
43.6933
0.000761952
28.3018
0.00122419
0.00510321
0.00655566
0.0479398
0.000907683
10.7126
0.00074607
46.1912
0.132643
0.000865701
1.58519
0.000756578
0.766387
0.228406
39.9996
3.88804
93
0.806764
0.000748385
0.000732628
4.72163
0.159744
43.0864
265.259
0.000751611
153.598
36.7437
0.0142024
52.6723
10.6978
36.2161
39.1317
0.071197
0.00178691
449.95
72.3331
163.728
0.000746128
27.3219
0.000746427
11.0766
37.9946
364.491
17.1256
27.9351
0.0125955
0.796557
0.000751145
11.9719
1.2804
0.000850477
438.879
30.62
0.000768385
1.61273
0.00516717
0.00101709
381.267
0.000747647
0.0155183
0.0139345
34.8873
0.207813
222.137
1.13242
0.000732984
29.946
5.12759
30.8299
166.169
0.000769339
1.83203
2.6881
118.064
1.01037
0.000751713
0.0410123
98.3094
0.00144716
74.2411
309.644
72.1197
15.1886
2.14599
2.91073
552.911
283.825
222.972
3.29172
0.0144767
0.000965282
168.508
0.107769
112.084
265.979
0.00128414
316.073
0.000735334
167.332
0.000759398
0.000751412
2.36519
114.995
0.00621202
25.4703
19.4396
0.000746559
0.000723325
0.00695156
399.948
148.78
172.666
0.000752087
21.6751
185.736
0.0280075
2.5126
0.0130351
0.000834075
0.000746075
0.00220848
0.000769562
0.000748954
0.000737405
0.000749969
53.0168
305.369
98.5915
0.812292
0.000781461
0.000737718
0.000757658
0.000914337
83.3752
155.267
0.170511
0.00216064
0.367488
2.20916
0.000744928
0.000746017
2.48826
0.000745761
0.000784288
0.0130087
39.48
30.3492
0.0127962
0.230453
16.1698
28.3393
199.49
0.000718431
1.13298
0.000746479
210.174
0.000746172
0.065373
0.000736998
164.686
277.859
0.000746263
447.165
263.903
0.000915941
0.377492
0.00305514
0.590542
0.685685
0.000740834
0.00217057
363.033
14.4954
7.49672
45.4847
122.089
0.0609438
0.000724523
0.00113514
0.000916392
0.000741328
27.1212
0.000733928
0.000745811
0.0925968
39.2298
86.0964
43.2372
41.9983
4.6281
50.9925
370.672
0.000723567
0.00199066
0.00133094
373.789
78.7362
42.86
0.646003
99.6206
105.351
395.648
0.00069782
0.594199
19.1741
14.635
339.148
36.0467
182.212
382.768
0.000709137
0.0007798
138.727
238.05
0.158546
0.000809492
270.663
0.0228835
157.936
0.000740903
0.00923294
0.00414691
0.366786
0.000719178
226.518
0.962245
67.6742
137.224
0.0009207
0.000753807
0.000719094
4.29273
0.00074488
98.2064
10.534
0.000733045
0.00238055
0.00285892
0.00749334
0.000757259
0.000754919
392.199
0.000782933
302.239
186.531
87.8329
145.265
0.000754015
20.5781
27.6898
122.475
0.000809585
0.0893888
0.388023
0.000735684
34.2793
0.000901453
59.7216
38.1515
0.000749903
69.2756
0.02713
24.3128
0.136877
0.00821006
23.2466
0.000737605
163.578
115.193
0.000752696
2.49308
117.658
0.000734275
0.000767446
0.000752832
167.471
388.108
0.0794186
256.421
0.00377724
201.891
0.00121142
0.000744548
0.188185
0.000710575
0.0627734
29.2156
0.000689225
0.000792441
0.0156095
0.914342
0.00127011
12.3568
0.000756119
0.00377927
226.398
407.082
0.0237447
0.000707537
442.077
0.000743101
0.000723668
64.2668
168.887
11.931
170.152
23.1028
0.00138851
0.000757527
0.000754498
5.98661
0.00182985
176.791
23.5681
392.691
0.076655
0.0020171
1.23235
115.26
2.00526
0.0233963
14.9147
0.00069608
0.726428
0.000752654
0.097337
3.19671
0.000743495
0.000750667
3.26772
0.000709112
0.0023725
34.3727
77.0153
211.088
0.00809035
433.937
0.00779966
393.029
241.835
3.15297
71.0532
1.54861
2.08671
0.000745378
0.000808126
40.0498
29.5533
0.0326046
0.000685648
90.4339
0.000764137
209.784
398.233
0.000748961
0.000744873
0.000755556
383.898
0.0775309
0.000694196
0.00094454
39.9996
0.00361876
0.00148718
80.4176
0.00400948
0.108947
112.836
0.00397915
30.7679
0.00757142
60.3771
0.000755803
68.8545
128.34
28.8103
0.000745105
145.589
153.758
0.000754244
65.1396
84.425
35.6125
0.000775912
51.1032
14.6498
35.5671
163.51
0.000827511
0.154797
60.8261
0.0058999
0.0603722
0.00644701
15.8113
297.667
0.866613
53.353
255.649
53.5522
40.3192
0.00074899
272.496
138.953
84.8743
47.6458
8.23196
64.6555
324.475
1.48298
0.0214012
0.00125035
36.251
0.000748147
297.326
6.8619
366.334
0.000871112
0.000813216
0.0886998
103.953
0.071169
0.00243701
314.749
0.00136672
37.7427
29.2078
0.0191708
0.00289773
15.2076
0.00590773
0.535924
0.000746587
6.2209
0.000765212
6.39216
0.000731571
0.00180691
0.00100191
0.00425877
0.00134483
61.8998
1.66391
74.4991
0.000859592
0.000995897
0.00214192
0.000784812
13.4472
66.2435
0.000730318
41.543
0.000755793
131.866
94.4072
325.833
0.000982566
0.000746596
96.2286
118.518
249.243
6.98179
0.0519613
15.9072
0.000745226
186.851
0.000741761
4.15329
0.00394619
0.000735911
0.414753
379.399
91.0984
72.8027
4.73775
0.00222444
0.00074242
0.00081973
60.4094
0.0917475
0.000788026
0.000953551
22.8124
84.2764
108.963
8.43325
10.9972
76.3544
4.00092
400.077
0.00857982
0.00193851
160.232
0.000737063
0.000746674
47.3156
0.000910398
29.0739
0.00115236
157.028
167.753
0.000757774
0.000734839
154.966
0.000911905
0.000744951
364.494
5.15583
71.4768
106.441
32.7966
51.1987
0.00590942
275.687
0.284116
0.157752
13.5042
230.881
0.000759547
92.4726
73.9979
0.000763067
282.703
0.110216
58.9661
0.000732482
104.266
0.0400464
12.9357
35.8724
0.0051587
58.0063
0.00162898
0.00450453
0.247884
15.3466
37.4356
73.3767
0.000753924
115.115
271.603
0.000739434
0.000747464
0.000728848
0.000756818
246.833
0.000737708
4.67513
194.179
0.000752446
0.00783051
20.5593
0.0132672
0.000759163
0.000755805
293.824
14.3182
0.00076285
142.361
47.267
31.0741
14.1364
33.3163
0.00740969
0.0185191
0.000740993
0.000924197
21.4562
299.698
0.00075412
2.24604
120.238
3.71569
77.2505
35.7978
91.5133
17.279
59.937
1.40523
116.399
0.468157
0.000999239
14.1448
0.000753752
9.48717
107.491
0.00173675
0.000827336
179.97
11.7017
221.477
193.628
0.000736041
0.00385394
0.0305174
1.30745
149.781
0.000737627
0.000747469
0.000772104
0.353421
0.000751222
29.3964
0.000758543
0.000731626
0.406887
0.000869346
16.3734
0.000824371
48.0238
254.641
7.36463
2.24712
2.15183
0.0252238
0.000949727
0.00653371
0.00239877
139.952
250.434
112.964
287.366
39.909
0.000709626
34.9221
179.916
0.0193286
0.000746233
0.000758211
63.5998
0.000873426
275.871
7.2273
25.0686
198.349
0.000968889
387.957
0.000834366
2.48926
0.000869433
0.0890877
96.002
30.4413
0.000754166
1.295
34.187
28.8851
81.4152
16.6731
4.74689
358.532
166.174
1.09755
106.135
130.371
0.000755841
0.0852173
0.000707767
0.00162568
0.00214033
163.285
0.115463
0.000903299
0.0011854
1.86649
391.741
78.2123
0.000747813
214.768
10.525
0.84084
0.000730971
403.089
347.675
224.775
136.722
0.000726216
62.1896
25.3263
23.4808
45.0462
1.12076
312.008
0.000850216
0.621254
88.8037
64.3665
0.230412
131.356
0.000816071
300.89
0.00141218
37.6187
263.836
12.7327
57.4672
205.96
99.946
0.000730438
176.66
0.00240005
82.5227
0.0016368
0.941315
0.000745013
214.592
0.000737957
43.9061
261.804
290.717
4.25299
0.000818723
0.00374072
0.000742159
30.2678
0.000758309
15.5775
0.187525
0.218233
0.000761374
0.000956186
154.976
71.3002
0.0573721
7.82082
0.000725002
0.000761165
0.0301257
0.00688382
0.000731131
0.000729793
116.939
0.00366059
39.8169
0.000897228
89.1465
2.73522
0.000687149
0.0641473
0.000859761
159.467
0.00399774
28.6141
0.000747342
0.00173342
9.05048
0.00275497
0.000764653
0.000750753
100.057
0.000742806
0.000751057
13.493
0.56195
0.000729768
142.54
228.965
0.0141208
0.268105
0.000924612
66.4635
210.209
7.97479
0.00224396
74.8952
0.00981982
0.00519568
326.012
0.000803862
196.976
79.0288
109.334
75.9042
158.968
0.000723367
7.0058
5.5723
28.7089
0.0487245
19.5614
0.000960095
0.000961475
107.236
0.63505
0.000860258
116.848
112.884
0.000742798
82.2325
154.64
0.0011908
0.217961
0.000751073
34.8981
134.876
27.7894
288.378
4.86749
0.000923419
28.3586
0.000746182
378.744
122.975
163.888
102.988
328.187
245.531
140.334
0.0143153
0.000745488
30.5891
26.4346
0.000723732
0.000738349
94.0917
38.3434
18.4303
64.338
0.000766531
27.7116
0.000730853
367.973
0.00454267
227.212
37.5222
0.00105495
0.000762487
173.253
0.000819582
108.112
0.000831807
5.75037
304.038
0.000740913
0.784563
0.00168112
0.00167328
186.555
28.7219
0.0016003
177.072
91.1041
0.128083
0.0013625
37.3333
0.427077
18.2643
40.108
78.5558
0.000777482
24.2077
142.268
378.078
199.393
0.0135941
8.5981
0.000746252
53.7254
112.438
0.258468
131.193
64.9773
16.3586
181.79
0.760487
0.0350193
0.00275558
178.22
0.000751199
0.033066
0.000876792
0.000746584
0.000743816
9.23374
14.0829
252.969
302.711
215.754
264.504
0.000744122
0.0019773
233.37
29.6677
478.478
0.000734162
382.181
84.907
311.91
42.8747
100.67
60.7853
428.604
0.395417
2.50054
0.197805
397.758
11.3774
0.00164631
0.00076527
272.464
325.596
245.313
144.365
0.000720435
64.3106
0.000740004
396.111
0.00086881
5.32854
165.819
0.000724713
1.07328
72.849
26.6731
0.000760416
149.384
0.000740862
0.000771114
0.000729721
38.5754
0.000733921
0.00815904
23.4573
4.55454
523.058
0.000710915
27.7515
11.3376
0.000745419
3.04649
27.9687
398.198
4.61375
0.0710775
35.927
11.5183
168.106
31.4266
0.370604
0.000714559
48.8829
0.0771385
297.346
0.242349
0.00076187
53.4569
34.2049
124.963
75.1188
20.3925
54.4086
382.274
0.000745109
0.00079856
370.073
12.3851
0.000739945
0.000747201
224.867
290.205
145.043
0.00227584
70.6972
439.222
0.00119174
0.0125458
0.00139021
5.60641
8.04838
0.00573675
0.000735033
6.96157
0.000901859
30.4408
0.0037918
0.000762658
0.395826
4.67389
1.92431
0.00498586
0.00108468
0.255622
0.000926441
0.000728902
30.3095
0.816627
0.0209401
12.9252
71.638
1.59894
163.769
0.000824841
5.75597
311.057
0.00103626
0.391837
506.427
0.00480651
4.15774
63.2203
0.109683
45.4807
92.1011
2.35757
244.867
427.628
0.000750715
13.9763
26.2666
147.214
0.000809729
0.000749319
3.42207
24.2771
0.000756124
0.00374262
17.111
0.00115439
0.000758754
117.931
9.94921
20.3341
0.0754752
0.000760386
20.8027
76.0442
0.000757199
141.553
0.370665
4.02865
112.416
99.148
1.98853
97.5401
0.000748644
2.51419
218.707
80.1324
266.608
105.814
0.000747563
27.3247
16.2971
0.000742066
0.000731467
2.25936
0.00382925
0.141273
7.25535
88.7851
0.00143602
138.447
239.002
0.00148383
94.4029
152.526
65.8343
298.996
149.141
7.33824
0.000800792
0.000747352
0.238826
158.037
0.00375752
395.01
0.800317
4.1311
0.000860274
48.7474
2.94185
0.00400162
0.000776446
0.00308626
0.00159299
259.505
0.00104789
184.364
4.37613
0.00072698
0.000828842
0.249676
0.255627
55.8398
0.00505894
0.0271848
254.514
0.00077072
57.6155
42.2023
2.18617
0.000755704
148.639
25.9906
0.00162244
18.2581
0.000762876
46.8842
0.00139254
0.00149744
0.000732536
71.4493
105.602
7.26351
52.1544
89.8873
0.00521173
0.00221631
68.1877
19.7099
309.976
0.00102163
115.299
171.923
137.893
206.743
0.204712
100.015
132.358
0.0230692
15.9549
245.555
124.884
67.3033
132.027
339.18
0.000744934
0.0066784
1.46723
0.00093989
79.9312
2.24377
100.151
0.000754609
54.1443
4.59742
68.4752
0.000735206
123.709
266.643
39.4365
88.3359
0.000705722
26.3624
0.00164092
0.593892
0.000757453
0.00076089
427.191
0.97843
0.000803581
104.898
0.00494718
370.053
401.094
0.00663195
406.548
249.591
0.000774471
0.00117352
34.9122
37.3991
0.00614238
330.052
3.60956
295.516
0.000756509
76.2561
74.4828
0.120054
1.47555
51.2413
0.000706303
57.389
35.0935
274.74
45.2958
0.000758358
68.8182
4.61756
0.000763811
0.911446
0.00644301
0.00516457
0.000789569
1.21008
345.542
0.000780495
0.662795
17.4549
0.000736658
0.00398572
27.9272
0.000956265
69.9858
0.000739349
260.996
27.8255
41.785
26.757
2.00779
0.0465258
368.817
3.66565
254.603
0.000743405
65.8626
20.7003
0.0407319
78.8433
26.9664
97.1498
320.547
15.6894
11.5893
0.000756007
0.00158063
62.4765
9.74606
271.429
8.46422
0.00777588
0.0346305
0.0747149
0.165179
28.8976
32.4865
4.13764
0.000839667
290.978
82.5254
0.000816853
28.4647
0.00239992
64.5129
0.000759797
140.943
0.000748389
2.9866
4.19009
250.082
0.000835148
0.0812498
0.0724413
76.7838
22.3907
0.00174085
0.0015209
0.000747184
0.00364259
0.000840273
176.969
227.358
0.00073016
0.000748184
97.5277
0.000807415
94.5248
112.325
4.43717
0.000757163
69.2275
77.8559
174.474
41.7845
17.0279
35.8402
0.00104935
0.000731789
156.592
0.00573402
0.000741245
0.000743705
69.9127
0.000790259
355.702
0.000746141
13.8368
168.24
12.2037
27.3241
352.466
0.000733366
4.57834
144.613
38.2461
209.343
0.000762928
0.00102493
0.0696175
387.725
184.698
0.000768365
0.00155172
0.0428074
27.4013
361.603
28.7592
0.000785728
10.1204
218.015
0.072299
0.000746817
0.023995
235.446
5.27281
28.8199
5.47909
0.000726124
12.0937
0.00494749
32.9457
0.000745617
0.000869419
345.869
89.1183
398.351
82.217
80.2909
77.2074
79.9431
299.445
215.614
75.6448
0.000869466
24.9409
94.5021
0.010908
0.000755853
0.00119857
0.796473
0.00084206
150.916
74.5533
242.933
0.0762221
43.1955
0.00804145
191.945
105.244
0.00420771
1.3576
58.7406
0.000854049
288.338
4.55646
0.00074829
46.9445
0.000758586
0.000806637
0.001519
12.8741
5.03731
12.2356
0.000727868
8.50117
29.1367
57.3189
0.00361688
23.6519
0.000760036
92.6291
1.16864
0.000703617
0.0017469
60.4253
0.00251331
126.025
0.00325039
8.59466
0.00089354
0.00159386
1.13261
133.146
59.4281
0.000738445
0.000795872
0.000887866
0.000828078
0.000739047
84.0223
0.2238
27.7296
163.736
0.000718208
54.6702
0.000751774
30.5953
35.7441
189.284
328.075
0.0728172
24.7774
0.102088
0.000754828
0.585641
152.933
3.15104
0.00446946
0.17702
2.59157
0.00075938
276.118
0.0540953
0.000704274
0.0259933
146.562
24.6389
35.5731
60.5565
238.584
0.639463
34.8004
0.0211553
126.727
3.00912
0.00130594
0.000789542
23.024
0.00093331
25.0223
43.8331
57.4765
81.0196
313.885
0.000739941
42.4381
0.00650399
0.00095457
169.786
347.494
0.0186205
133.071
253.15
133.098
0.000923201
0.00101005
0.00361599
0.000743575
26.7016
113.701
0.000740964
0.000759682
0.913939
0.000813431
35.2111
0.0138645
43.9946
0.000757869
40.9167
0.0401921
27.6847
0.000749261
0.00235771
243.931
10.9411
270.366
35.2523
27.7948
0.034263
194.589
188.457
0.00074521
0.00158488
0.000750781
269.555
0.0838677
2.57105
0.00413491
363.625
3.40892
0.00189775
0.00496416
4.48428
0.000749866
5.68495
0.00104313
358.378
386.413
0.000983748
34.9107
0.000713858
70.0922
0.0359592
236.817
33.6277
0.0171265
432.449
233.448
0.00074654
328.302
168.939
0.00239437
0.0100462
116.912
32.7126
151.164
0.368793
128.385
18.0083
121.231
182.318
9.16909
0.000745748
5.71627
0.00116335
0.901152
62.6249
112.902
91.9988
224.411
218.562
67.8857
0.00101824
3.29848
0.0234917
0.00220558
10.7618
0.0804703
68.9669
0.000764445
320.252
0.0499888
168.719
257.491
21.8709
156.653
29.0246
0.000848228
69.7087
43.152
130.765
152.331
0.00248092
4.53582
0.00122425
127.699
0.494955
28.1333
0.000743377
83.8664
419.135
194.763
0.000928185
0.00109786
0.000817203
0.0791607
0.102842
79.6284
100.646
0.407032
122.697
0.108692
65.3063
0.000740059
0.0413815
0.703271
320.117
391.523
267.439
1.93473
0.530747
0.000748925
60.6444
3.50001
27.8862
343.327
30.6094
336.768
294.65
0.000722166
3.40784
0.000939607
0.00773343
0.0776264
0.00229819
0.000830641
0.851625
0.00285061
106.505
47.5859
10.2864
0.00347116
28.1464
139.369
0.00106187
0.00169833
223.322
0.103798
0.000730032
28.3993
210.317
28.1071
2.85896
0.00221297
0.533879
242.641
0.0121748
51.7455
44.6081
84.977
83.5249
50.9303
0.000734703
0.248729
156.733
0.456243
0.880639
0.00160194
8.00308
0.0350124
15.0602
0.00075979
0.000792534
6.71283
0.080308
328.983
0.00370015
335.73
52.9266
0.470448
221.765
0.00338005
160.399
240.032
189.092
0.000722925
49.04
0.000811956
0.000743534
0.0021239
0.000717509
31.5024
0.000789071
84.7324
0.0015133
40.024
3.78999
0.000740575
4.98814
0.000725672
44.4654
0.000724909
0.476932
185.51
27.7412
0.000744744
407.234
14.0794
60.5029
153.488
10.6644
64.8207
0.00200102
81.8511
0.186383
29.3901
160.545
28.1822
0.000894761
0.000883153
0.00122373
67.1201
7.87509
0.287224
0.000826996
0.000998255
0.000760461
93.2803
0.277547
0.000722559
390.91
0.000742559
86.4825
97.1305
4.6905
0.000741333
52.4019
119.787
140.95
27.6207
57.993
0.000731096
83.4983
24.0416
150.889
0.00138232
1.42505
67.261
14.8939
0.0453989
187.298
8.52837
327.985
117.313
41.6246
8.38765
0.00081421
0.000705976
1.44185
0.485672
134.523
1.11173
139.78
52.8419
0.000959594
0.0730604
0.000854872
75.6642
349.813
0.739028
0.000742059
0.000745388
155.96
32.2304
42.849
364.457
0.000736726
258.718
0.0016323
0.000996481
431.532
395.455
0.000746238
21.897
96.773
66.4002
0.00229626
0.00152601
7.8599
0.000703294
269.796
35.2146
42.6725
0.000752569
0.000751529
50.1567
16.259
251.191
0.000753385
33.915
203.37
0.0314595
0.0023736
34.5766
66.4772
339.975
174.431
23.1742
1.10029
106.417
0.00111481
167.367
103.757
26.1542
0.0410906
87.845
0.00376345
0.000737745
395.682
6.00163
0.000731042
102.44
41.4099
0.000735068
0.297482
326.108
0.00455214
30.9605
0.000762396
0.000906926
41.179
0.00818276
2.83803
0.322158
0.000717517
142.233
15.4576
10.1214
48.4554
31.3764
4.09583
35.9696
12.8707
0.00073505
0.000764815
16.9745
16.0396
0.611645
60.7092
88.0669
17.2128
0.00355119
0.00090038
0.00078634
0.000763269
45.5563
6.58452
329.896
41.6252
288.208
4.49662
160.689
5.47775
0.000791743
0.00102169
50.2405
7.90679
50.9867
98.6407
193.607
0.0130067
0.000757982
112.12
18.1668
9.03858
0.00341389
226.329
101.644
49.0952
0.00801606
0.000773082
0.00200187
33.7043
337.879
0.00258765
339.215
0.045376
310.966
0.536516
0.0058723
0.000762588
0.0563285
90.2833
0.0877886
5.68635
0.0488367
212.633
0.000729092
55.1103
2.94098
0.000743698
0.000745332
70.3814
159.689
20.1422
337.683
30.9948
105.954
30.2923
0.00100009
9.56564
0.000756962
0.000727173
0.00195037
111.862
36.6227
212.749
0.0459993
110.451
14.8992
93.1272
32.4605
77.147
0.00123898
31.0599
410.288
55.6811
0.00212105
197.571
0.00140049
0.0385218
24.2018
309.101
106.972
103.287
0.00436747
280.29
0.00102127
154.326
46.2437
111.524
0.000720863
46.4396
100.154
0.0123112
27.4811
37.4776
299.874
11.8424
0.000865699
244.447
10.24
0.000793736
0.000743006
375.413
1.0884
54.5566
0.000695926
0.113907
256.006
381.086
28.5792
0.00089733
107.841
113.326
50.9017
0.000737061
0.197632
3.21477
270.369
259.624
36.753
118.107
0.000849829
12.0129
8.24635
32.8542
0.000764147
0.0665793
57.1529
0.000736235
56.2051
330.019
75.8411
0.00071562
0.000717495
13.553
27.9174
276.719
27.6917
13.3097
0.000741173
0.00129839
0.00154564
195.651
81.8374
15.7797
24.3461
397.022
36.3058
129.29
321.47
0.000741121
0.955518
45.2064
35.4916
180.886
10.9604
72.877
261.037
141.541
74.7131
0.000752153
423.827
117.493
46.3388
246.48
384.346
28.4263
0.000962216
24.498
408.01
54.2154
441.108
74.8803
115.029
232.884
63.4691
254.801
118.782
177.155
205.748
69.0695
0.000748371
89.5258
0.10113
0.596236
0.000798792
325.288
296.4
0.00088773
5.32562
49.306
74.5805
0.00554671
0.000735918
442.216
110.848
0.000765354
92.4501
0.00072945
8.34105
1.39398
293.764
56.0669
90.9785
0.000747654
306.625
100
0.00128027
0.000722925
64.5048
16.7375
16.6703
7.026
40.4954
30.8307
102.161
1.58375
0.230118
0.000751446
0.000769392
194.532
26.2836
36.8827
39.2418
2.60057
0.000749809
0.000736136
256.911
24.4349
2.40586
0.00129145
0.000818022
325.063
35.7225
93.5914
0.000703367
35.2892
2.18948
110.003
52.4761
45.2371
0.00184557
0.0009973
0.000948511
0.000770654
146.916
0.000750049
42.1639
112.199
10.0913
0.0473344
15.969
0.00219862
39.9719
6.52738
0.00884574
0.000999268
26.8629
21.6876
0.00076046
96.2843
0.0018922
49.7526
0.362783
0.000909873
439.04
0.00160819
48.2582
0.000707338
0.000980549
232.8
36.21
2.59741
0.0348517
0.000754089
7.48655
0.000729753
50.5933
0.00100363
0.00212003
0.000735922
0.0287543
92.3268
121.761
27.14
118.063
359.148
12.0661
3.54145
216.564
0.00169144
176.324
9.52224
0.00178072
0.0450979
0.00100231
27.7607
27.7435
40.875
1.62042
0.149802
3.27967
0.000970961
306.394
67.6967
112.968
46.4105
0.000739168
23.4262
1.1223
65.1817
53.3102
15.046
30.2309
0.00074619
302.978
2.66633
202.208
90.6288
176.575
132.527
0.281176
2.44184
5.06577
0.529542
0.00123039
413.24
0.264673
0.00317587
378.45
6.64247
73.9757
230.589
109.854
224.074
64.851
4.98409
0.000682917
0.0159558
0.000713735
51.0226
184.884
27.8012
0.0199897
0.0131873
0.000748001
73.6934
28.2925
0.352341
0.000749882
27.5992
0.000832642
0.00261588
52.6165
239.311
31.0351
0.379092
247.076
0.000970867
316.264
23.0337
20.4131
0.000754043
19.1432
10.3333
182.314
53.4212
261.143
90.9394
403.714
0.00723112
0.0511458
34.1689
18.0081
0.000743987
58.4422
0.000736765
0.000717508
312.121
0.000772562
49.1118
62.5696
0.000817542
0.00104697
41.7426
63.2551
224.404
303.211
0.00114854
0.000713465
0.000731748
49.4782
432.39
1.7009
0.000732484
0.00281457
51.3668
9.91704
19.8288
0.000759053
35.1262
33.567
63.5426
245.21
362.302
45.7093
0.000707198
4.52099
0.000934394
46.4769
345.264
0.00081936
0.004608
2.70509
0.000936467
0.00265941
0.0550513
45.3289
118.923
0.00091456
114.45
189.898
0.00385281
8.28967
0.318051
56.5286
0.680921
52.8013
0.0007606
182.85
0.00101052
4.1594
85.099
0.00102083
0.000824233
0.0175741
0.0667925
57.9989
32.3089
318.346
61.9948
0.256448
0.000754553
153.209
75.9567
209.757
83.2854
0.00128518
0.000784157
38.6444
17.9413
1.95757
27.2155
190.522
19.8892
23.8737
127.362
0.0563593
2.21857
35.6886
0.00379196
0.018462
8.17779
0.000770056
115.828
0.00107659
15.3518
24.3077
0.087325
0.000896909
0.000915836
123.246
3.58266
56.2848
0.000747552
0.00124994
53.1755
27.196
0.00217708
0.0596254
116.411
27.7353
408.918
73.5138
0.0140081
178.048
0.000752246
0.000853538
0.000831306
101.016
0.00075099
0.000756159
0.000739615
29.7329
0.637556
0.000752954
64.9726
0.000740413
70.176
0.00102439
62.1959
0.000728783
0.0257104
494.145
5.16142
227.728
27.0225
16.856
0.000740073
123.217
61.8628
14.3266
323.479
0.000780251
166.325
0.000743895
0.0203312
0.0208516
0.0195694
2.83551
371.502
0.000745315
1.51034
0.184
180.926
0.000751623
1.11047
0.00073794
0.0203963
82.1873
72.4894
0.0735243
111.788
0.111557
0.000757592
248.693
0.138234
34.3314
126.559
0.0214434
381.535
31.8705
18.7254
54.6831
18.3769
0.000720782
0.000755714
35.4882
0.000747125
167.01
38.5502
0.000909055
118.229
0.000749538
28.4354
0.00920322
0.000711518
0.000779569
96.5939
1.88128
0.000793557
0.00277343
201.017
316.798
0.000746701
5.05798
187.254
0.000749536
0.00145169
0.000839584
70.9688
51.0554
0.000784461
83.4507
0.000720648
57.9413
11.1175
3.10048
0.000747075
123.468
15.034
59.8342
0.00247807
0.00074787
27.5537
0.0657348
1.35527
0.000741025
0.0977038
0.000747765
0.229788
31.016
0.0529428
57.0946
0.000746916
52.1501
25.2281
98.6037
183.477
0.000690047
20.6918
143.24
58.8717
0.0366548
0.0082575
0.414956
15.0029
0.000735664
0.0804172
222.695
199.09
0.0209059
115.675
0.0203223
0.000950723
111.558
371.074
19.4048
129.94
0.000762036
51.485
0.094027
0.554441
113.042
0.000837219
166.966
0.393544
196.565
0.00074363
214.846
0.000763723
98.3372
0.00374173
10.2644
182.395
0.00145586
8.49126
0.000747339
0.000796433
17.4665
8.76383
49.4191
0.000878796
0.000735146
0.000742743
360.864
126.588
0.000742198
0.000733244
0.000758603
238.081
54.655
49.8998
331.768
140.595
221.421
214.012
15.578
129.135
0.000721961
48.1282
42.6808
60.0618
0.000822437
124.488
32.2195
321.466
169.97
163.734
0.944309
30.164
0.943787
75.5624
0.000868224
0.00135863
381.245
0.000715232
0.000738545
365.024
0.0020792
195.167
0.00074465
0.00180014
130.378
28.6504
0.00127401
52.8097
0.000740769
15.6398
111.928
21.6548
312.768
27.873
61.8399
0.530928
6.98019
0.911708
0.00072134
364.938
0.000841162
0.000829076
0.000733746
45.9497
371.7
0.000766901
72.2029
106.717
0.00124016
0.0206216
0.000894
202.46
307.878
0.00290394
0.233676
0.433947
0.00126296
26.4379
41.7813
6.43382
0.000762
0.000875425
6.33411
0.00290096
0.000747118
1.26004
242.099
48.0111
0.00920729
127.114
0.0829779
0.00170058
0.000745672
0.0851769
1.41169
73.7856
368.652
64.6822
53.4319
129.649
0.000819647
0.00124305
0.00073523
0.182637
0.0116159
33.2776
244.053
0.000758168
31.2096
115.055
54.4787
0.34892
230.272
0.0014024
0.000735843
96.8643
0.000843056
0.00103828
435.124
1.14159
0.00136714
0.00487258
0.00119146
35.7178
0.00390817
0.384011
20.2622
502.321
0.164122
52.838
11.7978
0.106866
0.000726213
0.000724664
0.000880587
28.1737
0.000968578
215.318
0.0194568
38.1572
19.9981
0.000687985
26.5165
171.413
22.902
32.7324
2.87687
29.1777
6.47538
230.091
0.00100774
14.1182
5.32217
119.366
17.3344
1.17253
0.146902
32.8126
225
395.837
423.702
0.000733843
63.8484
448.247
179.896
0.00070211
208.025
384.68
213.767
103.187
29.3182
44.5191
0.00126134
7.6838
0.000761375
30.1663
0.000758123
73.5028
244.253
0.00244824
128.558
186.361
389.726
0.000745527
2.2023
30.0797
54.0585
35.3079
205.142
201.653
6.2267
0.000797091
7.58851
0.00127479
0.000718226
1.5709
0.00374491
0.00114637
0.409125
230.562
29.0539
0.000763115
0.0958546
72.7893
154.598
0.000771509
0.000760839
38.3898
0.619588
0.000743991
0.00121364
8.0145
338.305
1.25835
0.0274635
0.205217
0.000758372
390.28
1.35411
261.083
0.000765887
0.000770605
0.000884866
23.9649
192.313
145.668
22.5764
0.0196171
423.175
131.591
0.0180962
0.000757059
2.72816
371.427
24.9915
314.66
138.678
0.000851973
39.4776
9.55472
29.2264
37.825
20.4305
0.00117945
153.378
0.000752776
30.7924
0.000715739
0.146372
232.956
0.00073678
0.388783
248.497
0.000794796
45.5979
71.5732
37.9042
0.79848
101.41
236.255
0.000986037
54.7251
0.000748554
61.5544
0.000754849
307.938
6.76145
4.40015
20.3819
0.000744474
143.682
0.238546
244.372
0.00182029
3.37227
6.21063
181.754
282.452
0.000760283
0.0767243
104.358
0.659385
0.00117072
60.1668
1.0691
85.6453
0.000926873
364.904
12.9371
0.0451484
14.6792
82.6695
58.2182
7.34998
0.308544
29.9642
2.20282
0.017108
0.000723783
0.0918375
16.4336
0.109586
0.000746279
69.2724
396.726
6.83117
0.01273
0.000744008
32.873
32.4575
27.9132
0.15071
1.30302
239.456
0.0114208
0.798472
27.7169
506.287
99.6978
248.902
0.000742563
150.365
0.000879275
168.151
41.2837
435.92
331.254
17.9465
0.0021483
0.000770368
77.2592
28.2353
50.142
0.00169509
0.000751125
0.134397
293.59
0.000750048
11.8827
6.03773
0.088649
0.000774893
370.102
28.1542
229.64
0.566775
335.673
27.7814
46.0859
0.00073693
0.770464
122.415
34.9282
0.447572
0.0490071
31.7056
0.000749421
480.897
38.2697
0.00257167
0.00114932
241.809
103.113
38.2298
268.765
64.3764
324.483
0.0334343
164.934
273.12
1.52541
0.0710158
83.6193
0.00200265
126.249
71.7604
1.84513
0.00387986
0.000794636
385.497
101.499
324.661
0.000746901
32.8883
166.152
17.2338
70.6143
0.000770953
0.000841802
176.048
43.7943
0.000963877
0.00310607
21.7392
99.8306
198.548
130.486
48.4246
0.000746514
35.7898
0.43407
430.178
54.3715
33.3081
3.0248
384.15
0.000970595
0.000849539
218.134
2.51681
0.000803276
1.27109
131.5
4.19838
88.1656
0.0035762
0.000937967
54.6228
22.9627
73.9255
0.00314509
205.061
0.000736234
45.3523
0.000833418
0.0119987
284.619
0.000772223
0.00308122
62.9628
0.000775349
0.000792949
0.000689615
0.000738877
70.7169
342.072
0.00112526
4.99266
9.80242
1.63952
44.185
0.00105858
0.000785294
0.00178326
142.891
144.909
176.862
0.00874938
0.00672228
0.0014707
207.126
2.24126
49.3886
4.70053
0.000803505
292.315
19.884
0.00116963
76.0387
94.1378
0.000741932
6.42366
0.0185456
0.000758191
381.456
0.215852
0.258767
5.41765
0.000764483
0.00173876
91.7041
44.1816
0.000787012
0.000755888
447.452
0.000857726
0.000747122
0.000722348
0.00077043
178.057
0.571891
40.1088
2.47673
167.93
33.9566
55.8205
323.124
0.109686
47.8922
0.388682
71.2491
27.818
69.9346
27.8218
4.30673
40.1834
0.000737199
0.000938165
0.169617
0.00076914
0.497388
0.474387
0.000753642
95.31
0.0319095
5.27116
274.152
108.938
0.000704658
0.0301729
73.5806
0.205392
0.00987973
0.000756842
187.126
1.67255
55.2514
38.257
0.104303
41.5899
0.0240016
28.5093
86.1204
0.00074246
0.454632
43.7577
0.0405604
31.4614
37.5198
439.508
85.2564
181.809
0.000742949
0.000762273
0.000743873
192.834
10.1063
10.5653
0.000743568
0.00113668
71.5764
0.971048
0.000887897
127.575
78.5511
0.00123467
0.135087
134.184
0.000783229
0.0782046
0.000744373
71.5742
0.00171364
0.000743389
236.503
23.2879
0.000717939
5.80598
0.227725
0.000733914
0.264046
2.86101
0.000887364
0.213662
83.1182
0.0667373
0.000746687
0.000757225
10.7608
0.0010235
226.787
0.00116719
182.862
0.000719809
193.088
54.4034
0.0848324
62.0946
264.017
247.537
168.217
114.037
2.2133
0.00073921
0.000752984
0.000737273
3.32506
88.3598
356.05
0.000704514
0.00244108
0.596811
0.000756557
118.112
1.35782
0.000820982
393.791
14.8429
15.9806
26.2072
6.29734
7.68072
0.736408
106.65
64.5808
6.12615
0.000778187
0.000751629
0.549397
0.000748318
29.6336
171.27
130.933
243.082
0.000729486
91.9418
0.00101224
394.885
262.236
25.0789
81.1106
0.0246483
6.26492
0.476528
18.0555
4.65959
3.20617
205.193
99.6583
164.148
0.00166061
391.653
0.0732128
0.000967337
0.00835078
0.00306073
0.39544
2.28831
137.968
223.502
13.8136
0.00117107
88.7675
404.132
434.786
0.00101207
0.00224235
0.000770182
158.455
30.1914
1.6769
71.426
0.390862
31.5423
175.721
6.43801
240.941
0.0012308
0.00108724
277.075
0.000712514
220.842
96.6373
24.5208
74.0654
113.26
93.2992
344.163
72.2549
425.918
0.00122471
0.000745922
0.000716382
0.00418091
222.243
6.14663
15.2723
150.698
0.0408901
0.000701535
0.000770749
0.000832647
0.00112658
169.379
0.000799953
0.0476
115.384
0.000721282
0.509201
135.056
25.6533
423.58
176.648
96.8814
480.775
3.52448
301.92
34.244
414.299
390.438
50.5198
107.731
2.44965
78.6645
158.738
0.000753953
0.000751744
163.12
28.5092
44.1525
0.0850195
0.000743159
0.000754361
30.3496
32.5735
0.0284537
0.279393
0.1826
0.000849064
0.0204504
0.000747484
0.000747991
129.066
188.45
153.346
0.000802424
0.00106124
0.00080518
154.321
156.428
0.000759352
0.0413408
234.211
0.000745927
0.000743308
0.216843
8.01186
1.95897
46.0144
0.000731151
0.222252
0.000728084
0.00283956
0.258279
2.25384
0.000761284
0.0469568
0.000977026
0.414228
0.000750057
0.000712674
0.047169
59.2114
169.867
16.2823
58.1416
76.1429
47.2277
26.2813
24.0617
217.807
6.71498
0.00117531
0.00117384
169.273
31.0095
1.81046
0.00393645
0.0958495
255.334
3.07285
82.8969
0.000753436
12.4511
0.0164843
0.000847209
159.656
0.00136853
4.61109
224.754
179.686
60.3462
38.3916
434.034
57.2472
71.465
49.326
110.367
23.1443
4.06209
0.000977036
0.00303663
112.252
2.78032
0.08975
26.0205
0.000701331
219.176
0.000754128
209.936
3.5981
427.894
139.774
0.000739219
137.44
6.75974
28.7678
0.000951185
62.72
0.10602
83.2886
0.000724965
0.000733703
209.681
0.102973
55.9675
81.5086
34.2151
6.52473
0.00159249
0.000702783
28.973
1.28296
20.4427
0.000753482
150.49
0.00155255
0.00402407
0.000951001
64.8532
215.297
0.00531515
51.8035
0.059861
1.88839
446.52
0.516064
0.00172278
9.33146
224.517
25.9414
0.000758465
407.547
130.125
36.6067
0.000764871
2.18902
0.000905252
10.0633
26.84
0.053043
0.000950457
0.867603
371.091
1.2829
1.60418
0.0264922
131.675
0.000854639
259.868
93.5501
41.601
225.157
2.67283
25.4206
82.059
33.0074
0.00107218
0.000797216
0.00113827
81.21
0.000969013
0.000734853
136.903
0.000763305
0.000780078
74.4176
165.382
64.9838
389.233
65.143
0.00124967
75.3237
184.969
0.000732515
65.3985
6.77336
0.00143711
1.02436
318.256
104.173
138.669
27.8469
0.000699835
49.7198
122.317
47.9395
164.874
191.16
7.59827
27.8918
152.853
0.000781619
125.715
27.3128
33.1758
61.5386
0.00270915
243.668
39.7571
0.288158
0.00107785
381.398
80.1315
87.4194
0.219171
0.000852217
331.793
239.662
6.32315
102.972
119.941
292.807
22.1817
0.00181375
444.453
60.1352
4.09975
0.000966821
0.000740716
441.472
6.6129
16.805
264.345
0.00141476
533.325
407.397
212.139
0.000724249
0.000753813
8.2413
140.078
2.06341
30.7348
25.6044
0.00155937
0.000786028
4.65791
264.293
57.3192
146.701
60.6361
19.58
0.000725245
4.94774
202.875
1.33341
63.2896
0.000744314
0.000728941
0.000817105
124.385
279.919
298.429
54.1549
363.097
0.00574294
144.743
48.5916
125.501
104.446
0.0873621
427.829
0.000734327
166.15
169.563
60.8732
0.00645844
0.0011445
240.95
0.0415232
1.27532
0.000737558
372.169
0.000749924
161.693
18.6478
3.66656
2.2568
0.0727855
1.81964
0.000752335
0.00102347
0.0639359
0.000781555
70.0472
0.000763444
30.3188
142.011
124.216
125.184
0.000773001
225.676
0.0962586
1.23973
0.00291131
97.2927
0.202493
133.454
32.4327
0.000716121
40.7056
0.000762624
24.0614
0.0352009
345.662
64.425
11.7649
63.1994
241.514
1.016
257.458
6.80808
0.00121016
0.000739089
322.437
54.243
25.9286
61.7862
126.806
281.411
95.7371
0.000725114
31.9317
243.022
0.185059
0.0022146
103.377
274.563
76.6799
163.068
407.858
85.4696
1.46759
0.00102869
0.000731899
27.7327
0.165851
181.702
0.0339311
55.2493
36.6514
0.000745089
0.000878772
26.104
59.0673
250.95
0.0009059
0.0933582
381.366
0.000752095
24.0203
49.8513
0.0799758
391.434
134.899
0.000746079
53.4191
416.614
0.000742619
0.0111499
0.334701
0.00102347
0.398893
0.00082007
0.000723403
0.145157
89.9398
131.381
438.854
9.98527
58.4799
0.176399
0.000953697
23.7605
420.553
248.605
0.00411719
0.0671393
96.9053
183.709
0.000748667
85.0142
73.3533
0.00100773
351.106
0.257449
364.561
11.9118
0.000826645
0.69049
65.8867
0.00101093
0.000753651
0.000739954
321.229
0.250519
0.000707381
19.6156
11.6667
39.1528
87.447
102.844
55.5435
6.65093
0.287167
358.844
161.551
0.000755029
134.078
0.0666442
20.1406
134.645
18.191
6.2788
367.976
0.00109345
0.677934
5.87383
1.20262
198.251
0.000796668
35.1888
117.485
0.00071161
0.000739291
27.726
2.96083
0.0579986
0.00075543
310.052
0.000726753
0.000811112
136.789
0.0051552
55.4323
96.9708
95.4875
231.669
7.13547
0.00526928
0.000738403
0.00211698
0.00073034
52.9079
26.2669
61.2636
36.2071
0.000820903
154.395
411.566
0.00120625
436.55
115.15
15.567
0.000784288
277.387
89.5206
0.0011864
88.5442
177.532
1.94158
89.8568
1.64206
0.000752146
297.731
0.000751026
2.54264
0.000746487
122.891
377.937
1.17576
0.00081929
42.9939
0.000915175
0.00214199
0.000760059
1.17427
169.427
35.539
190.803
0.961067
46.3308
0.000764632
0.00069219
0.00269997
0.00458351
0.000870669
93.5667
0.000713995
56.38
543.408
0.000753986
27.7492
0.197003
49.6275
108.128
0.000771846
0.000747258
117.54
0.000748568
0.025726
20.8349
135.417
82.5155
0.00261211
143.272
0.241503
0.00077563
27.7374
7.91606
21.4742
45.7664
9.38949
0.0286812
5.36815
12.104
306.27
40.2736
0.00075873
0.00785638
9.32846
32.8329
163.216
158.763
0.483305
372.567
54.957
0.0302086
133.759
86.4863
128.81
235.288
0.000695827
27.7214
0.000966199
0.0116917
49.6704
0.000734346
0.444634
0.00373703
43.33
195.57
0.0171569
22.5361
0.000754164
131.644
0.000731426
0.00115645
9.14709
15.1098
0.000713633
35.2218
0.00119571
0.00075628
0.0376846
0.000732176
0.000746188
24.5042
296.273
5.66525
68.9519
259.439
275.107
0.000697182
61.5016
0.000749368
0.0152648
55.2084
72.2744
115.21
0.356484
4.02536
10.9264
137.6
0.132828
130.549
370.892
130.482
0.00077009
0.000821613
10.0462
416.932
352.781
0.00194704
58.1764
0.00508486
0.0182408
0.000714245
201.611
1.66937
0.000754236
28.0299
0.000680687
0.145114
0.000824489
0.00109922
0.00107323
204.771
57.4322
99.2757
19.3987
277.79
187.327
271.015
1.30577
209.087
28.9764
5.58073
0.0844751
0.000775437
27.6132
64.9286
44.8971
41.3733
0.000749848
427.415
5.00186
2.70695
71.2072
9.32888
21.9355
0.000742126
0.89755
240.136
295.739
0.000767124
50.2092
188.589
0.0114965
0.000784613
434.384
214.052
238.211
0.000735865
1.7894
0.00981766
0.00072476
82.6453
293.519
225.641
1.60312
34.6109
9.42515
34.65
33.761
142.494
0.0418278
52.5031
109.242
42.1232
0.00210557
0.00736942
0.238957
59.9053
245.081
70.9824
36.254
40.0622
79.8372
0.00127859
0.00340195
0.000697292
0.00077035
322.595
0.000791246
56.4127
0.000779644
0.000940854
28.4423
2.04756
85.3873
435.365
51.968
0.264898
0.000757749
16.4856
8.82758
0.000727471
11.8154
471.18
7.32711
36.4707
16.1457
66.7193
31.4891
0.000744611
304.953
0.00107341
17.986
0.825336
189.952
0.000755478
85.1986
215.794
0.6552
12.7714
377.713
102.26
0.000948802
0.0174057
223.809
0.000813618
60.2008
0.00118198
0.000939796
24.7457
12.2266
0.12709
118.138
0.694286
6.40897
231.469
77.2838
0.000720522
140.272
86.7374
0.000726458
5.74967
101.287
171.825
196.066
0.00312364
36.2513
54.8247
133.802
0.0183665
0.000733462
0.00288001
0.567589
0.592047
0.000759536
0.00075603
0.00182446
1.27232
0.15751
0.00608169
134.717
100.775
0.000754739
117.975
127.682
4.93829
94.2022
53.0158
250.077
0.000726452
65.0382
0.00288352
212.252
27.9258
97.6952
19.7891
0.0022888
62.1847
38.0846
93.3469
349.712
388.447
0.405286
59.7683
0.00115032
0.000738903
0.00116913
25.0057
0.000829736
44.8863
0.0450939
1.58481
0.000754214
47.5803
163.763
358.878
153.982
243.793
0.00100494
30.5331
148.171
8.65856
128.359
0.000847207
248.478
0.00118842
0.0010068
279.521
0.00301578
74.7179
0.00169574
58.0063
0.000753529
0.000697884
30.613
0.00112352
0.000735912
376.779
96.7123
0.0120525
54.8733
28.6545
0.00152306
0.000909059
233.475
2.48271
0.000747465
12.7153
0.00332753
53.1887
0.00172917
1.00512
123.778
196.069
0.000895848
200.6
0.00223468
0.00074578
0.00224521
230.61
210.228
29.0851
0.000858968
449.869
35.5001
0.000747591
0.000808107
52.4308
304.045
201.349
120.425
0.000771867
0.00077562
120.303
0.00112384
0.00081372
0.000747607
136.164
0.000992775
1.25535
112.739
52.5778
55.5024
112.738
93.3493
0.000817642
1.30962
168.641
0.000761298
6.59771
10.7856
68.9685
214.901
0.000745374
155.271
2.83435
0.000744507
0.000811467
53.4035
348.119
53.6193
0.000750489
188.205
0.0248407
134.824
36.5161
0.0121249
60.3368
0.00075447
101.329
183.004
0.000744056
64.0028
204.195
223.595
0.23039
24.1819
353.609
0.00642971
0.00100147
212.307
0.000762642
32.9323
0.0014282
0.00972835
0.00282129
5.76446
32.9956
29.2236
0.00130544
260.85
11.758
30.4681
0.000741352
21.907
5.03689
47.1715
0.796822
0.000760474
145.177
64.5196
26.5215
13.7722
217.825
60.4898
0.00120712
347.713
25.9097
248.936
154.807
40.2805
140.888
6.3169
145.605
205.919
9.97297
63.0624
0.00746764
0.000757991
35.0714
0.783625
0.000773356
45.4442
30.8651
0.000738853
227.822
11.2827
0.000777535
110.508
0.0007061
0.0348911
34.1357
0.000890563
0.000767549
175.122
79.5416
36.3879
10.8368
144.387
549.143
51.8857
32.9207
119.745
20.6337
217.136
0.150509
222.445
432.946
406.206
113.659
0.000994365
48.7044
89.48
0.00112468
42.8411
3.06365
0.000748379
0.00107792
439.814
155.045
201.358
76.6556
0.417294
0.011394
55.9659
0.00177791
199.383
354.567
0.000774587
0.00116688
175.639
0.00146435
0.000722446
156.129
4.20815
0.0021257
0.00075134
0.0189348
0.00116728
146.866
0.00137294
1.3729
362.123
0.00651446
35.6244
0.00075317
150.123
64.8122
1.96422
55.1624
0.00645168
0.132969
0.000752969
56.0766
46.7065
0.0118139
422.944
212.357
414.2
0.000711703
15.0468
0.000747315
165.67
0.00076324
0.000748386
386.628
50.6043
32.5881
0.067375
433.382
0.00167464
523.849
0.00181081
110.529
5.3212
27.8301
30.1753
42.5003
0.000738826
0.0017551
0.000756507
0.00224075
0.00457012
0.0125298
0.000730813
160.72
108.597
198.329
0.00303126
0.0184746
7.40107
293.967
2.60024
18.4887
0.00103659
55.6135
0.00074491
346.034
0.000740122
0.00093419
18.5034
0.000754394
0.0301943
0.000780131
398.144
0.13747
28.4667
174.619
234.491
29.1391
0.000730312
0.0594683
2.59347
197.815
16.4875
138.992
43.0575
0.000737175
55.778
3.45191
209.977
0.000756117
58.6961
28.3852
24.265
0.00224335
0.00071542
12.6321
0.000706193
0.0048563
310.823
165.24
0.185529
33.8913
395.041
61.6557
4.30261
6.24924
0.000755443
97.8865
30.7719
0.000745984
305.857
274.806
12.4277
3.41084
0.00208078
91.6757
279.843
0.0601819
0.00606091
198.645
59.0862
419.096
1.29312
2.69348
41.9182
31.2538
13.1759
110.337
116.708
67.5163
0.0219246
64.5915
126.565
32.5921
0.00758821
21.4302
0.000774493
40.0875
49.9986
0.255586
124.248
33.2717
0.000745771
0.000745784
0.00088273
0.0007382
228.023
11.3884
19.9252
66.651
163.213
135.762
171.134
0.273318
0.00128409
0.0177514
189.359
122.653
141.472
0.0485006
0.0136594
3.48558
196.726
0.0438142
269.96
0.000836003
79.2014
357.598
19.7282
32.9887
0.000745207
0.000730682
0.0266578
1.0465
1.69431
75.6126
152.46
19.4954
0.000728959
0.000742877
449.556
0.000763635
1.30512
263.668
0.000723819
219.816
91.1851
238.072
90.6849
3.17407
215.116
7.6501
0.00799742
339.692
4.1914
47.6471
34.3324
156.066
0.00116416
183.953
0.0007522
13.1516
0.00075724
205.811
75.9194
0.00112658
0.634123
284.093
0.00144081
0.000931315
100.344
111.583
0.000959048
48.42
57.2552
82.4866
0.0888278
3.91333
204.503
153.885
70.7342
0.00106775
8.98213
0.189845
1.18885
2.66403
51.7267
198.268
0.244384
0.000721167
0.000761631
114.68
59.2007
179.853
147.564
229.471
318.292
0.00791068
98.4207
92.583
181.839
77.72
16.3226
57.6066
63.0108
59.7294
19.5121
0.000751251
0.00216952
0.00119536
256.577
0.000749125
230.614
39.7991
93.386
110.898
251.941
0.000970913
90.8656
355.924
0.000746405
22.3119
32.4827
0.00107942
30.3155
152.703
0.0010896
0.00241524
26.2851
0.00275921
92.2361
29.8234
0.000747561
0.00364753
0.000755979
0.00182903
108.313
140.832
110.71
0.00300778
217.558
30.2193
38.873
0.000752706
39.3329
66.7295
31.1243
31.9621
243.077
0.000752368
18.5105
0.890082
339.502
6.04653
0.333334
0.000719195
0.00130923
0.00274916
0.000768211
0.118618
0.000718609
0.000743492
540.385
8.31947
10.8799
50.8604
86.3724
349.283
16.4184
27.9348
55.2624
0.000764919
0.000755378
13.7115
57.3331
57.3141
221.757
0.000693175
0.00969326
0.000748667
0.000723208
0.0122501
0.00125627
385.28
137.047
76.7772
73.226
0.620379
0.000759008
4.35223
27.6407
80.0618
5.68983
181.206
0.000754901
32.2926
34.991
30.2529
0.0310482
43.128
0.0159058
0.0007138
68.8068
0.000763172
0.00215603
164.988
0.000783662
41.8529
191.092
0.000754886
1.12188
10.8268
89.1869
2.64644
116.775
38.2388
6.53272
0.947055
0.00337482
51.8935
15.5573
421.941
65.4295
294.751
342.439
198.835
123.076
0.000751767
0.0157806
391.543
0.00107538
59.7536
211.48
12.039
0.000745344
0.00564673
411.612
254.14
31.3816
0.00104211
79.6961
1.05287
0.637417
0.000745763
0.0289892
230.813
27.8959
0.000705289
1.36706
61.8058
0.443802
31.6457
0.000882227
47.8636
0.071255
0.00134941
0.000744732
123.908
0.0012462
144.321
149.914
0.00149013
0.000734686
34.8434
118.187
0.00242819
248.337
1.13165
50.9184
0.000783552
3.542
39.915
0.000738993
0.0481382
4.05552
68.3235
0.145733
117.428
21.76
41.4647
48.2704
0.256898
37.2103
0.00127846
0.421253
154.578
55.7638
0.000806634
5.11276
12.4045
85.4018
29.0772
208.376
3.11327
0.000722434
4.84663
0.0428707
27.6938
14.7911
362.099
0.000762113
20.7183
0.00283677
265.163
42.6077
56.0453
0.00291841
0.000750572
367.827
80.978
0.000742034
111.947
0.0602249
0.00231353
0.000756086
0.00075275
279.795
14.4589
0.0941485
1.26718
0.971401
372.815
0.00158108
0.00377399
0.000907597
0.000688283
2.44706
28.7166
0.324755
0.0499461
0.000744606
53.6045
40.0068
0.00080167
0.000720808
374.618
374.122
15.0236
255.325
61.5891
0.000752054
0.000732301
0.000729968
0.242791
154.462
0.000716955
54.5459
28.7339
0.267162
153.941
0.000722357
0.891727
0.00213598
151.167
2.77624
121.754
0.223692
32.1536
0.00648282
0.000728762
192.49
0.00102821
98.3573
66.716
0.00313832
80.7306
313.361
29.5425
9.01793
0.00150898
158.371
0.000835398
0.000741695
0.00105212
0.000721541
197.81
373.507
82.9754
42.7169
0.00167256
0.000711208
28.9666
88.4062
0.00113851
0.00675809
0.0630833
1.87898
2.3124
344.039
60.0501
0.000782683
293.406
390.632
143.202
113.979
269.103
0.000710125
0.00373107
5.33839
36.1361
262.492
111.313
315.607
0.000804784
45.7705
283.227
6.91974
4.07456
72.3134
0.000763659
244.043
98.366
204.147
76.5474
20.0202
29.3435
142.897
0.236174
0.000760144
80.3466
60.2605
40.6213
84.2868
0.0386078
8.91719
30.6837
219.882
0.116591
1.73291
175.435
0.00148005
0.000729957
0.000743998
203.541
0.00424593
90.9507
38.1276
43.0621
15.2989
189.747
0.000742573
0.225903
0.355935
0.0520258
3.2785
0.00097204
231.909
95.3756
1.40825
0.000934267
136.681
38.0255
201.967
0.000728667
135.548
80.3547
142.299
0.000760626
0.000736449
229.084
0.000746616
110.024
3.15383
0.000734139
171.101
29.5602
75.8704
245.179
7.51541
104.087
0.000747244
0.000982831
131.758
34.8549
35.2759
282.707
0.000789944
190.324
0.000899985
0.000791275
58.4664
0.269637
0.443848
489.72
371.39
113.48
81.749
519.737
34.3335
6.05528
0.00215393
0.18657
0.362395
5.03959
0.0402056
85.6176
215.528
396.096
71.7245
42.991
0.00076065
67.1389
0.000785342
54.1965
65.7938
194.632
92.8202
9.87435
0.00240689
0.153416
0.0462178
30.5789
336.139
236.058
57.1764
0.000897015
44.5417
78.6455
0.000747018
78.7586
0.000758843
359.12
0.34165
0.0464165
53.4329
0.000847939
174.929
47.0693
0.000742307
0.000774245
2.76342
0.00140276
50.6913
0.000756463
0.00929255
146.412
27.0634
36.4917
208.731
0.000766316
115.41
185.319
57.7709
8.39991
0.000916574
39.2395
0.000738721
1.27332
42.4512
0.000939791
419.209
196.115
0.00276156
10.7694
16.3729
0.0095213
133.525
31.8929
0.000764719
345.195
0.0815505
0.0134052
0.0627183
0.00314691
146.266
333.113
456.84
0.000739989
0.365841
0.0604068
43.3122
27.9229
434.437
329.598
5.36921
84.0671
31.1495
233.229
4.27145
0.000734682
23.7259
0.000750367
137.5
0.000826252
315.546
33.3131
0.000690136
159.36
16.0525
0.000749979
295.281
11.6737
146.861
21.7247
3.6814
39.7274
0.00103211
3.21833
321.72
0.000846227
60.9848
206.696
0.000694414
0.000780615
53.9896
0.000981575
0.00207522
32.895
206.601
0.000730805
10.0258
115.223
201.415
192.093
115.261
94.1929
98.6747
0.00110403
140.586
82.3409
0.194444
140.22
0.00114459
105.504
0.00073683
11.0843
157.591
1.31862
0.00223537
53.2928
0.0706838
79.5098
0.000752576
6.17578
68.3201
0.0802125
197.481
448.973
0.000719346
267.316
0.000745628
39.6378
0.260055
399.031
58.373
28.3152
123.825
53.2319
13.0083
303.258
238.807
0.000717326
70.2206
53.1044
0.000753925
37.8236
404.962
100.817
450.988
0.000880796
0.0199607
113.203
75.517
125.875
7.85573
0.041256
0.0434838
62.5464
0.189584
0.00100622
13.3124
0.000782548
11.7408
0.000738674
94.029
0.113325
0.000855394
0.000941597
12.8133
0.00168911
53.3372
31.1862
312.272
34.396
101.726
9.43194
0.00220331
39.3554
11.1912
44.8742
138.782
0.00833948
0.240143
374.317
109.661
136.154
0.00967642
107.325
0.000746416
354.064
30.7165
104.642
2.13677
0.0434332
11.6741
183.869
144.743
123.015
0.00159064
0.000869375
1.3043
47.2247
69.3349
0.00101303
90.3344
0.0091476
140.815
22.5446
0.0409165
415.804
46.4131
53.0441
56.2632
17.0283
290.154
10.5729
0.362147
0.000735912
6.61386
93.7048
22.3314
0.00076147
0.155503
67.0824
355.555
0.000745359
71.8123
286.48
428.678
53.1751
33.0183
1.16059
107.81
1.875
53.2813
21.6245
11.1256
0.00103012
290.91
325.884
247.299
299.591
329.785
0.041172
0.609199
13.2941
28.7154
413.141
1.07171
0.000748508
402.332
0.114712
0.137444
141.459
1.3016
0.00934669
0.00561262
80.9513
27.9808
0.00153264
13.0075
0.0202954
0.000934992
137.538
0.000789478
117.54
0.00187803
77.7098
5.68528
28.1105
0.000959487
418.974
0.00527104
37.8122
101.408
0.000757317
0.00572859
0.00144763
107.261
0.000760126
425.773
0.000754452
95.8511
0.000686522
41.9204
5.54277
3.11819
0.00807973
140.915
0.000743919
0.000713144
0.0114716
23.417
287.078
76.179
0.00792826
0.000836748
27.5703
238.951
0.0008743
0.00429648
0.000759707
0.000744899
0.0129278
28.7806
0.000745236
0.000827329
0.00317717
0.16214
493.802
24.8574
5.80981
40.5998
0.534585
433.037
4.57193
424.878
32.0316
1.81541
0.000743369
72.3455
221.587
68.2527
0.00223819
0.156352
0.00073498
0.000750359
46.6712
0.000804689
69.6839
0.762719
70.429
0.0158557
57.0041
0.000746157
40.6285
0.584432
51.5956
0.00073738
74.7788
410.858
0.00105104
46.2218
27.4498
0.0343292
0.000851274
360.727
46.1226
0.00209277
33.5562
15.959
29.2397
38.546
8.11367
0.000791298
0.0279209
114.564
67.4069
26.2456
0.000740989
36.3876
194.353
0.00088347
0.00987308
39.8363
0.000782964
258.182
0.752457
0.000757164
67.8645
38.9063
0.000735047
31.6814
428.977
174.991
7.83634
174.332
18.4051
0.000741704
59.7354
1.31946
141.288
0.000742283
176.594
25.9645
0.000817662
108.119
111.817
69.1967
0.000753171
2.87744
0.00251705
0.00071728
10.728
111.791
104.555
202.57
0.850636
0.000952037
0.0122074
0.0164893
421.786
59.6052
0.000894954
0.21834
1.34619
403.562
69.4323
265.873
0.000720695
0.000765857
0.000708306
12.7568
0.000746459
142.818
11.3482
4.28656
0.977733
0.00310555
80.8251
0.332114
122.339
0.0012392
0.000749418
0.00414547
0.00207487
4.62598
0.000904774
0.000806052
59.92
0.000763927
0.000742712
57.8594
29.4134
296.572
0.00149
0.000735633
0.090461
31.4243
0.0541579
30.4919
9.77355
137.823
95.86
7.24404
287.256
0.263603
0.000747674
0.644528
0.000873465
33.9537
5.93045
0.00570425
0.259188
12.5456
4.44742
0.219986
0.000765468
10.5475
23.0973
0.000747063
4.44809
4.24725
38.9736
0.113528
1.98589
0.000745679
0.00074591
0.000746155
5.21312
0.0287249
34.7466
2.85097
0.0624176
389.63
52.3163
3.96231
0.000747194
0.000743033
0.0088486
42.0541
0.958152
96.1671
93.3095
0.00072609
3.82935
0.000835221
15.121
0.00075002
29.0755
0.00705048
0.000730827
0.000948968
333.521
26.3578
0.00129504
22.7224
1.65594
85.7166
123.343
133.01
0.0022919
117.613
8.54491
0.00137265
83.4442
0.0381101
266.642
0.000711683
79.3025
227.325
0.00363757
32.5952
19.6637
1.6922
191.055
37.5023
15.3243
77.5081
33.6587
78.2992
0.878933
197.721
135.786
221.062
4.24267
0.00074342
58.4954
3.20518
34.6736
0.00495284
0.809567
0.00486404
0.000751918
0.647179
0.000746584
16.0995
36.2168
340.51
32.9998
11.502
32.4527
49.8478
111.146
48.8663
0.000710334
2.32662
19.9381
28.8593
24.2178
40.8541
26.252
0.000751291
42.5181
36.4314
121.72
421.462
0.00105315
418.189
0.000757289
308.484
130.794
69.0996
0.000746418
117.901
0.000743533
43.7528
73.0939
20.2883
105.279
12.8293
66.9918
214.41
0.000735095
0.00100358
16.4422
291.318
0.0064749
0.0158137
0.00114841
0.000744691
0.000855801
306.938
57.0491
11.2393
0.000749416
0.112514
77.2171
5.86575
0.215006
141.231
5.33417
104.653
0.181406
0.107862
0.363835
209.27
0.000728292
408.977
0.000745635
41.7887
0.00191557
0.612965
0.000737518
127.131
0.00101241
0.000758611
0.00199133
0.00109977
0.00130001
0.0357839
0.000773599
8.48476
0.00313958
386.513
0.366699
0.000898203
0.00075259
76.5601
0.000766191
53.8318
6.23536
0.000775074
282.113
204.243
0.000861891
2.78866
121.826
0.0325944
10.2525
2.48493
0.556412
339.602
44.6852
263.803
39.5111
123.158
48.3086
0.00766215
24.1549
314.695
3.39152
2.67726
0.00133909
4.58036
3.80345
0.0016104
308.212
75.8552
6.00687
0.000739814
0.000753361
13.1034
0.0013771
78.6363
0.00841151
0.00757959
26.6942
4.43171
80.9396
50.9467
134.804
36.5508
34.1271
0.00137331
4.50457
56.4833
0.000750117
107.249
0.841633
0.000748317
44.8511
144.165
22.0231
29.2652
0.000750918
3.69158
20.5821
0.000784995
24.9335
0.000853056
44.288
0.000831013
14.6667
73.461
50.0623
0.967269
0.000737549
24.8601
0.148674
163.273
0.0318247
69.3472
19.464
4.29577
4.85862
2.03515
32.9024
142.337
359.845
0.00394578
127.348
27.9629
0.0233115
0.726784
291.727
104.969
0.00074376
17.4473
0.000745269
0.00890617
89.7603
351.088
0.000874916
0.0047803
0.000755821
0.00141986
0.000850245
0.000735049
0.000913546
8.0798
89.7409
54.3636
33.784
99.5071
109.489
0.000749354
39.8939
3.40937
74.2516
27.041
190.453
0.000735511
1.13506
0.000738052
332.406
2.68508
0.046101
0.000755661
0.00091734
1.10659
3.97449
4.56986
7.68598
5.97341
0.000837543
36.6553
0.000738296
210.688
47.7865
0.000830664
0.138773
45.8383
0.000731981
0.00188934
271.502
0.0189524
191.178
0.000898245
334.917
0.000730803
0.00155169
1.56534
35.8645
11.2334
48.6632
45.1314
0.000777322
1.54872
76.887
68.595
0.267388
0.000744162
0.77124
0.000748565
54.5687
135.182
0.128129
57.2645
35.6527
35.38
416.196
0.00602361
0.0785719
0.000728688
180.032
0.000750451
0.00155324
0.0570349
62.6908
431.539
0.996936
0.00077133
0.000773259
60.749
0.0013779
0.000740956
0.00204878
209.464
35.807
232.037
12.5168
0.00991479
28.2091
84.6827
0.00147502
159.767
0.00781964
0.00072856
2.11815
14.1671
209.623
92.0066
48.5763
0.101748
0.00075343
0.00307145
32.7339
44.7909
45.6128
0.00103695
73.0592
12.3164
3.16854
0.00139078
0.00529472
0.00536942
0.000868868
0.000819132
2.42364
266.54
54.8764
0.000738972
108.152
0.00669865
0.00103345
65.6665
8.2447
0.000743032
0.133171
337.366
0.00143128
1.6795
0.000800672
0.00213289
4.86123
221.371
5.19503
0.00642965
0.00109629
0.281079
0.000719355
0.000740368
0.000773068
19.2869
2.6452
0.000740282
0.000726972
0.440499
137.909
0.0012483
25.3913
34.4509
44.0728
11.2814
0.0111708
123.209
0.000912779
0.000803631
0.768477
0.601668
0.00111084
420.766
0.259909
0.0269495
72.3051
0.000845021
0.00079499
9.98295
65.3652
0.000734737
253.519
110.461
10.2745
0.000750166
165.679
13.0963
44.9018
0.867758
31.6543
93.2072
156.037
27.6934
154.129
0.0211126
0.000754882
267.084
131.838
165.819
0.913783
99.5869
54.0202
0.000848559
195.557
50.3179
114.278
79.3436
49.6933
0.00147739
0.0021998
417.169
0.000737517
0.00670433
41.3105
166.811
0.00361519
107.947
207.264
13.4246
19.2379
72.3058
51.9698
0.0229146
0.000782131
103.361
0.000868221
26.5227
9.05235
36.3301
280.716
0.000931588
0.000813447
0.00175171
427.731
0.00072845
29.9239
0.0111338
0.000735628
115.261
0.000734018
0.000763266
5.50913
45.0204
9.964
41.3066
0.000750885
2.54582
0.94746
0.00337728
0.0018776
0.00074673
44.9917
1.43938
197.91
0.000706683
0.141595
107.382
96.8246
0.00272762
0.000745909
0.000746234
95.0784
21.2413
0.0286767
1.14716
0.00171915
0.000722201
18.8574
131.07
8.39088
2.14347
13.6498
0.610276
0.00278717
15.2482
20.2967
126.117
201.031
74.7073
0.00199676
13.931
31.6277
68.4816
0.00470719
91.9686
0.000747998
0.000757129
316.078
5.85216
345.429
0.000888038
341.639
38.3423
0.164309
0.00217008
31.0632
190.928
84.0778
0.000726502
0.000733169
0.000821802
0.000847716
171.845
0.121434
0.000745723
0.144067
149.344
13.0444
26.2915
411.601
54.9435
314.901
422.029
0.00117964
0.0104108
0.00101376
194.628
0.445575
21.6096
0.00100087
138.653
0.126073
0.000720315
0.00155299
0.00105813
39.1827
0.000817562
0.000744641
414.759
27.2416
44.1131
24.5214
0.00120993
60.6734
57.7972
0.000780875
54.419
0.000787866
1.13522
293.738
0.00766228
148.495
0.000727944
0.000752317
55.7101
116.146
1.43519
30.2377
0.00391599
120.021
31.4387
9.50797
0.000782841
0.000796276
41.0811
0.00086925
187.236
0.320146
16.2595
0.637748
0.417555
26.0897
0.00085971
0.000831911
241.368
0.000816578
7.37114
42.9682
0.000760518
0.000734024
0.000748713
34.6944
93.2526
0.000735897
0.00624861
0.176881
71.9886
24.0087
0.000761154
0.000887485
410.298
94.7537
133.017
8.14387
0.000925618
0.000925093
124.887
0.401806
116.702
71.8802
0.000889103
0.00114691
28.2315
1.53236
0.00113616
186.08
0.043009
16.8595
397.111
281.64
309.994
41.3863
0.000747692
0.000745957
95.6059
72.9832
210.674
1.76976
0.000736593
0.00105138
4.94349
0.000776183
46.9206
147.837
0.000705021
97.5935
0.00074691
0.000752756
0.000759029
229.513
94.27
218.382
0.00868806
0.000822791
19.5485
0.00992924
2.06393
39.2382
97.2479
125.031
0.082764
0.000791992
0.000766818
0.00074076
12.9555
304.114
0.00520058
83.8065
10.4239
0.000739641
0.3111
0.000747963
7.46034
44.4993
345.691
0.304704
28.9753
0.000746309
185.346
0.00191255
6.75652
105.848
0.00088953
171.656
1.33053
21.1911
38.3124
3.6892
54.116
67.1046
96.0628
0.00107609
1.82355
71.3425
0.00101057
32.7307
2.57158
107.925
99.1277
0.00106875
44.0998
0.0010126
1.31631
0.0175665
0.000727505
139.604
0.000748328
46.9113
228.704
0.000746971
0.00133134
77.6107
0.000721918
0.00154958
0.000745144
0.0777169
47.6743
183.984
0.235938
0.000719833
0.00777295
41.3507
2.94085
0.427494
284.519
91.2856
1.1422
129.732
0.00471948
188.285
2.67119
0.000750182
397.527
0.00923006
34.8923
1.5039
10.2605
116.603
0.571121
0.00340179
0.0708231
7.97585
326.603
0.000775639
7.32886
41.3815
0.0467012
140.587
53.5898
2.78477
10.5851
0.000781714
0.0409063
1.09702
0.000862446
45.6762
0.000736148
0.118278
138.376
41.1615
32.6867
119.365
0.0512191
0.000742648
8.49621
0.000708302
60.3313
20.0305
166.343
0.000746322
57.0055
118.937
39.9287
54.7833
0.000777107
0.782293
1.83883
122.379
3.42307
0.254596
101.642
7.46903
0.000749747
60.8461
29.5051
0.000924858
73.2587
0.220367
177.041
9.85497
0.0487539
0.427982
0.0247902
72.0081
133.339
0.881966
1.30818
100.018
17.3303
1.31122
205.82
0.000777083
170.068
55.7633
0.247025
0.000808935
80.5597
100.381
0.973271
230.332
0.000783433
411.673
73.5541
0.000754444
0.000747833
0.00188136
29.5276
27.0929
0.000726653
185.384
135.017
97.8072
118.77
0.204536
0.000723845
0.000750037
0.000747166
0.406427
27.7294
0.00160437
0.000748777
0.000873474
95.6497
98.4151
0.000987092
0.0103633
0.144403
21.2833
98.5642
62.2677
21.5484
9.48655
205.766
69.6569
0.00287053
80.0046
0.000743337
0.000789427
163.665
419.362
0.000909658
54.9653
0.000745768
0.00192424
417.433
0.000840989
38.6385
0.00814548
79.0362
0.000853916
0.000742548
61.9112
0.000754431
9.54789
75.2576
42.0706
8.38735
81.9783
0.0363947
0.000759676
0.00254108
408.694
122.385
40.7425
0.000742865
0.00717235
0.187704
0.0108431
2.02085
0.000926859
15.6327
408.497
0.00118912
103.233
0.000754019
92.9307
0.000729075
0.000738751
171.556
80.6138
175.647
0.00376016
0.000815106
0.000750455
0.00757196
43.8851
306.007
0.000875979
0.00799402
104.879
69.3096
29.2288
0.82803
0.000700118
102.995
424.738
0.746794
0.872891
1.76884
0.000826115
193.084
285.068
7.99409
323.653
57.9461
0.00603692
0.000862664
49.2097
0.000745407
291.277
0.0008679
119.553
14.2818
2.06016
98.2143
76.5696
69.3137
92.1413
185.813
0.000706648
73.8337
90.442
0.00856163
0.000742583
1.70273
318.768
89.2594
80.2277
192.324
0.000753578
0.000751462
415.595
1.46404
59.5941
0.247791
3.66345
0.241375
0.000742218
0.000753801
0.777086
2.10109
94.0918
258.67
64.0616
125.785
33.2358
0.0064707
0.00453515
0.54864
1.33465
79.0461
0.00457405
2.5963
)
;

boundaryField
{
    frontAndBack
    {
        type            empty;
    }
    cylinder
    {
        type            epsilonWallFunction;
        value           nonuniform List<scalar> 
244
(
2426.38
2431.79
2430.55
2425.17
2414.96
2399.29
2378.88
2353.27
2322.43
2286.43
2245.49
2199.76
2150.06
2097.32
2042.31
1985.94
1929.29
1873.36
1818.82
1766.22
1716.11
1668.82
1624.53
1583.42
1545.55
1510.84
1479.19
1450.53
1424.77
1401.73
1381.3
1363.34
1347.72
1334.29
1322.97
1313.61
1306.1
1300.36
1296.35
1293.98
1293.15
1293.85
1296.05
1299.65
1304.72
1311.3
1319.34
1328.82
1339.84
1352.53
1366.9
1382.92
1400.82
1420.57
1442.15
1465.34
1489.92
1515.47
1541.23
1566.59
1591.14
1615
1638.02
1659.91
1680.65
1700.44
1719.69
1738.51
1757.2
1775.71
1793.22
1809.41
1824.82
1839.7
1854.42
1869.19
1884.69
1901.48
1920.06
1940.83
1964.3
1990.24
2018.13
2047.54
2078.05
2109.3
2141.24
2174
2207.27
2241
2275.22
2310.1
2345.52
2381.49
2418.17
2455.57
2493.59
2532.33
2571.94
2612.48
2653.79
2695.91
2739.08
2783.27
2828.34
2874.6
2921.91
2970.18
3019.44
3069.9
3121.6
3174.47
3228.4
3283.94
3340.68
3399
3458.69
3520.47
3584.33
3650.28
3718.2
3788.22
3861.39
3937.24
4015.15
4095.16
4177.71
4263.71
4352.63
4444.41
4538.76
4635.88
4736.11
4838.23
4942.56
5053.57
5192.03
5320.16
5446.96
5576.27
5708.05
5842.26
5979.25
6119.07
6261.33
6406.25
6553.57
6702.61
6853.06
7004.65
7157.18
7309.78
7462.35
7614.25
7764.63
7912.85
8058.41
8199.86
8336.05
8465.32
8578.77
8662.09
8718.5
8749.48
8754.89
8732.94
8682.03
8599.69
8481.85
8323.87
8121.39
7869.76
7562.72
7193.41
6756.58
6245.37
5605.01
4691.69
4287.9
4087.72
4009.2
3969.32
3883.42
3738.58
3579.96
3409.73
3231.06
3052.81
2880.22
2716.73
2566.87
2434.37
2321.31
2228.07
2153.61
2096.27
2053.8
2023.48
2002.69
1989.28
1981.68
1978.46
1978.42
1980.9
1985.38
1991.36
1998.75
2007.63
2017.6
2028.76
2041.05
2054.54
2069.12
2084.75
2101.37
2118.86
2136.99
2155.67
2174.57
2193.43
2211.94
2229.88
2246.94
2262.66
2276.83
2289.26
2299.75
2308.38
2315.42
2320.96
2325.23
2328.81
2332.45
2336.53
2341.28
2347.29
2354.79
2363.52
2373.26
2383.73
2394.86
2405.62
2414.9
2421.95
)
;
        Cmu             0.09;
        kappa           0.41;
        E               9.8;
    }
    domain_boundary
    {
        type            freestream;
        freestreamValue uniform 0.000765;
        value           nonuniform List<scalar> 
64
(
0.000737457
0.000721182
0.000736806
0.000765
0.000765
0.0258213
0.00167199
0.000683312
0.000765
1.01482
0.0338007
0.000765
0.000765
0.000765
0.000689225
2.00526
0.000694196
0.000765
0.000765
0.000765
0.000765
0.000765
0.000765
0.000765
1.98853
0.000743405
0.000765
0.000762928
0.000869419
0.000765
0.000703617
0.000718208
0.000717509
0.000765
0.0877886
0.000765
0.000726213
0.000687985
0.000765
0.000765
0.000765
0.000732515
0.000749924
0.000765
0.000765
0.000713995
0.000732176
0.000680687
0.567589
0.000765
0.000765
0.000765
0.000765
0.000765
0.000765
0.000765
0.00364753
0.000765
0.256898
0.000750572
0.000720808
0.000721541
0.000765
0.000765
)
;
    }
}


// ************************************************************************* //
