/*--------------------------------*- C++ -*----------------------------------*\
| =========                 |                                                 |
| \\      /  F ield         | OpenFOAM: The Open Source CFD Toolbox           |
|  \\    /   O peration     | Version:  2.3.1                                 |
|   \\  /    A nd           | Web:      www.OpenFOAM.org                      |
|    \\/     M anipulation  |                                                 |
\*---------------------------------------------------------------------------*/
FoamFile
{
    version     2.0;
    format      ascii;
    class       volScalarField;
    location    "0.68";
    object      p;
}
// * * * * * * * * * * * * * * * * * * * * * * * * * * * * * * * * * * * * * //

dimensions      [0 2 -2 0 0 0 0];

internalField   nonuniform List<scalar> 
9648
(
-0.0253488
-0.277253
-0.581245
-0.946369
-1.38862
-1.91883
-2.54821
-3.28382
-4.1358
-5.12137
-6.25156
-7.53933
-8.99739
-10.6366
-12.4663
-14.4966
-16.7356
-19.1919
-21.8689
-24.7711
-27.9032
-31.2618
-34.8467
-38.6532
-42.6767
-46.9078
-51.3357
-55.9517
-60.7381
-65.6861
-70.7752
-75.9901
-81.3152
-86.726
-92.2112
-97.7427
-103.307
-108.885
-114.451
-119.984
-125.462
-130.877
-136.19
-141.391
-146.469
-151.392
-156.148
-160.719
-165.11
-169.29
-173.221
-176.908
-180.353
-183.525
-186.427
-189.044
-191.363
-193.39
-195.101
-196.51
-197.605
0.531259
0.279741
-0.0203215
-0.38152
-0.815417
-1.32702
-1.92909
-2.63623
-3.45863
-4.40622
-5.4903
-6.72283
-8.11503
-9.67739
-11.4198
-13.3512
-15.4795
-17.8115
-20.352
-23.105
-26.0735
-29.2569
-32.6536
-36.2595
-40.0695
-44.0755
-48.268
-52.6367
-57.1684
-61.8507
-66.6673
-71.6025
-76.6405
-81.7617
-86.9497
-92.1843
-97.4486
-102.723
-107.987
-113.219
-118.402
-123.518
-128.541
-133.458
-138.25
-142.895
-147.379
-151.683
-155.794
-159.708
-163.413
-166.891
-170.131
-173.123
-175.85
-178.309
-180.482
-182.38
-183.979
-185.283
-186.275
0.352502
0.123507
-0.151302
-0.480946
-0.875254
-1.35105
-1.91563
-2.58076
-3.35678
-4.25695
-5.29182
-6.47341
-7.81254
-9.31923
-11.0033
-12.8732
-14.9366
-17.1998
-19.6675
-22.3436
-25.2305
-28.3282
-31.6351
-35.1471
-38.8587
-42.7621
-46.8483
-51.1071
-55.5262
-60.0926
-64.7912
-69.6062
-74.5218
-79.5204
-84.5843
-89.6951
-94.8352
-99.9858
-105.127
-110.24
-115.306
-120.306
-125.218
-130.028
-134.716
-139.265
-143.657
-147.878
-151.912
-155.744
-159.367
-162.767
-165.939
-168.86
-171.533
-173.938
-176.084
-177.938
-179.508
-180.793
-181.798
0.581342
0.349617
0.0742051
-0.252971
-0.641127
-1.10124
-1.644
-2.28071
-3.02287
-3.88287
-4.87264
-6.00372
-7.2868
-8.7318
-10.3489
-12.1459
-14.1303
-16.308
-18.6832
-21.2599
-24.0403
-27.024
-30.21
-33.5934
-37.1687
-40.9281
-44.863
-48.9637
-53.2181
-57.6134
-62.1356
-66.7685
-71.4971
-76.3054
-81.1754
-86.0893
-91.0309
-95.9812
-100.922
-105.836
-110.703
-115.505
-120.222
-124.838
-129.336
-133.698
-137.908
-141.953
-145.818
-149.489
-152.957
-156.21
-159.241
-162.034
-164.582
-166.874
-168.907
-170.666
-172.151
-173.356
-174.281
0.643707
0.444835
0.201203
-0.0957284
-0.453605
-0.881819
-1.39017
-1.98918
-2.691
-3.50662
-4.44881
-5.52767
-6.75418
-8.1372
-9.68778
-11.4125
-13.3187
-15.4122
-17.6956
-20.1737
-22.8488
-25.7197
-28.7865
-32.0427
-35.4833
-39.1007
-42.8854
-46.8299
-50.9215
-55.1479
-59.4963
-63.9495
-68.4939
-73.1152
-77.7948
-82.5156
-87.2632
-92.0178
-96.7635
-101.484
-106.159
-110.771
-115.301
-119.733
-124.05
-128.235
-132.275
-136.153
-139.858
-143.377
-146.7
-149.817
-152.72
-155.399
-157.841
-160.037
-161.976
-163.657
-165.078
-166.23
-167.112
0.733821
0.5515
0.328512
0.0552015
-0.275268
-0.673301
-1.14813
-1.7102
-2.37239
-3.14438
-4.04021
-5.06804
-6.23975
-7.56127
-9.04686
-10.7005
-12.529
-14.5389
-16.7298
-19.1082
-21.6775
-24.4337
-27.3808
-30.508
-33.8114
-37.2835
-40.9132
-44.6975
-48.6213
-52.6729
-56.8424
-61.1088
-65.461
-69.8882
-74.3694
-78.8874
-83.4325
-87.9815
-92.5218
-97.0397
-101.514
-105.926
-110.257
-114.494
-118.62
-122.617
-126.476
-130.175
-133.709
-137.063
-140.231
-143.2
-145.966
-148.52
-150.847
-152.935
-154.774
-156.364
-157.708
-158.796
-159.624
0.824601
0.659242
0.455659
0.203973
-0.100924
-0.470731
-0.913979
-1.44006
-2.06414
-2.79325
-3.6446
-4.62304
-5.74208
-7.00196
-8.42408
-10.0069
-11.7573
-13.6844
-15.7817
-18.0576
-20.5206
-23.1589
-25.9862
-28.9836
-32.1468
-35.4714
-38.9399
-42.5608
-46.3127
-50.183
-54.1712
-58.2462
-62.3967
-66.624
-70.9032
-75.2097
-79.5456
-83.882
-88.2078
-92.5177
-96.7855
-100.994
-105.117
-109.151
-113.079
-116.882
-120.552
-124.065
-127.419
-130.601
-133.609
-136.422
-139.042
-141.468
-143.679
-145.656
-147.388
-148.877
-150.139
-151.165
-151.937
0.910848
0.763154
0.580821
0.349352
0.0703424
-0.272897
-0.687165
-1.17525
-1.76431
-2.44852
-3.2598
-4.18853
-5.26365
-6.45406
-7.81573
-9.32982
-10.9978
-12.849
-14.8517
-17.0144
-19.3805
-21.8882
-24.6038
-27.4728
-30.4864
-33.6713
-36.9613
-40.4176
-44.0007
-47.674
-51.4924
-55.3741
-59.2982
-63.3256
-67.4176
-71.4836
-75.6105
-79.7318
-83.8238
-87.9322
-91.9834
-95.9982
-99.8892
-103.71
-107.452
-111.043
-114.534
-117.841
-121.019
-124.008
-126.863
-129.498
-131.956
-134.258
-136.365
-138.215
-139.842
-141.206
-142.386
-143.363
-144.07
0.999325
0.859843
0.714067
0.486971
0.24463
-0.0836524
-0.475542
-0.898024
-1.48472
-2.08889
-2.89742
-3.74411
-4.83105
-5.88379
-7.22838
-8.6914
-10.2339
-12.0548
-13.9401
-15.9569
-18.3088
-20.6008
-23.2694
-25.9831
-28.8256
-31.9484
-34.9764
-38.3029
-41.7543
-45.153
-48.8714
-52.5299
-56.1893
-60.0688
-64.0204
-67.6728
-71.6981
-75.6011
-79.4037
-83.37
-87.1287
-91.0215
-94.6007
-98.2807
-101.89
-105.156
-108.571
-111.565
-114.632
-117.317
-120.085
-122.442
-124.761
-127.019
-129.003
-130.662
-132.28
-133.422
-134.596
-135.526
-136.099
-198.361
-198.796
-198.911
-198.699
-198.179
-197.341
-196.189
-194.722
-192.931
-190.843
-188.433
-185.718
-182.733
-179.482
-175.955
-172.168
-168.127
-163.859
-159.356
-154.632
-149.721
-144.608
-139.318
-133.863
-128.271
-122.548
-116.68
-110.702
-104.62
-98.4693
-92.2482
-85.9779
-79.6798
-73.3542
-67.0294
-60.7073
-54.4115
-48.1538
-41.9425
-35.7944
-29.7211
-23.7461
-17.8663
-12.1025
-6.46853
-0.966765
4.38698
9.58448
14.6106
19.4587
24.1239
28.5953
32.8619
36.9225
40.7664
44.3887
47.7843
50.9478
53.8788
56.5729
59.0298
-186.957
-187.309
-187.389
-187.164
-186.641
-185.826
-184.711
-183.3
-181.582
-179.568
-177.256
-174.656
-171.807
-168.711
-165.358
-161.751
-157.904
-153.83
-149.534
-145.03
-140.336
-135.457
-130.406
-125.195
-119.839
-114.348
-108.755
-103.061
-97.2734
-91.41
-85.4833
-79.5085
-73.5009
-67.4723
-61.439
-55.4104
-49.4026
-43.4293
-37.502
-31.6334
-25.8368
-20.1281
-14.5144
-9.00933
-3.62517
1.6311
6.74824
11.7156
16.5216
21.1589
25.6208
29.8982
33.9819
37.8687
41.5495
45.0195
48.2719
51.3045
54.1141
56.6977
59.0544
-182.506
-182.941
-183.036
-182.823
-182.323
-181.546
-180.447
-179.054
-177.338
-175.327
-173.05
-170.506
-167.684
-164.592
-161.251
-157.674
-153.867
-149.842
-145.608
-141.177
-136.563
-131.772
-126.818
-121.712
-116.464
-111.085
-105.595
-100.006
-94.3309
-88.5825
-82.7749
-76.9228
-71.04
-65.1401
-59.2363
-53.3402
-47.465
-41.6234
-35.8285
-30.0927
-24.4291
-18.8508
-13.3678
-7.99194
-2.7336
2.39867
7.39418
12.2426
16.9337
21.4603
25.814
29.9876
33.9733
37.7666
41.3594
44.7466
47.9228
50.8844
53.6285
56.1521
58.4553
-174.92
-175.283
-175.348
-175.121
-174.595
-173.754
-172.63
-171.28
-169.673
-167.797
-165.638
-163.216
-160.528
-157.585
-154.396
-150.971
-147.319
-143.451
-139.379
-135.115
-130.672
-126.059
-121.288
-116.367
-111.31
-106.128
-100.835
-95.4458
-89.9725
-84.4275
-78.8237
-73.1764
-67.499
-61.8057
-56.1072
-50.4159
-44.7434
-39.1018
-33.5047
-27.964
-22.4924
-17.1025
-11.8048
-6.61007
-1.52807
3.43339
8.26299
12.9514
17.4876
21.8664
26.0782
30.1161
33.9743
37.6467
41.1279
44.4101
47.4903
50.3625
53.0253
55.4749
57.7125
-167.719
-168.053
-168.109
-167.888
-167.385
-166.603
-165.572
-164.208
-162.598
-160.742
-158.63
-156.266
-153.654
-150.803
-147.719
-144.408
-140.877
-137.138
-133.202
-129.084
-124.793
-120.342
-115.738
-110.989
-106.109
-101.108
-96.0017
-90.8032
-85.5238
-80.1759
-74.7696
-69.3223
-63.8465
-58.3579
-52.8641
-47.3772
-41.9074
-36.4663
-31.0683
-25.7244
-20.4466
-15.2483
-10.139
-5.12928
-0.228554
4.55847
9.21646
13.7404
18.1159
22.3411
26.4056
30.3018
34.026
37.571
40.9343
44.1057
47.0847
49.861
52.4373
54.8073
56.9741
-160.189
-160.489
-160.52
-160.284
-159.78
-159.014
-157.982
-156.688
-155.135
-153.336
-151.292
-149.005
-146.48
-143.729
-140.756
-137.565
-134.161
-130.554
-126.758
-122.79
-118.658
-114.376
-109.947
-105.377
-100.68
-95.8671
-90.951
-85.9504
-80.8721
-75.7279
-70.5241
-65.2833
-60.0145
-54.7391
-49.4574
-44.1826
-38.9229
-33.6888
-28.4969
-23.3562
-18.2787
-13.2789
-8.36382
-3.54607
1.16609
5.77437
10.256
14.6116
18.8197
22.8867
26.798
30.5466
34.1325
37.5433
40.7861
43.8416
46.7163
49.3923
51.8803
54.1655
56.2592
-152.456
-152.718
-152.725
-152.473
-151.969
-151.218
-150.208
-148.943
-147.435
-145.697
-143.725
-141.519
-139.083
-136.436
-133.579
-130.512
-127.239
-123.762
-120.108
-116.293
-112.326
-108.22
-103.974
-99.5873
-95.0793
-90.4554
-85.7353
-80.9384
-76.0675
-71.1317
-66.133
-61.1015
-56.0439
-50.99
-45.9268
-40.8729
-35.8317
-30.8105
-25.8303
-20.9008
-16.0293
-11.2327
-6.51755
-1.89805
2.61945
7.04519
11.3467
15.532
19.5675
23.4704
27.2232
30.8194
34.2612
37.5326
40.6525
43.589
46.3596
48.9314
51.3271
53.5225
55.5412
-144.544
-144.757
-144.741
-144.463
-143.964
-143.228
-142.246
-140.989
-139.514
-137.853
-135.961
-133.83
-131.482
-128.941
-126.216
-123.275
-120.134
-116.783
-113.277
-109.624
-105.82
-101.897
-97.8508
-93.6451
-89.3293
-84.8989
-80.3823
-75.7942
-71.1258
-66.4033
-61.6039
-56.7873
-51.9382
-47.1196
-42.2791
-37.4662
-32.664
-27.8471
-23.0795
-18.3804
-13.7102
-9.11663
-4.61473
-0.191469
4.11709
8.36543
12.4791
16.5
20.3486
24.0849
27.6701
31.1011
34.4036
37.5265
40.5325
43.3444
46.0174
48.4705
50.7742
52.8684
54.8159
-136.53
-136.665
-136.638
-136.329
-135.84
-135.087
-134.149
-132.83
-131.431
-129.956
-128.071
-126.019
-123.723
-121.274
-118.779
-115.893
-112.879
-109.721
-106.339
-102.86
-99.1414
-95.3813
-91.6336
-87.5139
-83.4024
-79.2423
-74.8654
-70.5216
-65.9507
-61.5577
-56.8348
-52.3556
-47.6038
-43.1206
-38.4643
-33.9214
-29.4183
-24.6897
-20.1415
-15.7204
-11.1701
-6.82931
-2.57846
1.72782
5.68265
9.89384
13.6835
17.6571
21.182
24.8257
28.2601
31.4301
34.7098
37.5696
40.5976
43.1585
45.8402
48.0265
50.3639
52.258
54.242
61.2507
63.2342
64.981
66.4916
67.7655
68.8069
69.6198
70.2092
70.5795
70.7369
70.704
70.5238
70.1889
69.6582
68.9576
68.094
67.0307
65.7773
64.356
62.7827
61.0694
59.2264
57.2662
55.1997
53.0393
50.7978
48.4886
46.1259
43.7221
41.2929
38.8515
36.4129
33.9927
31.6041
29.2643
26.9859
24.7841
22.6735
20.6766
18.809
17.0946
15.5395
14.1564
12.9651
11.9798
11.2098
10.6643
10.3443
10.2439
10.344
10.6103
10.9884
11.3996
11.7426
11.8611
11.1212
9.61256
8.10826
6.88884
5.97145
5.15508
61.1845
63.0885
64.7664
66.2188
67.4457
68.4492
69.2328
69.8006
70.1566
70.3032
70.255
70.0708
69.7508
69.2435
68.5621
67.7124
66.6748
65.4565
64.0753
62.5458
60.8795
59.0871
57.1805
55.1719
53.0733
50.8967
48.6544
46.3595
44.0245
41.6635
39.2895
36.9167
34.5595
32.2317
29.9481
27.723
25.5708
23.5027
21.526
19.6671
17.9343
16.3657
14.9659
13.7491
12.7275
11.9112
11.3084
10.9207
10.7424
10.7569
10.9326
11.2195
11.5415
11.7967
11.7943
11.1023
9.77288
8.44158
7.40387
6.60204
5.77321
60.537
62.399
64.0408
65.4637
66.6674
67.6547
68.4286
68.9934
69.3514
69.4996
69.4616
69.3016
69.0044
68.519
67.8627
67.0434
66.0483
64.8826
63.5594
62.0917
60.4908
58.7669
56.9318
54.9971
52.9737
50.8737
48.7089
46.4916
44.2343
41.9501
39.6522
37.354
35.0689
32.8109
30.5936
28.4308
26.3357
24.3203
22.3971
20.5876
18.9111
17.375
15.997
14.7867
13.7547
12.9106
12.2609
11.8064
11.541
11.4492
11.5009
11.6496
11.8196
11.9073
11.7329
11.0434
9.87732
8.66282
7.65436
6.81477
5.98102
59.7356
61.547
63.1453
64.5334
65.7092
66.6767
67.4368
67.9951
68.3499
68.4968
68.4744
68.3437
68.0704
67.6134
66.9867
66.2
65.2474
64.1351
62.8716
61.4687
59.9367
58.2849
56.5261
54.6705
52.7282
50.7123
48.6332
46.5034
44.3342
42.139
39.9298
37.72
35.5221
33.3497
31.2154
29.1328
27.1144
25.1726
23.3205
21.5742
19.9487
18.4547
17.1046
15.9062
14.8693
14.0016
13.307
12.7842
12.4258
12.2163
12.1265
12.1127
12.1063
12.0136
11.6981
11.0175
10.0012
8.90136
7.91351
7.04882
6.22683
58.9327
60.6897
62.2404
63.5905
64.7342
65.679
66.4214
66.9697
67.3175
67.464
67.4589
67.3575
67.1063
66.6788
66.0827
65.3307
64.4196
63.3599
62.1549
60.8168
59.3545
57.7751
56.0939
54.3194
52.4601
50.5309
48.54
46.5005
44.4218
42.3181
40.1999
38.0809
35.9719
33.8868
31.8368
29.8357
27.8947
26.0264
24.2418
22.5551
20.9785
19.524
18.2013
17.0175
15.9784
15.0894
14.3527
13.7649
13.3168
12.9925
12.7646
12.5929
12.4199
12.1714
11.7561
11.0936
10.2
9.21347
8.26575
7.39368
6.56741
58.1486
59.8497
61.3494
62.6611
63.77
64.6916
65.4143
65.9526
66.2928
66.4438
66.4553
66.3808
66.1501
65.7522
65.1864
64.4711
63.6008
62.594
61.4465
60.1731
58.7814
57.2738
55.671
53.979
52.2028
50.3622
48.4601
46.5127
44.525
42.5143
40.4877
38.4605
36.4404
34.4431
32.477
30.5573
28.6932
26.897
25.1774
23.548
22.0184
20.6006
19.3023
18.1292
17.0852
16.1723
15.3921
14.7395
14.2044
13.772
13.4169
13.1043
12.7882
12.4141
11.9224
11.2681
10.4581
9.56468
8.66863
7.80881
6.98074
57.358
59.0018
60.4477
61.7207
62.7933
63.693
64.3964
64.9247
65.2581
65.4179
65.4454
65.3957
65.1852
64.8166
64.2809
63.6035
62.7745
61.8212
60.7299
59.5221
58.203
56.7676
55.2447
53.6355
51.9424
50.1927
48.3811
46.5274
44.6313
42.7155
40.7817
38.8474
36.9163
35.0069
33.124
31.2857
29.4983
27.7737
26.1167
24.5425
23.0571
21.674
20.3981
19.2337
18.1828
17.2455
16.4231
15.7084
15.0912
14.5601
14.0915
13.6574
13.2216
12.7458
12.1913
11.5322
10.7698
9.94174
9.09522
8.25884
7.44031
56.5485
58.1403
59.5245
60.7641
61.793
62.6761
63.3567
63.8786
64.2039
64.3808
64.4181
64.3948
64.2015
63.8642
63.3561
62.7193
61.9275
61.0366
59.9928
58.854
57.6125
56.2435
54.8104
53.2841
51.6663
50.0152
48.2921
46.5379
44.7292
42.9136
41.0708
39.2336
37.3888
35.5696
33.7651
32.0099
30.2977
28.6469
27.0483
25.529
24.0816
22.7327
21.4766
20.3228
19.2637
18.3013
17.4427
16.6719
15.9791
15.3626
14.7948
14.2597
13.7241
13.1663
12.5568
11.8843
11.1436
10.3575
9.54635
8.73476
7.93205
55.7597
57.409
58.632
59.9447
60.82
61.7645
62.3159
62.9259
63.163
63.4555
63.4023
63.4837
63.2285
63.0112
62.4542
61.9309
61.075
60.3492
59.3033
58.2412
57.1122
55.7043
54.4315
53.0197
51.3909
49.9125
48.2085
46.6214
44.8286
43.1728
41.3587
39.6708
37.8655
36.1852
34.4045
32.7709
31.0912
29.5513
27.9728
26.5431
25.0923
23.8042
22.5467
21.414
20.3494
19.3459
18.4676
17.6447
16.8758
16.2037
15.5392
14.9334
14.3037
13.6881
13.0204
12.3388
11.5955
10.8451
10.0494
9.24975
8.46697
4.35916
3.63625
2.95331
2.26181
1.57287
0.925152
0.330366
-0.201796
-0.649586
-1.00646
-1.26944
-1.44409
-1.53144
-1.52905
-1.46686
-1.36657
-1.24246
-1.116
-1.00081
-0.903557
-0.825684
-0.761669
-0.712339
-0.66935
-0.629061
-0.593729
-0.552196
-0.504656
-0.446812
-0.377144
-0.291707
-0.189786
-0.0726573
0.0595277
0.20334
0.358995
0.520598
0.684372
0.846745
1.0025
1.1467
1.2734
1.38234
1.4692
1.53049
1.5663
1.57573
1.56013
1.52044
1.45983
1.38234
1.29134
1.18982
1.08336
0.973142
0.861824
0.748832
0.632241
0.503702
0.352713
0.175087
4.9459
4.26297
3.63975
2.99312
2.33385
1.71733
1.15155
0.640033
0.210107
-0.128374
-0.37127
-0.515755
-0.56343
-0.528367
-0.448624
-0.340373
-0.216248
-0.0939404
0.0145274
0.10342
0.17299
0.22782
0.262344
0.298776
0.322368
0.346451
0.373854
0.406786
0.448493
0.501987
0.570317
0.654625
0.754696
0.869619
0.997107
1.13398
1.27801
1.42522
1.57157
1.7131
1.84541
1.96399
2.06417
2.14287
2.19762
2.22733
2.23167
2.21094
2.16641
2.10052
2.01638
1.91744
1.80664
1.68979
1.56794
1.44529
1.32043
1.19392
1.05985
0.91064
0.737767
5.1875
4.50896
3.86979
3.17352
2.46554
1.83102
1.24311
0.694101
0.226658
-0.150923
-0.438282
-0.633862
-0.741977
-0.779291
-0.742828
-0.658638
-0.531017
-0.393752
-0.272531
-0.174252
-0.0983515
-0.0399624
0.0091371
0.0423026
0.0772275
0.108582
0.142573
0.182551
0.230879
0.290436
0.364015
0.45274
0.556275
0.673442
0.802328
0.940473
1.08447
1.23063
1.37499
1.51319
1.64074
1.7536
1.84819
1.92122
1.97022
1.99408
1.99254
1.96666
1.91823
1.85018
1.76588
1.66956
1.56509
1.45618
1.34556
1.23535
1.12422
1.00863
0.881775
0.733343
0.554204
5.45429
4.76249
4.09334
3.38083
2.67336
2.03995
1.43374
0.86021
0.390287
0.0194644
-0.266971
-0.456781
-0.54825
-0.556601
-0.486429
-0.357253
-0.215254
-0.0989733
0.0138857
0.113558
0.193088
0.253341
0.29841
0.332613
0.356965
0.380261
0.402742
0.4292
0.462589
0.506109
0.562784
0.634147
0.720483
0.820645
0.933131
1.05529
1.18428
1.31656
1.44863
1.5764
1.6956
1.80236
1.89314
1.96504
2.01569
2.04408
2.04975
2.03365
1.99712
1.94285
1.87313
1.79146
1.70039
1.60271
1.49915
1.3917
1.2821
1.17079
1.05352
0.920522
0.769196
5.78877
5.06644
4.36629
3.64564
2.93495
2.27477
1.64174
1.06333
0.59223
0.205847
-0.107403
-0.31205
-0.413969
-0.440788
-0.397301
-0.304461
-0.192805
-0.0629677
0.0528029
0.150133
0.225497
0.282947
0.326333
0.362073
0.389223
0.414668
0.439017
0.466863
0.500336
0.54226
0.595439
0.661813
0.74149
0.833744
0.936991
1.04925
1.16751
1.28907
1.41051
1.52833
1.63823
1.737
1.82093
1.88781
1.93492
1.96148
1.96651
1.95108
1.91573
1.86305
1.79504
1.71521
1.62686
1.53287
1.43573
1.34206
1.24984
1.15379
1.04993
0.93739
0.804779
6.18697
5.43056
4.69889
3.96815
3.25047
2.5683
1.91989
1.32863
0.828209
0.41055
0.0839853
-0.126497
-0.24847
-0.29876
-0.262748
-0.16772
-0.0501161
0.0723534
0.182295
0.270004
0.333135
0.382038
0.417733
0.448139
0.470783
0.490823
0.50875
0.530182
0.55684
0.590146
0.634216
0.690412
0.759386
0.839803
0.930937
1.03015
1.13556
1.24421
1.35347
1.45989
1.55932
1.64917
1.72566
1.78748
1.83144
1.85764
1.86433
1.85362
1.82508
1.78193
1.7255
1.65961
1.5873
1.51233
1.43812
1.35944
1.27948
1.19725
1.10748
1.00498
0.882194
6.64174
5.86613
5.10991
4.36622
3.64013
2.94707
2.29167
1.69228
1.16627
0.722126
0.371177
0.12858
-0.0264276
-0.0872794
-0.0543883
0.0275765
0.134323
0.246871
0.347487
0.420864
0.46792
0.501645
0.525654
0.547099
0.560872
0.573171
0.582338
0.597035
0.615301
0.638698
0.672489
0.71795
0.775774
0.844259
0.922618
1.00923
1.1011
1.19705
1.29398
1.38943
1.47832
1.55956
1.62851
1.68547
1.72601
1.75183
1.75996
1.75367
1.73145
1.6974
1.65159
1.59823
1.53907
1.47637
1.41285
1.35013
1.28705
1.22169
1.14899
1.06329
0.956548
7.13987
6.36175
5.59643
4.85085
4.12031
3.42947
2.77704
2.185
1.65276
1.19592
0.826271
0.555411
0.357722
0.266772
0.263671
0.311002
0.408819
0.49072
0.557228
0.61487
0.63132
0.644463
0.646952
0.660123
0.659244
0.664294
0.661265
0.669479
0.680528
0.689576
0.712068
0.74629
0.795077
0.852276
0.920119
0.994232
1.07439
1.15819
1.24405
1.32971
1.40908
1.48307
1.54463
1.59793
1.63425
1.66003
1.6681
1.66583
1.6476
1.62091
1.58181
1.53776
1.48978
1.43791
1.38619
1.33551
1.28604
1.23772
1.18124
1.11393
1.02415
7.67294
6.91313
6.14336
5.40201
4.67348
4.00314
3.3668
2.81947
2.29615
1.85803
1.5036
1.24789
0.971603
0.848245
0.808582
0.787002
0.845799
0.77802
0.783294
0.863182
0.821598
0.811688
0.770555
0.804168
0.763454
0.776206
0.737008
0.743179
0.75961
0.74603
0.743752
0.775952
0.822683
0.866219
0.925449
0.990141
1.05628
1.13229
1.20797
1.29299
1.35663
1.4352
1.47885
1.54052
1.56111
1.59648
1.58964
1.60521
1.57722
1.56495
1.52047
1.47839
1.44239
1.40026
1.36073
1.31943
1.28052
1.2506
1.20647
1.16415
1.08473
4.90733
-4.45239
-5.77248
14.8735
5.78107
19.4175
18.0082
10.8661
11.5575
29.1256
1.67015
23.7419
18.1182
2.60186
21.7144
-102.384
20.5749
12.201
1.46431
17.4506
15.1067
2.97806
0.85899
20.1509
11.4634
17.1609
17.5141
9.52942
20.3244
6.87958
10.4812
16.6706
28.4608
1.53177
23.0283
0.813092
0.709183
57.3567
18.662
17.5385
7.74971
-2.89119
18.0474
-88.366
0.355243
31.6457
11.6424
3.04769
16.1992
25.3784
-3.58813
-45.7224
17.0759
9.55796
13.9784
16.2066
6.98674
7.82226
0.94602
-31.2681
3.76616
15.5233
17.1279
-8.1711
-25.7316
14.9053
0.861548
8.78901
18.8872
18.1055
15.395
59.5796
6.59094
13.4718
13.3918
6.32127
-12.5996
44.4657
17.1238
28.1237
-0.750145
16.5264
16.7288
-36.6675
17.9966
50.2772
12.028
1.69214
15.3668
1.61
-13.8871
17.1095
5.15566
-31.7093
-37.1015
5.65815
44.2225
10.0021
25.5013
-101.65
14.5351
16.1636
25.0928
16.9891
18.1075
16.9654
15.1758
39.6988
19.7762
-78.0702
-109.271
15.9653
0.457614
1.37607
5.99236
2.05042
1.14955
19.5448
-7.68987
11.3508
12.9666
0.115698
11.3298
-118.016
-26.5409
10.6447
15.3305
-47.2373
-35.0084
17.8526
21.2874
-8.00489
2.59013
11.0166
2.50042
10.8048
18.0111
-53.0975
-30.7651
11.6915
9.61063
-52.9683
14.9358
49.0508
1.48188
12.5425
16.6437
1.50457
31.7964
-0.805397
16.259
16.2334
59.1555
-33.5918
-59.2798
8.90955
8.3102
-27.9362
16.5696
0.789413
16.673
26.42
17.3807
12.5409
14.9399
13.105
7.02886
9.71637
17.1295
0.140682
-1.77934
1.56672
5.90807
17.4281
1.28135
1.3525
1.26043
8.88932
22.4355
1.42594
1.9827
-1.33684
-31.1203
9.76122
6.48611
0.717216
-10.5037
52.1353
9.86767
11.9434
25.472
20.2529
-16.8599
-39.2989
16.572
-31.7515
4.18981
0.293296
21.3381
0.859128
9.88844
15.0089
13.5512
-58.9245
-1.80999
20.8683
8.50877
16.1145
-45.6449
0.951169
41.2611
-5.83094
16.3734
-117.537
11.2237
-77.7657
-65.4429
1.70206
33.3293
1.76021
11.4188
40.1538
12.0216
16.7039
1.14947
-7.71614
-9.27503
11.7708
17.0144
59.7751
1.25292
21.4492
-5.31651
-37.7578
13.6643
19.2918
3.15823
-57.3597
-46.7634
19.3194
13.3852
8.77488
11.0331
15.9752
-123.759
16.7119
8.48283
-98.7617
23.9455
17.2434
8.85562
23.7717
1.40711
8.47943
11.3853
18.6621
25.3722
15.3563
6.64017
2.04961
15.6821
9.47608
-64.636
18.5737
0.745265
12.8494
17.5461
1.07754
17.5697
1.08167
24.0663
1.20279
22.8222
11.4282
52.8777
10.0068
14.3158
10.7943
15.9985
20.7276
50.3125
9.75559
-72.0998
15.3355
14.9069
18.6309
17.0216
-61.8439
7.99533
7.93584
-26.1929
40.5275
14.4658
16.9557
35.1315
17.4157
9.55881
5.15653
-0.779777
16.3681
10.998
5.50309
48.5774
-3.7848
1.74159
-78.8927
21.8371
18.6505
19.402
-100.73
9.79413
11.9834
11.5149
-12.5496
16.4844
14.2736
0.748321
1.10222
7.05548
2.01488
16.4884
3.58395
15.421
15.0274
-26.687
1.95084
15.5992
0.921794
-90.6652
6.46587
-27.2496
-44.4051
-101.408
2.23834
1.55023
16.8663
0.554965
0.828914
-124.295
35.099
15.0513
14.8071
12.0204
11.7326
49.765
11.3053
-9.3689
18.7831
-70.8286
14.9841
1.37475
-45.5394
-113.979
10.7229
-61.9762
8.70383
2.75129
14.5017
1.63927
2.43445
10.3947
0.378596
1.10069
-6.67158
0.846045
16.1022
6.80984
-114.071
-33.9648
3.93827
16.61
-26.1237
-49.6894
12.6807
1.63826
15.7463
-5.70304
7.17925
1.56685
-73.9488
0.853103
-79.9155
20.2768
-89.3788
11.2692
4.88078
20.9663
1.31674
-117.559
-27.7226
47.4361
50.1951
3.28186
0.659895
17.2295
30.2854
16.7549
-0.328393
12.0729
-10.2111
17.2759
18.8252
21.9917
21.5016
-7.66986
-46.834
12.0937
-83.1402
0.292848
-11.2684
1.84411
-62.0632
-1.97208
18.7904
-124.363
9.67229
9.4386
23.3029
-53.0164
17.0492
18.2036
1.45026
17.7612
10.0183
14.3879
1.1607
35.9395
-26.1749
-51.7292
9.57978
-61.209
9.17196
-54.4782
16.8477
15.713
1.04089
3.99902
-93.4711
-1.73089
1.51057
-10.8419
-62.1713
-59.7676
18.3564
2.8403
-41.5815
-50.1853
17.0774
2.5666
-31.9088
22.8606
13.0643
36.4583
-40.0049
-0.293148
-9.6566
0.400913
9.12861
-90.1172
2.33603
10.5534
19.8805
47.0563
0.347984
44.0898
2.08989
17.4431
1.6596
1.51092
13.7759
12.4207
0.152922
1.37339
16.8138
2.38093
1.50186
2.60908
1.46657
1.95744
1.46994
8.18885
4.81703
15.8257
15.6885
-111.083
10.0779
-67.8649
-107.137
16.2154
0.504629
2.27192
19.1309
3.77148
1.36284
16.3503
17.0481
15.2639
5.53736
-37.6106
10.5432
26.5864
13.6615
14.0027
15.5776
5.4379
0.754582
13.5214
19.2391
9.62145
1.48792
13.9352
13.6019
-12.7293
12.8135
-0.329567
-3.37405
-4.24962
17.1637
20.0123
9.46179
22.5414
3.52555
2.79979
48.7373
-21.9223
-5.29434
21.9663
8.27802
1.30847
1.53175
-80.3691
-27.2186
20.9775
3.20105
10.398
0.629153
-21.1259
18.6862
12.0642
-27.3763
-82.5632
12.7383
-17.6617
-54.244
4.64425
-105.567
9.3637
9.5243
9.15573
-32.1075
13.9206
-81.0213
-2.28588
13.094
1.06825
17.263
-0.291269
14.9784
12.8502
31.781
2.97075
1.01554
14.8764
7.29794
0.853479
-46.6449
-30.4862
8.09767
-34.0417
4.79843
28.6976
1.49721
9.48397
-95.7704
9.97889
8.57177
14.4535
1.44487
52.1738
1.7468
8.18453
8.58925
1.43621
1.2132
13.6616
15.6821
15.9902
9.57535
10.2769
29.2886
-76.3711
8.64751
17.8492
-31.94
0.558393
-87.2027
13.7117
0.872289
17.7214
-55.3715
4.30738
-21.0697
1.03092
0.938093
2.85128
-106.25
20.5712
17.3222
6.60571
16.1206
-26.9473
-22.4508
-6.40279
10.0883
9.13033
5.03772
16.2941
-0.23385
0.838338
16.2205
23.2741
1.45327
-58.3899
20.9483
1.71348
20.5406
-8.33514
17.2633
36.3883
6.74001
29.5553
18.5172
-30.1882
-21.3807
-4.65875
19.0822
10.6645
-32.4963
16.1041
12.5591
4.5301
5.63126
0.866088
-30.7785
40.5483
3.19692
2.13434
0.999297
-89.648
9.6089
23.3982
15.733
0.825975
5.69227
-22.9762
14.4941
12.4291
6.20462
1.23309
-7.06697
15.2521
2.10992
11.0064
-21.0867
1.34608
39.0902
1.01727
0.12323
8.36796
57.3179
17.1018
16.7323
1.26562
10.2697
7.0036
8.90823
10.4901
-116.064
1.34004
-34.962
30.5824
17.5933
8.53411
19.3537
-6.23134
-10.9046
1.30607
3.97864
1.48553
12.9281
-2.59286
18.5814
-88.7726
16.78
6.77408
2.158
-3.46566
2.98272
-7.05484
10.6702
3.4432
0.738247
19.2637
-121.058
15.4318
17.1111
10.8688
-4.32276
18.9159
3.88185
-21.3851
15.6768
-13.8896
-97.6457
17.5048
8.96247
14.5939
-63.3655
-6.48972
15.833
42.8276
12.6257
9.1124
11.6513
-111.218
-126.334
16.572
-1.44954
-11.9458
1.464
17.8138
6.94181
-11.4482
13.8535
15.3766
-0.0291995
18.5512
19.6189
8.5942
14.9053
-3.02212
13.4174
-5.57402
23.2148
1.76893
-4.4396
42.703
1.22555
6.83189
21.9372
4.1415
-45.1776
24.5544
-83.9364
20.91
1.18078
-19.6849
10.1928
-9.6896
0.799225
12.9599
13.215
-93.7492
-40.1028
13.5444
-65.0949
-8.95878
53.671
-16.1094
-20.1716
21.4828
0.855597
5.9727
11.9516
-55.5369
-22.8453
-4.70544
-4.30504
-6.64043
1.03218
22.6485
19.1345
13.407
-121.862
-44.4647
27.5337
2.21043
-112.319
11.2431
14.4747
10.6888
1.22824
4.80851
1.29306
-14.8844
21.4372
-121.446
-17.301
-85.9759
-98.5858
18.859
25.3925
-43.751
26.2383
14.5895
12.3014
11.1869
10.4577
26.0933
17.9446
2.15348
-51.7028
-30.3298
24.6361
2.24895
3.55299
13.8476
1.53378
12.9389
-53.6415
1.29913
49.2408
1.05833
22.3057
11.681
18.6139
15.7364
-76.972
13.2476
44.7775
1.02771
0.777702
32.2888
61.1975
12.711
13.2871
25.095
-50.7263
-15.5927
17.2996
10.1145
-91.6819
27.4881
17.4239
-63.2363
15.7692
3.67568
1.47501
6.34132
-16.3314
53.7981
0.824129
-8.66
-0.362826
17.8324
0.277574
9.60597
14.9257
17.3108
12.3032
1.02482
17.3364
0.704097
30.2646
0.126842
11.398
10.4215
16.6796
8.47325
-49.9219
9.80698
18.1444
-29.4915
-70.9007
34.0956
1.58964
7.55049
16.7345
34.3643
-84.7989
9.56882
-3.03031
11.1696
16.3495
-88.4441
17.2154
9.84686
50.0097
29.884
-19.5797
4.4443
15.8789
17.1556
-66.7305
-4.51826
10.1969
14.9258
1.34527
17.5248
-128.021
7.38567
0.801526
10.6021
18.7733
0.00256229
14.763
23.0301
24.9468
4.65397
-0.644574
17.7698
20.709
17.4892
20.374
10.8448
18.201
-70.5988
2.57042
18.1268
-25.7273
14.1361
7.29647
19.6725
11.6752
-62.3243
10.8684
5.11349
18.8951
-20.8213
16.7372
-24.8088
-104.344
1.51444
1.15232
-47.7852
16.1913
18.4332
-21.488
-104.784
1.26712
-14.2706
15.9232
-82.8134
13.4242
16.6262
18.2615
-18.3447
7.06183
9.65683
-28.7504
17.4908
8.71932
-85.096
10.6655
-119.526
47.2096
11.7031
18.2599
6.42216
16.8189
-9.18009
-6.35596
20.144
-18.4168
5.79576
12.903
-38.2207
4.63116
17.592
-49.4072
14.9204
1.85076
-67.6029
-13.9176
17.2315
19.3548
14.7994
62.2265
8.74531
-2.37202
-23.9089
15.6526
-11.7933
15.4987
5.37503
15.5407
0.904816
9.95016
0.752816
-14.0127
58.9689
7.39791
59.3328
7.70087
12.8951
4.05205
20.0905
-9.44055
17.8361
11.1721
1.39382
59.8465
16.87
9.20693
-8.5247
0.724007
-109.09
15.9011
-5.65705
10.6296
-21.8625
-61.9584
1.11702
-73.626
9.60488
2.76817
-25.6357
18.372
15.7856
14.172
12.4154
21.4439
16.2406
12.8116
17.6735
1.33525
-68.3294
17.6429
20.2878
17.6905
8.01044
-73.2037
1.34525
-24.422
15.7386
-43.5168
0.948209
25.0662
-67.5091
17.0561
0.857041
40.1858
1.49576
22.8523
4.21827
1.66657
16.003
10.5308
-107.589
13.8295
-1.20935
-39.2949
1.42303
15.9142
11.0558
30.9589
2.79798
1.24867
-79.3227
15.9346
16.509
17.0343
-20.1043
-36.0338
14.0406
12.7796
15.1605
1.04828
1.62548
49.3321
0.390081
-65.8135
2.25285
-59.1916
0.519576
0.59881
32.36
50.9945
13.0899
60.128
45.493
18.378
17.6179
6.31387
14.544
18.5915
2.37904
1.88342
19.7165
1.81966
10.3259
19.208
9.09237
18.5466
28.8262
1.55266
-5.57362
-121.021
17.8766
12.1796
-50.7555
7.7273
22.4812
14.0762
11.033
2.1463
17.3928
-2.22628
1.3822
30.4207
12.8531
0.781269
16.8022
17.4749
15.6466
5.79982
15.5611
17.0421
-3.58052
18.546
20.6559
-76.5801
-28.7495
-18.6376
14.7874
1.45606
-50.8052
17.1122
1.56495
1.08771
-126.283
0.721963
16.7462
8.70882
31.4857
-1.11659
1.297
9.28788
46.4253
1.63316
16.1567
1.17076
16.6539
53.9323
14.243
-21.0018
16.8328
1.06027
-69.689
15.7272
42.3849
4.15209
13.1055
18.7799
29.5178
11.007
19.76
2.03931
16.1714
10.6771
-123.431
4.42725
18.681
20.0126
-65.2115
-82.4914
16.7788
18.1845
12.592
11.417
-59.6462
24.6732
-58.9748
17.8676
11.3511
17.3363
-12.0928
5.73137
17.502
0.570554
1.44897
-89.5369
-62.3686
8.26307
-2.76985
-74.8567
18.2964
18.44
18.4861
7.52635
18.9704
2.23505
18.253
9.60176
-1.73797
-25.2372
2.42259
12.7839
1.39214
36.3879
16.7416
19.6629
-104.316
15.6152
15.5793
20.1362
12.5045
-73.7836
-7.04452
1.65997
17.2476
17.0618
17.7338
-4.10788
20.2883
-17.8409
8.41903
8.91995
13.6054
9.59068
15.6358
11.0253
10.6941
9.80291
-1.7004
-10.5134
2.78382
-86.9011
11.9256
16.8196
0.958139
-91.4505
41.2984
1.37932
23.7642
16.0285
13.284
11.8966
16.6937
60.8359
-8.29011
0.926028
-95.0107
16.911
27.9424
-37.2352
3.58575
-51.7408
1.35482
31.0117
1.42085
16.7107
-22.9313
-13.3112
-38.2442
-8.59105
17.8428
1.49492
7.78817
22.5203
13.333
19.5496
8.87618
56.7644
20.5222
16.6788
43.963
10.8343
15.6735
18.4839
20.4104
-10.6549
1.38683
10.1737
11.7624
-16.6576
13.9498
9.48909
15.1473
-3.37198
-68.3727
-85.651
11.302
6.8532
-71.4145
8.09871
12.9364
16.5744
1.88595
1.60357
15.4073
-0.416185
-19.336
4.04191
-79.3685
17.4928
1.43724
13.8228
15.1376
1.82509
-73.0705
-59.8541
1.57048
16.667
22.4658
16.0996
53.4895
16.2145
21.1716
1.15354
1.50547
8.65186
-17.4472
15.2181
18.6599
-4.12378
13.9559
16.3323
33.0539
-65.3952
13.8158
-8.93582
6.89306
9.47002
1.48352
13.3452
58.8524
1.80677
12.2452
49.9886
6.25197
-90.532
-34.4332
13.4858
-2.71609
6.35852
11.066
5.26185
1.85429
-80.1209
21.5851
-37.2209
14.8675
1.31581
-91.6141
-52.3125
16.0936
-10.8091
4.5982
2.39635
10.2493
10.8208
-124.861
12.4687
-34.3786
18.2911
0.565925
18.1692
17.0669
-20.0474
8.73628
-5.09545
16.9696
-53.0868
16.2214
18.5177
30.0116
-17.3906
8.48613
-89.3357
16.2897
-51.1878
-21.9897
-6.32843
16.6763
-7.07017
20.907
10.8939
8.0994
7.9465
16.802
18.6242
13.805
10.9234
-11.7921
4.97175
12.3706
8.35695
20.1047
12.6534
7.85727
1.34664
-19.6992
18.4604
18.3679
8.8412
14.948
16.6523
10.6208
45.4669
17.5627
19.5988
4.01544
1.85179
1.09644
-10.1519
45.5653
38.5843
9.71003
-104.145
18.152
16.6706
15.4681
-103.938
13.1868
5.3855
19.9234
-85.9747
2.21869
10.3344
-24.6611
-129.239
23.6133
44.707
5.68317
10.8557
48.8227
9.83893
-0.355426
-12.2989
21.0573
11.1785
1.23556
-20.818
16.2499
17.939
8.88171
4.9878
18.5355
49.4187
16.7626
11.2494
-19.3205
14.2046
-88.2068
1.39298
19.1673
15.2532
2.72481
-19.014
17.835
12.1538
25.4735
-26.0007
11.6399
48.0352
15.8296
-24.2059
-32.8007
-18.7302
16.6922
15.8593
25.8251
37.4944
-35.2023
16.0394
-51.5929
-63.9466
17.1499
18.8426
-66.5833
-100.723
26.8657
19.4931
0.925083
38.9058
-66.3241
9.99221
31.3138
-2.66725
-2.69017
17.6684
-18.751
11.363
4.54077
1.15809
16.8843
13.9718
18.1611
46.3478
10.3147
3.92184
4.22157
17.8629
-1.32136
1.81735
-6.44121
18.2013
8.84983
-11.996
19.8451
-10.384
-74.7109
15.0203
1.88673
18.4503
7.87357
1.36069
12.0561
12.7945
14.2895
42.1624
19.7299
31.8474
17.9404
5.52792
-25.8321
17.3046
1.30199
9.13357
-16.8152
37.926
4.68851
23.7207
19.9465
2.90334
-79.0248
12.7432
14.2079
2.581
19.6418
11.3106
13.6801
-4.34154
1.72629
-12.8811
-53.5693
13.138
4.88672
16.6645
18.776
12.6819
17.4654
15.7958
14.5354
16.5138
7.09608
12.9367
14.3627
3.84261
-31.7265
15.3988
16.6606
-13.9199
-27.1122
34.7607
17.0735
-13.1707
8.98143
17.8106
-51.6889
-92.65
7.93727
5.48012
-59.9396
5.07023
8.27588
12.1033
53.5296
2.99683
2.55693
57.3785
-5.41446
13.091
27.5216
-23.058
5.83353
16.065
32.4707
7.66891
16.8117
46.4952
11.9204
30.5257
9.82565
17.309
20.3662
15.0211
17.3801
10.2639
32.8832
-79.4003
-16.9141
-5.88355
-14.432
10.9953
-54.5885
2.33471
2.12673
15.9388
11.2081
10.2063
8.75093
16.2227
1.28218
7.05726
-11.6315
16.784
5.30938
17.2307
-14.5641
-50.2904
17.88
17.5485
16.0381
-26.9904
17.7035
16.9358
10.4715
12.0044
31.3031
12.3502
15.0092
-1.31517
16.147
-94.6324
-3.34705
6.4044
0.74551
-7.17203
12.3541
4.68556
11.6064
1.5302
15.952
2.84202
-106.823
17.1622
60.8944
-59.933
-26.8219
18.2731
7.29096
37.8692
1.3425
2.46257
7.49621
-4.56257
-30.6936
15.0223
-9.32234
13.0078
46.1825
1.83166
10.8095
0.795885
-65.5112
3.47848
19.8525
15.7659
-127.976
-53.2106
14.0258
53.5902
7.90063
3.28596
-99.5376
50.7537
6.86474
16.6498
36.1074
19.5741
0.837804
-16.5352
-75.6139
22.4957
16.9402
14.7714
-92.3007
10.2798
22.4939
-105.563
26.9449
56.2992
1.15035
16.2914
-2.52373
7.92408
32.8757
-30.8229
17.4927
7.18059
16.5874
37.0229
19.3142
24.2594
16.8406
-4.47254
26.0132
-65.0445
-20.2126
-79.7849
20.0658
4.87542
29.2111
8.18668
9.41467
11.9263
17.7074
1.26382
8.55282
-33.387
9.92793
0.772029
4.50325
14.0467
10.9106
12.4875
0.792463
-29.8321
-7.27113
14.7436
16.2903
-114.935
19.6356
15.5111
18.5503
19.728
-20.1211
-4.04917
7.85686
15.4374
44.5459
16.2529
18.954
17.6936
14.8439
-7.90243
11.013
16.6911
9.78997
-87.9838
-83.9895
-52.8526
16.8433
-50.2728
16.2648
-5.85091
24.0237
23.2335
2.41287
18.4059
12.0209
1.04236
21.1421
1.28184
8.55262
-104.372
-109.055
15.832
18.6766
6.75126
11.3702
15.985
-6.91399
10.2951
-21.3196
-85.2491
56.8673
0.732447
16.4838
-41.9451
-22.8129
36.8876
19.5069
1.27346
15.8492
0.999999
1.11057
16.5111
-92.95
15.9258
1.14811
19.5135
14.817
-3.91426
8.85819
0.859741
7.9489
-21.4886
0.588698
32.8627
-21.9961
7.14489
16.6012
6.05422
16.7792
-21.591
-0.437137
9.17769
10.3147
18.757
9.64777
-47.3455
9.2876
48.236
4.49437
18.3314
-6.17582
-21.97
14.3775
17.3973
8.61398
-78.3853
-27.3048
12.5283
5.86887
1.22732
0.987135
-57.3421
1.35845
-3.00468
9.78273
19.2142
24.3367
6.29382
-26.0445
17.34
15.9038
5.37573
-43.2589
14.304
1.28656
11.0895
8.53445
-8.86816
15.0834
-16.2139
-24.923
17.0353
-44.7913
11.1021
9.72547
7.37983
16.5546
6.6633
0.746608
-15.5629
-112.29
4.56816
18.4328
18.4737
-10.7767
-36.2285
3.51625
9.18701
12.2195
12.7202
34.768
13.5277
-18.9639
9.74808
18.3971
13.8557
21.3982
41.7884
15.2466
17.1348
2.05861
-0.525101
11.5484
6.60893
-10.3482
24.1414
25.5668
30.079
2.70852
-45.0331
-75.4833
1.31191
-21.1321
17.5314
-69.4946
2.92644
16.6935
16.6757
16.734
4.05039
16.116
-97.4721
2.9598
-14.9171
2.59954
5.55992
-11.1214
6.34482
-7.27923
6.41445
16.7074
-83.6776
1.05838
8.41671
-29.3403
0.83901
1.53109
61.5463
-21.8436
53.9487
-13.7593
1.27102
27.5273
1.92414
10.9681
17.9311
13.5532
16.8359
28.2757
-1.35542
-61.8911
44.5262
16.3732
18.008
-11.9719
-41.3536
60.11
9.74479
3.44931
14.9425
15.4366
9.55938
-24.2302
-2.23326
2.55214
4.30797
17.9531
61.6676
6.79333
58.7361
16.5298
41.5222
2.32932
6.97169
11.6295
13.1357
8.42429
43.0395
-81.0699
10.3636
-83.8171
1.48801
16.8678
1.48896
-22.2312
14.5914
-87.128
2.93451
18.1978
1.84155
12.6919
4.29819
17.6196
11.632
8.79646
2.81434
18.4837
2.10605
-60.9511
0.470076
15.0927
7.04897
19.1667
8.96902
-67.7623
8.09585
-52.5442
-14.4397
39.8805
18.3842
12.3613
6.29592
17.4852
17.3318
19.1689
10.6327
12.3558
12.7661
-5.98521
19.4234
18.632
-10.1293
27.5309
1.54742
10.3505
1.19985
15.5277
16.8169
13.9975
8.47997
3.69677
-1.35977
1.29084
12.0527
28.9465
-23.1046
16.4746
12.0306
13.2716
-91.4356
16.7046
14.1876
27.9275
-23.7534
17.9638
3.4895
0.107769
14.0538
43.9923
10.0497
-50.2153
-37.9886
19.6862
19.307
0.791874
-4.64501
-3.8408
-93.7485
22.3317
0.820752
55.715
-16.5668
56.1986
-107.822
18.3938
34.4726
40.5809
-21.106
-13.3846
-6.39036
8.39236
18.9618
2.2026
19.4608
8.35874
-73.4717
-3.51053
18.5649
-17.8094
-2.2333
6.96271
13.0805
9.8961
1.26329
9.23013
1.30955
1.56323
-14.7131
12.636
1.05338
9.77525
-23.7657
8.00702
4.78893
0.3097
1.20943
-0.234028
6.19665
33.6884
16.2903
1.53327
6.31674
17.161
20.0102
12.47
1.49339
14.7088
16.1389
9.43132
1.28944
19.4243
0.850077
27.987
-48.5379
6.54481
17.3607
18.6516
-78.8061
17.5655
7.72129
16.9416
-22.0339
-4.12586
18.5854
38.411
0.612408
6.39929
1.13357
1.01274
16.8346
7.32351
3.29221
31.4359
1.78276
5.38322
40.6252
-62.5629
1.93616
2.59873
20.6888
15.5216
8.2105
2.43921
0.842619
6.93013
-52.7289
13.4687
7.26929
5.55058
-22.7515
-27.4858
-67.4556
11.1396
3.946
-32.482
32.189
31.3817
1.90008
16.8495
29.8738
18.1236
11.8855
8.88867
-20.8369
40.0724
-87.3493
-107.618
-36.1624
0.391083
18.5113
6.11049
2.66321
1.39042
0.59238
19.7341
-5.09957
14.6112
1.19425
21.236
-94.8997
26.1934
-15.7091
-21.4945
-28.6089
13.0312
-5.87515
54.2437
28.3551
9.602
3.41121
-15.1767
1.44623
-103.742
10.6785
9.89501
18.7256
0.462859
7.0616
13.2572
5.345
18.3718
16.9127
1.02246
10.1525
18.4524
-46.9555
18.738
17.669
19.2964
-36.2465
18.8279
5.69462
15.8877
10.6651
1.69367
17.6033
1.50367
13.7036
15.5181
15.3969
1.50711
-22.8177
24.1671
28.2796
1.43568
14.1751
4.89027
49.48
10.837
17.8504
4.72034
13.5653
-110.822
12.2892
18.0545
-12.334
1.67252
-33.7309
14.9865
-51.6704
7.03378
-4.80301
9.65212
7.40944
-4.24382
57.2519
19.1391
13.1244
-64.9011
1.51953
-85.885
18.9488
4.05454
-28.4712
5.62339
19.3947
2.77017
-24.055
9.54664
21.4385
9.35191
9.34295
17.6472
11.5161
31.6671
14.6171
47.3292
-44.0996
42.2686
7.85788
18.0701
11.8752
6.77548
9.79885
1.56706
-14.8487
14.3753
-54.8904
10.8234
17.0223
-110.089
17.466
52.3245
-43.2828
24.3531
15.9112
0.921666
32.879
9.18323
3.61792
16.2379
1.60597
62.1118
14.2739
-79.7819
1.14005
8.56941
51.2009
59.4265
3.8581
11.8582
11.0023
-43.6751
14.697
10.5331
15.5984
14.9911
8.97032
19.7072
1.18415
48.4308
12.3888
-13.5474
14.042
29.7103
6.03859
8.7927
1.89465
8.1219
16.6487
4.76127
-39.7388
15.3722
3.99272
8.64381
26.404
1.10704
15.759
-78.789
-85.4732
18.4503
1.52672
8.13806
9.28105
18.5795
-3.09577
-0.0429688
28.1104
37.6418
62.3855
26.8552
8.49856
2.43366
16.6247
24.5529
-76.3192
34.9212
-59.435
-95.4989
43.913
8.07124
11.7578
-9.65199
-106.849
10.1473
-39.7987
-19.7641
11.34
10.5434
5.35525
-5.45637
16.6099
8.02561
7.99878
16.4836
-23.7042
9.38548
4.93864
13.241
9.90152
19.9623
12.119
7.2887
6.05041
10.736
-10.7706
1.11258
18.4764
-78.8328
22.9182
51.8588
16.6171
0.913812
47.2127
17.9411
16.7764
11.5689
57.44
6.09531
18.7713
18.9763
54.9474
-91.542
8.79634
1.30198
-72.4131
0.99836
-0.851768
12.2261
22.3543
-0.488647
18.3202
0.948606
2.64041
4.30973
-45.8152
13.6234
-21.9977
5.07939
16.3605
6.79793
-36.6376
-19.6149
7.50683
6.54365
-50.25
18.5921
15.4078
13.6992
5.77481
1.06718
31.735
3.12678
12.8398
14.575
46.9944
3.3268
10.2543
-99.4523
-21.6469
-34.495
-89.5323
17.3494
12.3217
13.8772
10.147
17.0348
11.4828
-9.76951
28.6811
18.214
5.10722
0.849536
-9.2516
1.78568
4.92924
-6.42895
-34.3924
8.14919
18.3155
16.8108
58.0275
26.0965
-61.689
14.5148
-1.57324
13.0997
-22.1987
4.94366
-17.6426
16.0176
-1.06744
16.8096
0.404327
1.71323
1.63888
-69.7179
15.3098
-56.2604
-45.8406
13.7742
11.9317
20.523
28.043
19.6237
31.7428
-38.6005
13.3562
14.2234
51.7257
9.29335
17.239
1.53723
16.8049
4.65977
9.32823
-115.88
1.48734
24.5672
1.51836
15.1687
13.0774
-3.57538
39.5709
-119.582
9.41534
60.7761
4.54965
0.155237
5.5181
1.58661
-39.2316
-59.8941
8.09728
-40.5133
16.1962
2.33333
5.42539
12.7075
-122.97
-39.4938
11.1258
20.1855
-16.7499
3.09651
1.01781
1.17014
37.7818
22.5999
-1.00018
-45.7982
9.42102
1.46639
4.76571
1.96742
18.4956
8.65106
9.99277
15.8126
11.3796
1.17341
17.2842
1.4174
17.3936
-83.2813
14.1829
16.9294
21.3803
17.7574
15.7145
16.8295
-88.8972
0.855954
19.279
18.4619
2.68097
10.973
-75.1238
5.05238
-26.1438
18.9571
16.8914
15.7266
-58.3332
30.4216
-47.1632
1.72519
22.6642
19.0826
-107.724
33.6313
20.1944
9.51278
15.6526
18.8199
-8.24458
10.6236
-20.2552
-49.3788
24.4011
1.40557
-3.36596
18.4731
4.0467
3.13286
59.2561
4.64628
12.2539
5.23377
-5.31198
-12.8308
0.46735
17.731
17.952
-9.04173
1.48129
-2.44995
1.48673
7.45061
15.5562
-97.2488
39.0692
13.865
28.5924
2.56423
15.2561
25.9632
16.5878
18.4885
-11.9131
-2.29327
1.01307
9.12448
12.1804
-5.10872
5.69659
-43.9326
9.62341
10.3669
1.55858
-44.8101
-93.4272
-0.144457
-66.9334
17.819
15.0894
4.78239
0.536936
13.5443
6.04272
-10.8969
19.2304
7.90816
2.75707
-0.377829
33.9963
1.54361
-4.5945
3.60614
-46.6095
16.5105
-34.5474
34.634
6.03392
-0.815503
14.69
12.3596
16.7119
18.4444
22.114
27.9807
9.48273
10.4558
-51.3601
18.5122
8.31245
37.9434
14.7016
-4.68934
-57.933
16.3279
-91.7303
36.7051
17.0167
16.5132
37.9559
21.7034
-57.2395
19.7314
14.4927
19.2725
1.85148
2.99967
9.00416
42.421
19.7774
14.9149
9.15265
17.4882
18.6733
4.8113
6.51143
1.49714
7.36078
10.5064
16.028
12.4364
1.31587
1.40363
6.67695
-2.57388
-4.14043
9.22949
-2.19259
18.5071
46.5178
0.923382
-11.6524
-3.17248
9.4191
15.3469
16.7608
-106.216
41.6363
17.2826
20.3839
8.2103
53.0099
1.24554
3.26724
-125.247
-17.362
11.948
17.2703
7.75075
13.2471
4.89893
7.75385
6.3525
6.44498
15.9715
14.4007
-71.121
33.2178
1.17689
10.1925
17.3014
25.0777
23.0335
-2.74766
-2.30686
25.3051
-88.8082
-40.8243
2.31949
20.527
4.42122
0.143275
9.42717
6.56404
0.847977
18.7082
9.54831
-8.93377
10.3039
15.8098
1.28298
16.5774
16.3736
59.0075
-14.0883
1.53883
18.5263
-1.4036
-1.49883
15.784
-1.03985
59.6045
1.40097
7.79014
-56.4032
-105.68
19.4674
7.47498
18.276
-103.847
-3.53625
16.9439
4.72748
-17.5969
9.85751
17.3079
7.32818
23.0903
11.206
38.8596
3.83471
-3.30435
1.6683
19.477
33.6112
17.6663
-74.9909
17.5573
-119.054
1.7284
11.8858
-36.6013
-126.421
17.7948
0.900417
-100.429
12.7252
-3.80408
23.1018
1.05009
-37.4307
11.3919
-69.6747
15.1622
7.44808
-19.6376
9.75672
18.5686
-4.47836
9.80456
17.4883
-80.8395
13.5917
4.24034
-0.544721
-117.255
-80.1736
14.3782
-10.1995
-7.30861
16.7181
-26.8829
16.2424
0.768331
8.11445
-27.0647
-12.4469
3.14613
-117.175
-15.4556
-40.1068
-6.43825
18.0816
1.36521
41.5421
-103.662
-59.2826
29.3652
-1.29579
25.0562
3.42885
45.8938
1.12508
9.23118
1.07201
1.33991
0.962853
6.26217
3.08016
9.16566
35.3434
11.1901
0.838938
-20.0856
11.8122
20.8115
22.5415
20.346
9.27481
3.82153
-24.2257
-8.92158
0.891415
-58.5712
9.28364
40.497
18.2855
1.01292
-42.569
23.172
-7.02159
0.884069
-78.1469
2.22724
17.7047
-35.5536
22.4424
10.5172
16.4033
-1.57627
19.6843
12.95
16.0037
-17.8557
1.17641
13.5686
4.21373
1.27072
-17.5125
5.26281
19.5209
-117.63
8.00702
11.1426
1.61021
-63.9352
1.19748
36.9935
16.3413
-25.0902
-90.9039
-9.69065
-64.4698
13.8487
3.70472
30.9928
58.0098
9.50085
-27.2098
3.6858
-27.107
-1.28513
4.56924
15.0742
-5.18233
9.9398
14.5604
8.92309
20.7106
42.2615
-1.41547
15.6173
-1.69787
1.16803
-17.7727
-122.286
4.28968
2.22959
-94.6517
3.86078
17.5482
1.37419
16.878
8.98911
18.4857
10.9139
0.881033
7.28685
14.8275
18.2727
2.08157
10.7237
17.4568
14.728
18.8588
43.812
17.5441
-29.9694
4.9534
1.42965
17.3018
-14.5415
12.2648
61.5259
-83.2767
55.244
44.6029
16.349
-48.2772
42.9474
13.6417
-6.62276
1.32141
22.7853
19.8587
5.844
47.8371
8.81168
45.6707
22.638
16.8115
14.9361
12.9591
34.8204
17.0901
2.50065
18.6488
60.9007
-73.4142
3.23328
8.9643
-7.99648
-46.2313
-57.2141
13.2292
-81.4458
18.4262
61.2456
9.82046
7.14906
16.8224
34.6517
6.91633
-59.086
10.9127
-113.719
2.66233
-1.59717
-98.0901
0.88634
9.38406
21.0793
17.201
14.1243
-29.1966
14.1719
-16.8608
6.40999
10.2081
5.03187
31.9931
16.4628
-38.2413
-71.8809
1.66569
18.6292
15.3933
-34.4865
56.8049
-38.9263
-3.75476
18.2526
-130.23
8.31978
6.19309
-10.7638
2.88564
16.1996
57.6916
-76.1645
-6.05844
16.8712
27.0001
8.84872
17.1455
1.01088
-14.9638
57.4498
10.6579
15.5792
1.71859
11.1289
-129.976
18.5345
5.99326
-110.096
-14.1148
10.679
1.54767
0.795698
-3.77072
-67.1637
15.6658
33.4055
46.5274
25.4287
-40.4687
6.29622
6.78013
-14.489
1.63163
19.8329
17.9151
-5.59683
9.7537
19.4222
48.1824
58.193
18.7308
-17.6375
-1.80412
10.1078
54.7074
15.6723
22.3327
1.6489
6.48762
15.0362
19.5138
18.0499
-90.8268
57.4448
38.9097
5.34503
46.6075
36.1764
15.1001
-36.3554
17.697
17.4744
-3.14928
52.0659
-27.0926
2.04191
-17.5421
57.1434
15.8051
16.418
11.3556
19.9433
-16.5213
15.3891
-48.3855
53.8319
-55.7825
11.1254
0.521783
-46.7516
7.09773
17.4034
18.0643
-46.0852
17.4671
1.03052
2.04326
18.718
18.485
1.14161
21.0729
-7.53825
6.63679
2.90847
18.698
56.9603
-1.27493
9.21748
16.3664
-16.2821
-21.6445
4.15312
-9.61078
11.3952
1.29157
-27.7015
16.5313
13.0544
38.785
1.08146
13.8859
-44.1288
36.1964
2.85924
9.70608
25.6361
16.2897
8.90783
20.2518
-5.04405
7.35416
9.9518
-40.5563
21.1654
0.945943
1.30228
17.0317
9.03082
9.86314
18.9542
1.44297
1.22181
42.0623
-119.682
34.9056
51.5185
-49.5566
1.37277
1.21893
3.42074
20.5762
1.59065
-7.65707
28.4347
18.9867
-118.319
24.7146
15.4551
7.0774
-1.2197
54.8613
57.695
15.8694
-0.23523
22.9684
5.09862
15.4769
3.12608
17.4615
3.82131
59.8722
-8.10585
1.53206
1.87865
-17.601
11.1056
22.6771
-43.0828
21.8594
20.4071
18.1634
-65.4881
-25.318
60.4388
16.6793
12.8628
-128.07
-61.1943
59.8952
10.023
-15.3562
-68.4905
-35.6131
19.384
43.8113
-40.4516
-76.8968
-113.528
40.9429
1.48503
10.3782
11.23
16.0987
0.899826
17.3677
35.8331
-40.781
19.5665
-16.4569
0.398926
62.1384
17.7433
17.5888
15.8002
1.56945
-10.3275
1.53213
15.2004
18.2122
11.3759
0.865616
-115.277
1.49352
52.6674
8.88939
-57.3312
1.50077
-20.55
-96.0046
9.32214
11.2831
59.9743
0.94166
-85.814
-38.7147
59.987
-126.237
7.61382
0.854094
18.5093
-8.78325
-66.4825
52.8821
-77.1739
0.911712
19.2692
7.09401
6.96696
-49.956
14.6341
-16.9086
61.9703
-78.7064
1.56056
7.64024
1.18253
1.53431
4.06944
-102.674
6.23454
15.4167
44.8101
21.4313
20.538
21.9058
-84.2781
-1.43351
19.4741
8.82953
1.25037
2.19642
-3.35112
17.8208
-18.448
1.25235
8.20052
6.68066
18.9741
3.59827
13.734
-19.3506
1.47694
0.965748
17.4613
-105.566
0.868193
19.0089
11.0708
1.08199
-6.51282
57.5733
9.26823
-12.8176
-10.9808
-62.896
12.0797
14.7064
9.69105
19.863
0.0914982
-8.32552
-31.5458
0.892209
13.9713
8.75358
18.7327
-0.740353
17.7531
30.3562
27.2012
7.98194
-12.7451
18.3572
-35.9499
17.1942
1.64635
0.61463
12.7801
-61.0828
59.9429
18.8342
10.4349
6.04045
17.5404
-105.542
16.5259
10.4922
1.13323
14.828
-16.3807
32.0876
16.7711
6.59012
-28.2359
0.111625
17.2162
1.47627
16.1881
15.378
34.6643
6.49427
-77.272
16.0529
7.22708
-11.9161
0.615052
14.4476
17.348
23.1588
2.03442
60.1885
28.7276
25.3529
11.4296
16.7495
18.4105
2.23096
8.23405
16.7596
9.31261
30.8981
-2.64025
37.2357
1.55127
42.5673
-11.7408
25.7997
17.1806
-42.07
0.748465
2.9348
35.0181
0.0667717
13.7497
6.54882
48.6785
1.52583
2.11148
11.5722
16.6003
43.8981
23.545
-0.159419
54.9991
-47.7692
11.7493
18.6173
8.12777
14.361
56.2863
-67.8454
48.7687
1.40735
17.0874
-90.3886
25.5597
-101.376
0.894263
4.99568
-41.0597
13.6979
10.8856
18.5171
37.549
8.24843
-14.299
12.957
-3.27375
-5.33694
-19.0758
-64.4236
-115.722
-45.1575
0.983259
2.09938
52.9063
16.6992
13.289
17.4636
-31.6509
-93.4009
1.48322
37.3689
5.0997
18.5586
-23.7805
1.39684
19.1414
18.5184
-35.399
19.3558
16.2308
3.06872
-31.8969
7.74466
40.4435
-108.667
4.51762
-100.151
16.7889
-62.0303
16.694
13.4265
5.61938
-74.137
31.1655
-1.9666
-11.4612
-6.88899
30.7176
13.297
16.3538
-59.7869
9.53928
-23.3404
19.3717
16.5103
-102.037
7.70847
16.5581
16.2769
9.53767
18.7213
13.3945
1.313
0.743884
-0.212758
3.48991
17.698
9.69081
16.3252
-23.4831
14.2901
16.7867
1.16369
-17.6325
-46.1227
9.36631
13.1881
15.8971
0.885182
5.06538
-60.3944
1.34523
-27.9264
16.9032
19.3293
21.5157
5.76338
-55.0339
20.091
9.59857
15.4323
17.9069
25.8043
-1.38662
21.9184
-66.9777
17.1392
0.858409
-13.9772
12.2403
10.0283
-4.4979
1.04378
13.8177
32.3592
13.3033
-82.6833
4.74522
8.52253
-47.3203
4.00365
7.22878
3.31083
5.92027
1.3202
1.49006
-0.14788
3.59591
12.1915
10.8815
8.23797
1.40792
3.03001
50.2541
19.7487
7.73508
1.23266
-11.7909
12.6154
1.34437
4.43238
47.2827
7.56453
-102.424
-15.4327
27.5355
19.012
-0.479063
35.1968
55.875
19.441
-49.4123
3.04375
16.1832
-47.3717
6.88388
17.4791
5.18101
-62.9176
51.177
42.2961
16.9561
16.6805
61.1926
59.0931
19.7812
16.7392
6.05344
1.3866
-15.814
-0.570267
2.38396
-72.0342
13.2034
9.81861
10.9948
-93.1479
8.96574
11.6642
18.6204
1.50184
19.1625
19.2542
11.7316
20.3341
50.8858
4.64971
6.87859
9.75428
36.5918
0.815695
14.5978
-84.9068
31.7051
36.2145
9.35019
-6.92721
4.42403
17.1994
-2.05667
9.00857
-104.539
18.6707
16.6375
-7.70214
-4.24367
-32.2979
1.04641
17.0789
13.5968
43.5192
0.441084
18.555
16.8391
19.0363
14.3521
0.698501
5.4464
9.38945
3.36372
41.0516
12.829
-29.3365
-14.2779
12.9284
9.73321
2.05008
-5.05086
-33.2237
10.9143
49.0902
-64.1803
17.3753
14.0018
1.8164
10.1005
4.53095
15.9544
23.2772
1.10875
12.0041
1.12132
-7.42013
17.3958
14.2069
7.95739
13.5064
18.2483
21.492
-116.523
-7.15557
15.9164
-48.3192
-90.5272
19.6365
23.0814
23.1773
-25.6362
7.12758
9.44215
15.5679
17.0521
40.8157
-50.6506
-40.8422
12.611
3.64479
7.45349
-42.089
12.6116
17.7904
1.60145
32.5764
-3.92595
19.8849
21.6716
9.2414
-20.3745
16.7227
-2.50961
42.0988
17.9313
2.43946
17.0285
12.2045
-114.235
16.898
6.48424
8.83134
3.30947
36.0068
18.8406
-27.7432
9.58202
19.6012
37.566
0.634962
3.08605
-0.0388566
3.21772
16.5293
5.75279
-45.7174
2.35741
19.1474
8.97458
11.5382
1.54503
-19.3082
-10.0582
13.2266
14.7788
5.11354
-14.8672
-2.16859
17.377
-92.1204
19.1537
0.848135
9.60857
7.05243
-112.528
22.5254
8.18582
15.2901
18.3003
-57.5228
17.4279
2.45579
5.47051
17.3091
9.41045
-49.8782
-9.07614
18.3565
9.83993
18.5095
-113.904
2.90591
5.38495
-97.3771
5.74666
-121.915
-121.245
8.34846
25.2766
18.275
-76.3386
1.76399
58.7383
17.8622
6.50428
1.68684
-0.70062
5.57675
-35.7708
35.9998
18.508
47.4044
-48.7057
21.1144
14.218
-7.51327
17.5367
18.8414
-55.0922
-1.05467
2.6829
20.3083
12.6682
-56.9595
14.6204
9.79676
34.1949
18.774
7.23789
-52.8127
15.0585
-109.321
1.56608
12.4294
16.2106
8.78374
24.044
17.9581
-47.6362
20.8464
7.22678
10.4761
21.3525
-57.7608
8.00096
0.811092
7.26331
24.3355
17.8872
18.4426
0.135359
-40.8775
9.8
15.3054
-30.6753
19.4522
1.3522
1.20721
5.26605
18.892
20.7102
-30.9815
-1.27276
9.38716
45.0418
-103.396
7.61601
33.8004
3.22207
13.7135
0.396898
18.55
16.2871
20.2842
3.55316
-16.0929
35.8905
1.52236
-79.7775
9.74333
25.4786
19.5591
16.2667
9.92099
1.64505
-62.7991
20.7632
8.1559
-81.3856
3.14862
16.1546
3.87438
27.1729
19.7406
0.964711
21.5407
7.71472
0.669555
2.02251
17.276
-0.128092
16.9609
16.2204
0.335056
34.2691
32.5313
1.14967
12.4447
1.21155
-10.0447
34.4492
9.91242
18.7223
6.18055
1.49584
14.4773
-107.114
16.7145
-29.9916
58.648
16.8633
1.45339
-14.5909
24.6888
1.2823
-41.4979
1.27596
-11.0751
-117.983
23.1531
56.6828
14.5785
8.35332
22.2951
46.3559
0.730985
0.848576
-0.404147
-46.2786
-14.483
17.93
1.59706
2.01285
-35.3004
17.2012
0.373212
-46.6998
-100.375
-59.996
0.992992
-69.4946
17.3083
11.6584
15.9219
1.55093
11.9841
2.74433
-3.00083
27.2391
-96.4495
0.672059
1.53893
16.3631
11.9047
1.45691
18.2893
16.6714
-42.0778
-114.877
6.09073
19.8484
14.1325
17.4086
17.8326
-23.168
12.5411
17.0986
-6.66437
-72.2287
19.8857
9.77838
-7.11909
8.38277
1.12321
19.1934
16.7137
1.20549
-1.77675
9.36263
25.8866
51.6452
-85.93
33.9456
27.4006
29.7759
13.2816
-6.6136
12.3853
-108.208
17.2871
19.7295
23.2647
55.4999
-78.79
1.11615
-2.14839
-10.6095
-22.5926
10.2922
38.1333
21.0924
-4.04959
-4.65768
12.9427
-0.734887
9.89265
20.519
1.12321
14.5559
0.956603
15.4575
15.587
22.6659
-1.64226
20.7889
0.890436
17.6893
44.0859
-124.842
19.5229
47.3199
-4.39003
21.8879
25.6035
11.1677
1.98834
12.7737
8.02124
3.8376
4.51276
11.9373
17.2141
-81.7922
14.4907
-70.8782
-43.9614
43.7661
-9.27965
18.108
-81.7912
-24.4001
-8.67129
22.6495
10.4201
-13.0513
5.96801
-120.506
17.0813
16.2699
-81.1282
14.539
10.2517
1.61753
14.2046
3.40471
21.7323
-4.01342
15.9959
13.9002
-18.0673
16.1917
-76.873
0.638479
12.2799
57.9567
-38.9253
26.5498
16.9617
22.7985
30.3911
41.449
9.38306
2.53402
-6.41622
15.1809
36.9059
9.93256
1.24661
0.942584
1.50178
14.2618
11.9883
-112.957
14.6515
1.11755
1.42907
0.990615
-14.2241
-129.597
18.6656
0.84917
13.0001
-109.509
17.7803
-33.1088
2.81443
48.2003
14.9124
7.86716
43.5997
1.4206
17.6184
0.89253
12.5278
-18.7641
-112.51
18.3519
14.859
27.258
16.7009
17.4662
-53.4858
-5.239
-69.9712
-14.5515
-52.5437
1.55715
16.3544
16.9297
11.7429
0.819186
1.45402
-7.88241
3.66963
1.30472
16.0572
1.949
17.1611
10.8933
10.3068
1.07973
1.92982
30.1986
3.35918
-58.884
-7.4301
-6.72622
2.29789
-108.863
16.3358
15.1841
-85.2584
16.4325
6.17683
-46.0056
20.241
29.2726
9.86387
-33.5527
-34.2357
-1.2199
9.84097
1.70997
6.75133
7.88285
1.15432
21.5408
20.52
-100.547
-60.8044
25.0591
8.60032
56.5242
-29.6181
-116.948
1.40807
-74.4954
11.5441
0.908609
25.0632
-34.4739
-3.2206
23.3739
15.9016
-49.3363
17.9431
23.5588
1.55481
14.3425
7.58694
12.2834
-88.7222
7.57105
3.55814
16.0013
8.17968
3.17547
-42.2204
61.6495
-2.57659
-114.786
18.9001
42.8096
16.9932
-7.41526
-28.0485
14.5898
22.2606
0.83331
18.3584
20.6466
16.8824
18.8826
-74.6105
-11.5706
12.0025
-19.163
-43.1496
12.3979
24.7644
25.5496
8.66482
-0.0574178
10.0614
10.0913
1.67993
16.656
19.6858
6.79431
-94.178
16.5537
8.25346
21.5692
9.01681
-65.9485
49.9561
24.499
10.6445
1.13181
17.9735
-36.0381
37.6519
18.2183
-8.55564
13.2074
35.8086
52.8999
11.3623
23.4729
17.6346
15.7053
10.3958
10.2926
-15.907
17.1958
19.2995
18.5174
20.94
3.16899
16.0043
17.3406
10.0194
-44.2894
15.3191
8.37093
-1.2503
26.558
1.67724
-17.0409
-79.6406
54.175
15.4992
1.43771
34.435
31.3579
9.43662
17.645
-23.8224
10.3624
-30.1579
5.41882
18.0857
62.3631
26.7444
8.98816
-35.0371
-80.5659
16.745
38.2437
61.1586
16.4544
17.5829
14.7164
0.977497
13.0245
0.97048
-5.71119
7.20778
16.7641
6.96178
1.28964
7.10475
9.20561
-21.2079
-42.7527
40.0255
1.519
0.900985
-22.2942
62.5579
-62.1795
20.1325
11.166
18.2255
-105.589
-35.5767
14.1644
9.78514
16.7828
60.4122
14.0988
22.3125
11.2144
-33.4881
6.546
14.3889
18.6007
21.9152
13.1622
9.8193
59.6914
11.916
18.1657
1.39762
22.5058
17.2237
54.86
37.4964
18.9308
-25.0944
-31.0895
23.8199
14.0747
61.7806
-15.2934
20.091
19.711
-45.6426
25.7497
-61.6171
21.6087
-113.857
17.8658
4.09052
16.7825
30.7624
59.1396
1.39898
-26.9579
1.11346
50.1812
29.9352
18.2131
9.24092
18.9381
53.4317
62.9429
-83.3238
17.272
-0.627159
25.6857
20.9584
45.7373
-29.4243
18.7852
-14.3243
20.0081
8.14846
14.9079
-40.4594
16.0191
20.8899
57.0049
-63.8461
15.227
21.5531
10.5395
13.7573
10.5734
58.6975
-58.3776
-88.4509
-128.104
19.1397
-89.1263
3.82015
-8.33565
-11.792
12.36
11.1807
-12.5763
29.46
24.9458
44.7229
9.43226
-42.9186
3.17662
61.2537
-64.2335
1.48354
-5.5884
43.0708
18.2757
6.88118
-2.28341
13.2022
17.7381
10.2752
-0.112445
16.2961
26.1029
8.5761
-7.51636
-18.0988
4.46276
0.15519
13.9429
-46.1725
15.9766
13.9618
-83.5596
12.9001
6.29893
-86.4113
28.5255
-0.510268
5.78261
22.3996
0.357621
17.5465
-120.721
7.23903
19.2758
-42.4593
0.902603
1.08115
-2.91393
50.4194
-37.7937
22.3695
18.2984
17.1752
32.6826
3.35429
15.6344
-60.2581
-44.6216
39.5933
17.027
9.10615
17.5672
10.7855
-90.4651
22.2421
34.75
10.018
18.3799
16.7238
2.93174
8.39975
0.613723
-82.6771
-67.321
0.865567
16.6423
-72.0689
1.57393
0.751815
-7.33712
-13.6322
-86.7282
39.2625
62.2222
0.424035
20.6381
14.3898
-29.3502
34.957
0.736555
13.4472
9.65746
11.3287
24.397
16.6063
33.2835
13.9064
-24.4992
17.8458
14.4059
19.1473
18.5402
1.45278
0.405849
-72.4806
22.1018
5.89107
9.45656
6.17772
-100.08
19.4626
1.18271
-124.504
12.6137
18.5937
28.6225
16.3997
10.6008
1.80327
10.7845
33.6601
18.3057
-3.36996
6.26041
15.8391
11.7993
21.4974
24.7524
-24.5436
8.84771
17.7421
31.895
33.268
-79.778
35.1526
3.4596
8.05661
50.5824
1.48627
10.9635
-122.474
-33.963
26.5847
13.3703
-108.319
1.67264
28.5131
2.20115
16.4264
-127.518
9.54782
62.1178
18.1645
11.8327
4.57081
19.2556
-22.4021
26.8795
18.5204
-121.308
0.729353
1.62498
11.7296
-19.3656
30.137
53.9522
49.9901
14.1976
-30.1456
15.6152
10.7471
16.417
-46.9341
-37.148
1.12833
1.42668
17.1461
-1.89359
8.65899
-97.6945
12.2478
-9.60099
0.603282
19.7193
-97.7011
52.1847
1.51313
16.6575
39.928
40.3631
1.09386
18.385
17.1479
-96.3385
-15.577
14.5954
62.2864
-66.5554
-46.2586
16.4245
17.2481
43.035
50.5157
7.75344
17.833
0.923456
16.756
-4.72363
5.34857
-60.7619
0.0331364
25.9372
16.5737
24.0383
51.8459
-22.869
42.7546
19.0794
45.8205
-78.749
1.38708
11.8054
-6.35363
-97.8761
52.0509
14.9709
41.2199
18.991
-57.3424
1.4693
11.9331
21.6772
45.2093
-2.99567
40.5501
15.6818
-12.0437
7.0745
22.9411
-51.3487
35.9342
1.23513
2.33272
-40.2233
25.3294
11.3786
1.48339
5.73673
21.386
26.0937
9.43352
9.97691
17.2086
-98.7013
16.9058
20.0758
-16.4446
-55.4136
43.3232
-58.5354
4.1176
18.4707
10.1745
-66.7584
17.2468
0.977908
10.608
3.66196
14.4136
2.05356
-52.7408
1.43776
1.29742
17.0619
1.62802
-41.2322
12.3888
-49.6546
-111.986
15.8136
1.26477
-0.428839
21.3759
35.0851
1.5354
20.4073
-81.5058
16.7308
-7.31447
-15.2043
1.62924
24.6271
-4.86283
13.4809
2.7293
13.1413
6.26642
-1.45683
0.860695
-9.85549
0.898613
-31.6017
0.466601
57.1639
28.0391
1.31255
14.076
9.08157
4.92624
9.10554
-30.723
47.2907
-2.38764
-130.411
23.4492
1.45022
-47.2507
1.47402
18.275
13.2776
7.87858
6.42916
16.4047
36.3794
36.3266
16.7134
9.01057
-0.570243
-127.055
38.0669
-57.4543
3.8954
26.402
18.2867
15.1211
-113.232
16.3799
0.95552
9.38308
17.4541
10.0393
16.2424
-44.555
-62.6143
6.76733
-80.0891
-4.70557
4.49269
4.56109
11.542
4.7505
33.9835
1.07705
19.6217
-110.432
-102.929
13.3639
-4.61521
24.9081
-0.313239
1.88598
-10.5367
19.1942
-36.5053
9.2011
-27.01
14.9576
16.775
-39.1915
28.3448
9.41114
10.2108
6.70085
29.6565
20.8083
49.8194
15.1726
37.3171
10.7252
31.526
12.5758
7.76747
4.02403
16.5035
12.9846
26.4041
14.6532
18.1466
11.2762
-5.99654
17.9335
-32.4596
16.0788
7.27681
24.7988
-21.7051
54.2971
56.191
-35.4259
-123.432
-25.0385
0.030893
-30.6027
5.56779
9.28173
-1.29595
15.1783
1.43803
4.00947
-38.7589
-126.358
20.8037
10.0158
1.65209
0.945511
-19.0996
16.7525
-60.6919
-85.4157
3.82999
-96.7053
-10.9445
-45.8458
-28.7403
24.0612
10.9894
15.5048
4.25438
4.61141
-13.849
56.5094
0.845845
9.50587
5.77472
7.91255
27.7597
-128.991
6.96668
-17.2932
-69.0349
11.7188
7.07903
-47.5943
26.5975
-61.3965
9.76758
9.46401
15.9352
-46.9848
17.9429
-5.53757
24.5941
17.1908
-27.7439
18.4717
10.2041
-0.746161
10.2191
3.31079
2.2659
14.788
-14.3042
8.73986
16.574
32.3075
-42.8849
-127.549
28.2033
14.3054
-5.19721
-30.517
8.67551
-62.577
-30.753
25.0485
-59.84
11.3972
-2.40349
19.2412
6.59886
22.0873
55.4568
20.6736
12.1136
18.0388
-67.8142
-25.1491
17.4052
18.312
17.3402
44.3266
-28.3373
50.7528
34.2109
14.9174
16.0509
-64.9359
-105.384
9.36666
-100.895
14.6981
15.0695
-77.1161
13.7818
51.2983
-60.3203
25.5113
12.3215
11.2368
13.0674
-111.156
18.0694
-44.1926
-90.4002
17.217
18.9601
1.51169
-31.1735
-16.3666
8.71802
-1.68952
10.4594
21.3165
-99.5609
34.1525
-39.3222
55.4278
57.0559
3.11093
45.7358
-3.11436
18.7998
6.25641
9.97395
1.1538
1.33922
13.3905
-9.53578
18.3187
-105.326
-7.52339
12.02
-11.6863
11.5246
17.5933
7.45818
-82.6902
25.6387
3.20511
3.7485
6.4102
13.0711
60.067
36.3459
18.4105
-87.2798
10.047
11.2941
13.4319
-99.2845
-3.84189
-7.28299
6.87466
2.1646
7.24165
16.1829
10.957
31.4264
3.60161
5.91055
4.61335
22.7345
9.54274
13.2084
16.8274
27.364
9.08824
5.91282
-55.8177
17.1224
38.8722
1.3974
17.6479
1.48773
-4.51412
23.0642
43.7453
21.2487
12.3301
11.4723
18.4793
39.2241
51.3721
5.57707
36.6993
13.7074
3.84314
-20.0059
22.0063
1.52088
50.262
-33.2851
1.08522
17.6397
16.4182
-7.86626
29.7765
-67.7394
-24.0508
11.1894
11.7131
14.954
-4.06954
-108.442
6.62733
31.2148
-10.6986
10.3712
-13.4256
1.0994
-15.7059
11.6711
-122.924
16.8792
1.56998
7.44504
10.4649
8.99282
9.44966
26.4024
12.589
2.25329
-110.647
2.18367
13.1658
20.7426
-99.524
18.5467
6.96379
18.2575
7.65639
17.7824
52.4185
16.7945
17.7328
39.8907
9.54886
11.0556
9.3576
0.729641
52.1769
60.343
0.0919684
-64.8456
16.9275
1.64209
9.07548
2.09319
35.5259
0.118564
36.3216
26.915
-45.59
2.2003
-11.0689
15.0077
13.2784
-5.16075
8.54488
16.9638
22.6316
-44.37
-8.34738
-3.12626
9.28265
13.855
15.2375
16.2723
17.3574
4.4133
-34.9224
16.3515
34.0591
16.6576
38.0943
9.85789
4.36886
16.238
3.37255
37.442
7.31498
15.3171
2.85955
2.5615
-129.536
12.5885
3.21592
1.02919
8.8831
-12.6591
21.2062
1.54886
0.974735
54.1937
1.48223
14.366
-40.0862
-6.18693
38.5656
0.998355
27.9279
16.9705
18.6673
44.0072
1.89668
-97.4581
8.20173
49.1762
5.01123
-1.30186
10.5701
-31.1669
-101.007
2.30896
19.1372
3.86096
35.5206
18.0477
61.4994
-99.9347
-120.288
12.6214
16.2295
26.7996
10.2512
4.9472
9.62716
38.5048
29.3586
2.32833
34.2535
16.8988
34.1519
-22.0619
61.1146
-101.603
-78.2896
8.00345
7.4237
59.909
4.45293
1.85604
17.0172
20.4467
-103.803
21.4723
20.9959
16.5941
17.0313
1.57998
23.1987
46.2086
-11.8056
53.7846
-10.4637
17.6524
-44.5866
19.8811
18.9724
20.0463
1.90761
12.9891
0.760076
43.3331
14.9709
58.3421
9.95764
-8.04266
13.399
27.6104
37.5699
-70.6274
8.57193
49.4607
2.83324
-13.5925
10.0972
1.11838
3.14621
21.2764
32.7037
-113.329
13.7956
44.0407
4.58595
17.005
14.8241
12.6299
-21.2253
0.813979
48.7652
-39.1664
1.33238
-86.4996
18.043
-68.645
13.3622
18.1838
15.9126
52.2307
5.12217
5.31413
28.7616
0.813392
1.23288
-54.195
9.23597
18.6542
-0.61414
14.5263
17.6825
9.44261
18.1529
20.36
13.1757
14.2515
16.4996
3.98677
54.3264
18.3591
-75.9792
6.58692
11.9913
58.1329
25.3969
1.14573
10.2568
12.6809
20.5858
-121.441
1.59718
1.06841
9.81229
21.8086
48.5808
-23.1397
59.4866
-87.3608
-5.29494
16.2877
51.375
10.7341
9.39588
9.83631
8.15362
21.6074
39.808
16.3153
-31.9744
14.8744
14.8268
-31.3241
-76.8611
-31.2924
-128.172
7.521
17.6137
0.894443
9.30221
28.758
11.4096
-107.778
11.9021
25.5566
-1.41903
-3.39866
-13.7994
20.0166
52.2734
19.0154
16.8496
1.24033
4.6394
18.8272
1.09348
-15.314
-9.37326
56.5729
1.42986
1.62366
23.6041
-122.168
-40.7397
11.6885
55.5349
17.323
57.2044
7.78004
28.1151
7.15604
3.44286
7.94852
-87.1391
-1.70328
18.436
30.0564
-109.091
-67.1091
0.997038
6.05619
-17.685
15.4589
18.5587
12.0697
26.4469
-114.722
-94.6141
2.4829
10.7421
21.0664
0.70069
19.1746
22.3299
16.2422
0.655299
4.63567
16.355
38.5176
-52.3974
20.0236
41.7143
0.863941
17.5427
12.0756
1.08446
10.382
11.1513
50.779
38.6437
-121.933
16.7832
-9.35342
-15.1246
17.0546
22.3512
-53.6423
-61.8908
28.0886
14.9448
-104.861
-2.39306
-67.9398
-56.3083
35.2658
-77.6075
17.4407
-83.8415
-40.1243
11.4651
1.17207
-115.33
-119.263
19.9811
20.1164
-6.67503
11.732
20.9971
-115.202
10.705
-40.6349
10.228
27.063
16.4525
-6.59663
1.23429
39.2483
9.13645
2.34551
-29.6148
1.29092
9.23246
-31.75
6.84444
15.502
45.2018
17.6952
0.489318
1.2607
51.7772
49.0006
2.00199
45.4044
26.4784
-84.3002
38.6696
-97.7972
-13.7596
12.6916
-90.9418
54.876
3.18134
2.39439
14.1817
47.2709
7.45942
18.0322
8.7388
-12.4888
9.5644
2.28597
26.6319
16.5506
-55.2385
-14.4756
10.4017
11.0231
17.0818
30.6991
54.1703
18.7545
21.7186
-100.998
1.15067
51.373
-52.6767
-71.8401
1.15767
9.74405
27.7965
26.9078
12.8088
-57.8879
11.7071
-114.792
-10.4735
-8.5102
-84.5513
24.0314
1.46511
5.48783
25.7676
0.790445
13.9867
16.4638
7.74182
-20.8514
-32.936
-118.761
-29.0316
16.4161
14.7077
-2.79118
9.77479
-118.235
-3.27844
8.82763
4.0328
-63.6554
16.3225
16.6361
-18.2048
9.43602
17.2043
18.1222
36.681
23.1632
-1.15008
16.3454
-31.5225
0.608998
8.90567
7.06746
17.9519
-5.45254
4.81932
16.7383
19.1404
8.40926
-1.6791
18.4057
24.4825
38.8926
-0.609408
-8.94621
-106.654
-44.2807
17.5477
15.8294
18.1637
1.90499
17.5632
13.022
-4.77205
2.58686
28.6404
41.2771
-12.1679
0.584295
1.24199
28.8835
10.8575
-48.1413
1.36159
0.976434
15.2756
19.4446
18.7885
18.3098
-2.01579
26.8404
-8.92534
19.0415
-26.5934
-90.6355
1.00882
16.3096
14.6708
12.8707
-60.1732
51.804
56.9171
12.637
23.2332
18.579
0.89697
18.742
19.1159
23.5707
15.1623
39.6935
20.5618
-16.2323
-19.5298
13.2418
7.38139
-26.7489
1.45369
17.5085
25.1266
10.747
1.62867
16.8715
-25.6656
1.81315
16.5234
22.0517
-14.3903
-71.3167
11.0136
6.04151
1.58675
-59.8164
20.5044
17.9027
-33.0052
17.0184
0.592672
-5.46367
-78.2611
12.5534
16.6831
-5.99311
1.03817
-46.4911
-33.7308
17.7563
10.4298
-25.934
19.5959
2.94724
-46.3729
-39.3223
20.3285
25.41
14.546
-120.913
16.7342
16.3794
0.896022
15.6551
-40.9891
18.9407
-41.4421
18.9751
0.995176
-28.4866
6.73203
13.4477
10.9305
23.3115
50.2933
5.15115
1.43339
8.09794
55.2233
18.9786
18.5422
-74.169
12.1376
12.4554
45.3473
15.797
18.5976
16.4355
18.9753
-115.582
23.2789
-63.5264
-67.7308
3.43893
0.977596
-99.2689
13.4888
4.49152
23.2136
-79.2735
5.70972
5.41708
-17.1463
-10.6449
15.3902
-110.981
13.6963
-103.256
22.7949
-78.5323
1.61241
57.1491
46.2046
18.0743
19.2649
5.45826
48.8999
43.3936
56.7968
-24.2188
42.3255
19.1482
18.7177
1.24487
13.6028
22.144
-73.888
9.95606
0.0259799
-92.3375
-24.1309
8.62065
9.97665
-32.1108
54.6782
35.0368
1.48519
-45.0037
8.38385
0.831336
2.38073
23.7369
-110.969
12.9094
-35.9693
8.46542
-97.17
57.6937
15.3503
13.6068
-70.5074
1.6878
13.876
6.74037
0.904133
12.2457
53.1992
13.8601
38.8989
42.1792
12.1681
-90.5436
-12.0434
10.8828
24.7627
30.2057
12.6176
-33.222
16.637
18.9476
-90.7068
-8.30996
10.2973
18.4904
32.8756
61.3423
2.70627
4.79486
-105.297
2.47896
35.3115
7.36898
6.66559
-109.156
58.7353
7.77424
-71.8563
14.0959
-79.2951
18.1187
17.8532
16.1572
16.838
1.40815
13.1156
2.63803
31.0943
62.9486
5.33441
2.20528
10.1779
7.72568
-2.20296
9.18706
54.102
12.6559
3.6794
1.27401
-74.6242
6.44729
27.9466
7.30137
17.9241
-42.3315
1.02614
11.0793
16.3687
13.9189
15.1585
-95.0474
2.99272
-95.2626
29.1059
-83.0896
-31.0687
26.2709
14.7735
-66.1426
40.2299
6.54074
1.6928
2.88877
17.8945
11.4552
14.6158
2.76349
14.9372
42.3415
17.6235
9.54602
15.9306
20.5942
-19.9139
18.0164
19.8904
1.23069
12.0986
32.5139
30.2865
1.09121
-1.55715
-5.27998
-63.7301
-45.456
17.0066
14.6341
-0.125288
1.49073
-16.8382
-110.631
16.8953
16.7398
17.183
18.4947
4.42594
20.1667
-28.384
-91.1936
1.14915
9.03951
11.3821
10.239
-20.9429
40.4523
7.01509
16.1511
-66.9521
15.6037
16.2776
0.851914
1.58979
3.79733
50.2144
13.3054
17.5892
14.6696
18.2329
16.1663
-98.3175
7.54479
6.08552
-116.024
21.1434
11.8788
-56.1238
1.2603
23.4478
-97.9428
-58.6988
54.8532
-5.67079
16.9232
-74.4222
55.4232
-24.752
51.5368
-75.5304
-3.19311
-83.1813
-95.9273
15.3184
23.0285
-8.37141
20.0808
13.2041
1.57981
56.1266
17.2963
-1.41822
1.85163
-67.9867
1.61703
20.6836
2.77969
26.9678
16.504
12.9313
14.8602
-118.679
1.44696
17.2753
15.8101
11.0226
16.2458
1.47433
6.793
8.97302
10.8578
18.8211
8.86556
2.19354
15.3278
0.829118
-19.6841
16.5771
9.37157
44.3085
3.48884
7.63684
1.89395
26.6327
55.4457
15.0186
44.5698
12.4647
18.8807
-12.2098
33.3778
1.6068
16.3408
30.8134
15.2246
10.0851
0.883624
16.034
7.96912
2.27743
-5.3708
-28.0817
-75.76
16.9728
-5.14671
15.0432
-26.1626
1.38248
3.65696
41.7027
18.3917
31.2473
16.3204
58.9656
17.8401
-5.02006
8.23244
28.5249
16.4021
2.39712
-72.8602
-1.43089
30.215
17.2438
-39.7822
3.83075
20.3459
5.34955
39.6524
0.225796
13.7032
17.7273
-8.23676
16.5886
-18.0045
14.2771
13.4945
-69.4935
27.9038
16.5946
6.05322
16.7166
15.9242
30.4162
27.232
27.0341
17.82
1.59499
6.70353
14.2167
11.2864
0.766759
-38.3683
18.271
-112.591
36.5577
17.62
19.5578
17.3578
28.6897
-13.846
17.9089
11.5149
1.52714
-23.8924
-99.5119
18.5026
-21.5036
29.823
0.771779
34.0257
4.34145
-18.9118
-52.742
2.99207
19.1307
0.63395
16.4449
-92.7229
2.27666
17.1086
2.57351
-1.26813
-22.7711
-50.8773
24.3697
2.83238
14.1171
9.13064
20.2468
10.0299
-117.399
-40.963
7.53588
33.3694
3.95184
17.3357
20.3083
-56.987
23.4058
15.1005
-11.3953
-11.9766
14.9619
-2.06553
-79.8374
9.9468
2.37949
-39.1044
-102.477
4.01116
2.35838
17.4584
32.4674
-3.78771
26.4993
-110.775
1.00213
-39.6111
7.21215
2.28655
0.588443
13.6501
52.2078
51.9664
12.1071
-122.195
8.14769
-116.173
-10.5515
55.6743
52.5423
0.594334
4.37548
18.3658
2.15137
0.57792
7.3772
-61.3837
24.1235
-52.8316
1.27558
-112.394
13.3394
21.0351
-53.4374
7.46726
19.0544
20.1346
0.406835
16.4453
0.905709
-28.8719
1.97304
7.01617
4.47001
18.5381
45.6703
-21.6673
25.6744
46.8279
24.7676
-123.881
14.482
-7.60734
7.82368
1.19465
8.63574
2.07128
18.6176
-30.5749
2.06568
-100.704
18.3116
19.8769
-125.002
9.40553
4.33168
48.1574
9.737
-96.2055
1.05071
0.997725
-94.273
55.6704
11.483
14.3535
16.1789
-50.368
-41.1439
55.6507
2.05584
21.7493
-113.016
24.0504
13.3098
-66.3098
15.9116
-10.8945
0.928527
-43.3799
13.7666
4.15735
0.774459
-9.1014
42.4821
16.01
29.8637
18.0826
28.6834
38.0205
-86.1435
-110.816
-9.99645
53.9045
25.5263
13.7775
57.5817
7.77256
-25.2779
58.6868
-66.5235
8.85711
53.3723
6.94088
2.30821
24.3287
6.35183
-1.73045
-104.291
15.3883
17.3032
-48.5191
10.402
15.0939
-17.0703
13.6225
-36.5264
31.2037
-16.7785
20.6067
8.93539
-11.1652
1.42383
11.6309
21.1498
-16.9557
20.8451
-36.264
18.4097
-7.22183
-11.6128
1.55672
60.1128
1.47186
15.8097
-53.4349
-37.3865
13.199
8.35747
23.8917
27.2881
18.8414
2.67806
15.7585
7.13753
-8.6598
-87.0049
15.8818
52.7085
-60.6908
32.9892
4.61597
1.47334
8.95613
-3.90279
17.7587
36.1254
-16.7743
26.3156
-6.88866
-19.7598
0.97803
17.2633
-1.31605
41.4491
40.8393
29.8846
0.9539
-2.80699
-48.9528
-42.4846
48.1232
1.20508
11.6344
19.3008
-36.3709
18.338
1.02861
22.0141
-52.1878
54.031
16.6243
4.50173
12.2248
9.75494
0.513118
43.6335
-15.0074
-42.3417
53.6156
0.806566
16.4014
-34.1588
-29.5033
23.2185
0.806024
-88.4753
16.6083
16.1653
21.7283
8.86136
16.5716
0.941169
3.06905
19.1243
55.6512
12.7834
3.8016
-84.3425
-51.4948
9.36339
0.892305
11.5517
-103.592
0.891899
12.1394
-2.42252
4.10156
-56.1626
18.1189
-3.57666
0.667566
39.8589
-1.17001
-34.524
22.4092
16.1196
14.9602
40.9805
46.6497
-14.9324
3.83867
-20.5639
16.5526
0.0462408
9.35945
8.2927
13.9166
-25.6264
2.76421
15.669
12.4056
-46.7787
15.5876
-45.4701
-67.92
17.8465
9.60335
19.8754
15.9691
6.12052
-29.013
15.0095
-22.5376
7.61567
15.344
-94.1252
4.74707
-45.8805
-52.7003
11.42
12.1162
10.6145
-16.544
8.55334
-32.4452
21.6489
9.09222
9.36037
2.37715
12.8545
7.18347
5.36633
11.9136
1.47876
0.787708
17.7793
-54.1567
-11.0274
-73.142
33.4193
28.1583
22.1511
7.67385
56.2445
-15.0992
33.2256
-23.0778
-72.4793
14.4309
2.36314
15.4957
9.11662
14.8991
-80.288
6.39923
-39.1012
39.8278
12.5125
-36.2862
3.76323
-50.4191
1.19293
16.9829
6.55041
11.8105
7.88882
-27.7197
16.8892
6.42746
-5.39456
-48.4112
-38.5915
-14.9744
-7.68888
2.01735
23.9736
6.09414
50.7145
-123.6
16.5335
23.1236
19.0128
1.14403
6.20595
15.8588
9.26284
32.9028
53.1398
-3.8183
17.8296
58.8902
-39.9211
-17.252
1.92473
53.3908
-30.7297
-36.9436
13.7129
22.9724
28.3207
-31.216
7.37309
1.97047
-22.6014
0.886513
-0.320352
-81.8294
-15.9891
12.7986
-1.69076
1.52984
0.765049
9.46672
9.7218
-20.6289
13.5983
30.7165
6.85646
-33.029
16.01
15.4022
41.8043
47.3395
3.45708
-0.506766
-1.12531
15.3101
-4.39444
16.0418
-69.9516
10.5625
4.55697
16.2689
27.7823
6.77435
-20.6816
12.1279
34.9574
-87.6092
11.3304
15.1903
3.43429
5.367
11.3478
-12.8461
10.2959
11.0103
16.6876
48.6011
-36.5175
8.57689
15.2342
11.0535
18.5331
17.6893
15.9698
51.494
-0.200464
4.64616
-6.32583
6.72424
14.2487
-71.8155
6.58077
16.2311
21.3303
18.0299
34.9013
45.4197
18.0724
16.7848
16.6859
-20.439
1.0922
-26.437
14.6365
-64.2597
29.4639
-25.3999
51.7075
-30.8084
1.28743
-13.7596
20.4611
46.1493
-110.688
62.2389
1.34392
40.7854
18.9811
15.2334
15.7813
7.71562
47.9702
15.8737
8.97835
16.0764
27.1606
18.9237
16.6263
47.549
-58.3954
9.60659
2.08108
-7.18102
20.5328
1.9164
1.43722
18.0844
7.05031
-2.44575
16.1899
20.8615
0.820825
14.9892
43.9745
39.2278
12.4598
21.0819
37.3603
3.545
62.2114
45.2639
9.35132
7.12302
-68.9452
7.86404
22.1237
-51.5688
18.0561
-130.758
16.1935
9.70158
-66.1914
-73.0873
18.7034
1.37492
1.59288
1.55875
-0.779616
0.974869
17.8091
9.08667
60.7875
-28.1641
-97.7017
18.3851
-9.47963
1.39917
8.85475
13.4659
11.498
56.9773
15.6554
14.4887
11.7563
17.7209
1.00745
53.9918
59.5396
-106.348
-2.98368
24.0354
24.3256
24.3776
-11.5964
60.43
22.2018
28.135
-20.7672
1.34018
58.0643
1.20973
18.377
9.50979
17.3914
16.2987
17.0837
1.11122
7.35801
13.6914
-4.43858
10.9692
-68.6305
13.5581
-92.5611
20.3201
14.8216
24.8991
16.6474
16.3849
21.8332
21.3217
-39.1565
18.6924
9.06872
59.4499
1.17621
-14.7902
16.498
19.3757
2.34736
-69.5892
11.4301
0.881976
23.0284
11.1456
2.94881
16.5128
-37.0653
15.7913
17.6156
16.2657
23.1985
1.41925
-12.6707
15.2816
13.3291
12.6661
-19.2681
14.0612
21.2845
14.5382
-18.335
14.5827
12.7799
9.40542
28.9025
-16.1091
10.5948
12.9687
10.1264
14.3565
17.0271
8.31322
16.8312
-41.7986
6.42697
-16.1576
-27.0584
14.6771
14.8454
9.21388
16.5035
4.65328
14.478
40.1728
41.653
18.6341
48.494
7.57271
8.13743
8.56632
1.51107
24.4719
18.7774
20.4675
-2.29313
-66.6102
23.6282
-45.0572
11.1537
53.2297
40.7282
-38.4874
27.8524
2.17393
10.296
2.22864
54.1717
-16.1161
-72.5006
17.5808
58.7089
1.60089
15.6243
1.71177
13.9112
-17.5575
-12.525
6.85846
56.0138
59.2848
1.3989
-74.343
-1.97442
-80.3208
10.8334
0.369638
13.3357
18.2501
2.86232
-31.2824
1.21549
16.0813
13.5139
16.4619
9.88725
47.1994
14.0498
-3.82264
13.5981
-2.31183
12.9428
-13.2587
1.43771
5.0416
12.2437
-76.1689
16.9409
36.2138
6.53635
1.49402
8.48249
0.826873
21.4987
14.5735
-73.6008
8.43117
-11.976
-9.17692
21.4574
-24.2694
18.3111
-1.1447
-98.898
-55.6051
14.4923
-1.43617
9.5434
2.24163
52.8232
13.5207
-26.6911
28.4799
16.1681
-2.14486
19.1645
20.9629
-53.2686
-53.5959
12.1311
16.2474
20.9718
19.0489
20.4692
1.40798
61.2202
16.561
8.61342
4.75168
15.5168
17.0735
-25.5965
-72.9383
-35.6397
1.65898
-17.5385
-16.3855
47.0722
2.11303
18.5127
-40.6735
10.7595
-74.3367
2.79236
16.6271
19.0079
3.61323
16.9141
18.2976
16.4394
11.82
22.0877
12.4699
16.8355
31.4651
13.3647
1.61224
18.0054
16.5928
16.9507
-35.9671
17.0846
2.82451
32.0443
16.8915
-73.3992
0.198391
9.01496
34.1615
12.806
19.1032
15.4088
9.96437
38.4994
-75.2674
1.55391
-27.0755
0.762712
-90.4774
2.56841
34.2023
5.8494
-1.46027
-28.806
50.6552
2.46353
11.6768
15.3268
25.4879
-36.2899
4.14418
14.0975
9.14605
8.4001
14.9323
16.4341
28.8742
18.1371
23.7238
13.3966
12.0607
6.18128
2.02895
4.25798
8.86385
1.30055
8.3925
-2.73222
61.3551
8.4948
13.4451
-30.5351
19.2686
27.5256
2.26414
58.6665
1.55678
12.2499
-10.8123
6.43645
19.3389
57.3039
13.7141
28.348
16.5258
-8.24408
1.01159
0.979671
17.1404
18.7716
6.67826
19.0698
0.847236
-10.235
-3.50965
33.8372
12.7576
-12.8061
-2.11356
1.51436
-92.6036
-5.57234
18.3289
-100.659
-66.8568
16.0232
-29.5479
-16.1445
-27.381
17.1089
8.73626
11.0527
8.09361
-55.083
-32.0197
18.3844
16.1145
19.8759
2.84731
23.1594
18.8235
17.1397
21.6467
0.779065
56.0602
28.69
-52.2865
6.63225
12.0661
1.34428
40.4131
16.3839
-37.7262
2.1876
17.0515
-14.1859
9.55905
-72.6675
0.99365
41.1323
18.0076
20.6621
-15.7994
53.9817
12.3154
16.009
33.3048
7.73553
1.5729
16.9754
-33.9386
-22.6379
9.50855
16.3064
36.6412
18.079
10.7445
-9.05883
-12.9104
1.23377
16.5388
-71.4005
18.8665
19.9736
-37.0794
16.6566
55.3322
58.7951
37.5896
21.4693
22.1729
28.1224
3.79683
16.1424
19.2803
12.5664
10.2122
-57.9608
-2.99626
-18.2286
15.4095
13.4109
-70.0804
-8.45914
31.2581
13.9002
10.1329
-94.0989
10.3223
4.00988
40.9372
1.13823
1.08383
13.2079
8.4562
9.8671
5.54173
16.4043
18.3581
21.391
-93.0922
-69.982
2.00975
17.1699
-6.87489
50.4687
8.4611
16.7558
-103.727
15.6179
18.9516
10.0107
-6.58606
-73.6641
5.35981
59.2305
41.6477
14.428
14.6291
14.3617
51.432
2.34151
21.7244
-84.0993
42.0124
-28.7264
2.91708
12.4479
22.2078
17.0931
16.7183
11.0299
-6.22325
-55.0922
9.22427
5.82547
10.1035
17.6676
13.8107
53.6749
18.4072
-21.7289
-2.887
24.4909
11.1645
22.2432
2.68515
12.506
-80.2828
-45.1729
16.4235
6.9225
21.5366
17.2998
17.5923
15.4075
13.9607
-0.950656
18.7787
18.2981
-0.473314
-87.6228
16.7399
29.544
1.35505
1.32597
-11.0919
10.6379
4.5414
19.6361
21.6149
11.399
16.941
3.22684
-19.3291
22.796
6.26087
6.38947
18.9183
8.00055
16.5219
-50.5245
18.0548
-14.6364
8.93236
49.1285
9.50623
-109.545
13.0356
2.39436
-0.810306
-47.7861
0.870704
-64.7404
6.4891
-97.1786
-13.4686
13.5292
-13.5967
-101.688
3.86377
-0.0247732
9.83368
52.8322
9.58951
-108.735
46.3479
-96.0185
4.65105
47.3297
16.712
0.991648
-17.6977
18.3507
18.132
-54.043
0.927102
15.6269
-11.4886
1.64438
47.3363
-63.0261
6.14354
13.3984
10.9372
16.5547
-0.901812
16.9631
15.8254
44.0633
1.35694
-3.73352
5.21492
8.53065
16.4493
-11.2866
19.0522
-44.0033
16.3815
9.33848
-91.1881
19.1058
8.26741
51.1803
-4.01551
7.64511
60.1286
19.6789
-23.3916
49.3077
25.304
2.22369
14.4464
16.4175
-34.9262
-74.1811
17.3744
32.319
-9.83444
31.1486
18.5516
16.6011
14.5525
-90.6747
-30.7832
16.2499
16.4487
2.19863
16.91
-40.862
-25.7556
14.7507
-38.7466
55.1605
13.7364
31.0979
8.75837
41.0288
-8.62852
-77.6374
11.5776
16.3997
-58.385
6.43186
-36.789
13.4843
-38.9861
15.9056
15.305
-0.58213
-11.0052
-35.4242
14.1887
-57.3693
36.1346
12.6881
3.33731
1.48842
-99.7447
-2.71274
18.8989
19.1749
8.07605
6.51579
-84.1075
-20.1435
8.81169
20.079
-102.901
-46.6339
1.36766
-7.78725
52.1261
1.08428
-11.1648
22.5615
22.9812
16.8977
0.525836
0.775573
15.273
16.8166
-9.62816
34.8745
18.2834
20.8823
4.80032
37.9681
16.6812
17.8091
-37.5331
-67.2546
55.5132
56.2736
16.7231
16.5779
-75.1675
16.5076
15.9764
14.0115
-8.61418
-0.378297
-2.49755
-102.108
19.046
9.63583
9.46285
-92.4361
-34.5929
1.37791
24.8633
-59.4278
-59.6986
55.5712
17.6986
8.1602
45.5224
16.9932
3.70501
28.4743
10.5421
14.1396
15.6183
-57.5375
8.17989
16.5705
1.89858
22.0074
-28.1078
47.3938
12.2422
18.1758
14.5579
-3.29641
-9.2161
19.0682
13.0216
-22.0747
30.9057
16.3536
20.3087
19.2971
-34.9979
2.10958
6.01154
-41.4926
16.9487
16.8945
-13.5913
30.5686
-1.30545
-79.1974
9.39503
3.57378
-60.36
11.8225
16.7896
-33.2183
-14.6728
44.9253
-37.0732
-51.6804
-47.9808
13.9533
11.3814
17.9548
-68.3038
-1.14317
-116.291
10.4286
19.1216
16.8312
16.0209
8.07953
5.51222
2.23802
17.3221
0.906725
15.6857
19.2206
12.0833
-6.88115
13.4886
3.1963
16.5867
8.26319
54.5209
21.1955
-38.2444
1.33537
-23.4718
12.6092
16.2409
10.3311
21.5114
18.4713
-44.196
-0.201651
12.4222
-1.41618
11.9004
17.3459
32.666
14.4112
-18.4707
20.329
-2.00457
13.4525
-67.1396
9.6326
-17.6384
26.3056
-27.9028
4.55066
5.5409
-25.0592
30.2059
44.574
-72.5281
12.3588
16.4277
1.23577
-12.8118
5.53178
34.7159
13.9452
5.63138
6.15951
0.0253029
13.7113
12.4188
21.9838
23.4907
16.8952
43.9718
16.3367
18.8534
2.35694
11.9516
5.37005
-4.96624
16.6536
1.82243
3.75758
18.1593
20.5376
17.6305
19.3444
2.62484
-114.545
12.4711
18.2673
11.3207
5.40814
53.0635
38.2216
2.21807
-7.62259
-32.8656
5.32489
31.0385
2.73923
2.00533
14.4668
-35.7034
-3.3391
14.5088
13.8048
-55.7107
-98.2297
-8.55861
2.51432
18.5916
54.4577
-3.07121
16.6426
-51.5529
5.43275
-14.9226
-99.7578
1.5313
48.1887
-55.1947
15.4541
6.76983
-35.5802
18.6092
6.23039
19.2606
33.0311
-93.187
-1.82682
6.28051
-3.14503
2.78388
20.2506
40.6298
17.4464
1.16358
0.635807
-107.167
16.8807
16.3731
-97.7266
-71.7861
9.35719
16.6966
-27.393
46.1589
0.888979
21.2389
15.9615
27.793
-50.8604
14.1606
5.7814
1.55755
24.4471
-85.8811
21.1607
-104.814
-4.82468
20.2872
10.6288
15.2704
3.92774
-30.3151
18.231
11.7503
14.3276
46.5764
17.8809
-7.85602
8.16807
-22.9468
57.5822
12.3308
21.6385
-10.5834
2.30052
6.08729
0.877246
10.7657
-11.5008
-65.4104
15.3214
14.99
20.8172
1.54708
2.75688
18.8433
4.94223
-41.6046
-3.64928
-81.7204
38.3996
18.195
10.3152
11.4912
16.2185
0.549988
9.16871
10.4835
6.25326
3.9532
5.91684
5.98945
36.2067
23.5983
-40.4734
-85.7785
6.75221
6.18196
46.2455
-9.25528
-85.0263
24.6551
6.46116
17.6712
17.037
-106.204
-9.24921
23.8259
6.16024
8.92714
20.2054
-8.09275
18.375
0.815295
17.7053
-51.644
9.51403
9.05954
1.47702
9.11956
13.788
-74.6446
1.4203
20.7247
-12.0779
19.3378
8.22974
3.39223
-38.23
-13.9207
5.78295
17.0544
20.8774
36.632
-2.29675
25.4291
16.964
4.40322
-12.4477
2.48656
-94.2556
9.35946
13.0163
17.2925
20.0443
-16.4049
-15.4222
-103.156
14.74
8.69706
19.8526
33.0091
-56.9077
-49.9929
20.2471
14.4724
-95.1996
-7.73108
-68.8052
12.7513
16.9575
-55.2995
-10.0414
12.3257
14.6792
32.8581
6.70268
-112.894
-49.3727
15.3217
-57.3588
31.6458
19.1719
19.5406
2.76388
8.94361
-13.5833
17.0538
-41.9967
54.4546
47.2925
8.04422
4.38521
-39.7679
-92.1318
5.58123
17.3315
5.59367
5.18875
-5.95179
18.2384
47.9333
-2.17432
8.67508
-20.5033
-7.15632
17.5142
9.32031
-18.4617
46.9746
-70.1099
36.7646
49.9896
15.8295
18.0697
17.0033
-6.03538
22.2516
28.8349
-16.1544
7.09834
-27.3811
-53.0772
16.0289
31.7902
7.72494
25.1692
-88.3377
16.1745
49.4418
)
;

boundaryField
{
    frontAndBack
    {
        type            empty;
    }
    cylinder
    {
        type            zeroGradient;
    }
    domain_boundary
    {
        type            zeroGradient;
    }
}


// ************************************************************************* //
