/*--------------------------------*- C++ -*----------------------------------*\
| =========                 |                                                 |
| \\      /  F ield         | OpenFOAM: The Open Source CFD Toolbox           |
|  \\    /   O peration     | Version:  2.3.1                                 |
|   \\  /    A nd           | Web:      www.OpenFOAM.org                      |
|    \\/     M anipulation  |                                                 |
\*---------------------------------------------------------------------------*/
FoamFile
{
    version     2.0;
    format      ascii;
    class       surfaceScalarField;
    location    "0.1";
    object      phi;
}
// * * * * * * * * * * * * * * * * * * * * * * * * * * * * * * * * * * * * * //

dimensions      [0 3 -1 0 0 0 0];

internalField   nonuniform List<scalar> 
5856
(
-1.79728e-07
1.79728e-07
-5.5008e-07
3.70352e-07
-1.04101e-06
4.90929e-07
-1.59334e-06
5.52331e-07
-2.14371e-06
5.50372e-07
-2.639e-06
4.95287e-07
-3.04552e-06
4.06517e-07
-3.34886e-06
3.03344e-07
-3.54987e-06
2.01008e-07
-3.6609e-06
1.11027e-07
-3.70275e-06
4.18526e-08
-8.0557e-09
-3.69469e-06
-8.10186e-07
9.89914e-07
-1.70138e-06
1.26155e-06
-2.50126e-06
1.29081e-06
-3.15471e-06
1.20578e-06
-3.63835e-06
1.03402e-06
-3.95641e-06
8.13345e-07
-4.12925e-06
5.79353e-07
-4.18368e-06
3.57773e-07
-4.14615e-06
1.63478e-07
-4.02508e-06
-1.00398e-08
-3.85409e-06
-1.29134e-07
-1.99373e-07
-3.66278e-06
-9.04347e-07
1.89426e-06
-1.76655e-06
2.12375e-06
-2.41322e-06
1.93748e-06
-2.84268e-06
1.63523e-06
-3.08753e-06
1.27887e-06
-3.19137e-06
9.17188e-07
-3.19383e-06
5.81812e-07
-3.12691e-06
2.90848e-07
-3.02047e-06
5.70386e-08
-2.90693e-06
-1.23575e-07
-2.75427e-06
-2.81796e-07
-3.81075e-07
-2.57257e-06
-7.8373e-07
2.67799e-06
-1.52039e-06
2.86041e-06
-2.05327e-06
2.47037e-06
-2.42294e-06
2.0049e-06
-2.66564e-06
1.52158e-06
-2.7926e-06
1.04415e-06
-2.80496e-06
5.94169e-07
-2.70679e-06
1.92679e-07
-2.51021e-06
-1.39548e-07
-2.26758e-06
-3.662e-07
-2.02483e-06
-5.24551e-07
-6.18819e-07
-1.78708e-06
-6.55214e-07
3.3332e-06
-1.29042e-06
3.49561e-06
-1.77677e-06
2.95673e-06
-2.14536e-06
2.37348e-06
-2.38777e-06
1.76399e-06
-2.47609e-06
1.13247e-06
-2.40335e-06
5.21433e-07
-2.20414e-06
-6.52613e-09
-1.91513e-06
-4.28566e-07
-1.5796e-06
-7.01723e-07
-1.25023e-06
-8.53924e-07
-9.15496e-07
-9.53554e-07
-5.44449e-07
3.87765e-06
-1.10832e-06
4.05948e-06
-1.59353e-06
3.44194e-06
-2.00307e-06
2.78302e-06
-2.28107e-06
2.04199e-06
-2.35768e-06
1.20908e-06
-2.21131e-06
3.75062e-07
-1.8531e-06
-3.64734e-07
-1.3961e-06
-8.85566e-07
-9.22715e-07
-1.17511e-06
-4.94704e-07
-1.28193e-06
-1.27023e-06
-1.39973e-07
-4.33151e-07
4.31081e-06
-9.3804e-07
4.56437e-06
-1.44871e-06
3.9526e-06
-1.94898e-06
3.28329e-06
-2.32808e-06
2.42109e-06
-2.42967e-06
1.31067e-06
-2.18769e-06
1.33082e-07
-1.6199e-06
-9.32529e-07
-9.22745e-07
-1.58272e-06
-2.5312e-07
-1.84473e-06
2.99379e-07
-1.83443e-06
-1.68327e-06
7.12428e-07
-2.92994e-07
4.6038e-06
-7.25605e-07
4.99698e-06
-1.28859e-06
4.51559e-06
-1.97658e-06
3.97128e-06
-2.56787e-06
3.01239e-06
-2.73642e-06
1.47922e-06
-2.32026e-06
-2.83083e-07
-1.48517e-06
-1.76762e-06
-4.80369e-07
-2.58752e-06
4.37712e-07
-2.76281e-06
1.13845e-06
-2.53517e-06
-2.15388e-06
1.60905e-06
-6.79552e-08
4.67175e-06
-4.11977e-07
5.341e-06
-1.04829e-06
5.1519e-06
-1.94948e-06
4.87247e-06
-2.69228e-06
3.75519e-06
-2.79127e-06
1.57821e-06
-2.18618e-06
-8.88174e-07
-1.07495e-06
-2.87885e-06
1.7273e-07
-3.8352e-06
1.25796e-06
-3.84804e-06
2.04594e-06
-3.32315e-06
-2.64825e-06
2.54031e-06
2.54775e-07
4.41698e-06
6.54675e-08
5.53031e-06
-5.0389e-07
5.72126e-06
-1.37253e-06
5.74111e-06
-1.96641e-06
4.34908e-06
-1.84082e-06
1.45262e-06
-1.05435e-06
-1.67465e-06
1.53065e-07
-4.08626e-06
1.3839e-06
-5.06603e-06
2.38451e-06
-4.84864e-06
3.07803e-06
-4.01668e-06
-3.06656e-06
3.49635e-06
8.1843e-07
3.59855e-06
9.37532e-07
5.41121e-06
6.26299e-07
6.03249e-06
1.8323e-07
6.18418e-06
3.09675e-08
4.50134e-06
3.66919e-07
1.11667e-06
1.24514e-06
-2.55287e-06
2.27664e-06
-5.11776e-06
3.18255e-06
-5.97194e-06
3.83488e-06
-5.50097e-06
4.24267e-06
-4.42447e-06
-3.29432e-06
4.47042e-06
1.05139e-06
2.54716e-06
1.97084e-06
4.49175e-06
2.32105e-06
5.68228e-06
2.53322e-06
5.97201e-06
2.91542e-06
4.11913e-06
3.49437e-06
5.37719e-07
4.24445e-06
-3.30296e-06
4.86773e-06
-5.74103e-06
5.24119e-06
-6.3454e-06
5.39701e-06
-5.6568e-06
5.43419e-06
-4.46165e-06
5.42812e-06
-3.28824e-06
-3.64254e-06
-5.21526e-08
-3.56119e-06
-8.13517e-08
-3.4574e-06
-1.03792e-07
-3.33083e-06
-1.26562e-07
-3.15671e-06
-1.74121e-07
-2.92196e-06
-2.34754e-07
-2.60662e-06
-3.15344e-07
-2.18637e-06
-4.20243e-07
-1.64239e-06
-5.43983e-07
-9.90253e-07
-6.52137e-07
-3.43567e-07
-6.46685e-07
-3.43567e-07
-3.45955e-06
-2.55379e-07
-3.24093e-06
-2.99971e-07
-3.00706e-06
-3.37657e-07
-2.75873e-06
-3.749e-07
-2.51269e-06
-4.2016e-07
-2.26716e-06
-4.80277e-07
-2.01698e-06
-5.65523e-07
-1.74687e-06
-6.90352e-07
-1.42239e-06
-8.68472e-07
-9.93001e-07
-1.08152e-06
-4.48403e-07
-1.19128e-06
-7.9197e-07
-2.38369e-06
-4.44258e-07
-2.19902e-06
-4.84644e-07
-2.02248e-06
-5.14196e-07
-1.85294e-06
-5.44434e-07
-1.68753e-06
-5.85569e-07
-1.52217e-06
-6.45638e-07
-1.3554e-06
-7.32298e-07
-1.18966e-06
-8.56093e-07
-1.02312e-06
-1.03501e-06
-8.15165e-07
-1.28947e-06
-4.80685e-07
-1.52576e-06
-1.27266e-06
-1.56493e-06
-6.66406e-07
-1.36446e-06
-6.85114e-07
-1.18804e-06
-6.90622e-07
-1.03621e-06
-6.96264e-07
-9.08313e-07
-7.13465e-07
-8.01435e-07
-7.52515e-07
-7.10362e-07
-8.23371e-07
-6.28774e-07
-9.37681e-07
-5.62062e-07
-1.10172e-06
-4.96489e-07
-1.35505e-06
-3.80836e-07
-1.64141e-06
-1.65349e-06
-7.01698e-07
-9.18262e-07
-4.97565e-07
-8.89248e-07
-3.39413e-07
-8.48773e-07
-2.23615e-07
-8.12062e-07
-1.45952e-07
-7.91128e-07
-1.02217e-07
-7.9625e-07
-8.78786e-08
-8.37709e-07
-9.67025e-08
-9.28857e-07
-1.23937e-07
-1.07449e-06
-1.56771e-07
-1.32221e-06
-2.06387e-07
-1.5918e-06
-1.85988e-06
1.36655e-07
-1.19489e-06
3.41496e-07
-1.09409e-06
4.83569e-07
-9.90846e-07
5.70786e-07
-8.9928e-07
6.08503e-07
-8.28845e-07
6.00461e-07
-7.88207e-07
5.48306e-07
-7.85555e-07
4.55675e-07
-8.36226e-07
3.27592e-07
-9.46407e-07
1.77275e-07
-1.1719e-06
1.03799e-08
-1.4249e-06
-1.8495e-06
1.00303e-06
-1.48549e-06
1.19726e-06
-1.28832e-06
1.31583e-06
-1.10942e-06
1.37137e-06
-9.54815e-07
1.37021e-06
-8.2769e-07
1.31435e-06
-7.32348e-07
1.20367e-06
-6.74875e-07
1.03658e-06
-6.69135e-07
8.12344e-07
-7.22166e-07
5.36322e-07
-8.95874e-07
2.32905e-07
-1.12149e-06
-1.61659e-06
1.89914e-06
-1.77558e-06
2.06653e-06
-1.45571e-06
2.15117e-06
-1.19406e-06
2.17258e-06
-9.76223e-07
2.13683e-06
-7.91947e-07
2.04314e-06
-6.38656e-07
1.88589e-06
-5.17626e-07
1.65758e-06
-4.4082e-07
1.34756e-06
-4.1215e-07
9.50441e-07
-4.98753e-07
4.75667e-07
-6.46713e-07
-1.14093e-06
2.81181e-06
-2.04707e-06
2.94079e-06
-1.5847e-06
2.98478e-06
-1.23804e-06
2.97149e-06
-9.62931e-07
2.90708e-06
-7.27537e-07
2.78622e-06
-5.17803e-07
2.59736e-06
-3.28762e-07
2.32306e-06
-1.66522e-07
1.94505e-06
-3.41389e-08
1.43668e-06
9.62128e-09
7.77408e-07
1.25569e-08
-3.63519e-07
3.71119e-06
-2.26192e-06
3.79496e-06
-1.66847e-06
3.80138e-06
-1.24446e-06
3.75887e-06
-9.20417e-07
3.674e-06
-6.42667e-07
3.53898e-06
-3.8279e-07
3.3373e-06
-1.2708e-07
3.04657e-06
1.24213e-07
2.62813e-06
3.84294e-07
2.0205e-06
6.17258e-07
1.14441e-06
8.88639e-07
7.80895e-07
4.57827e-06
-2.36977e-06
4.6075e-06
-1.6977e-06
4.58465e-06
-1.22161e-06
4.52443e-06
-8.60199e-07
4.43022e-06
-5.48452e-07
4.29457e-06
-2.47137e-07
4.10056e-06
6.69266e-08
3.82179e-06
4.02979e-07
3.4176e-06
7.88487e-07
2.78809e-06
1.24677e-06
1.82302e-06
1.85371e-06
2.60392e-06
5.40855e-06
-2.3502e-06
5.37766e-06
-1.66682e-06
5.33005e-06
-1.174e-06
5.2615e-06
-7.91646e-07
5.16853e-06
-4.55481e-07
5.04285e-06
-1.21462e-07
4.87267e-06
2.37107e-07
4.63666e-06
6.38992e-07
4.30332e-06
1.12183e-06
3.74715e-06
1.80294e-06
2.76819e-06
2.83267e-06
5.3721e-06
-1.79768e-07
1.79768e-07
-5.50191e-07
3.70423e-07
-1.04121e-06
4.9102e-07
-1.59364e-06
5.52426e-07
-2.14409e-06
5.50453e-07
-2.63943e-06
4.95337e-07
-3.04595e-06
4.06525e-07
-3.34926e-06
3.03312e-07
-3.55021e-06
2.00942e-07
-3.66115e-06
1.10942e-07
-3.70291e-06
4.17609e-08
-8.16677e-09
-3.69474e-06
-8.10287e-07
9.90055e-07
-1.70158e-06
1.26172e-06
-2.50154e-06
1.29098e-06
-3.15503e-06
1.20592e-06
-3.63869e-06
1.03411e-06
-3.95672e-06
8.1337e-07
-4.12951e-06
5.79307e-07
-4.18386e-06
3.57669e-07
-4.14625e-06
1.6333e-07
-4.02504e-06
-1.02664e-08
-3.85401e-06
-1.29266e-07
-1.99509e-07
-3.66267e-06
-9.04458e-07
1.89451e-06
-1.76675e-06
2.12401e-06
-2.4135e-06
1.93773e-06
-2.84302e-06
1.63544e-06
-3.08792e-06
1.27901e-06
-3.19179e-06
9.17238e-07
-3.19425e-06
5.81767e-07
-3.1273e-06
2.9072e-07
-3.02084e-06
5.68641e-08
-2.90723e-06
-1.23872e-07
-2.75444e-06
-2.82055e-07
-3.81312e-07
-2.57264e-06
-7.83868e-07
2.67838e-06
-1.52065e-06
2.86079e-06
-2.05367e-06
2.47075e-06
-2.42346e-06
2.00523e-06
-2.66627e-06
1.52181e-06
-2.79326e-06
1.04423e-06
-2.80557e-06
5.94077e-07
-2.70728e-06
1.92432e-07
-2.51056e-06
-1.39854e-07
-2.26785e-06
-3.66578e-07
-2.02498e-06
-5.24926e-07
-6.19155e-07
-1.78714e-06
-6.55368e-07
3.33375e-06
-1.29071e-06
3.49614e-06
-1.77722e-06
2.95725e-06
-2.14593e-06
2.37395e-06
-2.38841e-06
1.76429e-06
-2.47675e-06
1.13256e-06
-2.40397e-06
5.21304e-07
-2.20469e-06
-6.85652e-09
-1.91549e-06
-4.29047e-07
-1.5798e-06
-7.02265e-07
-1.25028e-06
-8.54449e-07
-9.1595e-07
-9.53486e-07
-5.44563e-07
3.87831e-06
-1.10855e-06
4.06013e-06
-1.59388e-06
3.44259e-06
-2.00356e-06
2.78363e-06
-2.28173e-06
2.04246e-06
-2.35849e-06
1.20932e-06
-2.21216e-06
3.74974e-07
-1.85381e-06
-3.65199e-07
-1.39657e-06
-8.86294e-07
-9.22909e-07
-1.17592e-06
-4.94663e-07
-1.28269e-06
-1.27084e-06
-1.3977e-07
-4.33155e-07
4.31147e-06
-9.38102e-07
4.56508e-06
-1.44892e-06
3.95341e-06
-1.9495e-06
3.2842e-06
-2.32904e-06
2.422e-06
-2.431e-06
1.31129e-06
-2.18912e-06
1.33087e-07
-1.62108e-06
-9.33237e-07
-9.23472e-07
-1.5839e-06
-2.5337e-07
-1.84603e-06
2.99503e-07
-1.83557e-06
-1.68412e-06
7.1278e-07
-2.92857e-07
4.60433e-06
-7.25484e-07
4.9977e-06
-1.2887e-06
4.51663e-06
-1.97719e-06
3.97269e-06
-2.56913e-06
3.01394e-06
-2.73807e-06
1.48023e-06
-2.3219e-06
-2.8308e-07
-1.48646e-06
-1.76868e-06
-4.81092e-07
-2.58926e-06
4.37574e-07
-2.76469e-06
1.13877e-06
-2.53677e-06
-2.15499e-06
1.60965e-06
-6.7633e-08
4.67196e-06
-4.11644e-07
5.34171e-06
-1.04816e-06
5.15314e-06
-1.94978e-06
4.8743e-06
-2.69296e-06
3.75712e-06
-2.79215e-06
1.57942e-06
-2.18696e-06
-8.88272e-07
-1.07543e-06
-2.88022e-06
1.72661e-07
-3.83735e-06
1.25831e-06
-3.85034e-06
2.04664e-06
-3.3251e-06
-2.64958e-06
2.54122e-06
2.5525e-07
4.41671e-06
6.60968e-08
5.53087e-06
-5.03245e-07
5.72249e-06
-1.37193e-06
5.74299e-06
-1.96584e-06
4.35102e-06
-1.84025e-06
1.45383e-06
-1.0537e-06
-1.67482e-06
1.53833e-07
-4.08775e-06
1.38482e-06
-5.06834e-06
2.38557e-06
-4.85109e-06
3.07922e-06
-4.01874e-06
-3.06793e-06
3.49758e-06
8.18921e-07
3.59779e-06
9.38389e-07
5.4114e-06
6.27442e-07
6.03343e-06
1.84655e-07
6.18578e-06
3.26424e-08
4.50304e-06
3.68632e-07
1.11784e-06
1.24679e-06
-2.55297e-06
2.27819e-06
-5.11915e-06
3.18404e-06
-5.97419e-06
3.83636e-06
-5.50341e-06
4.24414e-06
-4.42652e-06
-3.29565e-06
4.47185e-06
1.05182e-06
2.54597e-06
1.97176e-06
4.49146e-06
2.32235e-06
5.68284e-06
2.53485e-06
5.97328e-06
2.91728e-06
4.12061e-06
3.49627e-06
5.38848e-07
4.24626e-06
-3.30296e-06
4.86936e-06
-5.74225e-06
5.24262e-06
-6.34745e-06
5.39833e-06
-5.65912e-06
5.43551e-06
-4.4637e-06
5.42945e-06
-3.28959e-06
-3.64249e-06
-5.22512e-08
-3.56106e-06
-8.14345e-08
-3.4572e-06
-1.03853e-07
-3.33061e-06
-1.26597e-07
-3.15647e-06
-1.74132e-07
-2.92175e-06
-2.34727e-07
-2.60645e-06
-3.15292e-07
-2.18628e-06
-4.20175e-07
-1.64236e-06
-5.43916e-07
-9.90271e-07
-6.52091e-07
-3.43593e-07
-6.46678e-07
-3.43593e-07
-3.45942e-06
-2.55504e-07
-3.24078e-06
-3.00072e-07
-3.00691e-06
-3.37726e-07
-2.75857e-06
-3.74934e-07
-2.51255e-06
-4.20158e-07
-2.26704e-06
-4.80238e-07
-2.01688e-06
-5.65448e-07
-1.7468e-06
-6.90252e-07
-1.42235e-06
-8.68367e-07
-9.92996e-07
-1.08145e-06
-4.48404e-07
-1.19127e-06
-7.91997e-07
-2.38368e-06
-4.44458e-07
-2.19896e-06
-4.84794e-07
-2.02239e-06
-5.14294e-07
-1.85285e-06
-5.44478e-07
-1.68745e-06
-5.85562e-07
-1.5221e-06
-6.45581e-07
-1.35535e-06
-7.32198e-07
-1.18964e-06
-8.55963e-07
-1.02313e-06
-1.03488e-06
-8.15189e-07
-1.28939e-06
-4.80694e-07
-1.52576e-06
-1.27269e-06
-1.56492e-06
-6.66678e-07
-1.3644e-06
-6.85313e-07
-1.18795e-06
-6.90743e-07
-1.03611e-06
-6.96316e-07
-9.08224e-07
-7.13451e-07
-8.01361e-07
-7.52444e-07
-7.1031e-07
-8.23249e-07
-6.28751e-07
-9.37522e-07
-5.62065e-07
-1.10157e-06
-4.96515e-07
-1.35494e-06
-3.80854e-07
-1.64142e-06
-1.65355e-06
-7.01549e-07
-9.18615e-07
-4.97369e-07
-8.89493e-07
-3.39198e-07
-8.48914e-07
-2.23402e-07
-8.12112e-07
-1.45757e-07
-7.91096e-07
-1.02049e-07
-7.96152e-07
-8.77422e-08
-8.37555e-07
-9.65958e-08
-9.28668e-07
-1.23862e-07
-1.0743e-06
-1.56739e-07
-1.32206e-06
-2.06379e-07
-1.59178e-06
-1.85992e-06
1.36954e-07
-1.19534e-06
3.4184e-07
-1.09438e-06
4.83924e-07
-9.90998e-07
5.71133e-07
-8.9932e-07
6.08832e-07
-8.28795e-07
6.00766e-07
-7.88085e-07
5.48574e-07
-7.85363e-07
4.55907e-07
-8.36e-07
3.2778e-07
-9.46172e-07
1.77403e-07
-1.17168e-06
1.04412e-08
-1.42482e-06
-1.84948e-06
1.00349e-06
-1.48604e-06
1.19774e-06
-1.28863e-06
1.3163e-06
-1.10956e-06
1.37181e-06
-9.54827e-07
1.37062e-06
-8.27611e-07
1.31473e-06
-7.32195e-07
1.20403e-06
-6.7466e-07
1.0369e-06
-6.68872e-07
8.12615e-07
-7.21882e-07
5.36522e-07
-8.95591e-07
2.32999e-07
-1.1213e-06
-1.61648e-06
1.89983e-06
-1.77623e-06
2.06721e-06
-1.45601e-06
2.15178e-06
-1.19413e-06
2.17311e-06
-9.7616e-07
2.1373e-06
-7.91805e-07
2.04357e-06
-6.38458e-07
1.88628e-06
-5.17375e-07
1.65791e-06
-4.405e-07
1.34785e-06
-4.11823e-07
9.50641e-07
-4.9838e-07
4.75738e-07
-6.46394e-07
-1.14074e-06
2.81277e-06
-2.04778e-06
2.94169e-06
-1.58493e-06
2.98555e-06
-1.23799e-06
2.97213e-06
-9.62738e-07
2.90761e-06
-7.2729e-07
2.78668e-06
-5.17523e-07
2.59778e-06
-3.28476e-07
2.32339e-06
-1.66107e-07
1.94533e-06
-3.37638e-08
1.43688e-06
1.00675e-08
7.77515e-07
1.29722e-08
-3.63229e-07
3.71238e-06
-2.26258e-06
3.79602e-06
-1.66857e-06
3.80228e-06
-1.24424e-06
3.7596e-06
-9.2006e-07
3.67459e-06
-6.42279e-07
3.53946e-06
-3.82394e-07
3.33768e-06
-1.26696e-07
3.04694e-06
1.24636e-07
2.62844e-06
3.84732e-07
2.02075e-06
6.17758e-07
1.14453e-06
8.89197e-07
7.81298e-07
4.57959e-06
-2.37032e-06
4.60866e-06
-1.69764e-06
4.58562e-06
-1.2212e-06
4.52522e-06
-8.59663e-07
4.43086e-06
-5.47924e-07
4.29508e-06
-2.46606e-07
4.10098e-06
6.74004e-08
3.82216e-06
4.03451e-07
3.41793e-06
7.88971e-07
2.78837e-06
1.24732e-06
1.82322e-06
1.85435e-06
2.60452e-06
5.40983e-06
-2.35069e-06
5.37882e-06
-1.66662e-06
5.33103e-06
-1.17342e-06
5.2623e-06
-7.90935e-07
5.16917e-06
-4.54792e-07
5.04339e-06
-1.20826e-07
4.87311e-06
2.3768e-07
4.63704e-06
6.39522e-07
4.30367e-06
1.12235e-06
3.74747e-06
1.80351e-06
2.76845e-06
2.83336e-06
5.37297e-06
-1.79754e-07
1.79754e-07
-5.50196e-07
3.70442e-07
-1.04129e-06
4.91089e-07
-1.59382e-06
5.52536e-07
-2.14441e-06
5.50584e-07
-2.63987e-06
4.95465e-07
-3.0465e-06
4.06634e-07
-3.3499e-06
3.03392e-07
-3.55088e-06
2.00988e-07
-3.66184e-06
1.10956e-07
-3.70359e-06
4.17521e-08
-8.20073e-09
-3.69539e-06
-8.10406e-07
9.9016e-07
-1.70185e-06
1.26188e-06
-2.50195e-06
1.2912e-06
-3.15558e-06
1.20616e-06
-3.63934e-06
1.03434e-06
-3.95743e-06
8.13558e-07
-4.13023e-06
5.79438e-07
-4.18458e-06
3.57737e-07
-4.14693e-06
1.63337e-07
-4.02564e-06
-1.03346e-08
-3.85455e-06
-1.29336e-07
-1.99612e-07
-3.66314e-06
-9.04636e-07
1.8948e-06
-1.76709e-06
2.12433e-06
-2.41396e-06
1.93807e-06
-2.84355e-06
1.63576e-06
-3.08849e-06
1.27928e-06
-3.19238e-06
9.17443e-07
-3.19484e-06
5.81898e-07
-3.12787e-06
2.90774e-07
-3.02139e-06
5.68485e-08
-2.90774e-06
-1.2398e-07
-2.75488e-06
-2.82201e-07
-3.81491e-07
-2.573e-06
-7.84032e-07
2.67883e-06
-1.52094e-06
2.86124e-06
-2.05405e-06
2.47117e-06
-2.42392e-06
2.00563e-06
-2.6668e-06
1.52216e-06
-2.79386e-06
1.0445e-06
-2.80621e-06
5.94251e-07
-2.70792e-06
1.92483e-07
-2.51116e-06
-1.39917e-07
-2.26839e-06
-3.66746e-07
-2.02543e-06
-5.2516e-07
-6.19425e-07
-1.7875e-06
-6.55498e-07
3.33433e-06
-1.29095e-06
3.49669e-06
-1.77757e-06
2.95779e-06
-2.14642e-06
2.37449e-06
-2.38907e-06
1.76481e-06
-2.47755e-06
1.13299e-06
-2.40485e-06
5.21551e-07
-2.20556e-06
-6.81166e-09
-1.91628e-06
-4.29199e-07
-1.58047e-06
-7.02558e-07
-1.25081e-06
-8.54819e-07
-9.16345e-07
-9.53886e-07
-5.4467e-07
3.879e-06
-1.10877e-06
4.06079e-06
-1.59427e-06
3.4433e-06
-2.00417e-06
2.78439e-06
-2.28257e-06
2.04321e-06
-2.35951e-06
1.20993e-06
-2.21327e-06
3.75307e-07
-1.85487e-06
-3.65209e-07
-1.39747e-06
-8.86597e-07
-9.23624e-07
-1.17641e-06
-4.95196e-07
-1.28325e-06
-1.27139e-06
-1.40152e-07
-4.33242e-07
4.31224e-06
-9.38322e-07
4.56587e-06
-1.44933e-06
3.9543e-06
-1.95014e-06
3.28519e-06
-2.32996e-06
2.42304e-06
-2.43217e-06
1.31214e-06
-2.19042e-06
1.33552e-07
-1.62233e-06
-9.33298e-07
-9.24506e-07
-1.58442e-06
-2.54116e-07
-1.8468e-06
2.99021e-07
-1.83638e-06
-1.68485e-06
7.12485e-07
-2.92914e-07
4.60515e-06
-7.25659e-07
4.99862e-06
-1.28902e-06
4.51766e-06
-1.97773e-06
3.9739e-06
-2.56998e-06
3.01529e-06
-2.73932e-06
1.48148e-06
-2.32343e-06
-2.82337e-07
-1.48797e-06
-1.76876e-06
-4.82323e-07
-2.59007e-06
4.3675e-07
-2.76587e-06
1.13832e-06
-2.53796e-06
-2.15598e-06
1.60945e-06
-6.76698e-08
4.67282e-06
-4.11732e-07
5.34268e-06
-1.04826e-06
5.1542e-06
-1.94998e-06
4.87562e-06
-2.69351e-06
3.75882e-06
-2.7933e-06
1.58126e-06
-2.18841e-06
-8.87222e-07
-1.07691e-06
-2.88026e-06
1.71463e-07
-3.83844e-06
1.25754e-06
-3.85195e-06
2.04627e-06
-3.32669e-06
-2.65084e-06
2.54113e-06
2.55228e-07
4.41759e-06
6.61335e-08
5.53177e-06
-5.03046e-07
5.72338e-06
-1.37171e-06
5.74428e-06
-1.96596e-06
4.35307e-06
-1.84083e-06
1.45614e-06
-1.05468e-06
-1.67337e-06
1.52812e-07
-4.08776e-06
1.38405e-06
-5.06968e-06
2.38515e-06
-4.85305e-06
3.07909e-06
-4.02063e-06
-3.06938e-06
3.49764e-06
8.18905e-07
3.59869e-06
9.38508e-07
5.41217e-06
6.27813e-07
6.03407e-06
1.85107e-07
6.18698e-06
3.29004e-08
4.50528e-06
3.68514e-07
1.12052e-06
1.24644e-06
-2.5513e-06
2.2779e-06
-5.11921e-06
3.18397e-06
-5.97575e-06
3.83651e-06
-5.50559e-06
4.24441e-06
-4.42853e-06
-3.29712e-06
4.47215e-06
1.05171e-06
2.54698e-06
1.97185e-06
4.49203e-06
2.32269e-06
5.68323e-06
2.53527e-06
5.9744e-06
2.91766e-06
4.12289e-06
3.4966e-06
5.41587e-07
4.24658e-06
-3.30129e-06
4.86986e-06
-5.74249e-06
5.2433e-06
-6.34918e-06
5.39905e-06
-5.66134e-06
5.43614e-06
-4.46563e-06
5.42995e-06
-3.29092e-06
-3.64309e-06
-5.23014e-08
-3.56159e-06
-8.14981e-08
-3.45767e-06
-1.03927e-07
-3.33099e-06
-1.26676e-07
-3.15675e-06
-1.7424e-07
-2.92193e-06
-2.34821e-07
-2.60655e-06
-3.15376e-07
-2.18631e-06
-4.20245e-07
-1.64235e-06
-5.43962e-07
-9.90243e-07
-6.52104e-07
-3.4358e-07
-6.46663e-07
-3.4358e-07
-3.45981e-06
-2.55629e-07
-3.24109e-06
-3.00212e-07
-3.00715e-06
-3.37873e-07
-2.75874e-06
-3.75082e-07
-2.51268e-06
-4.20307e-07
-2.26711e-06
-4.80384e-07
-2.0169e-06
-5.65589e-07
-1.74677e-06
-6.90373e-07
-1.42229e-06
-8.68446e-07
-9.92936e-07
-1.08145e-06
-4.48388e-07
-1.19121e-06
-7.91968e-07
-2.38397e-06
-4.44657e-07
-2.19918e-06
-4.85002e-07
-2.02255e-06
-5.14504e-07
-1.85294e-06
-5.44685e-07
-1.68749e-06
-5.85763e-07
-1.5221e-06
-6.45775e-07
-1.3553e-06
-7.32384e-07
-1.18955e-06
-8.56127e-07
-1.023e-06
-1.03499e-06
-8.15068e-07
-1.28939e-06
-4.80641e-07
-1.52564e-06
-1.27261e-06
-1.5652e-06
-6.6696e-07
-1.36461e-06
-6.8559e-07
-1.1881e-06
-6.91013e-07
-1.03621e-06
-6.96571e-07
-9.08281e-07
-7.13695e-07
-8.01381e-07
-7.52674e-07
-7.10297e-07
-8.23468e-07
-6.28705e-07
-9.37719e-07
-5.61988e-07
-1.10171e-06
-4.96411e-07
-1.35497e-06
-3.80784e-07
-1.64127e-06
-1.65339e-06
-7.01847e-07
-9.18999e-07
-4.97592e-07
-8.89845e-07
-3.3937e-07
-8.49235e-07
-2.23539e-07
-8.12402e-07
-1.45869e-07
-7.91366e-07
-1.02139e-07
-7.96404e-07
-8.78138e-08
-8.37793e-07
-9.66516e-08
-9.28882e-07
-1.23899e-07
-1.07446e-06
-1.56735e-07
-1.32213e-06
-2.06348e-07
-1.59165e-06
-1.85974e-06
1.36681e-07
-1.19583e-06
3.41636e-07
-1.0948e-06
4.83756e-07
-9.91354e-07
5.70975e-07
-8.99621e-07
6.08666e-07
-8.29057e-07
6.00586e-07
-7.88323e-07
5.48393e-07
-7.85601e-07
4.55726e-07
-8.36215e-07
3.27618e-07
-9.46352e-07
1.77288e-07
-1.1718e-06
1.03985e-08
-1.42476e-06
-1.84934e-06
1.0033e-06
-1.48665e-06
1.19761e-06
-1.28911e-06
1.31618e-06
-1.10993e-06
1.37168e-06
-9.55116e-07
1.37046e-06
-8.27842e-07
1.31454e-06
-7.32398e-07
1.20379e-06
-6.74856e-07
1.03665e-06
-6.69069e-07
8.12369e-07
-7.22074e-07
5.36329e-07
-8.95761e-07
2.32909e-07
-1.12134e-06
-1.61643e-06
1.89976e-06
-1.77696e-06
2.06718e-06
-1.45653e-06
2.15174e-06
-1.19449e-06
2.17304e-06
-9.76416e-07
2.13719e-06
-7.91989e-07
2.04339e-06
-6.38603e-07
1.88605e-06
-5.17518e-07
1.65765e-06
-4.40671e-07
1.34759e-06
-4.12008e-07
9.50442e-07
-4.98615e-07
4.75659e-07
-6.4656e-07
-1.14077e-06
2.8128e-06
-2.04864e-06
2.94175e-06
-1.58547e-06
2.98558e-06
-1.23832e-06
2.97211e-06
-9.62943e-07
2.90753e-06
-7.27416e-07
2.78654e-06
-5.17607e-07
2.59757e-06
-3.28554e-07
2.32314e-06
-1.66237e-07
1.94507e-06
-3.3943e-08
1.43666e-06
9.80026e-09
7.77391e-07
1.27097e-08
-3.63384e-07
3.71251e-06
-2.26351e-06
3.79615e-06
-1.6691e-06
3.80235e-06
-1.24452e-06
3.7596e-06
-9.20194e-07
3.67452e-06
-6.42338e-07
3.53933e-06
-3.82413e-07
3.33749e-06
-1.26716e-07
3.04668e-06
1.24566e-07
2.62816e-06
3.84583e-07
2.02048e-06
6.17483e-07
1.14437e-06
8.88813e-07
7.80989e-07
4.57984e-06
-2.37121e-06
4.60883e-06
-1.6981e-06
4.58571e-06
-1.22139e-06
4.52522e-06
-8.59709e-07
4.43079e-06
-5.47906e-07
4.29492e-06
-2.46548e-07
4.10076e-06
6.74447e-08
3.82189e-06
4.03443e-07
3.4176e-06
7.88867e-07
2.78803e-06
1.24705e-06
1.82295e-06
1.85389e-06
2.60394e-06
5.41017e-06
-2.35144e-06
5.37902e-06
-1.66695e-06
5.33112e-06
-1.17349e-06
5.26229e-06
-7.9088e-07
5.16907e-06
-4.54682e-07
5.04321e-06
-1.20691e-07
4.87285e-06
2.37802e-07
4.63671e-06
6.39583e-07
4.30328e-06
1.1223e-06
3.74705e-06
1.80328e-06
2.76807e-06
2.83287e-06
5.37201e-06
-1.79724e-07
1.79724e-07
-5.50117e-07
3.70393e-07
-1.04114e-06
4.91019e-07
-1.59358e-06
5.52447e-07
-2.14407e-06
5.50485e-07
-2.63944e-06
4.95369e-07
-3.04599e-06
4.06554e-07
-3.34933e-06
3.03337e-07
-3.55029e-06
2.00962e-07
-3.66125e-06
1.10957e-07
-3.70302e-06
4.17701e-08
-8.16437e-09
-3.69485e-06
-8.10289e-07
9.90014e-07
-1.70161e-06
1.26172e-06
-2.5016e-06
1.291e-06
-3.15509e-06
1.20594e-06
-3.63871e-06
1.03411e-06
-3.95669e-06
8.13341e-07
-4.1294e-06
5.79269e-07
-4.1837e-06
3.57634e-07
-4.14604e-06
1.63306e-07
-4.0248e-06
-1.02839e-08
-3.85377e-06
-1.29266e-07
-1.99504e-07
-3.66243e-06
-9.04444e-07
1.89446e-06
-1.76671e-06
2.12398e-06
-2.41338e-06
1.93767e-06
-2.84276e-06
1.63532e-06
-3.08749e-06
1.27883e-06
-3.1912e-06
9.17052e-07
-3.19355e-06
5.81621e-07
-3.12656e-06
2.9064e-07
-3.0201e-06
5.68504e-08
-2.90656e-06
-1.23829e-07
-2.75384e-06
-2.81987e-07
-3.81233e-07
-2.57211e-06
-7.83792e-07
2.67825e-06
-1.52047e-06
2.86067e-06
-2.05333e-06
2.47053e-06
-2.42294e-06
2.00493e-06
-2.6656e-06
1.5215e-06
-2.79253e-06
1.04398e-06
-2.80485e-06
5.93941e-07
-2.70662e-06
1.92414e-07
-2.50999e-06
-1.39782e-07
-2.26738e-06
-3.66439e-07
-2.02461e-06
-5.24758e-07
-6.18985e-07
-1.78686e-06
-6.55248e-07
3.3335e-06
-1.29045e-06
3.49587e-06
-1.77678e-06
2.95686e-06
-2.14534e-06
2.37349e-06
-2.38772e-06
1.76388e-06
-2.47603e-06
1.13228e-06
-2.40328e-06
5.21192e-07
-2.20407e-06
-6.79373e-09
-1.91501e-06
-4.2884e-07
-1.57948e-06
-7.01977e-07
-1.2501e-06
-8.54138e-07
-9.15661e-07
-9.5342e-07
-5.44441e-07
3.87794e-06
-1.10829e-06
4.05971e-06
-1.59346e-06
3.44204e-06
-2.003e-06
2.78303e-06
-2.28105e-06
2.04193e-06
-2.35773e-06
1.20896e-06
-2.2114e-06
3.74861e-07
-1.85318e-06
-3.65014e-07
-1.39613e-06
-8.85881e-07
-9.22705e-07
-1.17541e-06
-4.94663e-07
-1.28218e-06
-1.2704e-06
-1.39927e-07
-4.33072e-07
4.31101e-06
-9.37901e-07
4.56454e-06
-1.44859e-06
3.95273e-06
-1.94899e-06
3.28343e-06
-2.32831e-06
2.42124e-06
-2.43008e-06
1.31073e-06
-2.18815e-06
1.32935e-07
-1.62028e-06
-9.32884e-07
-9.22992e-07
-1.58317e-06
-2.53244e-07
-1.84515e-06
2.99328e-07
-1.83475e-06
-1.68347e-06
7.12396e-07
-2.92843e-07
4.60386e-06
-7.25398e-07
4.9971e-06
-1.2885e-06
4.51583e-06
-1.97676e-06
3.9717e-06
-2.56838e-06
3.01286e-06
-2.73706e-06
1.47941e-06
-2.32082e-06
-2.83299e-07
-1.48557e-06
-1.76814e-06
-4.80587e-07
-2.58815e-06
4.37629e-07
-2.76337e-06
1.13844e-06
-2.53556e-06
-2.15408e-06
1.60905e-06
-6.77126e-08
4.67157e-06
-4.11723e-07
5.34111e-06
-1.0482e-06
5.15231e-06
-1.94968e-06
4.87317e-06
-2.69263e-06
3.75581e-06
-2.79158e-06
1.57835e-06
-2.18633e-06
-8.88541e-07
-1.07494e-06
-2.87953e-06
1.72836e-07
-3.83593e-06
1.2581e-06
-3.84864e-06
2.04609e-06
-3.32355e-06
-2.64842e-06
2.54043e-06
2.55067e-07
4.4165e-06
6.57829e-08
5.53039e-06
-5.03706e-07
5.7218e-06
-1.37247e-06
5.74194e-06
-1.96632e-06
4.34966e-06
-1.84059e-06
1.45262e-06
-1.05397e-06
-1.67516e-06
1.53499e-07
-4.087e-06
1.38432e-06
-5.06674e-06
2.38487e-06
-4.84919e-06
3.07833e-06
-4.01701e-06
-3.06665e-06
3.49657e-06
8.18651e-07
3.59785e-06
9.37853e-07
5.41119e-06
6.26604e-07
6.03304e-06
1.83571e-07
6.18497e-06
3.1433e-08
4.5018e-06
3.67468e-07
1.11658e-06
1.24568e-06
-2.55337e-06
2.27708e-06
-5.11841e-06
3.18289e-06
-5.97255e-06
3.83516e-06
-5.50146e-06
4.24292e-06
-4.42477e-06
-3.29437e-06
4.47064e-06
1.05147e-06
2.54638e-06
1.97108e-06
4.49159e-06
2.32135e-06
5.68277e-06
2.53359e-06
5.97274e-06
2.91585e-06
4.11954e-06
3.49476e-06
5.37675e-07
4.24473e-06
-3.30334e-06
4.86781e-06
-5.7415e-06
5.24111e-06
-6.34585e-06
5.39689e-06
-5.65724e-06
5.43415e-06
-4.46203e-06
5.42816e-06
-3.28838e-06
-3.6426e-06
-5.22554e-08
-3.56116e-06
-8.14428e-08
-3.45729e-06
-1.03862e-07
-3.33069e-06
-1.26603e-07
-3.15656e-06
-1.74133e-07
-2.92184e-06
-2.34722e-07
-2.60655e-06
-3.15286e-07
-2.18637e-06
-4.20178e-07
-1.64243e-06
-5.43937e-07
-9.90303e-07
-6.52132e-07
-3.43587e-07
-6.46716e-07
-3.43587e-07
-3.45919e-06
-2.55494e-07
-3.24057e-06
-3.00058e-07
-3.00673e-06
-3.37705e-07
-2.75843e-06
-3.74902e-07
-2.51245e-06
-4.20114e-07
-2.26699e-06
-4.80185e-07
-2.01688e-06
-5.65394e-07
-1.74685e-06
-6.90209e-07
-1.42242e-06
-8.68358e-07
-9.93066e-07
-1.08149e-06
-4.4844e-07
-1.19134e-06
-7.92027e-07
-2.38322e-06
-4.44379e-07
-2.19856e-06
-4.84718e-07
-2.02205e-06
-5.14217e-07
-1.85256e-06
-5.44395e-07
-1.6872e-06
-5.85474e-07
-1.52189e-06
-6.4549e-07
-1.35518e-06
-7.32108e-07
-1.1895e-06
-8.55884e-07
-1.02303e-06
-1.03483e-06
-8.15141e-07
-1.28938e-06
-4.80699e-07
-1.52578e-06
-1.27273e-06
-1.56471e-06
-6.66526e-07
-1.36424e-06
-6.85185e-07
-1.18782e-06
-6.9064e-07
-1.03598e-06
-6.96232e-07
-9.08075e-07
-7.13381e-07
-8.01186e-07
-7.52379e-07
-7.10106e-07
-8.23188e-07
-6.28528e-07
-9.37462e-07
-5.61835e-07
-1.10152e-06
-4.96309e-07
-1.35491e-06
-3.80759e-07
-1.64133e-06
-1.65349e-06
-7.01573e-07
-9.18373e-07
-4.9745e-07
-8.89307e-07
-3.39307e-07
-8.48784e-07
-2.23509e-07
-8.1203e-07
-1.45835e-07
-7.91055e-07
-1.02074e-07
-7.9614e-07
-8.7697e-08
-8.37565e-07
-9.64718e-08
-9.28687e-07
-1.23675e-07
-1.07432e-06
-1.56527e-07
-1.32206e-06
-2.06229e-07
-1.59163e-06
-1.85971e-06
1.36689e-07
-1.19499e-06
3.41511e-07
-1.09413e-06
4.8357e-07
-9.90842e-07
5.70784e-07
-8.99244e-07
6.08516e-07
-8.28787e-07
6.00506e-07
-7.8813e-07
5.48393e-07
-7.85453e-07
4.55815e-07
-8.36108e-07
3.27771e-07
-9.46273e-07
1.77449e-07
-1.17174e-06
1.05026e-08
-1.42469e-06
-1.84921e-06
1.00298e-06
-1.48557e-06
1.19718e-06
-1.28832e-06
1.31572e-06
-1.10938e-06
1.37123e-06
-9.5476e-07
1.37008e-06
-8.27631e-07
1.31424e-06
-7.32291e-07
1.2036e-06
-6.74814e-07
1.03655e-06
-6.69064e-07
8.12352e-07
-7.2207e-07
5.3635e-07
-8.95735e-07
2.32914e-07
-1.12125e-06
-1.6163e-06
1.89911e-06
-1.77563e-06
2.06644e-06
-1.45566e-06
2.15101e-06
-1.19395e-06
2.17236e-06
-9.76112e-07
2.13658e-06
-7.91856e-07
2.04289e-06
-6.38593e-07
1.88565e-06
-5.17583e-07
1.65736e-06
-4.40774e-07
1.34738e-06
-4.12088e-07
9.50299e-07
-4.98652e-07
4.75554e-07
-6.46505e-07
-1.14074e-06
2.81185e-06
-2.04705e-06
2.94075e-06
-1.58455e-06
2.98463e-06
-1.23784e-06
2.97125e-06
-9.62733e-07
2.90678e-06
-7.27384e-07
2.78589e-06
-5.17704e-07
2.59703e-06
-3.2872e-07
2.32273e-06
-1.66469e-07
1.94476e-06
-3.41234e-08
1.43644e-06
9.6677e-09
7.77273e-07
1.26627e-08
-3.63471e-07
3.71131e-06
-2.26179e-06
3.79496e-06
-1.66819e-06
3.80125e-06
-1.24413e-06
3.75863e-06
-9.20112e-07
3.67368e-06
-6.42431e-07
3.53861e-06
-3.82635e-07
3.33689e-06
-1.27005e-07
3.04619e-06
1.24237e-07
2.62779e-06
3.84276e-07
2.02024e-06
6.17221e-07
1.14425e-06
8.88646e-07
7.80781e-07
4.5784e-06
-2.36956e-06
4.60751e-06
-1.6973e-06
4.58452e-06
-1.22115e-06
4.52419e-06
-8.59774e-07
4.42988e-06
-5.48129e-07
4.29416e-06
-2.46913e-07
4.10012e-06
6.70338e-08
3.82137e-06
4.02996e-07
3.41721e-06
7.88434e-07
2.78777e-06
1.24666e-06
1.82282e-06
1.85359e-06
2.6036e-06
5.40859e-06
-2.34999e-06
5.37763e-06
-1.66634e-06
5.3299e-06
-1.17341e-06
5.26123e-06
-7.91099e-07
5.16815e-06
-4.55056e-07
5.04242e-06
-1.21175e-07
4.8722e-06
2.37253e-07
4.63618e-06
6.39009e-07
4.30288e-06
1.12174e-06
3.74677e-06
1.80277e-06
2.76792e-06
2.83244e-06
5.37152e-06
3.51766e-06
4.10763e-06
-5.07813e-06
3.68434e-06
4.32507e-06
4.29134e-06
5.07528e-06
5.12247e-06
5.14088e-06
5.95436e-06
3.28725e-06
6.75005e-06
-2.57976e-07
7.2493e-06
-3.8022e-06
7.34132e-06
-5.83305e-06
7.1226e-06
-6.12668e-06
6.79336e-06
-5.32756e-06
6.50908e-06
-4.17737e-06
-3.09641e-06
6.31725e-06
6.59997e-06
4.51853e-06
-7.01086e-06
6.42123e-06
4.50381e-06
6.82951e-06
4.667e-06
7.77407e-06
4.19632e-06
8.85173e-06
2.20958e-06
9.58093e-06
-9.87174e-07
9.68251e-06
-3.90378e-06
9.22422e-06
-5.37476e-06
8.51296e-06
-5.41542e-06
7.85834e-06
-4.67294e-06
7.3932e-06
-3.71224e-06
-2.80993e-06
7.10672e-06
8.59765e-06
4.02445e-06
-8.10358e-06
8.97548e-06
4.12598e-06
9.58687e-06
4.05561e-06
1.05016e-05
3.28162e-06
1.13026e-05
1.40851e-06
1.15855e-05
-1.27007e-06
1.11745e-05
-3.49278e-06
1.03102e-05
-4.51043e-06
9.37534e-06
-4.48056e-06
8.62232e-06
-3.91992e-06
8.11274e-06
-3.20266e-06
-2.49107e-06
7.79388e-06
9.36897e-06
-8.65862e-06
1.01581e-05
1.10657e-05
1.19606e-05
1.23812e-05
1.22541e-05
1.16244e-05
1.07556e-05
9.91128e-06
9.22746e-06
8.73251e-06
8.39492e-06
6.19802e-06
-2.23097e-06
6.11612e-06
-1.58492e-06
6.04464e-06
-1.10252e-06
5.96883e-06
-7.15839e-07
5.88159e-06
-3.68234e-07
5.77309e-06
-1.2971e-08
5.63545e-06
3.74753e-07
5.46187e-06
8.12565e-07
5.24497e-06
1.33874e-06
4.97338e-06
2.07453e-06
4.78438e-06
3.02166e-06
5.0774e-06
5.07908e-06
6.93446e-06
-2.05871e-06
6.82006e-06
-1.47052e-06
6.7296e-06
-1.01205e-06
6.64693e-06
-6.33174e-07
6.56641e-06
-2.87714e-07
6.47666e-06
7.67744e-08
6.37219e-06
4.79226e-07
6.26201e-06
9.22746e-07
6.16915e-06
1.43159e-06
6.15672e-06
2.08697e-06
6.3623e-06
2.81608e-06
4.42839e-06
7.01132e-06
7.59386e-06
-1.85869e-06
7.46043e-06
-1.33708e-06
7.3622e-06
-9.13821e-07
7.28347e-06
-5.54441e-07
7.21988e-06
-2.2413e-07
7.14833e-06
1.48328e-07
7.07145e-06
5.561e-07
7.00626e-06
9.87942e-07
6.98989e-06
1.44796e-06
7.07896e-06
1.99789e-06
7.30809e-06
2.58696e-06
3.63263e-06
8.10384e-06
8.17396e-06
8.03009e-06
7.9311e-06
7.86129e-06
7.83002e-06
7.78192e-06
7.72594e-06
7.68132e-06
7.69588e-06
7.82374e-06
8.05398e-06
8.65881e-06
3.51813e-06
4.10691e-06
3.685e-06
4.3246e-06
4.29239e-06
5.07545e-06
5.12383e-06
5.14183e-06
5.95592e-06
3.28852e-06
6.75166e-06
-2.56894e-07
7.25083e-06
-3.80213e-06
7.34261e-06
-5.83403e-06
7.12358e-06
-6.12843e-06
6.79416e-06
-5.3297e-06
6.50989e-06
-4.17942e-06
-3.09786e-06
6.31815e-06
6.60009e-06
4.51814e-06
6.42131e-06
4.50338e-06
6.82981e-06
4.66695e-06
7.77466e-06
4.19698e-06
8.85252e-06
2.21066e-06
9.58191e-06
-9.86275e-07
9.68351e-06
-3.90373e-06
9.22506e-06
-5.37558e-06
8.51349e-06
-5.41686e-06
7.85866e-06
-4.67487e-06
7.39345e-06
-3.71421e-06
-2.81142e-06
7.10701e-06
8.59765e-06
4.02433e-06
8.97525e-06
4.12578e-06
9.58658e-06
4.05562e-06
1.05015e-05
3.28211e-06
1.13028e-05
1.40928e-06
1.15861e-05
-1.2695e-06
1.11753e-05
-3.49293e-06
1.03109e-05
-4.51123e-06
9.3758e-06
-4.48175e-06
8.62251e-06
-3.92158e-06
8.11259e-06
-3.20429e-06
-2.49233e-06
7.7935e-06
9.36895e-06
1.01578e-05
1.10654e-05
1.19604e-05
1.23814e-05
1.22546e-05
1.16253e-05
1.07567e-05
9.91229e-06
9.22784e-06
8.73192e-06
8.39383e-06
6.19902e-06
-2.23156e-06
6.11713e-06
-1.58473e-06
6.04557e-06
-1.10186e-06
5.96964e-06
-7.15006e-07
5.88226e-06
-3.67412e-07
5.77364e-06
-1.22113e-08
5.6359e-06
3.75422e-07
5.46227e-06
8.13151e-07
5.24534e-06
1.33928e-06
4.97375e-06
2.0751e-06
4.78473e-06
3.02238e-06
5.07852e-06
5.07919e-06
6.9349e-06
-2.05944e-06
6.82066e-06
-1.47049e-06
6.73029e-06
-1.01149e-06
6.64765e-06
-6.32357e-07
6.56707e-06
-2.86835e-07
6.47722e-06
7.76386e-08
6.37265e-06
4.79995e-07
6.2624e-06
9.23393e-07
6.16954e-06
1.43214e-06
6.15716e-06
2.08748e-06
6.36287e-06
2.81667e-06
4.42942e-06
7.01196e-06
7.5935e-06
-1.85945e-06
7.46029e-06
-1.33729e-06
7.36234e-06
-9.1354e-07
7.28384e-06
-5.5385e-07
7.22038e-06
-2.23377e-07
7.14881e-06
1.49203e-07
7.07189e-06
5.56915e-07
7.00665e-06
9.88639e-07
6.99028e-06
1.44851e-06
7.07942e-06
1.99833e-06
7.30868e-06
2.58741e-06
3.63344e-06
8.10467e-06
8.17284e-06
8.02915e-06
7.93045e-06
7.86096e-06
7.83002e-06
7.78205e-06
7.72618e-06
7.6816e-06
7.69623e-06
7.82424e-06
8.05464e-06
8.6597e-06
3.51816e-06
4.10802e-06
3.68504e-06
4.32514e-06
4.2925e-06
5.07577e-06
5.12401e-06
5.14289e-06
5.95629e-06
3.29061e-06
6.75219e-06
-2.54315e-07
7.25176e-06
-3.80085e-06
7.34383e-06
-5.83457e-06
7.12488e-06
-6.13023e-06
6.79527e-06
-5.33174e-06
6.51071e-06
-4.18107e-06
-3.09892e-06
6.31871e-06
6.60067e-06
4.5193e-06
6.42163e-06
4.50419e-06
6.82989e-06
4.66751e-06
7.77472e-06
4.19806e-06
8.85275e-06
2.21258e-06
9.58274e-06
-9.84309e-07
9.68496e-06
-3.90306e-06
9.22682e-06
-5.37644e-06
8.51507e-06
-5.41848e-06
7.85984e-06
-4.6765e-06
7.39419e-06
-3.71543e-06
-2.81217e-06
7.10745e-06
8.59861e-06
4.02536e-06
8.97607e-06
4.12673e-06
9.58714e-06
4.05645e-06
1.05019e-05
3.28326e-06
1.13037e-05
1.41081e-06
1.15876e-05
-1.26822e-06
1.11773e-05
-3.49273e-06
1.03129e-05
-4.51203e-06
9.3773e-06
-4.48291e-06
8.62343e-06
-3.92262e-06
8.11305e-06
-3.20505e-06
-2.4928e-06
7.79368e-06
9.37007e-06
1.01591e-05
1.10665e-05
1.19617e-05
1.23831e-05
1.22566e-05
1.16273e-05
1.07582e-05
9.91328e-06
9.22832e-06
8.73206e-06
8.39377e-06
6.19937e-06
-2.2321e-06
6.11733e-06
-1.5849e-06
6.04564e-06
-1.1018e-06
5.96961e-06
-7.14844e-07
5.88213e-06
-3.67207e-07
5.77342e-06
-1.19845e-08
5.6356e-06
3.75629e-07
5.46189e-06
8.13294e-07
5.24488e-06
1.33931e-06
4.97321e-06
2.07495e-06
4.78412e-06
3.02197e-06
5.0776e-06
5.07853e-06
6.93514e-06
-2.05979e-06
6.82079e-06
-1.47054e-06
6.73033e-06
-1.01134e-06
6.64759e-06
-6.32105e-07
6.56692e-06
-2.86539e-07
6.47697e-06
7.79668e-08
6.3723e-06
4.80298e-07
6.26196e-06
9.23628e-07
6.169e-06
1.43227e-06
6.1565e-06
2.08745e-06
6.36203e-06
2.81644e-06
4.42871e-06
7.01092e-06
7.59355e-06
-1.85967e-06
7.46028e-06
-1.33727e-06
7.36229e-06
-9.13342e-07
7.28372e-06
-5.53543e-07
7.2202e-06
-2.23015e-07
7.14853e-06
1.49641e-07
7.07151e-06
5.57316e-07
7.00616e-06
9.88974e-07
6.98969e-06
1.44875e-06
7.07871e-06
1.99843e-06
7.30781e-06
2.58734e-06
3.63297e-06
8.10354e-06
8.17268e-06
8.02895e-06
7.93025e-06
7.86077e-06
7.82984e-06
7.78174e-06
7.72578e-06
7.68108e-06
7.69559e-06
7.82344e-06
8.05371e-06
8.65857e-06
3.51765e-06
4.10725e-06
3.68433e-06
4.3249e-06
4.29149e-06
5.07561e-06
5.12272e-06
5.14151e-06
5.95458e-06
3.28767e-06
6.75016e-06
-2.57899e-07
7.24919e-06
-3.80237e-06
7.34096e-06
-5.83327e-06
7.12204e-06
-6.12692e-06
6.79278e-06
-5.32799e-06
6.50864e-06
-4.17789e-06
-3.09672e-06
6.31698e-06
6.59968e-06
4.51849e-06
6.42084e-06
4.50374e-06
6.82923e-06
4.66722e-06
7.77393e-06
4.19681e-06
8.85159e-06
2.21001e-06
9.58067e-06
-9.86977e-07
9.68206e-06
-3.90376e-06
9.22358e-06
-5.37479e-06
8.51218e-06
-5.41553e-06
7.85756e-06
-4.67336e-06
7.39252e-06
-3.71284e-06
-2.81035e-06
7.10614e-06
8.59734e-06
4.0247e-06
8.97494e-06
4.12615e-06
9.58626e-06
4.0559e-06
1.0501e-05
3.28205e-06
1.13021e-05
1.40888e-06
1.1585e-05
-1.26986e-06
1.1174e-05
-3.49276e-06
1.03097e-05
-4.51046e-06
9.37476e-06
-4.4806e-06
8.62174e-06
-3.92034e-06
8.11203e-06
-3.20313e-06
-2.49134e-06
7.79302e-06
9.36873e-06
1.01576e-05
1.10652e-05
1.19601e-05
1.23808e-05
1.22538e-05
1.16244e-05
1.07558e-05
9.91156e-06
9.22735e-06
8.73165e-06
8.3937e-06
6.19787e-06
-2.23088e-06
6.11598e-06
-1.58445e-06
6.04443e-06
-1.10187e-06
5.96853e-06
-7.15199e-07
5.88119e-06
-3.67717e-07
5.77263e-06
-1.26077e-08
5.63494e-06
3.74942e-07
5.46136e-06
8.12588e-07
5.24448e-06
1.33862e-06
4.97292e-06
2.07433e-06
4.7839e-06
3.02146e-06
5.07729e-06
6.93399e-06
-2.05873e-06
6.81968e-06
-1.47014e-06
6.72924e-06
-1.01143e-06
6.64656e-06
-6.32512e-07
6.56598e-06
-2.87142e-07
6.47617e-06
7.72081e-08
6.37165e-06
4.79464e-07
6.26145e-06
9.22781e-07
6.16862e-06
1.43145e-06
6.15625e-06
2.0867e-06
6.36189e-06
2.81582e-06
4.42832e-06
7.593e-06
-1.85871e-06
7.45969e-06
-1.33682e-06
7.36159e-06
-9.13336e-07
7.28294e-06
-5.53866e-07
7.21938e-06
-2.23582e-07
7.14778e-06
1.4881e-07
7.07087e-06
5.56374e-07
7.00566e-06
9.87991e-07
6.98932e-06
1.44779e-06
7.07847e-06
1.99755e-06
7.3077e-06
2.58659e-06
3.63244e-06
8.17276e-06
8.02904e-06
7.93023e-06
7.86058e-06
7.82944e-06
7.7813e-06
7.72532e-06
7.68068e-06
7.69527e-06
7.82324e-06
8.05362e-06
-2.0114e-07
-2.64896e-06
-2.87073e-07
-5.71301e-07
-2.32258e-06
-8.16101e-07
-1.90642e-06
-9.71639e-07
-1.48785e-06
-1.07719e-06
-1.0969e-06
-1.15619e-06
-7.31538e-07
-1.21999e-06
-3.73233e-07
-1.23083e-06
2.16488e-09
-1.26572e-06
3.36883e-07
-1.31423e-06
6.93257e-07
-1.35093e-06
1.07292e-06
1.33685e-06
-1.26661e-06
-7.64696e-08
-2.24267e-06
-3.29828e-07
-3.98099e-07
-2.00095e-06
-6.27026e-07
-1.67749e-06
-7.87293e-07
-1.32758e-06
-9.00574e-07
-9.83623e-07
-9.82215e-07
-6.49897e-07
-1.03994e-06
-3.15504e-07
-1.06617e-06
2.83935e-08
-1.10142e-06
3.72131e-07
-1.15173e-06
7.43563e-07
-1.2097e-06
1.13089e-06
1.27803e-06
-1.15089e-06
-3.58648e-09
-1.89954e-06
-3.39541e-07
-2.81693e-07
-1.72284e-06
-4.92157e-07
-1.46703e-06
-6.45037e-07
-1.1747e-06
-7.54458e-07
-8.74201e-07
-8.32392e-07
-5.71963e-07
-8.83136e-07
-2.6476e-07
-9.10056e-07
5.5314e-08
-9.41327e-07
4.03402e-07
-1.00329e-06
8.05526e-07
-1.09555e-06
1.22316e-06
1.28067e-06
-1.09819e-06
4.39866e-08
-3.34497e-07
-1.60903e-06
-1.97434e-07
-1.48142e-06
-3.87727e-07
-1.27673e-06
-5.30015e-07
-1.03241e-06
-6.33347e-07
-7.7087e-07
-7.05805e-07
-4.99504e-07
-7.50674e-07
-2.19891e-07
-7.70228e-07
7.48676e-08
-7.87295e-07
4.20469e-07
-8.56532e-07
8.74764e-07
-9.59771e-07
1.3264e-06
-9.80912e-07
1.30181e-06
-9.72032e-07
1.52456e-06
-5.98789e-07
2.0009e-06
-6.45142e-08
2.44157e-06
5.9382e-07
2.74482e-06
1.37184e-06
2.81818e-06
2.21211e-06
2.54026e-06
2.8279e-06
1.64874e-06
2.69235e-06
1.51154e-07
2.24055e-06
-1.14057e-06
1.58591e-06
-2.1217e-06
8.9596e-07
-2.66921e-06
-2.80997e-06
2.90004e-07
-7.82925e-07
1.1566e-06
-4.18094e-07
1.63607e-06
2.28672e-08
2.00061e-06
5.3515e-07
2.23254e-06
1.11522e-06
2.2381e-06
1.70854e-06
1.94695e-06
2.10661e-06
1.25067e-06
2.06849e-06
1.89277e-07
1.78019e-06
-8.52277e-07
1.32704e-06
-1.66855e-06
8.16001e-07
-2.15817e-06
-2.32522e-06
3.31249e-07
-6.4912e-07
7.07527e-07
-2.84552e-07
1.2715e-06
8.60034e-08
1.63005e-06
5.02568e-07
1.81597e-06
9.4262e-07
1.79805e-06
1.35794e-06
1.53163e-06
1.63572e-06
9.72888e-07
1.66002e-06
1.6498e-07
1.47431e-06
-6.66569e-07
1.13716e-06
-1.3314e-06
7.34759e-07
-1.75577e-06
-1.93081e-06
3.40348e-07
-5.11288e-07
2.37903e-07
-1.71407e-07
9.31622e-07
1.3477e-07
1.32388e-06
4.72188e-07
1.47855e-06
8.17301e-07
1.45294e-06
1.12982e-06
1.21911e-06
1.33932e-06
7.63389e-07
1.3717e-06
1.32594e-07
1.23273e-06
-5.27601e-07
9.73454e-07
-1.07212e-06
6.56104e-07
-1.43842e-06
3.34918e-07
-1.60962e-06
-2.03019e-07
-2.65747e-06
-5.73055e-07
-2.3235e-06
-8.17468e-07
-1.90776e-06
-9.7301e-07
-1.48862e-06
-1.07848e-06
-1.0973e-06
-1.15737e-06
-7.31543e-07
-1.22102e-06
-3.72947e-07
-1.23168e-06
2.64768e-09
-1.26656e-06
3.37398e-07
-1.31508e-06
6.93882e-07
-1.35182e-06
1.0736e-06
1.3372e-06
-1.2674e-06
-7.81622e-08
-2.24806e-06
-3.99104e-07
-2.00256e-06
-6.28062e-07
-1.6788e-06
-7.88358e-07
-1.32833e-06
-9.01652e-07
-9.84009e-07
-9.83254e-07
-6.49941e-07
-1.04094e-06
-3.15261e-07
-1.06715e-06
2.88568e-08
-1.1025e-06
3.72745e-07
-1.15299e-06
7.4438e-07
-1.21121e-06
1.13181e-06
1.27847e-06
-1.15249e-06
-4.46177e-09
-1.90325e-06
-2.82529e-07
-1.72449e-06
-4.93139e-07
-1.46819e-06
-6.46042e-07
-1.17543e-06
-7.55424e-07
-8.74626e-07
-8.33336e-07
-5.7203e-07
-8.84048e-07
-2.64549e-07
-9.10966e-07
5.57753e-08
-9.42345e-07
4.04123e-07
-1.00455e-06
8.06587e-07
-1.09719e-06
1.22445e-06
1.28148e-06
-1.10019e-06
4.33371e-08
-1.61167e-06
-1.98164e-07
-1.48299e-06
-3.88584e-07
-1.27777e-06
-5.30784e-07
-1.03323e-06
-6.34185e-07
-7.71225e-07
-7.06658e-07
-4.99557e-07
-7.51509e-07
-2.19697e-07
-7.71056e-07
7.53221e-08
-7.88196e-07
4.21263e-07
-8.57687e-07
8.76079e-07
-9.6129e-07
1.32805e-06
-9.83016e-07
1.30321e-06
-9.7239e-07
1.52434e-06
-5.98794e-07
2.00088e-06
-6.41702e-08
2.44182e-06
5.94489e-07
2.74536e-06
1.3727e-06
2.81892e-06
2.2131e-06
2.54114e-06
2.82914e-06
1.64978e-06
2.69383e-06
1.52145e-07
2.24188e-06
-1.13997e-06
1.5869e-06
-2.12139e-06
8.96547e-07
-2.66917e-06
-2.81013e-06
2.90251e-07
-7.83976e-07
1.15584e-06
-4.18787e-07
1.63569e-06
2.24895e-08
2.00054e-06
5.35035e-07
2.23281e-06
1.11537e-06
2.23859e-06
1.70888e-06
1.94763e-06
2.10715e-06
1.2515e-06
2.06914e-06
1.90156e-07
1.78075e-06
-8.51576e-07
1.32747e-06
-1.6681e-06
8.16291e-07
-2.15799e-06
-2.32524e-06
3.31408e-07
-6.50378e-07
7.0602e-07
-2.85459e-07
1.27078e-06
8.52987e-08
1.62978e-06
5.02068e-07
1.81604e-06
9.42254e-07
1.7984e-06
1.35777e-06
1.53212e-06
1.6357e-06
9.73579e-07
1.66013e-06
1.65725e-07
1.47448e-06
-6.65926e-07
1.13734e-06
-1.33097e-06
7.3491e-07
-1.75556e-06
-1.93077e-06
3.40433e-07
-5.12408e-07
2.35412e-07
-1.72241e-07
9.30608e-07
1.34073e-07
1.32347e-06
4.7162e-07
1.4785e-06
8.16856e-07
1.45316e-06
1.12945e-06
1.21952e-06
1.3391e-06
7.63933e-07
1.37165e-06
1.33175e-07
1.23275e-06
-5.27028e-07
9.73526e-07
-1.07174e-06
6.56175e-07
-1.43821e-06
3.3495e-07
-1.60954e-06
-2.02991e-07
-2.65772e-06
-5.73167e-07
-2.32376e-06
-8.17682e-07
-1.90794e-06
-9.73271e-07
-1.48867e-06
-1.07874e-06
-1.09721e-06
-1.15758e-06
-7.31314e-07
-1.22116e-06
-3.72603e-07
-1.23171e-06
3.05931e-09
-1.26659e-06
3.37781e-07
-1.31509e-06
6.94278e-07
-1.35183e-06
1.07399e-06
1.33759e-06
-1.26748e-06
-7.81189e-08
-2.2482e-06
-3.99176e-07
-2.00271e-06
-6.28205e-07
-1.67891e-06
-7.8854e-07
-1.32834e-06
-9.01841e-07
-9.8391e-07
-9.83417e-07
-6.49739e-07
-1.04105e-06
-3.14973e-07
-1.06717e-06
2.9184e-08
-1.10244e-06
3.73053e-07
-1.15283e-06
7.44667e-07
-1.21093e-06
1.13208e-06
1.2788e-06
-1.15214e-06
-4.45779e-09
-1.90331e-06
-2.82594e-07
-1.72457e-06
-4.93262e-07
-1.46824e-06
-6.46193e-07
-1.17541e-06
-7.55577e-07
-8.74527e-07
-8.33462e-07
-5.71853e-07
-8.84125e-07
-2.6431e-07
-9.10981e-07
5.60405e-08
-9.42287e-07
4.04358e-07
-1.00437e-06
8.06754e-07
-1.09686e-06
1.22456e-06
1.28167e-06
-1.09973e-06
4.3315e-08
-1.61167e-06
-1.98233e-07
-1.48302e-06
-3.88694e-07
-1.27778e-06
-5.30912e-07
-1.03319e-06
-6.34311e-07
-7.71128e-07
-7.06762e-07
-4.99403e-07
-7.51574e-07
-2.19498e-07
-7.71069e-07
7.55352e-08
-7.88149e-07
4.21438e-07
-8.57549e-07
8.76154e-07
-9.61038e-07
1.32805e-06
-9.82636e-07
1.30327e-06
-9.72672e-07
1.52475e-06
-5.99287e-07
2.00109e-06
-6.49032e-08
2.44178e-06
5.93495e-07
2.74509e-06
1.37156e-06
2.81848e-06
2.21185e-06
2.54047e-06
2.8275e-06
1.64883e-06
2.69175e-06
1.51191e-07
2.23984e-06
-1.14041e-06
1.58521e-06
-2.12132e-06
8.95411e-07
-2.66865e-06
-2.80931e-06
2.89656e-07
-7.83778e-07
1.15639e-06
-4.18737e-07
1.63605e-06
2.23637e-08
2.00068e-06
5.34728e-07
2.23272e-06
1.11489e-06
2.23832e-06
1.70822e-06
1.94714e-06
2.10624e-06
1.25081e-06
2.06803e-06
1.89401e-07
1.77969e-06
-8.52071e-07
1.32659e-06
-1.66822e-06
8.15647e-07
-2.15771e-06
-2.32466e-06
3.31002e-07
-6.50044e-07
7.06706e-07
-2.85194e-07
1.2712e-06
8.54968e-08
1.62999e-06
5.02169e-07
1.81605e-06
9.42275e-07
1.79821e-06
1.35764e-06
1.53178e-06
1.63541e-06
9.73037e-07
1.65968e-06
1.65131e-07
1.47396e-06
-6.66353e-07
1.13684e-06
-1.33109e-06
7.34492e-07
-1.75537e-06
-1.93033e-06
3.40158e-07
-5.12128e-07
2.36198e-07
-1.71984e-07
9.31052e-07
1.3431e-07
1.32369e-06
4.71812e-07
1.47855e-06
8.16992e-07
1.45303e-06
1.12953e-06
1.21924e-06
1.33904e-06
7.63526e-07
1.37143e-06
1.32745e-07
1.23245e-06
-5.27373e-07
9.7319e-07
-1.07183e-06
6.55888e-07
-1.43806e-06
3.34767e-07
-1.60921e-06
-2.03178e-07
-2.65675e-06
-5.73045e-07
-2.32275e-06
-8.17316e-07
-1.90707e-06
-9.72757e-07
-1.48806e-06
-1.07818e-06
-1.09687e-06
-1.15705e-06
-7.31271e-07
-1.22073e-06
-3.72822e-07
-1.23148e-06
2.62186e-09
-1.26646e-06
3.37249e-07
-1.31509e-06
6.93553e-07
-1.35193e-06
1.07309e-06
1.33668e-06
-1.26768e-06
-7.83048e-08
-2.24744e-06
-3.99137e-07
-2.00192e-06
-6.2799e-07
-1.67822e-06
-7.88201e-07
-1.32785e-06
-9.01427e-07
-9.83646e-07
-9.82986e-07
-6.49713e-07
-1.04064e-06
-3.15169e-07
-1.06683e-06
2.88081e-08
-1.10213e-06
3.7255e-07
-1.15258e-06
7.44009e-07
-1.21081e-06
1.13132e-06
1.27811e-06
-1.15224e-06
-4.55808e-09
-1.90273e-06
-2.82529e-07
-1.72395e-06
-4.93055e-07
-1.46769e-06
-6.45882e-07
-1.17502e-06
-7.55223e-07
-8.74305e-07
-8.33094e-07
-5.71842e-07
-8.83781e-07
-2.64482e-07
-9.10673e-07
5.56999e-08
-9.41996e-07
4.03873e-07
-1.00411e-06
8.06128e-07
-1.0967e-06
1.2239e-06
1.28123e-06
-1.09981e-06
4.32621e-08
-1.61122e-06
-1.98154e-07
-1.48253e-06
-3.885e-07
-1.27735e-06
-5.30669e-07
-1.03285e-06
-6.34011e-07
-7.70963e-07
-7.06439e-07
-4.99414e-07
-7.51268e-07
-2.19654e-07
-7.70798e-07
7.52305e-08
-7.87906e-07
4.2098e-07
-8.57316e-07
8.75538e-07
-9.609e-07
1.32749e-06
-9.82859e-07
1.30318e-06
-9.7292e-07
1.52384e-06
-5.99533e-07
2.00026e-06
-6.5099e-08
2.44107e-06
5.9339e-07
2.74451e-06
1.37153e-06
2.81803e-06
2.21183e-06
2.54006e-06
2.82735e-06
1.64853e-06
2.69141e-06
1.51145e-07
2.2393e-06
-1.14017e-06
1.58442e-06
-2.12083e-06
8.94101e-07
-2.66786e-06
-2.80825e-06
-7.83978e-07
1.15558e-06
-4.19003e-07
1.63528e-06
2.2059e-08
2.00001e-06
5.3441e-07
2.23216e-06
1.11459e-06
2.23785e-06
1.70786e-06
1.94678e-06
2.10578e-06
1.25061e-06
2.06748e-06
1.89446e-07
1.77907e-06
-8.51755e-07
1.32589e-06
-1.66766e-06
8.14836e-07
-2.15681e-06
-2.32325e-06
-6.50189e-07
7.05956e-07
-2.85415e-07
1.27051e-06
8.52144e-08
1.62938e-06
5.01843e-07
1.81553e-06
9.41892e-07
1.7978e-06
1.3572e-06
1.53148e-06
1.6349e-06
9.72903e-07
1.65914e-06
1.65215e-07
1.4734e-06
-6.66022e-07
1.13627e-06
-1.33052e-06
7.33903e-07
-1.75444e-06
-1.92888e-06
-5.12285e-07
2.35382e-07
-1.7218e-07
9.30403e-07
1.34057e-07
1.32314e-06
4.71506e-07
1.47808e-06
8.16633e-07
1.45267e-06
1.12912e-06
1.219e-06
1.33859e-06
7.63431e-07
1.37096e-06
1.32841e-07
1.23197e-06
-5.27032e-07
9.72724e-07
-1.07127e-06
6.55475e-07
-1.43719e-06
-1.60791e-06
7.56632e-08
-1.36272e-06
-3.21969e-07
-1.35446e-07
-1.27031e-06
-3.05978e-07
-1.1062e-06
-4.36901e-07
-9.01487e-07
-5.33088e-07
-6.74682e-07
-5.99028e-07
-4.33565e-07
-6.37072e-07
-1.81847e-07
-6.47556e-07
8.53514e-08
-6.23067e-07
3.9598e-07
-5.55048e-07
8.06745e-07
-4.37746e-07
1.20909e-06
8.64068e-07
9.59838e-08
-1.15231e-06
-3.06398e-07
-8.82898e-08
-1.08604e-06
-2.41686e-07
-9.52804e-07
-3.61768e-07
-7.81405e-07
-4.50532e-07
-5.85918e-07
-5.09869e-07
-3.74229e-07
-5.40965e-07
-1.5075e-07
-5.42898e-07
8.72839e-08
-5.00088e-07
3.5317e-07
-3.66452e-07
6.73109e-07
-1.41903e-07
9.84544e-07
7.22165e-07
1.08525e-07
-9.70995e-07
-2.8984e-07
-5.40299e-08
-9.23485e-07
-1.92139e-07
-8.14695e-07
-3.01203e-07
-6.72342e-07
-3.82527e-07
-5.04594e-07
-4.36011e-07
-3.20744e-07
-4.61888e-07
-1.24873e-07
-4.57304e-07
8.26995e-08
-4.11898e-07
3.07764e-07
-2.92964e-07
5.54175e-07
-8.90419e-08
7.80622e-07
6.33123e-07
1.15859e-07
-8.13186e-07
-2.73668e-07
-2.84635e-08
-7.79163e-07
-1.5245e-07
-6.90709e-07
-2.52889e-07
-5.71902e-07
-3.27139e-07
-4.30344e-07
-3.75611e-07
-2.72272e-07
-3.97258e-07
-1.03226e-07
-3.89346e-07
7.47872e-08
-3.44706e-07
2.63124e-07
-2.46843e-07
4.56312e-07
-8.89127e-08
6.22692e-07
5.4421e-07
1.19688e-07
-6.74296e-07
-2.58579e-07
-9.3819e-09
-6.50093e-07
-1.21964e-07
-5.78127e-07
-2.13564e-07
-4.80303e-07
-2.82439e-07
-3.61469e-07
-3.26459e-07
-2.28251e-07
-3.45057e-07
-8.46283e-08
-3.35563e-07
6.52934e-08
-2.93312e-07
2.20873e-07
-2.1032e-07
3.7332e-07
-8.54709e-08
4.97843e-07
4.58739e-07
1.21162e-07
-5.50525e-07
-2.44933e-07
3.79265e-09
-5.32723e-07
-9.83106e-08
-4.76023e-07
-1.82612e-07
-3.96001e-07
-2.46042e-07
-2.98039e-07
-2.86864e-07
-1.87429e-07
-3.03103e-07
-6.83894e-08
-2.9323e-07
5.54199e-08
-2.54042e-07
1.81686e-07
-1.82251e-07
3.01529e-07
-7.99075e-08
3.95499e-07
3.78832e-07
1.21224e-07
-4.38877e-07
-2.32871e-07
1.42218e-08
-4.25721e-07
-7.99676e-08
-3.81834e-07
-1.58478e-07
-3.17491e-07
-2.17497e-07
-2.3902e-07
-2.55155e-07
-1.49771e-07
-2.69706e-07
-5.38381e-08
-2.60059e-07
4.57735e-08
-2.23968e-07
1.45595e-07
-1.60871e-07
2.38432e-07
-7.44158e-08
3.09044e-07
3.04416e-07
1.20357e-07
-3.36836e-07
-2.22398e-07
2.17074e-08
-3.27071e-07
-6.5944e-08
-2.94182e-07
-1.39345e-07
-2.4409e-07
-1.94925e-07
-1.83439e-07
-2.30084e-07
-1.14612e-07
-2.43574e-07
-4.03485e-08
-2.34287e-07
3.64864e-08
-2.01026e-07
1.12334e-07
-1.44638e-07
1.82043e-07
-6.94853e-08
2.33892e-07
2.34931e-07
1.18949e-07
-2.42295e-07
-2.1349e-07
2.683e-08
-2.34952e-07
-5.62631e-08
-2.11089e-07
-1.24813e-07
-1.75541e-07
-1.77498e-07
-1.30753e-07
-2.10778e-07
-8.13329e-08
-2.23488e-07
-2.76378e-08
-2.14588e-07
2.75858e-08
-1.83731e-07
8.14777e-08
-1.32418e-07
1.3073e-07
-6.52767e-08
1.66751e-07
1.69654e-07
1.17263e-07
-1.53509e-07
-2.06049e-07
3.01609e-08
-1.4785e-07
-4.81274e-08
-1.32801e-07
-1.14575e-07
-1.09093e-07
-1.64353e-07
-8.09758e-08
-1.96424e-07
-4.92619e-08
-2.08366e-07
-1.56956e-08
-1.99843e-07
1.90629e-08
-1.70936e-07
5.2571e-08
-1.23382e-07
8.31751e-08
-6.18439e-08
1.05213e-07
1.0781e-07
1.10846e-07
-6.94236e-08
-1.94932e-07
2.80954e-08
-6.50994e-08
-4.61068e-08
-5.85986e-08
-1.09134e-07
-4.60659e-08
-1.56332e-07
-3.37775e-08
-1.86066e-07
-1.95279e-08
-1.96975e-07
-4.78651e-09
-1.88384e-07
1.04723e-08
-1.60919e-07
2.51056e-08
-1.16197e-07
3.84533e-08
-5.88e-08
4.78157e-08
4.90099e-08
5.69989e-08
-1.26422e-07
-8.10047e-09
-6.6699e-08
-1.12765e-07
-1.46542e-07
-1.6607e-07
-1.70857e-07
-1.60384e-07
-1.35279e-07
-9.68256e-08
-4.90099e-08
-1.35535e-07
3.73438e-07
-3.80074e-08
8.34094e-07
1.84173e-07
1.1017e-06
4.45941e-07
1.21679e-06
7.17021e-07
1.18186e-06
9.57743e-07
9.78392e-07
1.11605e-06
6.05081e-07
1.14388e-06
1.04763e-07
1.04006e-06
-4.23783e-07
8.39937e-07
-8.71992e-07
5.8681e-07
-1.18529e-06
-1.34502e-06
3.22204e-07
-6.50445e-08
4.38483e-07
2.97585e-08
7.39291e-07
2.09847e-07
9.21608e-07
4.20728e-07
1.0059e-06
6.36375e-07
9.66209e-07
8.24319e-07
7.90448e-07
9.45697e-07
4.83702e-07
9.68924e-07
8.15365e-08
8.90179e-07
-3.45038e-07
7.32119e-07
-7.13932e-07
5.26857e-07
-9.80033e-07
-1.12469e-06
3.06535e-07
-1.08413e-08
4.49324e-07
7.67831e-08
6.51666e-07
2.22563e-07
7.75828e-07
3.94999e-07
8.33468e-07
5.69823e-07
7.91386e-07
7.19661e-07
6.4061e-07
8.15062e-07
3.88302e-07
8.3398e-07
6.26178e-08
7.71975e-07
-2.83033e-07
6.44585e-07
-5.86542e-07
4.75566e-07
-8.11013e-07
-9.39057e-07
2.89929e-07
2.05922e-08
4.28732e-07
1.04059e-07
5.68199e-07
2.27422e-07
6.52466e-07
3.7142e-07
6.8947e-07
5.15501e-07
6.47304e-07
6.36826e-07
5.19285e-07
7.13383e-07
3.11745e-07
7.28536e-07
4.74648e-08
6.78338e-07
-2.32834e-07
5.73587e-07
-4.81792e-07
4.32145e-07
-6.6957e-07
-7.80637e-07
2.73724e-07
3.82376e-08
3.90494e-07
1.18935e-07
4.87502e-07
2.26927e-07
5.44473e-07
3.49886e-07
5.66511e-07
4.70631e-07
5.26559e-07
5.70926e-07
4.1899e-07
6.3357e-07
2.49101e-07
6.4568e-07
3.53546e-08
6.03956e-07
-1.91111e-07
5.16045e-07
-3.9388e-07
3.95676e-07
-5.49202e-07
-6.43578e-07
2.58618e-07
4.85028e-08
3.41991e-07
1.26673e-07
4.09332e-07
2.23311e-07
4.47836e-07
3.30172e-07
4.5965e-07
4.33701e-07
4.2303e-07
5.18252e-07
3.3444e-07
5.70563e-07
1.96789e-07
5.80325e-07
2.55923e-08
5.44736e-07
-1.55521e-07
4.69477e-07
-3.18621e-07
3.65263e-07
-4.44988e-07
-5.23273e-07
2.44958e-07
5.44425e-08
2.87549e-07
1.29764e-07
3.3401e-07
2.18224e-07
3.59376e-07
3.12897e-07
3.64977e-07
4.03117e-07
3.3281e-07
4.76091e-07
2.61465e-07
5.20707e-07
1.52174e-07
5.28725e-07
1.75741e-08
4.97596e-07
-1.24392e-07
4.31911e-07
-2.52936e-07
3.40088e-07
-3.53165e-07
-4.16072e-07
2.32887e-07
5.76487e-08
2.299e-07
1.30405e-07
2.61254e-07
2.12034e-07
2.77747e-07
2.97842e-07
2.79169e-07
3.78e-07
2.52652e-07
4.42372e-07
1.97093e-07
4.81295e-07
1.13251e-07
4.87975e-07
1.08939e-08
4.60295e-07
-9.67117e-08
4.01781e-07
-1.94422e-07
3.19426e-07
-2.70809e-07
-3.19055e-07
2.22408e-07
5.9069e-08
1.70831e-07
1.29212e-07
1.91111e-07
2.05858e-07
2.01101e-07
2.84765e-07
2.00262e-07
3.5752e-07
1.79898e-07
4.15537e-07
1.39076e-07
4.50318e-07
7.84699e-08
4.56046e-07
5.16575e-09
4.30965e-07
-7.16312e-08
3.77846e-07
-1.41303e-07
3.02679e-07
-1.95642e-07
-2.29873e-07
2.13497e-07
5.92717e-08
1.11559e-07
1.27138e-07
1.23244e-07
1.99852e-07
1.28387e-07
2.73543e-07
1.26571e-07
3.40906e-07
1.12534e-07
3.94295e-07
8.56873e-08
4.26117e-07
4.66481e-08
4.31182e-07
1.00496e-10
4.08069e-07
-4.85179e-08
3.58992e-07
-9.22268e-08
2.89268e-07
-1.25918e-07
-1.46659e-07
2.06055e-07
5.85156e-08
5.30438e-08
1.24127e-07
5.76329e-08
1.93405e-07
5.91096e-08
2.6286e-07
5.71148e-08
3.25832e-07
4.95629e-08
3.75266e-07
3.62533e-08
4.04344e-07
1.75703e-08
4.08298e-07
-3.85375e-09
3.86097e-07
-2.63174e-08
3.39604e-07
-4.57335e-08
2.73663e-07
-5.9977e-08
-6.79371e-08
1.94941e-07
5.30438e-08
1.10677e-07
1.69786e-07
2.26901e-07
2.76464e-07
3.12717e-07
3.30288e-07
3.26434e-07
3.00116e-07
2.54383e-07
1.94406e-07
1.26469e-07
7.5225e-08
-1.36469e-06
-1.36128e-07
-1.27164e-06
-3.06712e-07
-1.10719e-06
-4.3767e-07
-9.02267e-07
-5.33839e-07
-6.75056e-07
-5.99801e-07
-4.33596e-07
-6.3783e-07
-1.81668e-07
-6.48302e-07
8.57944e-08
-6.2378e-07
3.96741e-07
-5.55745e-07
8.08044e-07
-4.3838e-07
1.21068e-06
8.64826e-07
9.56816e-08
-1.15384e-06
-8.87975e-08
-1.08716e-06
-2.42135e-07
-9.53853e-07
-3.6243e-07
-7.81972e-07
-4.51226e-07
-5.86261e-07
-5.10571e-07
-3.74251e-07
-5.41641e-07
-1.50598e-07
-5.43537e-07
8.76901e-08
-5.00655e-07
3.53858e-07
-3.6681e-07
6.74199e-07
-1.42026e-07
9.85899e-07
7.228e-07
1.08309e-07
-9.7222e-07
-5.4342e-08
-9.24509e-07
-1.92686e-07
-8.15508e-07
-3.018e-07
-6.72858e-07
-3.8317e-07
-5.04891e-07
-4.36644e-07
-3.20777e-07
-4.62494e-07
-1.24748e-07
-4.57872e-07
8.30676e-08
-4.12374e-07
3.08361e-07
-2.93241e-07
5.55066e-07
-8.90537e-08
7.81712e-07
6.33747e-07
1.15688e-07
-8.14183e-07
-2.87832e-08
-7.80037e-07
-1.52905e-07
-6.91386e-07
-2.53413e-07
-5.7235e-07
-3.27786e-07
-4.30518e-07
-3.76179e-07
-2.72383e-07
-3.97803e-07
-1.03124e-07
-3.89846e-07
7.51101e-08
-3.4512e-07
2.63636e-07
-2.471e-07
4.57045e-07
-8.8955e-08
6.23568e-07
5.44792e-07
1.19547e-07
-6.75112e-07
-9.61404e-09
-6.50876e-07
-1.22366e-07
-5.78635e-07
-2.14047e-07
-4.80668e-07
-2.8293e-07
-3.61636e-07
-3.26976e-07
-2.28337e-07
-3.4555e-07
-8.45499e-08
-3.36003e-07
6.55635e-08
-2.9368e-07
2.21313e-07
-2.10556e-07
3.7392e-07
-8.55358e-08
4.98548e-07
4.59256e-07
1.21031e-07
-5.51185e-07
3.50459e-09
-5.3335e-07
-9.86658e-08
-4.76464e-07
-1.8306e-07
-3.96274e-07
-2.46499e-07
-2.98197e-07
-2.87321e-07
-1.87515e-07
-3.03552e-07
-6.83188e-08
-2.93627e-07
5.56377e-08
-2.54374e-07
1.8206e-07
-1.82464e-07
3.0201e-07
-7.99798e-08
3.96064e-07
3.79276e-07
1.21101e-07
-4.39399e-07
1.39646e-08
-4.26214e-07
-8.03036e-08
-3.82196e-07
-1.58827e-07
-3.17751e-07
-2.17902e-07
-2.39123e-07
-2.55526e-07
-1.4989e-07
-2.70106e-07
-5.37392e-08
-2.60422e-07
4.5954e-08
-2.24269e-07
1.45907e-07
-1.61068e-07
2.38809e-07
-7.44919e-08
3.09488e-07
3.04784e-07
1.20243e-07
-3.37234e-07
2.14741e-08
-3.27445e-07
-6.62523e-08
-2.9447e-07
-1.39672e-07
-2.44331e-07
-1.95322e-07
-1.83473e-07
-2.30499e-07
-1.14714e-07
-2.4398e-07
-4.0258e-08
-2.34626e-07
3.66002e-08
-2.01305e-07
1.12586e-07
-1.44821e-07
1.82325e-07
-6.9563e-08
2.3423e-07
2.35221e-07
1.18842e-07
-2.42579e-07
2.66131e-08
-2.35216e-07
-5.65532e-08
-2.11303e-07
-1.25171e-07
-1.75713e-07
-1.77841e-07
-1.30802e-07
-2.11141e-07
-8.14143e-08
-2.23843e-07
-2.75561e-08
-2.1491e-07
2.76676e-08
-1.83989e-07
8.16649e-08
-1.32595e-07
1.30932e-07
-6.53557e-08
1.6699e-07
1.69865e-07
1.17163e-07
-1.53687e-07
2.99547e-08
-1.48008e-07
-4.83979e-08
-1.32951e-07
-1.14887e-07
-1.09224e-07
-1.64719e-07
-8.09708e-08
-1.96807e-07
-4.93262e-08
-2.08693e-07
-1.56702e-08
-2.00153e-07
1.91275e-08
-1.71181e-07
5.26934e-08
-1.23551e-07
8.33012e-08
-6.19221e-08
1.05362e-07
1.07943e-07
1.10756e-07
-6.95018e-08
2.78977e-08
-6.515e-08
-4.63609e-08
-5.86921e-08
-1.09467e-07
-4.61173e-08
-1.56639e-07
-3.37992e-08
-1.86386e-07
-1.95788e-08
-1.9733e-07
-4.72631e-09
-1.88687e-07
1.04843e-08
-1.6115e-07
2.51568e-08
-1.16358e-07
3.85084e-08
-5.88756e-08
4.78797e-08
4.90676e-08
5.69671e-08
-8.1829e-09
-6.6875e-08
-1.12992e-07
-1.46792e-07
-1.6637e-07
-1.71097e-07
-1.60613e-07
-1.35456e-07
-9.69473e-08
-4.90676e-08
-1.36103e-07
3.71514e-07
-3.86498e-08
8.33155e-07
1.83574e-07
1.10125e-06
4.45388e-07
1.21668e-06
7.16557e-07
1.18199e-06
9.57371e-07
9.78703e-07
1.11581e-06
6.05495e-07
1.14375e-06
1.05234e-07
1.04003e-06
-4.23308e-07
8.39948e-07
-8.71658e-07
5.86824e-07
-1.18509e-06
-1.34491e-06
3.22197e-07
-6.54955e-08
4.3701e-07
2.91923e-08
7.38467e-07
2.09291e-07
9.21147e-07
4.20242e-07
1.00573e-06
6.35949e-07
9.66287e-07
8.23983e-07
7.90669e-07
9.45448e-07
4.84029e-07
9.68763e-07
8.19183e-08
8.90096e-07
-3.44641e-07
7.32077e-07
-7.13639e-07
5.26827e-07
-9.7984e-07
-1.12458e-06
3.06498e-07
-1.11434e-08
4.48153e-07
7.63489e-08
6.50974e-07
2.22111e-07
7.75384e-07
3.9455e-07
8.33293e-07
5.69432e-07
7.91406e-07
7.19338e-07
6.40763e-07
8.14807e-07
3.8856e-07
8.33799e-07
6.29269e-08
7.71859e-07
-2.82701e-07
6.44509e-07
-5.8629e-07
4.75506e-07
-8.10836e-07
-9.38948e-07
2.8987e-07
2.02935e-08
4.2786e-07
1.03704e-07
5.67564e-07
2.27029e-07
6.52059e-07
3.71053e-07
6.89268e-07
5.15176e-07
6.47283e-07
6.36518e-07
5.19421e-07
7.1313e-07
3.11949e-07
7.28343e-07
4.77132e-08
6.78199e-07
-2.32556e-07
5.73486e-07
-4.81577e-07
4.32063e-07
-6.69413e-07
-7.80534e-07
2.73649e-07
3.80449e-08
3.89815e-07
1.1862e-07
4.86989e-07
2.26583e-07
5.44096e-07
3.49532e-07
5.6632e-07
4.70286e-07
5.26529e-07
5.70632e-07
4.19074e-07
6.3332e-07
2.49261e-07
6.45481e-07
3.55522e-08
6.03804e-07
-1.9088e-07
5.15928e-07
-3.93701e-07
3.9558e-07
-5.49065e-07
-6.43485e-07
2.58531e-07
4.83459e-08
3.41469e-07
1.26485e-07
4.0885e-07
2.23026e-07
4.47555e-07
3.29839e-07
4.59506e-07
4.33406e-07
4.22962e-07
5.17971e-07
3.34509e-07
5.70318e-07
1.96914e-07
5.80118e-07
2.57522e-08
5.44581e-07
-1.55343e-07
4.69349e-07
-3.18469e-07
3.65156e-07
-4.44872e-07
-5.23191e-07
2.44862e-07
5.4337e-08
2.87132e-07
1.29557e-07
3.3363e-07
2.17955e-07
3.59156e-07
3.1263e-07
3.64832e-07
4.02829e-07
3.32763e-07
4.75823e-07
2.61515e-07
5.20469e-07
1.52269e-07
5.2852e-07
1.77007e-08
4.97434e-07
-1.24257e-07
4.31776e-07
-2.52811e-07
3.39974e-07
-3.5307e-07
-4.16003e-07
2.32786e-07
5.75422e-08
2.2959e-07
1.30202e-07
2.6097e-07
2.11789e-07
2.77569e-07
2.9757e-07
2.79051e-07
3.77728e-07
2.52605e-07
4.42116e-07
1.97127e-07
4.81063e-07
1.13321e-07
4.87775e-07
1.0989e-08
4.60128e-07
-9.66094e-08
4.01641e-07
-1.94325e-07
3.19307e-07
-2.70735e-07
-3.19e-07
2.22303e-07
5.89785e-08
1.70611e-07
1.29069e-07
1.90879e-07
2.05624e-07
2.01014e-07
2.84496e-07
2.00179e-07
3.57261e-07
1.7984e-07
4.1529e-07
1.39099e-07
4.50092e-07
7.8519e-08
4.55848e-07
5.23302e-09
4.30798e-07
-7.15592e-08
3.77703e-07
-1.41231e-07
3.02558e-07
-1.9559e-07
-2.29833e-07
2.1339e-07
5.91886e-08
1.11422e-07
1.26968e-07
1.231e-07
1.99673e-07
1.28309e-07
2.73317e-07
1.26535e-07
3.40658e-07
1.12499e-07
3.94056e-07
8.57005e-08
4.25897e-07
4.66784e-08
4.30987e-07
1.43175e-10
4.079e-07
-4.84723e-08
3.58851e-07
-9.21821e-08
2.89145e-07
-1.25884e-07
-1.46634e-07
2.05947e-07
5.84399e-08
5.29823e-08
1.23971e-07
5.75691e-08
1.93194e-07
5.90858e-08
2.6264e-07
5.70886e-08
3.25594e-07
4.95449e-08
3.75035e-07
3.6259e-08
4.0413e-07
1.75832e-08
4.08107e-07
-3.83332e-09
3.85932e-07
-2.62974e-08
3.39464e-07
-4.57139e-08
2.73542e-07
-5.99626e-08
-6.79262e-08
1.94834e-07
5.29822e-08
1.10551e-07
1.69637e-07
2.26726e-07
2.76271e-07
3.1253e-07
3.30113e-07
3.2628e-07
2.99982e-07
2.54268e-07
1.94306e-07
1.26379e-07
7.51823e-08
-1.36466e-06
-1.36215e-07
-1.27162e-06
-3.06818e-07
-1.10718e-06
-4.37783e-07
-9.02225e-07
-5.33948e-07
-6.74963e-07
-5.99889e-07
-4.33461e-07
-6.37886e-07
-1.81501e-07
-6.4832e-07
8.59688e-08
-6.23764e-07
3.96883e-07
-5.55718e-07
8.08108e-07
-4.3837e-07
1.21071e-06
8.649e-07
9.56239e-08
-1.15378e-06
-8.88775e-08
-1.08712e-06
-2.42223e-07
-9.53833e-07
-3.6253e-07
-7.81918e-07
-4.5132e-07
-5.86174e-07
-5.10648e-07
-3.74133e-07
-5.41693e-07
-1.50456e-07
-5.43557e-07
8.78327e-08
-5.00654e-07
3.53979e-07
-3.66815e-07
6.74269e-07
-1.42046e-07
9.85936e-07
7.22854e-07
1.0824e-07
-9.72155e-07
-5.44153e-08
-9.24467e-07
-1.92777e-07
-8.15472e-07
-3.01893e-07
-6.72802e-07
-3.83253e-07
-5.04814e-07
-4.36714e-07
-3.20672e-07
-4.62542e-07
-1.24629e-07
-4.57896e-07
8.31869e-08
-4.12379e-07
3.08462e-07
-2.93244e-07
5.55135e-07
-8.90649e-08
7.81757e-07
6.33789e-07
1.15611e-07
-8.14117e-07
-2.88701e-08
-7.79986e-07
-1.52993e-07
-6.91349e-07
-2.535e-07
-5.72294e-07
-3.27865e-07
-4.30449e-07
-3.76244e-07
-2.72292e-07
-3.97849e-07
-1.03024e-07
-3.89872e-07
7.52103e-08
-3.45131e-07
2.63721e-07
-2.47104e-07
4.57108e-07
-8.89603e-08
6.23613e-07
5.44829e-07
1.19464e-07
-6.7505e-07
-9.68354e-09
-6.50839e-07
-1.2245e-07
-5.78583e-07
-2.14131e-07
-4.80613e-07
-2.83005e-07
-3.61575e-07
-3.27037e-07
-2.2826e-07
-3.45595e-07
-8.44663e-08
-3.36031e-07
6.56461e-08
-2.93694e-07
2.21384e-07
-2.10563e-07
3.73976e-07
-8.55401e-08
4.9859e-07
4.59288e-07
1.20941e-07
-5.51129e-07
3.41367e-09
-5.33312e-07
-9.87504e-08
-4.76419e-07
-1.83141e-07
-3.96222e-07
-2.4657e-07
-2.98147e-07
-2.87379e-07
-1.8745e-07
-3.03596e-07
-6.82494e-08
-2.93655e-07
5.57051e-08
-2.54391e-07
1.8212e-07
-1.82473e-07
3.02058e-07
-7.9984e-08
3.96101e-07
3.79304e-07
1.21007e-07
-4.3935e-07
1.38732e-08
-4.26178e-07
-8.03878e-08
-3.82158e-07
-1.58889e-07
-3.17721e-07
-2.17967e-07
-2.39069e-07
-2.55582e-07
-1.49835e-07
-2.70148e-07
-5.36833e-08
-2.60451e-07
4.60078e-08
-2.24287e-07
1.45956e-07
-1.61078e-07
2.38848e-07
-7.44963e-08
3.0952e-07
3.04808e-07
1.20147e-07
-3.37194e-07
2.13823e-08
-3.27413e-07
-6.63355e-08
-2.9444e-07
-1.39746e-07
-2.44311e-07
-1.95388e-07
-1.83427e-07
-2.30552e-07
-1.1467e-07
-2.44022e-07
-4.02139e-08
-2.34656e-07
3.66421e-08
-2.01324e-07
1.12624e-07
-1.44832e-07
1.82357e-07
-6.95677e-08
2.34255e-07
2.3524e-07
1.18745e-07
-2.42548e-07
2.65209e-08
-2.35189e-07
-5.66346e-08
-2.11284e-07
-1.25261e-07
-1.75684e-07
-1.77908e-07
-1.30781e-07
-2.11194e-07
-8.13838e-08
-2.23884e-07
-2.75248e-08
-2.1494e-07
2.76981e-08
-1.84008e-07
8.16928e-08
-1.32606e-07
1.30955e-07
-6.53604e-08
1.67009e-07
1.6988e-07
1.17065e-07
-1.53667e-07
2.98617e-08
-1.47985e-07
-4.84778e-08
-1.32945e-07
-1.14953e-07
-1.09209e-07
-1.64782e-07
-8.09523e-08
-1.96858e-07
-4.93076e-08
-2.08733e-07
-1.56497e-08
-2.00182e-07
1.91467e-08
-1.712e-07
5.27115e-08
-1.23562e-07
8.33162e-08
-6.19269e-08
1.05374e-07
1.07953e-07
1.1066e-07
-6.94923e-08
2.78034e-08
-6.51291e-08
-4.6439e-08
-5.87025e-08
-1.09538e-07
-4.61095e-08
-1.56697e-07
-3.3793e-08
-1.86437e-07
-1.95678e-08
-1.9737e-07
-4.71739e-09
-1.88716e-07
1.04926e-08
-1.6117e-07
2.51656e-08
-1.16369e-07
3.85156e-08
-5.88805e-08
4.78858e-08
4.90725e-08
5.68872e-08
-8.24193e-09
-6.69444e-08
-1.13054e-07
-1.46847e-07
-1.66415e-07
-1.71132e-07
-1.6064e-07
-1.35474e-07
-9.69583e-08
-4.90725e-08
-1.35954e-07
3.72152e-07
-3.84483e-08
8.33547e-07
1.8378e-07
1.10147e-06
4.45591e-07
1.21674e-06
7.16719e-07
1.1819e-06
9.57474e-07
9.78488e-07
1.1158e-06
6.05204e-07
1.14363e-06
1.04913e-07
1.03982e-06
-4.23566e-07
8.39719e-07
-8.71731e-07
5.86635e-07
-1.18498e-06
-1.34466e-06
3.22084e-07
-6.53671e-08
4.37519e-07
2.93753e-08
7.38804e-07
2.09489e-07
9.21353e-07
4.20416e-07
1.00581e-06
6.36096e-07
9.66224e-07
8.24065e-07
7.90519e-07
9.45459e-07
4.8381e-07
9.68695e-07
8.16771e-08
8.89967e-07
-3.44838e-07
7.31934e-07
-7.13697e-07
5.26711e-07
-9.79757e-07
-1.12438e-06
3.06438e-07
-1.10531e-08
4.48572e-07
7.6504e-08
6.51247e-07
2.22275e-07
7.75582e-07
3.94718e-07
8.33366e-07
5.69569e-07
7.91372e-07
7.19427e-07
6.40662e-07
8.14842e-07
3.88394e-07
8.33775e-07
6.27447e-08
7.71789e-07
-2.82852e-07
6.44427e-07
-5.86335e-07
4.75443e-07
-8.10772e-07
-9.38789e-07
2.89848e-07
2.03962e-08
4.28176e-07
1.0383e-07
5.67813e-07
2.27174e-07
6.52238e-07
3.71186e-07
6.89355e-07
5.15274e-07
6.47284e-07
6.36611e-07
5.19325e-07
7.13182e-07
3.11823e-07
7.28351e-07
4.7576e-08
6.78172e-07
-2.32674e-07
5.73449e-07
-4.81612e-07
4.32039e-07
-6.69363e-07
-7.80407e-07
2.73657e-07
3.81117e-08
3.90064e-07
1.18738e-07
4.87187e-07
2.26716e-07
5.4426e-07
3.49668e-07
5.66403e-07
4.70419e-07
5.26532e-07
5.70727e-07
4.19018e-07
6.33383e-07
2.49166e-07
6.4551e-07
3.54495e-08
6.03807e-07
-1.9097e-07
5.15922e-07
-3.93727e-07
3.95584e-07
-5.49025e-07
-6.43384e-07
2.58561e-07
4.84029e-08
3.41661e-07
1.26544e-07
4.09046e-07
2.23133e-07
4.4767e-07
3.29976e-07
4.5956e-07
4.33507e-07
4.23002e-07
5.18067e-07
3.34458e-07
5.7039e-07
1.96843e-07
5.80166e-07
2.5674e-08
5.44604e-07
-1.55408e-07
4.69367e-07
-3.1849e-07
3.65182e-07
-4.44841e-07
-5.23111e-07
2.4491e-07
5.43722e-08
2.87289e-07
1.29633e-07
3.33785e-07
2.18062e-07
3.59241e-07
3.12723e-07
3.64898e-07
4.0294e-07
3.32785e-07
4.75919e-07
2.61479e-07
5.20546e-07
1.52217e-07
5.28578e-07
1.76418e-08
4.97473e-07
-1.24303e-07
4.31811e-07
-2.52828e-07
3.40015e-07
-3.53045e-07
-4.15941e-07
2.32846e-07
5.75832e-08
2.29706e-07
1.30285e-07
2.61084e-07
2.11889e-07
2.77636e-07
2.9768e-07
2.79107e-07
3.77835e-07
2.5263e-07
4.42212e-07
1.97103e-07
4.81144e-07
1.13284e-07
4.8784e-07
1.09465e-08
4.60179e-07
-9.66429e-08
4.01689e-07
-1.94338e-07
3.1936e-07
-2.70716e-07
-3.18953e-07
2.22372e-07
5.90127e-08
1.70693e-07
1.29115e-07
1.90982e-07
2.05724e-07
2.01027e-07
2.84615e-07
2.00216e-07
3.57365e-07
1.79879e-07
4.15385e-07
1.39083e-07
4.50175e-07
7.84935e-08
4.55918e-07
5.20401e-09
4.30857e-07
-7.15814e-08
3.7776e-07
-1.41241e-07
3.02619e-07
-1.95575e-07
-2.29799e-07
2.13465e-07
5.92202e-08
1.11473e-07
1.27039e-07
1.23163e-07
1.9973e-07
1.28336e-07
2.73402e-07
1.26544e-07
3.4076e-07
1.12521e-07
3.94151e-07
8.56912e-08
4.25982e-07
4.66628e-08
4.31061e-07
1.25063e-10
4.07965e-07
-4.84861e-08
3.58912e-07
-9.21878e-08
2.89212e-07
-1.25875e-07
-1.46613e-07
2.06025e-07
5.84683e-08
5.30043e-08
1.24035e-07
5.75962e-08
1.93286e-07
5.90855e-08
2.62727e-07
5.71026e-08
3.25692e-07
4.95564e-08
3.75129e-07
3.62548e-08
4.04215e-07
1.75764e-08
4.08182e-07
-3.84205e-09
3.85999e-07
-2.63031e-08
3.39527e-07
-4.57158e-08
2.7361e-07
-5.99578e-08
-6.79166e-08
1.94913e-07
5.30043e-08
1.10601e-07
1.69686e-07
2.26789e-07
2.76345e-07
3.126e-07
3.30176e-07
3.26334e-07
3.00031e-07
2.54315e-07
1.94357e-07
1.26441e-07
7.51688e-08
-1.36431e-06
-1.36116e-07
-1.27125e-06
-3.06641e-07
-1.10682e-06
-4.37539e-07
-9.01952e-07
-5.33683e-07
-6.7482e-07
-5.99604e-07
-4.33493e-07
-6.37615e-07
-1.81642e-07
-6.48078e-07
8.56938e-08
-6.23575e-07
3.96476e-07
-5.55572e-07
8.07536e-07
-4.38246e-07
1.21016e-06
8.64939e-07
9.56391e-08
-1.15351e-06
-8.87687e-08
-1.08684e-06
-2.42079e-07
-9.53511e-07
-3.62313e-07
-7.81719e-07
-4.51077e-07
-5.86055e-07
-5.10391e-07
-3.74179e-07
-5.41453e-07
-1.5058e-07
-5.43353e-07
8.75936e-08
-5.00505e-07
3.53628e-07
-3.66771e-07
6.73803e-07
-1.42081e-07
9.85472e-07
7.22858e-07
1.08274e-07
-9.71932e-07
-5.43474e-08
-9.24219e-07
-1.92613e-07
-8.15246e-07
-3.01691e-07
-6.72641e-07
-3.82995e-07
-5.04751e-07
-4.36487e-07
-3.20687e-07
-4.62328e-07
-1.24739e-07
-4.57713e-07
8.29788e-08
-4.12254e-07
3.08169e-07
-2.93214e-07
5.54763e-07
-8.91282e-08
7.81386e-07
6.33729e-07
1.15661e-07
-8.13936e-07
-2.87788e-08
-7.7978e-07
-1.52845e-07
-6.91179e-07
-2.53317e-07
-5.72169e-07
-3.27639e-07
-4.30429e-07
-3.76034e-07
-2.72292e-07
-3.97656e-07
-1.03117e-07
-3.8971e-07
7.50322e-08
-3.45016e-07
2.63475e-07
-2.47063e-07
4.56809e-07
-8.8993e-08
6.23316e-07
5.44736e-07
1.19528e-07
-6.74902e-07
-9.59894e-09
-6.50654e-07
-1.22307e-07
-5.78472e-07
-2.13954e-07
-4.80522e-07
-2.82823e-07
-3.6156e-07
-3.26847e-07
-2.28268e-07
-3.45419e-07
-8.45442e-08
-3.35886e-07
6.54993e-08
-2.93588e-07
2.21177e-07
-2.10516e-07
3.73737e-07
-8.5551e-08
4.98352e-07
4.59185e-07
1.21018e-07
-5.51011e-07
3.53666e-09
-5.33172e-07
-9.86078e-08
-4.76327e-07
-1.82972e-07
-3.96157e-07
-2.46396e-07
-2.98136e-07
-2.87211e-07
-1.87453e-07
-3.03434e-07
-6.83213e-08
-2.93523e-07
5.55884e-08
-2.54292e-07
1.81946e-07
-1.82423e-07
3.01867e-07
-7.99819e-08
3.95911e-07
3.79203e-07
1.21094e-07
-4.39259e-07
1.39956e-08
-4.26074e-07
-8.02479e-08
-3.82084e-07
-1.58756e-07
-3.17649e-07
-2.17808e-07
-2.39084e-07
-2.55449e-07
-1.49812e-07
-2.70003e-07
-5.37672e-08
-2.60328e-07
4.59132e-08
-2.24194e-07
1.45812e-07
-1.61027e-07
2.387e-07
-7.44864e-08
3.0937e-07
3.04717e-07
1.20239e-07
-3.37126e-07
2.1504e-08
-3.27338e-07
-6.61989e-08
-2.94381e-07
-1.39593e-07
-2.44255e-07
-1.95228e-07
-1.83449e-07
-2.30378e-07
-1.14661e-07
-2.43874e-07
-4.02713e-08
-2.34538e-07
3.65767e-08
-2.01235e-07
1.12509e-07
-1.44781e-07
1.82247e-07
-6.95525e-08
2.34141e-07
2.35165e-07
1.1884e-07
-2.42501e-07
2.66428e-08
-2.35141e-07
-5.65001e-08
-2.11238e-07
-1.25094e-07
-1.7566e-07
-1.7777e-07
-1.30774e-07
-2.11052e-07
-8.13792e-08
-2.23752e-07
-2.75717e-08
-2.14827e-07
2.76518e-08
-1.83924e-07
8.1606e-08
-1.32554e-07
1.30876e-07
-6.53414e-08
1.66929e-07
1.69823e-07
1.17163e-07
-1.53639e-07
2.99848e-08
-1.47963e-07
-4.83469e-08
-1.32906e-07
-1.14824e-07
-1.09183e-07
-1.6463e-07
-8.09684e-08
-1.96709e-07
-4.92997e-08
-2.08611e-07
-1.56701e-08
-2.00072e-07
1.91132e-08
-1.71119e-07
5.26531e-08
-1.2351e-07
8.32676e-08
-6.1906e-08
1.05324e-07
1.07917e-07
1.10756e-07
-6.94812e-08
2.79281e-08
-6.51356e-08
-4.63121e-08
-5.86661e-08
-1.09391e-07
-4.6104e-08
-1.56568e-07
-3.37913e-08
-1.86308e-07
-1.95599e-08
-1.97237e-07
-4.74069e-09
-1.88607e-07
1.04827e-08
-1.61092e-07
2.5138e-08
-1.16319e-07
3.84943e-08
-5.88593e-08
4.78649e-08
4.90579e-08
5.69597e-08
-8.1759e-09
-6.6842e-08
-1.12946e-07
-1.46737e-07
-1.66297e-07
-1.71038e-07
-1.60555e-07
-1.35417e-07
-9.69228e-08
-4.90579e-08
-1.36081e-07
3.71463e-07
-3.86327e-08
8.32955e-07
1.83541e-07
1.10097e-06
4.45298e-07
1.21633e-06
7.16384e-07
1.18159e-06
9.57095e-07
9.78284e-07
1.11538e-06
6.05142e-07
1.1432e-06
1.05023e-07
1.03941e-06
-4.23238e-07
8.3934e-07
-8.71203e-07
5.86336e-07
-1.18419e-06
-1.34354e-06
-6.54729e-08
4.36936e-07
2.91941e-08
7.38288e-07
2.09255e-07
9.20909e-07
4.20141e-07
1.00544e-06
6.35783e-07
9.65944e-07
8.23719e-07
7.90348e-07
9.45088e-07
4.83773e-07
9.68321e-07
8.17907e-08
8.89614e-07
-3.44531e-07
7.31627e-07
-7.13216e-07
5.26497e-07
-9.7906e-07
-1.12344e-06
-1.11387e-08
4.48074e-07
7.63556e-08
6.50794e-07
2.22069e-07
7.75196e-07
3.94465e-07
8.33044e-07
5.69279e-07
7.9113e-07
7.19107e-07
6.40521e-07
8.14507e-07
3.88373e-07
8.33442e-07
6.28563e-08
7.71482e-07
-2.82571e-07
6.44173e-07
-5.85907e-07
4.75281e-07
-8.10168e-07
-9.38e-07
2.0313e-08
4.27761e-07
1.03689e-07
5.67417e-07
2.26982e-07
6.51903e-07
3.70952e-07
6.89074e-07
5.15002e-07
6.4708e-07
6.36318e-07
5.19205e-07
7.1288e-07
3.11811e-07
7.28056e-07
4.76803e-08
6.77906e-07
-2.32422e-07
5.73239e-07
-4.81239e-07
4.31917e-07
-6.68847e-07
-7.7975e-07
3.80442e-08
3.89717e-07
1.18609e-07
4.86853e-07
2.26545e-07
5.43967e-07
3.49453e-07
5.66166e-07
4.70176e-07
5.26357e-07
5.70457e-07
4.18924e-07
6.33108e-07
2.4916e-07
6.45245e-07
3.55432e-08
6.03573e-07
-1.9075e-07
5.15743e-07
-3.93409e-07
3.95487e-07
-5.48591e-07
-6.42842e-07
4.83424e-08
3.41375e-07
1.26436e-07
4.08758e-07
2.22972e-07
4.47432e-07
3.2978e-07
4.59358e-07
4.33279e-07
4.22858e-07
5.17819e-07
3.34383e-07
5.70138e-07
1.96841e-07
5.79923e-07
2.57583e-08
5.444e-07
-1.55227e-07
4.69213e-07
-3.18222e-07
3.65105e-07
-4.44483e-07
-5.2267e-07
5.43187e-08
2.87056e-07
1.29523e-07
3.33555e-07
2.17911e-07
3.59044e-07
3.12533e-07
3.64736e-07
4.02723e-07
3.32668e-07
4.75689e-07
2.61418e-07
5.20312e-07
1.52218e-07
5.28356e-07
1.77142e-08
4.97288e-07
-1.24159e-07
4.31674e-07
-2.52608e-07
3.3995e-07
-3.52758e-07
-4.15592e-07
5.75341e-08
2.29522e-07
1.30185e-07
2.60904e-07
2.11747e-07
2.77482e-07
2.97506e-07
2.78978e-07
3.77631e-07
2.52543e-07
4.41995e-07
1.97054e-07
4.80927e-07
1.13286e-07
4.87637e-07
1.10039e-08
4.60009e-07
-9.65308e-08
4.01566e-07
-1.94165e-07
3.19304e-07
-2.70496e-07
-3.18686e-07
5.89648e-08
1.70557e-07
1.29015e-07
1.90854e-07
2.05591e-07
2.00905e-07
2.84449e-07
2.00119e-07
3.57172e-07
1.79821e-07
4.1518e-07
1.39045e-07
4.4997e-07
7.84952e-08
4.55728e-07
5.2461e-09
4.30699e-07
-7.15015e-08
3.77646e-07
-1.41112e-07
3.02568e-07
-1.95419e-07
-2.29608e-07
5.9174e-08
1.11383e-07
1.26949e-07
1.23079e-07
1.99593e-07
1.28262e-07
2.7324e-07
1.26473e-07
3.40575e-07
1.12485e-07
3.93954e-07
8.56659e-08
4.25786e-07
4.66634e-08
4.3088e-07
1.52341e-10
4.07813e-07
-4.84346e-08
3.58808e-07
-9.2107e-08
2.89165e-07
-1.25776e-07
-1.46492e-07
5.84232e-08
5.29602e-08
1.23948e-07
5.75543e-08
1.93163e-07
5.90469e-08
2.62567e-07
5.70686e-08
3.25513e-07
4.95391e-08
3.74937e-07
3.62418e-08
4.04025e-07
1.75756e-08
4.08006e-07
-3.82904e-09
3.85852e-07
-2.62801e-08
3.39424e-07
-4.56795e-08
2.73562e-07
-5.9913e-08
-6.78623e-08
5.29602e-08
1.10515e-07
1.69561e-07
2.2663e-07
2.76169e-07
3.12411e-07
3.29986e-07
3.26157e-07
2.99877e-07
2.54198e-07
1.94285e-07
)
;

boundaryField
{
    rotor
    {
        type            calculated;
        value           nonuniform List<scalar> 
192
(
6.99209e-23
-4.53099e-23
1.38467e-23
-2.76615e-23
1.26963e-23
-1.11417e-23
3.20742e-23
-2.03149e-23
-1.13253e-23
2.27142e-25
-4.27285e-24
-1.65143e-23
6.22439e-23
4.2249e-23
-3.73777e-23
-4.56366e-23
4.00917e-23
9.01274e-23
8.96525e-23
6.72212e-23
9.62689e-23
2.05484e-23
1.74681e-23
1.31831e-22
7.26173e-23
9.26771e-23
5.46911e-23
-8.94527e-23
-3.16821e-23
9.21732e-23
-4.55425e-23
3.96159e-23
-7.01543e-24
9.914e-25
-9.92422e-25
7.90607e-24
5.38609e-23
6.3247e-24
3.72591e-23
1.26005e-22
4.97614e-23
-3.31175e-23
-1.45227e-22
1.19615e-22
-2.35263e-23
6.10953e-23
-2.14334e-23
-6.90689e-23
8.61385e-23
-1.05191e-22
-4.10467e-23
-3.76493e-23
-8.69207e-23
-8.79025e-23
-6.45105e-24
-3.79621e-23
2.45887e-24
3.64071e-25
6.78198e-24
-2.2592e-23
-1.91141e-23
4.57832e-23
1.26014e-22
-1.41752e-23
-1.36159e-24
6.17994e-24
-1.57357e-22
-1.64843e-22
1.15898e-22
-1.62978e-22
1.19388e-22
-6.2718e-24
-8.83414e-23
-2.46609e-22
3.0707e-23
6.15824e-24
1.05819e-22
5.26506e-23
-2.65858e-24
4.89298e-23
-8.68906e-25
2.40406e-24
-1.10751e-23
5.23376e-24
3.67272e-23
-6.62287e-23
4.31531e-23
-5.50827e-23
-5.1877e-24
1.89875e-23
-1.11206e-22
5.77356e-23
7.88648e-24
-7.4546e-23
-1.3331e-22
-1.22744e-22
-4.23516e-22
0
-8.47033e-22
0
0
0
8.47033e-22
0
0
-8.47033e-22
0
0
8.47033e-22
4.23516e-22
0
0
0
0
0
8.47033e-22
8.47033e-22
8.47033e-22
0
0
4.23516e-22
0
0
0
8.47033e-22
8.47033e-22
0
0
8.47033e-22
0
8.47033e-22
0
-4.23516e-22
-4.23516e-22
0
0
0
0
-8.47033e-22
8.47033e-22
0
-8.47033e-22
8.47033e-22
-1.69407e-21
0
-4.23516e-22
0
0
0
0
8.47033e-22
8.47033e-22
0
0
0
0
0
0
-8.47033e-22
8.47033e-22
8.47033e-22
8.47033e-22
-8.47033e-22
-8.47033e-22
0
0
0
0
4.23516e-22
-4.23516e-22
0
0
0
0
0
0
-8.47033e-22
0
0
1.69407e-21
0
-8.47033e-22
-8.47033e-22
-8.47033e-22
-8.47033e-22
8.47033e-22
8.47033e-22
0
0
0
0
0
)
;
    }
    stator
    {
        type            calculated;
        value           nonuniform List<scalar> 
192
(
-1.41059e-37
0
-4.5139e-35
0
3.00927e-36
1.3531e-53
-4.17619e-53
-2.40741e-35
7.22224e-35
0
-1.44724e-34
2.40741e-35
-1.4021e-34
2.40741e-35
3.61112e-35
0
0
2.40741e-35
0
-3.00927e-36
6.01853e-36
0
-6.57579e-35
5.32734e-35
1.72974e-34
0
-7.53014e-35
3.00927e-36
0
-6.29777e-36
7.22224e-35
-2.79235e-37
5.99061e-35
0
9.62965e-35
7.19431e-35
4.81482e-35
8.39802e-35
3.61112e-35
7.52316e-35
-1.20371e-35
-1.20371e-35
0
0
0
0
0
0
5.22024e-54
0
4.5139e-36
-3.14888e-36
0
-2.40741e-35
-2.40741e-35
-2.40741e-35
-2.40741e-35
1.20371e-35
-1.08334e-34
0
7.25016e-35
9.62965e-35
0
8.45387e-35
0
7.22224e-35
-5.7393e-36
0
3.93085e-35
-7.51618e-35
0
1.72904e-34
2.30978e-58
-6.58975e-35
0
0
-3.00927e-36
0
2.40741e-35
2.40741e-35
0
3.61112e-35
2.40741e-35
-1.39652e-34
2.40741e-35
1.44724e-34
0
1.71528e-34
-2.40741e-35
-9.78011e-35
5.73157e-35
2.63311e-35
0
-7.29747e-35
0
-1.41059e-37
0
-6.01853e-36
-1.20371e-35
0
6.01853e-36
-9.0278e-36
0
3.00927e-35
0
0
0
0
-1.20371e-35
6.01853e-36
1.20371e-35
0
-6.01853e-36
0
0
-3.00927e-35
-1.80556e-35
0
0
0
0
9.0278e-36
-3.00927e-36
9.0278e-36
0
9.0278e-36
-6.01853e-36
0
0
0
0
0
0
-9.0278e-36
3.00927e-36
-9.0278e-36
0
0
6.01853e-36
0
0
0
0
1.20371e-35
0
-9.0278e-36
3.00927e-36
-9.0278e-36
0
-9.0278e-36
6.01853e-36
0
0
0
0
0
0
9.0278e-36
-3.00927e-36
9.0278e-36
0
0
-6.01853e-36
0
0
0
0
-1.20371e-35
0
6.01853e-36
1.20371e-35
0
-6.01853e-36
9.0278e-36
0
-3.00927e-35
0
0
0
0
1.20371e-35
-6.01853e-36
-1.20371e-35
0
6.01853e-36
0
0
3.00927e-35
1.80556e-35
0
0
0
)
;
    }
    AMI1
    {
        type            cyclicAMI;
        value           nonuniform List<scalar> 
96
(
3.3141e-06
3.33688e-06
3.14795e-06
2.38675e-06
9.87873e-07
-1.14292e-06
-2.86312e-06
-3.64156e-06
-3.63628e-06
-3.2361e-06
-2.70771e-06
-2.15348e-06
-1.63773e-06
-1.19321e-06
-8.14836e-07
-4.84627e-07
-1.92864e-07
1.96433e-07
6.12076e-07
1.03256e-06
1.4334e-06
1.87003e-06
2.35672e-06
3.0278e-06
3.31419e-06
3.33688e-06
3.14806e-06
2.3871e-06
9.88297e-07
-1.14273e-06
-2.86363e-06
-3.64259e-06
-3.63737e-06
-3.23713e-06
-2.70837e-06
-2.15423e-06
-1.63846e-06
-1.1936e-06
-8.14841e-07
-4.84365e-07
-1.9244e-07
1.97177e-07
6.12786e-07
1.03322e-06
1.43387e-06
1.87033e-06
2.35701e-06
3.02837e-06
3.31499e-06
3.33775e-06
3.14896e-06
2.38815e-06
9.8939e-07
-1.14171e-06
-2.86344e-06
-3.64298e-06
-3.63797e-06
-3.23767e-06
-2.70879e-06
-2.15451e-06
-1.63858e-06
-1.19355e-06
-8.14639e-07
-4.84062e-07
-1.92081e-07
1.97734e-07
6.13282e-07
1.03367e-06
1.43424e-06
1.87057e-06
2.35707e-06
3.02811e-06
3.31454e-06
3.33723e-06
3.14834e-06
2.38715e-06
9.88163e-07
-1.14283e-06
-2.86332e-06
-3.64186e-06
-3.6364e-06
-3.23613e-06
-2.70743e-06
-2.15339e-06
-1.63778e-06
-1.1931e-06
-8.14527e-07
-4.84216e-07
-1.92441e-07
1.96945e-07
6.12358e-07
1.03263e-06
1.4332e-06
1.86959e-06
2.35621e-06
3.02744e-06
)
;
    }
    AMI2
    {
        type            cyclicAMI;
        value           nonuniform List<scalar> 
96
(
3.15048e-06
2.69274e-06
2.15122e-06
1.64338e-06
1.20246e-06
8.10541e-07
4.37027e-07
8.67634e-09
-3.01988e-07
-6.4475e-07
-1.03622e-06
-1.42117e-06
-1.81914e-06
-2.37415e-06
-2.97584e-06
-3.40315e-06
-3.5962e-06
-3.38053e-06
-2.26453e-06
-1.56133e-08
1.59238e-06
2.77634e-06
3.35915e-06
3.41593e-06
3.1505e-06
2.69354e-06
2.15218e-06
1.64417e-06
1.20277e-06
8.1043e-07
4.36597e-07
8.01451e-09
-3.02517e-07
-6.45365e-07
-1.03686e-06
-1.42162e-06
-1.81935e-06
-2.37448e-06
-2.97644e-06
-3.40402e-06
-3.59713e-06
-3.38154e-06
-2.26582e-06
-1.68312e-08
1.59192e-06
2.77636e-06
3.35953e-06
3.41642e-06
3.15097e-06
2.69394e-06
2.15245e-06
1.64426e-06
1.20268e-06
8.10154e-07
4.36181e-07
7.49567e-09
-3.02899e-07
-6.45778e-07
-1.03725e-06
-1.42194e-06
-1.81956e-06
-2.37447e-06
-2.97616e-06
-3.40349e-06
-3.59655e-06
-3.38076e-06
-2.26447e-06
-1.54415e-08
1.59232e-06
2.77595e-06
3.35845e-06
3.41506e-06
3.14958e-06
2.69262e-06
2.15134e-06
1.6435e-06
1.2023e-06
8.10144e-07
4.36497e-07
8.13314e-09
-3.0227e-07
-6.44929e-07
-1.03625e-06
-1.42093e-06
-1.8186e-06
-2.37364e-06
-2.97551e-06
-3.403e-06
-3.59617e-06
-3.38036e-06
-2.26404e-06
-1.52079e-08
1.59228e-06
2.7757e-06
3.35819e-06
3.41528e-06
)
;
    }
    front
    {
        type            empty;
        value           nonuniform 0();
    }
    back
    {
        type            empty;
        value           nonuniform 0();
    }
}


// ************************************************************************* //
