/*--------------------------------*- C++ -*----------------------------------*\
| =========                 |                                                 |
| \\      /  F ield         | OpenFOAM: The Open Source CFD Toolbox           |
|  \\    /   O peration     | Version:  2.3.1                                 |
|   \\  /    A nd           | Web:      www.OpenFOAM.org                      |
|    \\/     M anipulation  |                                                 |
\*---------------------------------------------------------------------------*/
FoamFile
{
    version     2.0;
    format      ascii;
    class       volScalarField;
    location    "0.6";
    object      p;
}
// * * * * * * * * * * * * * * * * * * * * * * * * * * * * * * * * * * * * * //

dimensions      [0 2 -2 0 0 0 0];

internalField   nonuniform List<scalar> 
9648
(
-0.10464
-0.369845
-0.685505
-1.05304
-1.49576
-2.02674
-2.65772
-3.39842
-4.25338
-5.24113
-6.37286
-7.66131
-9.11893
-10.7564
-12.5829
-14.6085
-16.8413
-19.29
-21.9579
-24.8494
-27.9697
-31.3152
-34.8859
-38.6771
-42.6844
-46.8983
-51.3084
-55.9059
-60.6732
-65.6016
-70.6706
-75.865
-81.1692
-86.5587
-92.0223
-97.5322
-103.075
-108.631
-114.175
-119.687
-125.143
-130.537
-135.829
-141.01
-146.069
-150.973
-155.71
-160.263
-164.637
-168.804
-172.722
-176.396
-179.83
-182.992
-185.886
-188.496
-190.81
-192.833
-194.542
-195.95
-197.046
0.438084
0.183325
-0.123334
-0.485143
-0.923343
-1.43951
-2.04477
-2.754
-3.58071
-4.53228
-5.61957
-6.85425
-8.24734
-9.80921
-11.5496
-13.4776
-15.6009
-17.9265
-20.4591
-23.203
-26.1611
-29.3328
-32.7169
-36.3093
-40.1047
-44.0954
-48.272
-52.6242
-57.1389
-61.8037
-66.6024
-71.5193
-76.5385
-81.6407
-86.8095
-92.0246
-97.2694
-102.524
-107.768
-112.982
-118.146
-123.242
-128.247
-133.146
-137.92
-142.548
-147.016
-151.306
-155.403
-159.301
-162.994
-166.46
-169.691
-172.674
-175.393
-177.847
-180.015
-181.909
-183.506
-184.809
-185.804
0.253553
0.0167717
-0.263211
-0.598841
-0.995272
-1.47302
-2.04034
-2.70858
-3.48784
-4.39092
-5.4281
-6.6111
-7.95052
-9.45618
-11.1378
-13.0038
-15.0618
-17.3182
-19.7776
-22.4441
-25.3201
-28.4059
-31.6998
-35.1978
-38.8945
-42.7823
-46.8524
-51.0944
-55.4962
-60.045
-64.7254
-69.5218
-74.4184
-79.3978
-84.4422
-89.5333
-94.6538
-99.7847
-104.907
-110
-115.047
-120.027
-124.921
-129.712
-134.383
-138.914
-143.29
-147.496
-151.516
-155.335
-158.945
-162.333
-165.496
-168.408
-171.074
-173.473
-175.613
-177.463
-179.031
-180.315
-181.319
0.48276
0.249517
-0.030844
-0.363499
-0.757144
-1.2225
-1.77033
-2.41203
-3.15884
-4.02281
-5.01563
-6.14867
-7.43243
-8.87674
-10.4917
-12.2851
-14.2645
-16.4358
-18.8032
-21.3708
-24.1411
-27.1136
-30.2873
-33.6577
-37.2192
-40.9642
-44.8841
-48.9694
-53.208
-57.587
-62.0925
-66.7084
-71.4196
-76.2103
-81.0625
-85.9587
-90.8826
-95.8152
-100.739
-105.635
-110.484
-115.269
-119.97
-124.57
-129.052
-133.398
-137.595
-141.625
-145.478
-149.138
-152.595
-155.839
-158.861
-161.647
-164.189
-166.476
-168.505
-170.262
-171.745
-172.951
-173.876
0.533027
0.332111
0.0857074
-0.214634
-0.576886
-1.01011
-1.52369
-2.12795
-2.83471
-3.65463
-4.60013
-5.68118
-6.90856
-8.29109
-9.83973
-11.5611
-13.4626
-15.5499
-17.826
-20.2955
-22.961
-25.8212
-28.8765
-32.1203
-35.5479
-39.1516
-42.9222
-46.8522
-50.9288
-55.1399
-59.4725
-63.9095
-68.4374
-73.0421
-77.7049
-82.409
-87.1401
-91.8781
-96.6071
-101.311
-105.97
-110.565
-115.079
-119.495
-123.797
-127.968
-131.994
-135.859
-139.552
-143.06
-146.373
-149.48
-152.376
-155.047
-157.484
-159.675
-161.611
-163.289
-164.708
-165.86
-166.743
0.624978
0.439216
0.212324
-0.0654958
-0.401376
-0.805372
-1.28641
-1.85466
-2.52254
-3.29953
-4.19921
-5.22974
-6.4027
-7.72416
-9.20818
-10.8589
-12.6831
-14.6874
-16.8714
-19.2418
-21.8022
-24.5485
-27.4847
-30.6004
-33.8916
-37.351
-40.9675
-44.7383
-48.6481
-52.6852
-56.8398
-61.091
-65.4278
-69.8395
-74.3051
-78.8077
-83.3374
-87.871
-92.3956
-96.8977
-101.356
-105.753
-110.068
-114.291
-118.402
-122.386
-126.231
-129.919
-133.441
-136.785
-139.943
-142.904
-145.662
-148.209
-150.531
-152.615
-154.451
-156.039
-157.381
-158.469
-159.299
0.72154
0.55282
0.344853
0.0876919
-0.22396
-0.601178
-1.05214
-1.58597
-2.21707
-2.95247
-3.80869
-4.7908
-5.91186
-7.17249
-8.59374
-10.1744
-11.9213
-13.8435
-15.9348
-18.2035
-20.6583
-23.2877
-26.1052
-29.092
-32.2439
-35.5567
-39.0131
-42.6213
-46.3604
-50.2172
-54.1916
-58.2524
-62.3885
-66.6015
-70.8664
-75.1584
-79.48
-83.8017
-88.1124
-92.407
-96.6594
-100.853
-104.961
-108.981
-112.895
-116.685
-120.343
-123.845
-127.189
-130.36
-133.359
-136.164
-138.777
-141.196
-143.402
-145.375
-147.104
-148.592
-149.852
-150.877
-151.651
0.818074
0.667512
0.480746
0.243283
-0.043769
-0.395815
-0.819408
-1.3173
-1.91497
-2.60739
-3.42489
-4.35892
-5.43707
-6.62965
-7.99144
-9.50461
-11.1704
-13.0176
-15.0153
-17.1721
-19.5308
-22.0311
-24.7381
-27.5975
-30.6008
-33.775
-37.0539
-40.4988
-44.0701
-47.7312
-51.537
-55.4054
-59.3161
-63.3302
-67.4086
-71.4605
-75.5739
-79.6808
-83.7578
-87.8515
-91.8876
-95.8878
-99.7647
-103.572
-107.301
-110.88
-114.359
-117.656
-120.823
-123.802
-126.648
-129.275
-131.726
-134.022
-136.124
-137.971
-139.595
-140.957
-142.135
-143.112
-143.82
0.920933
0.77983
0.629134
0.396941
0.144773
-0.192923
-0.595091
-1.03114
-1.62624
-2.243
-3.05762
-3.91351
-5.00318
-6.0623
-7.40656
-8.87031
-10.4133
-12.2305
-14.1131
-16.1259
-18.4703
-20.7574
-23.4184
-26.1238
-28.9575
-32.0703
-35.089
-38.4051
-41.8457
-45.2338
-48.9398
-52.585
-56.2328
-60.1
-64.0373
-67.6753
-71.6887
-75.576
-79.3639
-83.3171
-87.0591
-90.9372
-94.5027
-98.1706
-101.767
-105.02
-108.425
-111.408
-114.466
-117.137
-119.896
-122.244
-124.56
-126.812
-128.79
-130.445
-132.062
-133.203
-134.374
-135.304
-135.876
-197.806
-198.243
-198.363
-198.155
-197.641
-196.81
-195.668
-194.211
-192.432
-190.357
-187.962
-185.262
-182.291
-179.056
-175.546
-171.776
-167.751
-163.501
-159.016
-154.31
-149.417
-144.323
-139.051
-133.615
-128.041
-122.336
-116.485
-110.525
-104.461
-98.3274
-92.1232
-85.8694
-79.5874
-73.2774
-66.9676
-60.66
-54.3779
-48.1334
-41.9346
-35.7983
-29.7361
-23.7714
-17.9014
-12.1467
-6.5211
-1.02712
4.31943
9.51023
14.5302
19.3725
24.0324
28.4989
32.7612
36.8179
40.6586
44.2783
47.6718
50.8339
53.7639
56.4573
58.9139
-186.49
-186.842
-186.924
-186.705
-186.186
-185.376
-184.269
-182.868
-181.161
-179.159
-176.859
-174.272
-171.436
-168.355
-165.017
-161.425
-157.593
-153.535
-149.255
-144.768
-140.09
-135.227
-130.193
-124.999
-119.659
-114.185
-108.608
-102.93
-97.1578
-91.31
-85.3985
-79.4387
-73.4456
-67.431
-61.4112
-55.3956
-49.4001
-43.4386
-37.5225
-31.6644
-25.8777
-20.1782
-14.5731
-9.07603
-3.69925
1.55024
6.66111
11.6227
16.4234
21.0557
25.5131
29.7864
33.8664
37.7501
41.4282
44.8961
48.147
51.1786
53.9876
56.5711
58.9279
-182.028
-182.468
-182.568
-182.361
-181.864
-181.091
-180.006
-178.622
-176.92
-174.921
-172.656
-170.126
-167.319
-164.242
-160.917
-157.355
-153.564
-149.556
-145.338
-140.924
-136.327
-131.553
-126.616
-121.527
-116.296
-110.933
-105.459
-99.887
-94.2277
-88.4952
-82.7031
-76.8662
-70.9981
-65.1125
-59.2224
-53.3394
-47.4767
-41.6471
-35.8635
-30.1383
-24.4847
-18.9157
-13.4413
-8.07346
-2.82252
2.30294
7.29219
12.1349
16.8207
21.3425
25.6917
29.8613
33.8435
37.6336
41.2238
44.609
47.7837
50.7443
53.488
56.0116
58.3151
-174.517
-174.884
-174.954
-174.733
-174.216
-173.387
-172.266
-170.924
-169.325
-167.46
-165.313
-162.903
-160.228
-157.299
-154.124
-150.713
-147.076
-143.224
-139.167
-134.919
-130.491
-125.894
-121.138
-116.233
-111.192
-106.024
-100.747
-95.3725
-89.9139
-84.3836
-78.7942
-73.1607
-67.4969
-61.8166
-56.1307
-50.4514
-44.7905
-39.1598
-33.5729
-28.0419
-22.5793
-17.1977
-11.9077
-6.72008
-1.64462
3.31087
8.13503
12.8185
17.3502
21.725
25.9331
29.9676
33.8229
37.4927
40.9718
44.2524
47.3317
50.2034
52.8662
55.3163
57.5546
-167.351
-167.689
-167.748
-167.532
-167.037
-166.262
-165.234
-163.885
-162.286
-160.441
-158.341
-155.99
-153.392
-150.555
-147.484
-144.187
-140.672
-136.948
-133.027
-128.924
-124.648
-120.213
-115.624
-110.89
-106.025
-101.039
-95.9472
-90.7631
-85.498
-80.1642
-74.7718
-69.338
-63.8752
-58.3991
-52.9172
-47.4419
-41.9831
-36.5524
-31.1641
-25.8293
-20.5599
-15.3694
-10.2672
-5.26398
-0.369231
4.41241
9.06555
13.5852
17.9568
22.1785
26.2398
30.1333
33.8551
37.3978
40.7594
43.9296
46.9082
49.6844
52.2612
54.632
56.7999
-159.866
-160.169
-160.204
-159.974
-159.476
-158.717
-157.697
-156.409
-154.866
-153.077
-151.045
-148.771
-146.259
-143.521
-140.561
-137.383
-133.994
-130.401
-126.62
-122.666
-118.549
-114.282
-109.868
-105.312
-100.629
-95.83
-90.9276
-85.9405
-80.8756
-75.745
-70.5543
-65.3263
-60.0696
-54.806
-49.5356
-44.2715
-39.0221
-33.7978
-28.6151
-23.4828
-18.413
-13.4202
-8.51164
-3.69971
1.00707
5.6106
10.088
14.44
18.6448
22.7089
26.6177
30.364
33.9479
37.3568
40.5983
43.6529
46.5275
49.2038
51.6926
53.9789
56.074
-152.173
-152.438
-152.449
-152.202
-151.704
-150.959
-149.959
-148.703
-147.205
-145.477
-143.516
-141.322
-138.897
-136.263
-133.42
-130.365
-127.106
-123.643
-120.001
-116.201
-112.248
-108.155
-103.923
-99.5502
-95.0555
-90.4445
-85.7368
-80.9524
-76.0938
-71.1707
-66.1843
-61.1649
-56.1184
-51.0754
-46.0226
-40.9787
-35.947
-30.9347
-25.963
-21.0411
-16.1764
-11.3862
-6.67677
-2.06227
2.45052
6.87226
11.1702
15.3526
19.3855
23.2862
27.0369
30.6314
34.0717
37.3416
40.4603
43.3963
46.167
48.7395
51.1364
53.333
55.3533
-144.297
-144.512
-144.501
-144.228
-143.735
-143.004
-142.03
-140.783
-139.318
-137.666
-135.784
-133.665
-131.327
-128.799
-126.087
-123.157
-120.028
-116.69
-113.197
-109.556
-105.765
-101.855
-97.8226
-93.6288
-89.3253
-84.9065
-80.4004
-75.8237
-71.1659
-66.4553
-61.667
-56.862
-52.0226
-47.214
-42.3828
-37.5793
-32.7858
-27.9764
-23.2168
-18.5246
-13.8599
-9.27212
-4.77501
-0.355683
3.94884
8.19414
12.3047
16.3237
20.1703
23.9051
27.4885
30.9183
34.22
37.3415
40.3468
43.1581
45.8317
48.2857
50.5908
52.6861
54.6354
-136.312
-136.448
-136.426
-136.122
-135.638
-134.889
-133.959
-132.648
-131.262
-129.797
-127.92
-125.878
-123.593
-121.155
-118.674
-115.796
-112.794
-109.648
-106.279
-102.813
-99.1016
-95.3556
-91.6217
-87.5094
-83.4093
-79.2608
-74.8936
-70.56
-65.995
-61.6142
-56.8994
-52.4327
-47.6871
-43.2138
-38.5655
-34.0321
-29.5377
-24.8129
-20.2722
-15.8581
-11.311
-6.97529
-2.72858
1.57587
5.52645
9.73693
13.5231
17.4967
21.0197
24.6626
28.0957
31.2643
34.5445
37.4028
40.431
42.9908
45.6739
47.8608
50.2002
52.0949
54.0809
61.1348
63.1187
64.8659
66.3773
67.6522
68.6949
69.5094
70.1005
70.4728
70.6323
70.6013
70.4223
70.0892
69.5611
68.8636
68.0032
66.9436
65.694
64.2765
62.7069
60.9973
59.1579
57.2013
55.1382
52.9809
50.7423
48.4355
46.0749
43.6727
41.2445
38.8036
36.365
33.944
31.5541
29.2123
26.9314
24.7266
22.6115
20.6096
18.7347
17.0141
15.4508
14.0585
12.8572
11.8615
11.0808
10.5247
10.1952
10.0871
10.1828
10.4492
10.8337
11.259
11.6236
11.8218
11.1612
9.66273
8.14014
6.88908
5.95489
5.13601
61.0584
62.9631
64.642
66.0955
67.3238
68.3288
69.1142
69.6838
70.042
70.191
70.1449
69.9621
69.6437
69.1392
68.4608
67.6146
66.5807
65.3663
63.9889
62.4633
60.8008
59.0122
57.1091
55.104
53.0086
50.8349
48.5954
46.3027
43.9697
41.6101
39.237
36.8647
34.5074
32.1788
29.8939
27.667
25.5124
23.442
21.4614
19.5985
17.861
16.2822
14.8738
13.6483
12.6173
11.7912
11.1788
10.7823
10.597
10.6072
10.7828
11.0753
11.4109
11.6925
11.7533
11.1269
9.80999
8.45875
7.39093
6.58664
5.76111
60.3973
62.2601
63.903
65.3272
66.5325
67.5215
68.2973
68.8642
69.2246
69.3756
69.3396
69.181
68.886
68.4035
67.7504
66.9347
65.9433
64.7814
63.4621
61.9984
60.4013
58.6812
56.8499
54.9188
52.8988
50.8019
48.6399
46.4252
44.1699
41.8874
39.5906
37.2931
35.0082
32.7499
30.5316
28.3674
26.2703
24.2525
22.3256
20.5115
18.8265
17.2867
15.9022
14.6842
13.6441
12.7919
12.1343
11.6728
11.402
11.3076
11.3605
11.5161
11.7012
11.8169
11.6917
11.0518
9.9012
8.67389
7.64446
6.80289
5.96645
59.5787
61.3914
62.9911
64.3808
65.5584
66.5279
67.2903
67.851
68.2085
68.3585
68.338
68.2088
67.9384
67.4844
66.8611
66.0781
65.1292
64.0208
62.7612
61.3623
59.8342
58.1864
56.4314
54.5795
52.6407
50.6281
48.552
46.4248
44.258
42.0646
39.8569
37.648
35.4507
33.2783
31.1435
29.06
27.04
25.0961
23.241
21.4908
19.8602
18.3622
17.0068
15.802
14.7586
13.8844
13.1838
12.656
12.2942
12.0837
11.9967
11.9909
11.9998
11.9323
11.6539
11.0098
10.0098
8.90539
7.9052
7.03605
6.2099
58.7599
60.5185
62.071
63.4229
64.5688
65.5159
66.2608
66.8118
67.1624
67.3121
67.3089
67.2092
66.9612
66.5369
65.9442
65.1958
64.2884
63.2325
62.0314
60.6971
59.2388
57.6633
55.9859
54.2152
52.3595
50.4336
48.4457
46.4091
44.3328
42.2313
40.1148
37.9971
35.889
33.8043
31.7544
29.7528
27.8108
25.9409
24.1542
22.4647
20.8846
19.4264
18.0994
16.9108
15.8668
14.973
14.2321
13.6411
13.1914
12.8679
12.6441
12.481
12.3223
12.0948
11.7068
11.071
10.1926
9.20764
8.25464
7.37907
6.54976
57.9652
59.6682
61.1699
62.4837
63.5949
64.519
65.2443
65.7853
66.1284
66.2825
66.2959
66.2233
65.9957
65.6011
65.0385
64.3267
63.4599
62.4566
61.3127
60.0429
58.6549
57.151
55.5521
53.8637
52.0909
50.2536
48.3545
46.4099
44.4247
42.4163
40.3916
38.3659
36.3469
34.3504
32.3847
30.4651
28.6004
26.8034
25.0822
23.4509
21.9188
20.4983
19.1968
18.0203
16.9731
16.0569
15.2739
14.6197
14.0846
13.6543
13.304
12.9998
12.6962
12.3391
11.8677
11.2331
10.4363
9.54773
8.65141
7.7906
6.96169
57.1719
58.818
60.266
61.5412
62.6162
63.5185
64.2245
64.7554
65.0916
65.2543
65.2834
65.2357
65.0281
64.6625
64.1298
63.4555
62.6295
61.6794
60.591
59.3865
58.0708
56.6387
55.1194
53.5136
51.8236
50.0769
48.268
46.417
44.5232
42.6096
40.6776
38.7448
36.8149
34.9065
33.0242
31.1863
29.3986
27.6736
26.0156
24.4402
22.9532
21.5683
20.2902
19.1235
18.0703
17.1311
16.3074
15.5923
14.9761
14.4479
13.9843
13.5581
13.133
12.6707
12.1315
11.4872
10.7359
9.91411
9.07014
8.23525
7.41756
56.3698
57.964
59.3503
60.592
61.6232
62.5089
63.1919
63.7163
64.044
64.2235
64.2623
64.2407
64.0499
63.7153
63.2096
62.5754
61.786
60.8975
59.856
58.7197
57.4813
56.1151
54.6851
53.1615
51.5462
49.8977
48.1767
46.4248
44.618
42.8044
40.9629
39.1271
37.2831
35.4651
33.661
31.9064
30.1939
28.543
26.9436
25.4239
23.9752
22.6253
21.3678
20.2126
19.1522
18.1887
17.3298
16.5597
15.8683
15.255
14.6922
14.1642
13.6374
13.0903
12.4925
11.8313
11.0999
10.3201
9.51318
8.70426
7.90417
55.5998
57.2522
58.4768
59.7916
60.6684
61.6157
62.1693
62.7813
63.0204
63.3147
63.2627
63.3454
63.0921
62.8769
62.3219
61.8002
60.9457
60.2219
59.1768
58.1167
56.9902
55.584
54.3141
52.9041
51.2759
49.8001
48.0966
46.5118
44.7193
43.0655
41.2515
39.565
37.7592
36.0806
34.2991
32.6665
30.9856
29.4463
27.8663
26.4372
24.9847
23.6967
22.4376
21.3043
20.2392
19.2345
18.357
17.5358
16.768
16.0994
15.4392
14.8397
14.2172
13.6103
12.9514
12.2789
11.5434
10.7991
10.008
9.21159
8.4324
4.33371
3.60687
2.92631
2.23875
1.55039
0.901218
0.303425
-0.234019
-0.689958
-1.05677
-1.33042
-1.51648
-1.61858
-1.62958
-1.57753
-1.48756
-1.37379
-1.25489
-1.14565
-1.05392
-0.982969
-0.928102
-0.886453
-0.853395
-0.824068
-0.788967
-0.754803
-0.71067
-0.654735
-0.586618
-0.503546
-0.404843
-0.290815
-0.160884
-0.0183836
0.135316
0.295773
0.460299
0.624756
0.783357
0.931167
1.06389
1.17938
1.27298
1.34152
1.38506
1.40256
1.39521
1.36374
1.31117
1.24139
1.1576
1.06258
0.961684
0.855499
0.746539
0.636406
0.522353
0.394954
0.23887
0.0595604
4.91992
4.23032
3.60991
2.96902
2.31048
1.6928
1.12472
0.608832
0.171321
-0.17691
-0.431297
-0.588728
-0.649556
-0.629655
-0.556445
-0.456294
-0.340371
-0.224456
-0.120984
-0.0367893
0.0270188
0.073382
0.10632
0.13043
0.147051
0.171046
0.190656
0.22101
0.261085
0.313455
0.379826
0.461393
0.558603
0.670981
0.796772
0.933763
1.07866
1.2271
1.3755
1.52005
1.65631
1.77886
1.88419
1.96898
2.03031
2.06693
2.0783
2.06458
2.02687
1.96752
1.88961
1.79654
1.69121
1.57928
1.46155
1.34175
1.21754
1.09055
0.954951
0.805162
0.635783
5.16204
4.47796
3.84523
3.15553
2.4455
1.80978
1.22089
0.668878
0.194369
-0.192087
-0.489728
-0.697028
-0.816167
-0.86285
-0.840845
-0.77004
-0.656742
-0.526102
-0.410042
-0.316552
-0.246148
-0.195052
-0.158269
-0.130885
-0.103248
-0.0823452
-0.0507723
-0.0142728
0.0331586
0.0923083
0.164835
0.251816
0.353492
0.469044
0.596797
0.734363
0.878743
1.02631
1.17302
1.31442
1.44616
1.56408
1.66446
1.74398
1.80008
1.83158
1.83811
1.82057
1.78052
1.72065
1.64407
1.55474
1.45624
1.35208
1.24463
1.13594
1.02542
0.909916
0.783336
0.637054
0.460127
5.43017
4.73521
4.07213
3.36449
2.65588
2.02113
1.41504
0.838601
0.360042
-0.019835
-0.316649
-0.519048
-0.623321
-0.644333
-0.588045
-0.468079
-0.327788
-0.217512
-0.112498
-0.0194447
0.0544175
0.108897
0.147197
0.173958
0.19351
0.206642
0.224711
0.247369
0.278763
0.320898
0.3757
0.444915
0.52908
0.627508
0.73874
0.860571
0.990025
1.12383
1.25818
1.38908
1.51225
1.62383
1.72018
1.79833
1.85576
1.8913
1.90439
1.89573
1.86646
1.81901
1.75541
1.67895
1.59207
1.49756
1.39636
1.2904
1.18099
1.06842
0.950017
0.81916
0.666522
5.767
5.04312
4.34703
3.63017
2.91987
2.25929
1.62615
1.04368
0.564283
0.169922
-0.153152
-0.37079
-0.484328
-0.522243
-0.489997
-0.40646
-0.304451
-0.183799
-0.0776021
0.0150691
0.0840439
0.134612
0.171071
0.19878
0.219973
0.237661
0.257761
0.282888
0.315258
0.356163
0.408202
0.473029
0.551311
0.642318
0.745082
0.857343
0.976718
1.10008
1.22407
1.34503
1.45898
1.56257
1.65209
1.72513
1.7789
1.81252
1.82489
1.81697
1.78915
1.74394
1.68322
1.61037
1.52847
1.44019
1.3472
1.25222
1.15808
1.05909
0.950332
0.829716
0.6954
6.16646
5.40991
4.6809
3.95306
3.23662
2.55468
1.90564
1.31055
0.802885
0.377486
0.0403634
-0.181858
-0.314514
-0.375414
-0.351207
-0.265715
-0.156567
-0.0423146
0.0635501
0.142072
0.198278
0.239408
0.268325
0.290436
0.305418
0.318633
0.332013
0.350875
0.375768
0.407905
0.450277
0.505009
0.572508
0.652099
0.74283
0.842843
0.949497
1.06032
1.17198
1.28152
1.38489
1.47962
1.56171
1.62973
1.68038
1.71364
1.72776
1.72463
1.70378
1.66823
1.61926
1.56034
1.49409
1.42322
1.35005
1.2735
1.19112
1.10469
1.01013
0.902782
0.776588
6.61989
5.84559
5.09173
4.35076
3.6259
2.93312
2.27686
1.67417
1.14227
0.690366
0.330464
0.0769391
-0.0886889
-0.161626
-0.139415
-0.0660966
0.0330629
0.137322
0.231066
0.299271
0.337486
0.364178
0.379751
0.393622
0.399745
0.405996
0.410681
0.421869
0.438744
0.459955
0.492133
0.535723
0.592168
0.659854
0.738585
0.825755
0.91979
1.01778
1.11713
1.21535
1.30827
1.39428
1.46896
1.53215
1.57941
1.6123
1.62788
1.6293
1.61488
1.58858
1.55039
1.50434
1.45164
1.39394
1.33346
1.27088
1.2048
1.13479
1.05695
0.966745
0.856567
7.11425
6.33856
5.57625
4.83304
4.10402
3.41336
2.75995
2.16527
1.62776
1.16469
0.787021
0.506672
0.298416
0.198135
0.18553
0.22428
0.311585
0.385535
0.448769
0.499467
0.509459
0.512987
0.506861
0.51191
0.503962
0.502618
0.493586
0.497488
0.506463
0.512978
0.533459
0.566498
0.614136
0.67039
0.737789
0.813513
0.895405
0.981816
1.0702
1.15918
1.24246
1.32141
1.38876
1.44846
1.49156
1.52435
1.54001
1.54563
1.53541
1.51657
1.48545
1.44909
1.40805
1.36175
1.31383
1.26449
1.21296
1.15935
1.09822
1.0266
0.933927
7.64155
6.88525
6.11908
5.37995
4.65301
3.983
3.3459
2.79622
2.26809
1.82374
1.46264
1.20023
0.917613
0.786572
0.743512
0.713666
0.763824
0.686815
0.688368
0.7652
0.709935
0.689577
0.637157
0.663512
0.617086
0.622543
0.573869
0.576917
0.589333
0.569969
0.566004
0.597906
0.643692
0.684565
0.743284
0.808545
0.877863
0.956784
1.03587
1.12472
1.19265
1.27583
1.32581
1.39423
1.42195
1.46423
1.46543
1.4891
1.46957
1.46554
1.42908
1.39513
1.36632
1.3304
1.29607
1.25841
1.2188
1.18392
1.13562
1.08974
1.00822
4.89195
-4.39754
-5.71388
14.8356
5.76557
19.3951
17.952
10.7079
11.5237
29.0684
1.5048
23.7451
18.0621
2.78505
21.6896
-102.229
20.5256
12.0558
1.31164
17.3922
15.0704
3.172
1.00468
20.0915
11.4293
17.0849
17.4556
9.36369
20.2751
6.8439
10.431
16.6103
28.4029
1.60117
23.022
0.736197
0.67309
57.3574
18.6069
17.4782
7.72147
-2.82081
18.0021
-88.1739
0.275303
31.6176
11.6019
3.0216
16.1272
25.396
-3.69617
-45.8256
17.0169
9.51928
13.9043
16.1551
6.95081
7.41396
0.846471
-31.3904
3.68614
15.4877
17.0747
-8.17529
-25.8043
14.8524
0.719694
8.66131
18.8228
18.0577
15.3487
59.5219
6.55145
13.4265
13.2802
6.28525
-12.6459
44.415
17.0672
28.1534
-0.764911
16.472
16.6719
-36.715
17.9494
50.2626
11.9935
1.67093
15.3073
1.58734
-13.8789
17.0511
5.12612
-31.8396
-37.0971
5.62704
44.1947
9.95788
25.4409
-101.512
14.4812
16.1058
25.0295
16.9301
18.059
16.904
15.1092
39.6567
19.7189
-77.9806
-109.124
15.9017
0.446501
1.32572
5.75504
2.08733
0.973804
19.4803
-7.68683
11.3099
12.9141
0.0447182
11.2911
-117.831
-26.7004
10.5522
15.289
-47.1658
-34.9385
17.8075
21.2296
-8.00897
5.34461
10.9776
2.55168
10.764
17.9629
-53.1638
-30.9113
11.6537
9.57017
-52.9207
14.8108
49.0103
1.39669
12.4503
16.5712
1.40077
31.7521
-0.690266
16.2015
16.1797
59.0997
-33.6424
-59.2653
8.86959
8.27189
-27.9026
16.5071
0.635278
16.6181
26.361
17.3446
12.5014
14.8979
13.1129
6.80146
9.66959
17.0692
0.279958
-1.92786
1.53266
5.68614
17.3578
1.34076
1.33458
1.10206
8.85104
22.3971
1.95232
1.77903
-1.2685
-31.0703
9.71703
6.45214
0.741967
-10.5041
52.1164
9.82191
11.903
25.4184
20.1917
-17.0116
-39.2481
16.5085
-31.712
4.10173
0.425728
21.2736
0.698455
9.84479
14.9686
13.3801
-58.7961
-1.77625
20.8038
8.47615
16.0517
-45.529
0.811814
41.2248
-5.76721
16.3323
-117.371
10.971
-77.6908
-65.3354
1.76841
33.3564
1.74537
11.3796
40.1017
11.9836
16.6401
0.976788
-7.72098
-9.27621
11.7314
16.9445
59.7176
1.41844
21.3898
-5.24811
-37.6846
13.6151
19.2397
3.14585
-57.2735
-46.7044
19.2544
13.3034
8.66903
10.8305
15.8819
-123.57
16.6492
8.20646
-98.5943
23.8881
17.1978
8.82824
23.7102
1.25606
8.44036
11.3461
18.6075
25.3222
15.1465
6.57699
1.88115
15.6113
9.5389
-64.653
18.509
0.609832
12.7811
17.5015
1.01622
17.5234
0.999639
24.015
1.14377
22.7823
11.388
52.9098
9.85026
14.2744
10.7566
15.9577
20.6747
50.2823
9.71066
-71.9761
15.2715
14.8649
18.5777
16.9604
-61.815
7.95893
7.91095
-26.1195
40.4849
14.3973
16.8935
35.0819
17.3696
9.5203
4.88649
-0.871183
16.299
10.9589
5.47042
48.5339
-3.78434
5.05297
-78.8737
21.7902
18.6017
19.3502
-100.643
9.75975
11.8977
11.4746
-12.4911
16.4241
14.1519
0.712092
1.34835
7.03145
1.83771
16.4237
3.5327
15.1856
14.9899
-26.8392
1.83156
15.3973
0.909919
-90.5018
6.42327
-27.2209
-44.5127
-101.287
2.04248
1.49739
16.805
0.681089
0.79917
-124.136
35.0548
15.0162
14.7663
11.9865
11.4931
49.7319
11.2464
-9.36319
18.7279
-70.7581
14.9429
1.32678
-45.4329
-113.809
10.6977
-61.8528
8.66706
2.72595
14.4472
1.7269
2.40876
10.1827
0.407785
0.933569
-6.72375
1.01958
16.0209
6.77495
-113.892
-33.9585
3.85257
16.5683
-26.1884
-49.6553
12.6451
1.57451
15.7059
-5.85417
7.39946
1.46287
-73.8784
0.813007
-79.8047
20.218
-89.2334
11.2392
4.77877
20.8963
1.16277
-117.384
-27.6668
47.3877
50.1709
3.25498
0.779879
17.1762
30.2315
16.6939
-0.423254
12.0418
-10.2763
17.2413
18.779
21.9276
21.3986
-7.66918
-46.7395
12.0543
-83.0004
0.28905
-11.298
1.93208
-61.9335
-2.0219
18.7286
-124.164
9.69896
9.39485
23.2324
-52.9062
16.9905
18.1548
1.41789
17.693
9.99451
14.3311
1.19562
35.8862
-26.1397
-51.6296
9.67179
-61.0732
9.22034
-54.343
16.7869
15.6537
0.861314
4.03668
-93.3816
-1.78975
1.66483
-10.8403
-62.0648
-59.6628
18.3057
5.51299
-41.4796
-50.0771
17.0169
2.49962
-32.053
22.8164
12.9894
36.4949
-39.9058
-0.301602
-9.65531
0.584694
9.09124
-90.0518
2.31276
10.3611
19.8274
47.0403
3.54808
44.0459
2.06561
17.3789
1.74422
1.4248
13.7297
12.3428
0.174927
1.32361
16.7541
2.41502
1.40083
2.67617
1.3915
2.03987
1.31331
8.33357
4.81209
15.7559
15.6475
-110.913
10.0347
-67.8745
-106.949
16.1419
0.457706
2.3301
19.0686
3.76071
1.33434
16.282
16.9739
15.0385
5.26264
-37.5671
10.4971
26.5264
13.6213
13.9568
15.5262
5.58014
0.706501
13.4813
19.1831
9.57957
1.36711
13.8331
13.5622
-12.722
12.6586
-0.376371
-3.38749
-4.26141
17.1168
19.9597
9.4237
22.4434
3.41739
2.84184
48.7145
-22.055
-5.47666
21.9022
8.33137
1.14924
1.38826
-80.2748
-27.3652
20.9178
3.17417
10.3605
0.794312
-21.1059
18.6344
12.1308
-27.3447
-82.5183
12.6978
-17.8164
-54.1599
4.6171
-105.433
9.32396
9.47449
9.11742
-32.2501
13.9041
-80.8652
-2.42918
13.0163
0.887378
17.2106
-0.31076
14.927
12.8088
31.7401
2.90009
0.86175
14.8362
7.08701
0.692744
-46.6669
-30.628
8.07646
-34.1745
4.7673
28.6603
1.56441
9.4332
-95.6871
9.93358
8.53864
14.3755
1.40485
52.1557
1.69772
8.14899
8.55068
1.28858
1.17065
13.6105
15.6404
15.9268
9.54092
10.2407
29.2334
-76.3496
8.14471
17.7871
-32.0556
0.653876
-87.1082
13.6648
0.715542
17.6534
-55.2821
4.29049
-21.0534
0.899446
0.755247
2.83321
-106.047
20.5145
17.2717
6.5727
15.9921
-26.9341
-22.4026
-6.40992
10.0478
9.09174
5.00722
16.2397
-0.249565
0.693227
16.1743
23.2147
1.37574
-58.3623
20.8984
1.55621
20.4873
-8.30781
17.2175
36.3355
6.77154
29.5151
18.4685
-30.1393
-21.5384
-4.65581
19.0261
10.6266
-32.4622
16.0534
12.5192
4.67053
5.60275
0.691987
-30.9271
40.586
4.09295
2.07773
0.931301
-89.5717
9.56935
23.3358
15.6709
1.07551
5.35083
-23.0516
14.4636
12.3484
6.04899
1.23968
-7.01664
15.2208
2.18072
10.9655
-21.0634
1.33495
39.1173
0.924809
0.187001
8.33292
57.263
17.0263
16.6744
1.26111
10.2323
7.23041
8.86914
10.0371
-115.882
2.34898
-34.9202
30.5347
17.5318
8.49796
19.3031
-6.23109
-10.9021
1.29457
3.95048
1.34907
12.8878
-2.59759
18.5296
-88.5893
16.7189
6.65806
2.10385
-3.47799
2.89409
-7.14942
10.634
3.33136
0.741212
19.2018
-120.864
15.3788
17.0496
10.8301
-4.31286
18.864
3.85366
-21.3674
15.5643
-14.0613
-97.535
17.4584
8.92232
14.5697
-63.2553
-6.49701
15.7366
42.8244
12.5861
9.08421
11.6103
-111.066
-126.128
16.5247
-1.35961
-11.9445
1.40268
17.7527
6.9237
-11.4472
13.7232
15.3359
0.0757899
18.5023
19.5899
8.55457
14.8613
-3.03444
13.3737
-5.54948
23.1468
1.66747
-4.41802
42.6719
1.06231
6.61238
21.8894
4.3536
-45.2759
24.4794
-83.8002
20.8554
1.31691
-19.63
10.1515
-9.87129
0.740464
12.9188
13.1701
-93.675
-40.1879
13.508
-65.1146
-9.13221
53.668
-16.2712
-20.2794
21.3418
0.702596
6.00016
11.862
-55.5834
-22.9785
-4.71571
-4.30257
-6.56371
0.959956
22.5943
19.0853
13.355
-121.694
-44.4888
27.4957
2.30579
-112.214
11.1461
14.4052
10.2509
1.06174
4.78822
1.12397
-15.0641
21.38
-121.305
-17.2455
-85.8143
-98.4535
18.8122
25.3321
-43.6733
26.1805
14.5072
12.2615
10.9732
10.2556
26.0447
17.8971
2.22708
-51.631
-30.2707
24.5681
2.23323
3.52565
13.8073
1.34701
12.9049
-53.5288
1.26643
49.2139
5.06888
22.2625
11.494
18.5665
15.6854
-76.871
13.1912
44.7263
0.881415
0.946384
32.2574
61.0775
12.624
13.2466
25.0437
-50.6287
-15.7195
17.2558
10.0749
-91.5415
27.4511
17.3777
-63.114
15.7023
3.65761
1.31529
6.18875
-16.32
53.8256
0.729532
-8.63775
-0.409329
17.7898
0.333145
9.56751
14.7915
17.2492
12.262
0.895491
17.2651
0.649374
30.2073
0.119258
11.3488
10.2792
16.6171
8.44385
-49.9122
9.77718
18.0911
-29.637
-70.8244
34.1089
1.48893
7.51808
16.6685
34.3928
-84.6599
9.52579
-2.96109
11.1163
16.3081
-88.3855
17.157
9.65227
49.9998
29.9188
-19.5592
4.3003
15.8308
17.0966
-66.7299
-4.51112
10.1566
14.8543
1.17949
17.4691
-127.832
7.56542
0.884941
10.563
18.721
-0.0886793
14.6982
22.9759
24.8481
4.56009
-0.767033
17.7222
20.6493
17.4618
20.3133
10.8044
18.1338
-70.5693
2.419
18.0815
-25.6607
14.0954
7.1163
19.6076
11.6436
-62.217
10.8314
5.08466
18.8432
-20.7661
16.6829
-24.7323
-104.249
1.7467
1.25769
-47.7199
16.1436
18.384
-21.4578
-104.668
1.22484
-14.2578
15.8855
-82.6511
13.385
16.5692
18.2086
-18.5142
6.86544
9.42738
-28.8169
17.3857
8.45701
-84.9981
10.4223
-119.398
47.0683
11.6679
18.1986
6.38909
16.7575
-9.18301
-6.28907
20.0807
-18.5142
5.76365
12.8628
-38.1793
4.81125
17.5236
-49.2925
14.8499
1.93594
-67.4939
-14.0978
17.1703
19.2904
14.7565
62.1132
8.53012
-2.39663
-23.8788
15.6085
-11.7512
15.3935
5.38351
15.481
0.723288
9.91058
0.678901
-13.9887
58.9174
7.36076
59.2862
6.65553
12.8475
3.99892
20.1153
-9.44093
17.7797
11.1329
1.5769
59.7993
16.8143
9.16254
-8.52746
0.588632
-108.989
15.8198
-5.66661
10.5925
-21.8933
-61.8785
0.945531
-73.5043
9.56149
2.90755
-25.7901
18.3235
15.7428
14.1076
12.3726
21.4093
16.1617
12.7442
17.6069
1.14692
-68.3369
17.5833
20.2264
17.646
7.97337
-73.1116
1.29375
-24.5784
15.7137
-43.4241
0.826294
25.0118
-67.3632
16.995
0.681007
40.1387
1.36825
22.7915
4.08733
1.77505
15.9547
10.4881
-107.417
13.6814
-1.30429
-39.2232
1.39285
15.8343
11.0011
30.9123
2.77722
1.26875
-79.2072
15.8774
16.4256
16.9919
-20.0883
-35.9574
13.9466
12.717
15.0973
1.27673
1.61334
49.3076
0.526173
-65.8202
2.07055
-59.0725
0.574467
0.746092
32.3127
50.9728
13.0459
60.0795
45.4542
18.3296
17.5623
6.28238
14.5041
18.5299
2.19865
1.90734
19.6677
1.62525
10.2852
19.1579
9.04778
18.4861
28.7732
1.47751
-5.49773
-120.867
17.821
12.1392
-50.6857
7.69699
22.424
14.035
10.9938
2.31809
17.3556
-2.24188
1.73098
30.3758
12.813
0.809896
16.7589
17.4329
15.6042
5.76827
15.4978
16.9752
-3.59132
18.497
20.6011
-76.5673
-28.8946
-18.5714
14.6759
1.51961
-50.7076
17.0431
1.45533
1.17107
-126.115
0.708935
16.6839
8.70416
31.38
-1.11958
1.13578
9.16071
46.3762
1.57045
16.0914
0.99922
16.5775
53.9228
14.2017
-21.0876
16.7707
0.882669
-69.5711
15.6847
42.3518
4.13313
13.0677
18.7236
29.5299
10.9768
19.7031
1.92898
16.1263
10.6608
-123.283
4.40643
18.6182
19.9484
-65.0924
-82.4262
16.7161
18.1407
12.485
11.3598
-59.6556
24.6127
-58.8461
17.8235
11.3182
17.2871
-12.0918
5.65502
17.4337
0.747217
1.41164
-89.4229
-62.3291
8.23226
-2.74451
-74.7557
18.2476
18.3909
18.4369
7.49041
18.9226
2.41009
18.2051
9.56407
-1.8165
-25.2106
2.406
12.7465
1.3937
36.3473
16.6805
19.6205
-104.156
15.5724
15.5074
20.0782
12.4717
-73.6967
-7.01321
1.6361
17.186
17.0094
17.6873
-4.18754
20.2312
-17.8654
8.381
8.2328
13.5605
9.35436
15.5796
10.9739
10.6518
9.77201
-1.71068
-10.4566
2.76684
-86.8399
11.887
16.7528
0.935758
-91.3425
41.1941
2.6705
23.7032
15.95
13.0612
11.8565
16.638
60.774
-8.29319
1.05196
-94.9238
16.8654
27.8933
-37.1915
3.50836
-51.7696
1.19643
30.9548
1.4789
16.6511
-22.9558
-13.3046
-38.1918
-8.52752
17.7956
1.35595
7.75214
22.4863
13.2906
19.523
8.84735
56.7578
20.4714
16.6101
43.9116
10.7943
15.6253
18.4345
20.3884
-10.6505
1.18564
9.70426
11.6498
-16.641
13.909
9.44312
15.1075
-3.37647
-68.2304
-85.5791
11.2613
6.67104
-71.2795
8.08139
12.8707
16.553
1.77277
1.6071
15.3535
-0.434621
-19.5045
3.95741
-79.3488
17.4473
1.3834
13.7825
15.1031
1.68015
-73.0668
-59.745
1.44768
16.6089
22.4427
16.0563
53.4959
16.1557
21.111
1.1077
1.36604
8.61624
-17.4118
15.1473
18.5942
-4.26075
13.9167
16.2742
33.0109
-65.2616
13.7656
-8.9664
6.86506
9.42611
1.37547
13.2704
58.8145
1.93109
12.2093
49.9611
6.26528
-90.4477
-34.3968
13.4471
-2.72003
6.1036
11.0268
5.15205
2.2417
-79.9935
21.6385
-37.171
14.8138
1.27201
-91.5365
-52.3252
16.0297
-10.8085
4.5687
2.39608
10.2072
10.8822
-124.664
12.4245
-34.5032
18.2425
0.540262
18.121
17.0218
-20.012
8.85506
-5.10629
16.9322
-52.9948
16.1797
18.4646
29.9697
-17.5713
8.63162
-89.319
16.246
-51.0844
-22.0466
-6.33517
16.6177
-7.07668
20.8467
10.8549
8.0776
7.9099
16.7577
18.5735
13.7662
10.8982
-11.8966
5.03471
12.3288
8.32293
20.0523
12.6129
7.82851
1.39652
-19.7242
18.4366
18.2997
8.80272
14.9176
16.6092
10.5822
45.4474
17.5169
19.5384
3.98835
1.82166
0.917214
-10.1523
45.5176
38.5284
9.76796
-103.981
18.098
16.6142
15.4262
-103.869
13.1481
5.35622
19.8687
-85.9578
2.51343
10.2966
-24.8145
-129.026
23.5564
44.6624
5.65166
10.8034
48.781
9.79862
-0.369154
-12.4628
20.9781
11.0273
1.23996
-20.8843
16.1563
17.8806
8.85537
4.96012
18.4875
49.4362
16.7011
11.2099
-19.3052
14.0641
-88.0431
1.19617
19.064
15.2003
2.58829
-19.1738
17.7764
12.1143
25.4148
-26.1547
11.5984
48.0011
15.78
-24.175
-32.7798
-18.9025
16.6301
15.7951
25.7449
37.4419
-35.3303
15.9855
-51.5789
-63.9678
17.0901
18.7994
-66.4904
-100.602
26.8118
19.4501
0.922589
38.8535
-66.3248
9.95192
31.2707
-2.68169
-2.68925
17.621
-18.836
11.1944
4.42078
1.03964
16.8224
13.9309
18.1053
46.3277
10.275
3.79659
4.23997
17.8187
-1.33935
1.79305
-6.44702
18.1529
8.80882
-12.1641
19.785
-10.4691
-74.7279
14.8326
2.01386
18.4055
7.65223
1.3175
11.99
12.7601
14.153
42.1197
19.6749
31.7542
17.9023
5.38458
-25.7611
17.2593
4.92344
9.09281
-16.7506
37.8736
4.67312
23.6347
19.8945
2.80653
-78.8484
12.7029
14.162
2.74468
19.589
11.2754
13.6395
-4.26026
2.01202
-12.8769
-53.6203
13.0923
5.12245
16.6007
18.7297
12.573
17.4086
15.686
14.5224
16.4502
7.06041
12.8961
14.3253
3.82051
-31.661
15.3564
16.6016
-13.9877
-27.2697
34.7061
17.0135
-13.3498
8.94044
17.7641
-51.5699
-92.5105
7.92304
5.23796
-59.8227
5.04801
8.23824
12.0628
53.5408
2.97955
2.76288
57.3848
-5.55061
12.9731
27.4656
-23.0363
5.57179
16.009
32.4306
7.45903
16.7485
46.4576
11.8801
30.4889
9.25664
17.2646
20.3147
14.9695
17.3225
10.2262
32.7901
-79.2348
-16.9807
-5.89362
-14.6018
10.9536
-54.649
3.70454
2.14567
15.7608
11.1582
10.0046
8.70889
16.1841
1.24948
7.10612
-11.6305
16.7195
5.34491
17.1703
-14.6253
-50.3711
17.8367
17.5047
15.9949
-27.1446
17.6325
16.8741
10.4321
11.9346
31.2512
12.3078
14.8561
-1.32722
16.0935
-94.5241
-3.36046
5.21576
0.734985
-7.18351
12.3136
4.62562
11.5798
1.38943
15.9101
3.0043
-106.67
17.1168
60.814
-59.8964
-26.7426
18.2116
7.25124
37.9104
1.33686
2.69458
7.46481
-4.56659
-30.6742
14.9419
-9.31836
12.9652
46.1449
1.79787
10.6238
0.678333
-65.5027
3.72841
19.7502
15.7255
-127.765
-53.1582
13.8693
53.5127
7.6885
3.30249
-99.4173
50.7203
6.84936
16.5874
36.1265
19.5165
1.03434
-16.4901
-75.5906
22.4489
16.8779
14.6425
-92.1254
10.2406
22.4299
-105.421
26.897
56.2396
0.972156
16.2354
-2.53842
6.94067
32.8218
-30.7903
17.4326
7.16828
16.5468
37.0351
19.2614
24.2181
16.7793
-4.48364
25.9679
-64.9642
-20.1894
-79.6741
20.0028
4.84996
29.1639
8.15271
9.24563
11.8697
17.6649
1.22423
8.51198
-33.3969
9.8269
0.82635
4.47367
14.0062
10.8178
12.451
3.05359
-29.7778
-7.2683
14.7222
16.2475
-114.777
19.5865
15.4817
18.5191
19.6762
-20.1044
-4.19301
7.97584
15.3518
44.5447
16.1804
18.9067
17.6306
14.8326
-7.90442
10.9752
16.6286
9.64917
-87.8309
-83.7815
-52.7867
16.8105
-50.2358
16.2305
-6.01781
23.9885
23.1954
2.59819
18.3469
11.982
0.886146
21.0987
1.24202
8.51539
-104.172
-108.876
15.7889
18.6258
6.92257
11.33
15.9426
-6.99793
9.85082
-21.2728
-85.0648
56.8168
0.623304
16.4162
-42.0404
-22.7892
36.8347
19.5217
1.4648
15.8061
0.945757
1.0586
16.4669
-92.849
15.8728
1.09309
19.4602
14.6219
-3.91643
8.55138
0.68834
7.92974
-21.4791
0.567463
32.8099
-21.974
6.95703
16.5467
6.00848
16.7157
-21.6046
-0.45207
9.13299
10.2732
18.7051
9.59933
-47.4032
9.24083
48.24
4.47124
18.2708
-6.18522
-21.9009
14.2877
17.3366
8.57313
-78.3476
-27.2419
12.4877
5.84444
1.17584
0.811393
-57.2479
1.33591
-3.01908
9.74269
19.1655
24.2852
6.16435
-26.1764
17.2941
15.8298
5.49342
-43.1989
14.2699
1.26397
10.991
8.36207
-8.80424
15.0034
-16.3002
-24.8998
16.9714
-44.7124
11.0654
9.39557
7.34896
16.4922
6.62977
0.8153
-15.511
-112.109
4.86003
18.3834
18.4086
-10.7777
-36.1834
3.24038
9.14341
12.1801
12.6841
34.7157
13.4874
-18.8949
9.70059
18.3473
13.8152
21.3537
41.7972
15.2099
17.053
2.26063
-0.491499
11.2359
6.58716
-10.3442
24.0931
25.53
30.0265
4.30536
-45.096
-75.3492
1.31356
-21.0851
17.4764
-69.3628
2.85642
16.6301
16.6327
16.6894
4.04815
16.0795
-97.3788
2.99296
-14.8476
2.80899
5.53341
-11.2729
6.31188
-7.25993
6.38457
16.6519
-83.5009
0.878969
8.37649
-29.3114
0.665784
1.42471
61.4347
-21.7925
53.9475
-13.9201
1.38677
27.4752
1.67625
10.9833
17.8836
13.4124
16.7732
28.2195
-1.3708
-61.8375
44.4765
16.3183
17.9405
-11.9488
-41.4699
59.9984
9.70661
3.72906
14.9035
15.3501
9.51407
-24.3921
-2.29956
2.79596
4.26315
17.9058
61.586
6.37018
58.7331
16.4861
41.4807
2.28682
6.94145
11.4473
13.0026
8.38739
42.9952
-81.0289
10.3245
-83.7587
1.46482
16.8187
1.67493
-22.1798
14.4219
-87.0308
3.0584
18.1494
1.78483
12.6505
4.1637
17.55
11.4842
8.75409
2.77567
18.4344
1.95632
-60.9809
1.96705
15.024
7.01657
19.1037
8.9256
-67.6283
8.05765
-52.444
-14.4263
39.83
18.3353
12.3209
6.5021
17.4309
17.3073
19.1052
10.5963
12.3192
12.7274
-5.99157
19.3691
18.5805
-10.2164
27.489
1.36077
10.3103
1.32155
15.4739
16.752
13.928
8.44175
3.6791
-1.37201
1.12144
12.0132
28.898
-23.0529
16.399
11.9876
13.2332
-91.2813
16.6452
14.1467
27.9494
-23.7325
17.9177
3.50983
0.087377
14.0299
43.9444
10.0201
-50.169
-38.0411
19.6184
19.2431
0.757224
-4.65643
-3.84966
-93.6505
22.2783
0.827682
55.6222
-16.54
56.1036
-107.664
18.3415
34.4881
40.5487
-21.0384
-13.3805
-6.35332
8.36475
18.8963
2.11083
19.4119
8.32854
-73.3223
-3.60298
18.505
-17.7537
4.65902
6.93798
12.8821
9.8509
1.20967
9.34456
1.25828
1.54892
-14.6763
12.6037
0.87584
9.73069
-23.9227
8.15849
5.02951
0.438003
1.50037
-0.275441
6.34273
33.6331
16.2481
1.43368
5.79782
17.1004
19.9587
12.3698
1.50042
14.6878
16.0116
9.39068
1.2475
19.3707
1.40493
27.9274
-48.5895
6.38166
17.2941
18.5911
-78.6865
17.5021
7.52732
16.8808
-21.9935
-4.15481
18.5372
38.3747
0.595083
6.37737
1.2014
0.832491
16.7641
7.14962
3.40214
31.3994
1.75876
5.39451
40.5781
-62.4464
1.7949
2.37701
20.6313
15.4421
8.38978
2.40181
0.906361
6.91355
-52.6583
13.4294
7.23574
5.63124
-22.7315
-27.4939
-67.3612
11.0879
4.19068
-32.4455
32.1334
31.3301
1.87797
16.805
29.8172
18.059
11.8465
8.84604
-20.7884
40.0241
-87.2836
-107.466
-36.2275
0.481188
18.4654
6.08819
2.57035
1.21785
0.613918
19.6811
-5.1903
14.4021
1.96962
21.1329
-94.7594
26.1504
-15.8958
-21.4765
-28.5649
12.9392
-6.05339
54.2569
28.3026
9.56216
3.38465
-15.2889
1.57014
-103.594
10.644
9.67675
18.6753
0.636542
7.03268
13.1839
5.06678
18.3204
16.8581
0.981683
10.0996
18.403
-46.9343
18.6882
17.6081
19.2424
-36.1542
18.7763
5.66365
15.8432
10.5323
1.64915
17.5467
1.38773
13.6438
15.4766
15.3476
1.38268
-22.9838
24.1038
28.2443
1.43256
14.1108
5.12055
49.4273
10.7931
17.7944
4.76443
13.4791
-110.654
12.2492
18.0066
-12.2801
1.60108
-33.79
14.9597
-51.5779
6.99799
-4.97577
9.60693
7.37688
-4.39016
57.2589
19.0899
13.0861
-64.8934
1.57032
-85.8318
18.8845
3.93152
-28.6124
5.59114
19.333
2.74902
-24.0086
9.35931
21.3788
9.3082
8.61757
17.583
11.4623
31.6128
14.5754
47.2848
-44.0472
42.2363
7.82215
18.003
11.8345
6.74743
9.75674
1.52095
-14.8343
14.2935
-54.782
10.711
16.9734
-109.953
17.4039
52.3245
-43.3812
24.3055
15.8562
0.891644
32.8313
8.76613
3.61418
16.1894
1.63636
61.9938
14.2291
-79.7358
1.14504
8.53022
51.1861
59.4037
3.89006
11.8175
10.9643
-43.6212
14.6142
10.4906
15.5292
14.9676
8.93286
19.6473
1.18555
48.4216
12.3291
-13.5423
14.0043
29.6297
5.94738
8.75622
2.04379
8.08898
16.5933
4.55615
-39.7684
15.329
4.09428
8.6023
26.348
1.0156
15.6537
-78.7497
-85.3747
18.4013
1.42111
7.85603
9.23757
18.529
-3.0732
-0.0557421
28.0559
37.5997
62.2684
26.7977
8.57189
2.3324
16.5562
24.4562
-76.2018
34.8679
-59.4817
-95.4114
43.8855
8.03833
11.7197
-9.64712
-106.699
10.1085
-39.9138
-19.7467
11.0477
10.5036
5.08099
-5.44262
16.546
7.98952
7.96336
16.4192
-23.8164
9.35781
4.67454
13.1337
9.86047
19.9003
12.0729
7.25586
5.83119
10.7128
-10.7666
1.13899
18.4336
-78.6737
22.8174
51.8279
16.5728
0.78579
47.2466
17.8719
16.725
11.5303
57.4101
6.07435
18.7039
18.9246
54.8399
-91.4415
8.0579
1.31301
-72.3614
0.977248
-0.870622
12.1688
22.27
-0.449458
18.2545
0.817785
2.3517
4.26175
-45.8568
13.4531
-21.9801
5.22391
16.2619
6.79833
-36.719
-19.7142
7.47402
6.6531
-50.3309
18.5423
15.3224
13.6599
5.74185
1.03319
31.6873
2.87515
12.7993
14.4059
46.9927
3.14517
10.2153
-99.3009
-21.7649
-34.4019
-89.4059
17.293
12.2752
13.8472
10.1003
16.9897
11.4471
-9.95019
28.6311
18.1732
4.91238
0.828185
-9.38308
2.12926
4.89907
-6.59501
-34.4882
8.11335
18.2477
16.7646
57.9773
26.0373
-61.7289
14.4548
-1.68439
13.0591
-22.212
4.90994
-17.6313
15.9748
-0.990043
16.7477
0.487379
1.65643
1.62989
-69.6163
15.2674
-56.1276
-45.7809
13.7372
11.8136
20.4629
28.0018
19.5615
31.6967
-38.724
13.3202
14.0307
51.7165
9.24684
17.2091
1.39058
16.7686
4.75303
9.28017
-115.677
1.43209
24.468
1.43057
15.1147
13.057
-3.71174
39.5657
-119.412
9.36013
60.6983
4.57135
0.138033
5.49133
1.49338
-39.2333
-59.9484
8.09034
-40.4462
16.1525
2.31474
5.31056
12.6513
-122.761
-39.4327
11.0857
20.1281
-16.7371
3.07528
0.833447
0.99261
37.7742
22.5512
-1.07505
-45.7921
9.38052
1.39945
4.74736
2.04786
18.4462
8.79177
9.94917
15.7619
11.0972
1.36567
17.222
1.40983
17.3147
-83.1307
14.1175
16.8969
21.3153
17.714
15.6478
16.7687
-88.8422
0.917038
19.2254
18.4127
2.436
10.9401
-75.0676
5.02865
-26.1042
18.9118
16.851
15.5447
-58.3901
30.3262
-47.073
1.64232
22.6034
19.0307
-107.59
33.5821
20.1424
9.46792
15.5204
18.7775
-8.3634
10.5831
-20.2023
-49.4531
24.4418
1.32598
-3.53225
18.4231
4.04743
3.31577
59.2266
4.88419
12.2087
5.20192
-5.31796
-13.0014
0.454823
17.6889
17.9182
-9.03928
1.39544
-2.54527
1.43612
7.41368
15.5144
-97.1312
39.0255
13.8256
28.5354
2.49889
15.2113
25.8695
16.5341
18.4368
-11.8638
-2.30935
0.843801
9.08389
12.143
-5.16778
5.53917
-44.0363
9.58062
10.3893
1.61742
-44.7159
-93.3451
-0.238821
-66.8607
17.7804
15.0169
4.59518
0.516555
13.5062
6.00999
-10.8846
19.1664
8.10036
2.54176
-0.4863
33.9572
1.35142
-4.60611
3.33963
-46.612
16.4445
-34.5098
34.5287
6.00241
-0.874634
14.6609
12.3218
16.6828
18.395
22.0641
27.9255
9.31675
10.0611
-51.2721
18.4608
8.11461
37.9554
14.6156
-4.69774
-57.8135
16.2841
-91.5928
36.6834
16.9598
16.4428
37.8506
21.6383
-57.2432
19.6984
14.4708
19.2091
1.83263
2.99219
8.87125
42.3773
19.7264
14.8782
9.11358
17.4254
18.6232
4.74615
6.49954
1.42667
7.17983
10.472
15.9303
12.3961
1.28089
1.40389
6.43984
-2.69513
-4.14758
9.17626
-2.19569
18.4572
46.4756
1.03521
-11.6215
-3.18137
9.37942
15.2877
16.7196
-106.055
41.5887
17.2254
20.3555
8.05596
52.9721
1.21034
3.11104
-125.056
-17.3475
11.8806
17.1937
7.60571
13.2001
4.86791
7.72047
5.75405
6.41035
16.0353
14.3239
-70.9819
33.1321
1.43703
10.1526
17.2058
25.0176
22.988
-2.63581
-2.44614
25.2467
-88.672
-40.9126
2.48546
20.4643
4.39192
0.129411
9.38573
5.89208
0.725929
18.658
9.51257
-8.92604
10.2713
15.7615
1.26095
16.553
16.3297
58.9843
-14.0827
1.41266
18.4766
-1.42015
-1.35322
15.7371
-1.15634
59.5743
1.24422
7.75658
-56.3964
-105.521
19.4092
7.45175
18.2277
-103.731
-3.53862
16.8897
4.71062
-17.7538
9.67226
17.2378
7.29304
23.036
11.1688
38.8281
3.80876
-3.39624
2.01423
19.4385
33.6193
17.6092
-74.8197
17.4835
-118.848
1.59552
11.8646
-36.7191
-126.248
17.7481
0.811967
-100.274
12.6825
-3.817
22.9693
0.878584
-37.517
11.3462
-69.6535
15.1291
7.48256
-19.684
9.40414
18.5186
-4.45108
9.77763
17.4342
-80.6948
13.5339
4.31298
1.00333
-117.147
-80.0328
14.3456
-10.1665
-7.30876
16.6583
-26.8239
16.1793
0.627777
8.07555
-27.2031
-12.44
3.38908
-116.988
-15.3971
-40.1773
-6.37404
18.0181
1.36618
41.5113
-103.529
-59.3066
29.3087
-1.26323
25.011
3.59495
45.848
0.950929
9.1895
1.06866
1.34546
0.850962
6.22795
3.05534
9.12627
35.2894
11.1724
0.710553
-20.1428
11.6414
20.6847
22.5141
20.2999
9.22912
3.795
-24.1972
-9.00828
1.33124
-58.5992
9.28134
40.4586
18.2372
0.98989
-42.5043
23.2139
-7.08074
0.703195
-78.1239
2.75607
17.6454
-35.5005
22.3814
10.4779
16.318
-1.59015
19.6218
12.7143
15.9395
-17.8216
1.13505
13.5044
4.19696
1.10775
-17.5248
5.23089
19.4545
-117.504
7.97133
11.1073
1.48325
-63.9194
1.02792
36.9571
16.2656
-25.0665
-90.8004
-9.69039
-64.3752
13.7779
3.86728
30.9057
57.9294
9.4543
-27.182
3.42431
-27.0777
-1.28064
4.5384
15.0456
-5.19016
9.83793
14.522
8.89048
20.6447
42.21
-1.41745
15.5522
-1.83755
1.00907
-17.7544
-122.093
4.26032
2.25061
-94.5297
4.17473
17.5019
1.17707
16.8155
8.94766
18.4535
10.8835
0.708794
7.25122
14.6316
18.204
2.01461
10.2704
17.3966
14.685
18.805
43.725
17.5001
-29.939
4.65068
1.2899
17.2572
-14.7183
12.2049
61.4457
-83.1302
55.2295
44.4976
16.3181
-48.1828
42.9025
13.5779
-6.57269
1.1615
22.7265
19.7954
5.81328
47.7312
8.61258
45.6246
22.5879
16.7512
14.8976
12.8585
34.7833
17.0296
2.5635
18.5992
60.7899
-73.2815
3.2386
8.92062
-7.98647
-46.2134
-57.1446
13.2881
-81.3146
18.368
61.1359
9.76634
7.30054
16.7629
34.6325
2.06916
-58.9808
10.8742
-113.547
2.68022
-1.68982
-97.9429
0.72669
8.81833
21.0332
17.1475
14.0856
-29.1656
14.0281
-16.8365
6.26851
10.1618
5.00139
31.9374
16.4253
-38.231
-71.8891
1.66641
18.5801
15.3523
-34.5123
56.7875
-38.8619
-3.89687
18.1936
-130.022
8.28328
6.15935
-10.9371
2.97535
16.1566
57.7002
-76.0262
-5.97992
16.8408
26.9535
8.65162
17.0875
0.941189
-14.9265
57.4182
10.616
15.5366
1.76692
11.068
-129.779
18.4848
4.95953
-109.932
-14.1074
10.6411
1.37712
0.720164
-3.81183
-67.0917
15.6027
33.361
46.3979
25.3808
-40.4889
6.44116
6.44902
-14.483
1.70463
19.7705
17.8708
-5.75265
9.57869
19.3671
48.0512
58.1599
18.6805
-17.6248
-1.8972
10.0855
54.6633
15.6326
22.2871
1.47328
6.4546
14.9832
19.4921
17.9958
-90.7682
57.4572
38.9184
4.66818
46.6199
36.1386
15.0231
-36.2842
17.6376
17.4135
-3.0897
52.0875
-27.0612
2.11621
-17.5889
57.1323
15.7256
16.3622
11.3178
19.8968
-16.4525
15.356
-48.4769
53.7638
-55.8294
11.0087
0.453687
-46.6885
7.06314
17.3376
17.959
-46.0127
17.3658
0.986669
2.2136
18.6542
18.4353
1.18759
20.9884
-7.48173
6.61764
3.14295
18.5977
56.88
-1.2924
9.17685
16.3026
-16.2406
-21.8096
4.12424
-9.71881
11.3552
1.29054
-27.6748
16.4657
13.0137
38.7316
0.995766
13.8367
-44.0615
36.1533
2.82708
9.66351
25.5286
16.2506
8.86534
20.2017
-4.96242
7.57152
9.91886
-40.6734
21.0677
0.842066
1.27157
16.9668
8.51911
9.82688
18.8988
1.42653
1.30841
41.9809
-119.488
34.8513
51.3789
-49.4572
1.39177
1.03695
3.49477
20.5106
1.54209
-7.80741
28.3277
18.9212
-118.169
24.6547
15.4317
5.87019
-1.25184
54.7244
57.5638
15.7872
1.63405
22.908
5.29287
15.3323
2.88263
17.4151
3.89401
59.7439
-8.1105
1.42638
1.82605
-17.7353
11.0189
22.6195
-43.1593
21.7857
20.3467
18.1172
-65.5032
-25.2932
60.3746
16.6166
12.7225
-127.871
-61.2317
59.861
9.98373
-15.3441
-68.3395
-35.5668
19.326
43.7651
-40.3909
-76.8553
-113.369
40.8608
1.58545
10.3465
11.152
16.0514
0.736284
17.3067
35.7918
-40.7284
19.5154
-16.4547
0.582392
62.0341
17.6921
17.5422
15.7498
1.42804
-10.3924
1.43578
15.136
18.1655
11.349
0.845172
-115.135
1.5064
52.6591
8.72266
-57.381
1.31962
-20.6322
-95.8999
9.27524
11.1378
59.9333
0.789018
-85.6763
-38.6383
59.8977
-126.028
7.71977
0.795302
18.46
-8.96548
-66.3749
52.8097
-77.1427
1.49672
19.303
7.05826
6.25726
-50.029
14.4987
-17.0697
61.8654
-78.6573
1.72478
7.60391
1.40614
1.64914
4.32423
-102.601
6.33619
15.3745
44.7057
21.3793
20.4884
21.8491
-84.2414
-1.56999
19.4107
8.60709
1.07114
2.29378
-3.35926
17.7615
-18.609
1.2193
8.1615
6.81775
18.9219
3.61178
13.6936
-19.481
1.51264
0.905455
17.4156
-105.428
0.808628
18.9418
11.04
1.01923
-6.47909
57.5796
8.53472
-12.7588
-10.9324
-62.7947
11.7497
14.5531
9.64371
19.8036
0.0373933
-8.26216
-31.4677
0.727288
13.9351
8.71386
18.6824
-0.636748
17.67
30.3388
27.1463
7.95044
-12.8646
18.2618
-35.9776
17.1355
1.48772
0.625777
12.7508
-60.9942
59.904
18.8007
10.4065
6.01375
17.4785
-105.397
16.482
10.4427
1.14785
14.7636
-16.3717
32.0179
16.711
4.29616
-28.1735
0.101645
17.1513
1.39439
16.1106
15.3355
34.5585
6.46119
-77.135
16.0038
7.19082
-12.0994
0.59448
14.3691
17.2889
23.0998
2.27636
60.1497
28.6745
25.2967
11.3887
16.6956
18.3601
2.24828
8.19684
16.6868
9.26818
30.8419
-2.70818
37.0901
1.4595
42.4209
-11.8734
25.7232
17.1234
-42.1337
0.726451
2.63923
34.9684
0.0482881
13.659
6.51435
48.6328
1.38764
2.02881
11.2463
16.5464
43.8803
23.4868
-0.101574
54.9207
-47.7996
11.695
18.5669
7.90345
14.3067
56.2066
-67.747
48.7464
1.24107
17.0422
-90.297
25.5054
-101.324
0.763056
4.74875
-41.0998
13.6263
10.7311
18.5122
37.5092
8.2114
-14.462
12.9208
-3.28442
-5.40576
-19.031
-64.2668
-115.52
-45.1943
0.973193
2.17656
52.9088
16.6333
13.2488
17.4145
-31.5753
-93.281
1.35369
37.3207
5.071
18.5133
-23.7288
1.24224
19.0931
18.4687
-35.3068
19.2925
16.2018
2.97519
-31.9917
7.68839
40.4047
-108.488
4.49025
-100.034
16.7436
-61.9276
16.6498
13.3654
5.66691
-74.1394
31.0625
-1.8927
-11.5126
-7.06289
30.6601
13.1643
16.2874
-59.6945
9.4986
-23.3165
19.3151
16.4491
-101.912
7.67195
16.5429
16.166
9.49763
18.6841
13.3243
1.13655
0.834569
-0.118066
3.46738
17.6415
9.64784
16.2217
-23.641
14.2337
16.726
1.14062
-17.61
-46.0423
9.28297
13.1506
15.806
0.728887
4.89152
-60.4285
1.31526
-27.8899
16.8403
19.2691
21.454
5.42554
-55.101
20.0469
9.56048
15.3852
17.8419
25.7634
-1.39894
21.8109
-66.9685
17.0759
0.863397
-14.0127
12.2154
10.0562
-4.49709
0.911234
13.6586
32.2545
13.2625
-82.5756
4.71474
8.48725
-47.2924
3.97764
7.19197
3.2866
5.89041
1.33267
1.3255
1.14832
3.45653
12.0156
10.8401
8.40215
1.24484
3.33219
50.1509
19.683
7.69715
1.17977
-11.7201
12.6171
1.29425
4.40899
47.2444
7.58689
-102.282
-15.4222
27.4821
18.9142
-0.498913
35.1426
55.8815
19.3804
-49.328
3.01827
16.1295
-47.2898
6.8718
17.4154
5.1516
-62.9217
51.158
42.2526
16.9116
16.6158
61.125
59.0859
19.7173
16.6802
6.12135
1.24197
-15.9927
4.98129
2.35977
-72.0672
13.1629
9.77995
10.9624
-92.9859
8.92685
11.6233
18.57
1.35667
19.1147
19.2082
11.6753
20.2816
50.7786
4.61924
6.94816
9.71032
36.5475
0.798226
14.5684
-84.8393
31.6177
36.1504
9.30053
-7.03889
3.97796
17.1421
-2.18088
8.97472
-104.422
18.6204
16.5806
-7.70197
-4.2475
-32.2427
1.06458
17.0348
13.5578
43.4691
0.451627
18.5053
16.7865
18.9863
14.2442
0.651603
5.38214
9.37335
3.50321
41.0053
12.7918
-29.4378
-14.2706
12.8176
9.71105
2.04006
-5.20006
-33.1559
10.8586
49.0514
-64.0702
17.3302
13.9637
1.68448
10.0623
4.26274
15.8904
23.2293
1.17143
11.9665
0.94451
-7.42344
17.3448
14.1699
7.92416
13.44
18.2071
21.4265
-116.323
-7.23766
15.8738
-48.2426
-90.3885
19.5772
23.0183
23.1256
-25.5778
7.11202
9.40881
15.4969
16.9917
40.715
-50.5707
-40.7977
12.5728
3.80799
7.49123
-42.0067
12.5846
17.7439
1.49009
32.5208
-3.92172
19.8286
21.6189
9.19982
-20.3586
16.6751
-2.52068
41.9979
17.8844
2.44582
16.9482
12.1641
-114.094
16.8342
5.70481
8.92504
3.16921
35.9532
18.7784
-27.7157
9.46151
19.5497
37.5125
0.863669
2.82917
-0.0558781
3.11091
16.4711
5.71987
-45.6585
2.31706
19.0634
8.99832
11.4972
1.59146
-19.2927
-10.0495
13.1493
14.7431
5.09138
-14.8524
-2.0548
17.3439
-91.9974
19.1086
0.839014
9.57058
6.8657
-112.384
22.4623
7.29249
15.2483
18.2377
-57.4219
17.3773
2.43167
5.43955
17.2684
9.36391
-49.9607
-9.17847
18.3089
9.79878
18.4598
-113.707
2.76314
5.17784
-97.2755
5.72101
-121.745
-121.07
8.14505
25.1338
18.223
-76.217
1.78558
58.647
17.7992
6.47975
1.56514
-0.659661
5.82567
-35.8644
35.9562
18.4142
47.3695
-48.6101
21.0527
14.1874
-7.64282
17.488
18.7914
-55.1591
-1.07136
2.75801
20.2532
12.64
-56.8775
14.504
9.77079
34.161
18.7245
6.39063
-52.743
14.9905
-109.174
1.47546
12.3691
16.1644
7.99936
23.9937
17.9087
-47.7207
20.8016
7.19421
10.4387
21.2478
-57.8161
7.96255
0.69678
7.2307
24.2754
17.8133
18.3779
0.251184
-40.9846
9.77748
15.2866
-30.6332
19.3866
1.2956
1.14697
5.2634
18.832
20.6479
-30.9304
-1.29056
9.34581
45.0131
-103.245
2.67091
33.7532
3.38864
13.5719
0.37572
18.5004
16.2251
20.2336
3.60476
-16.2479
35.8345
1.32077
-79.7381
9.71157
25.4208
19.5035
16.202
9.88294
1.49767
-62.8099
20.7073
8.09884
-81.2053
3.08165
16.0898
3.8515
27.1176
19.685
0.850939
21.4808
7.6783
0.659662
2.02178
17.2074
-0.147593
16.8945
16.1344
0.313855
34.235
32.4564
1.13822
12.289
1.02423
-9.99448
34.4111
9.87023
18.6686
6.14659
1.36351
14.4439
-107.035
16.6515
-29.9131
58.6334
16.7972
1.38388
-14.6184
24.5991
1.23397
-41.4434
1.22478
-11.0462
-117.871
23.0934
56.7032
14.5415
8.36254
22.2148
46.3243
0.716861
0.675957
-0.504124
-46.3718
-14.6541
17.8712
1.65251
1.96927
-35.3452
17.1465
3.07603
-46.7933
-100.22
-59.9829
0.809536
-69.3797
17.2737
11.5492
15.8815
1.43601
11.9477
2.85476
-2.94277
27.1805
-96.2609
0.557705
1.52786
16.32
11.5913
1.30825
18.1825
16.5814
-42.1172
-114.77
6.07915
19.8039
14.0744
17.3399
17.775
-23.1413
12.5011
17.0633
-6.65985
-72.181
19.7946
9.74325
-7.12129
8.3487
1.01562
19.1325
16.6692
1.02153
-1.77506
9.3115
25.8369
51.6578
-85.8635
33.9135
27.3433
29.7219
13.2408
-6.74321
12.2955
-108.066
17.2265
19.6839
23.2123
55.5181
-78.7982
1.16229
-2.10767
-10.6098
-22.7604
10.279
38.0826
21.0401
-4.03024
-4.81966
12.8826
-0.671999
9.93007
20.4763
0.949171
14.5032
0.771874
15.3296
15.5489
22.604
-1.51463
20.7379
0.712573
17.6388
44.0384
-124.673
19.4669
47.2761
-4.35763
21.8319
25.5856
11.1167
1.92171
12.7379
7.98607
3.81405
4.48489
11.8796
17.1686
-81.6364
14.4492
-70.8681
-43.8995
43.7382
-9.21996
18.0622
-81.7518
-24.3792
-8.70532
22.5866
10.25
-13.0204
6.20121
-120.302
17.036
16.2067
-80.9399
14.4018
10.2134
1.67795
14.1706
3.46736
21.6712
-4.17433
15.9312
13.8161
-18.0003
15.9942
-76.7199
0.668475
12.2656
57.9218
-38.8794
26.4912
16.9008
22.7452
30.3196
41.4027
9.32765
2.32295
-6.5619
15.1203
36.8566
9.89197
1.2297
0.778326
1.3642
14.2141
11.8866
-112.76
14.5662
1.11552
1.27405
0.975411
-14.2839
-129.405
18.6156
0.723744
12.9671
-109.33
17.6833
-33.238
2.78666
48.1687
14.8827
7.82985
43.5129
1.27324
17.5342
0.874403
12.4904
-18.7506
-112.338
18.3033
14.8273
27.2015
16.6451
17.425
-53.555
-5.17854
-69.9261
-14.5328
-52.6167
1.42877
16.2554
16.8686
11.4609
0.751701
1.26564
-7.87961
3.65924
1.27964
16.0141
1.90041
17.1063
10.8688
10.2684
1.22777
2.04727
30.1051
3.33109
-58.8259
-7.47741
-6.73143
2.47721
-108.716
16.3241
15.1227
-85.0927
16.3703
6.00884
-45.9681
20.2388
29.2146
9.83111
-33.697
-34.1936
-1.20211
9.80149
1.60409
6.96803
7.46242
1.14705
21.4863
20.4593
-100.499
-60.6895
25.0047
8.56341
56.5206
-29.5963
-116.778
1.56328
-74.3581
11.5044
0.751666
25.0364
-34.6001
-3.23003
23.2758
15.8481
-49.4219
17.8772
23.5062
1.61491
14.3131
7.54943
12.1827
-88.5536
7.5435
3.65384
15.9241
8.14214
3.05952
-42.1371
61.5452
-2.58795
-114.585
18.8495
42.7232
16.932
-7.42176
-28.1699
14.5521
22.2242
0.734409
18.2967
20.6005
16.8187
18.8331
-74.4556
-11.6893
11.9624
-19.1062
-43.0595
12.3469
24.6616
25.4957
8.62585
-0.074561
9.93324
9.97067
1.72056
16.594
19.6238
6.76061
-94.1423
16.4969
8.21486
21.5101
8.97767
-65.9723
49.9757
24.4399
10.6624
1.14066
17.927
-35.9815
37.6003
18.1713
-8.69506
13.0234
35.7568
52.9057
11.3234
23.4109
17.5495
15.5804
10.3554
10.2561
-16.0815
17.1572
19.2417
18.4638
20.8894
3.11267
15.9612
17.2468
9.59194
-44.3636
15.2419
8.41818
-1.29528
26.5258
1.48418
-17.0244
-79.4623
54.1765
15.4351
1.28448
34.3934
31.2621
9.38811
17.5797
-23.7996
10.3278
-30.1264
5.41183
18.0379
62.2409
26.7095
8.78074
-35.1488
-80.4795
16.6798
38.1972
61.0543
16.388
17.5089
14.6746
0.862876
12.8259
0.839433
-5.66877
7.17531
16.6996
6.92836
1.12249
6.97455
9.16384
-21.185
-42.6772
39.9779
1.36579
0.746522
-22.4592
62.4419
-62.2206
20.077
11.1247
18.1783
-105.493
-35.5069
14.1027
9.74424
16.7204
60.308
14.0571
22.2531
11.1549
-33.4245
6.51208
14.2458
18.4615
21.861
13.0541
9.77812
59.5867
11.8888
18.1188
1.5852
22.5382
17.1633
54.8679
37.4443
18.8795
-25.0682
-31.0487
23.7691
14.0349
61.6728
-15.2826
20.0416
19.6644
-45.5534
25.6979
-61.6127
21.5449
-113.696
17.8164
4.32276
16.6816
30.7073
59.0654
1.45777
-27.0612
0.997459
50.0404
29.8852
18.1656
9.18252
18.8878
53.4083
62.8247
-83.2697
17.2177
-0.646963
25.6587
20.9046
45.5936
-29.379
18.7444
-14.4912
19.9296
7.672
14.8154
-40.3987
15.9644
20.8381
56.8714
-63.7082
15.1565
21.4978
10.4977
13.6911
10.5322
58.6769
-58.4236
-88.3733
-127.92
19.0865
-88.9643
3.79305
-8.48339
-11.8577
12.3021
11.1689
-12.5712
29.4055
24.8925
44.6786
9.46047
-42.8659
3.39574
61.1269
-64.1666
1.45979
-5.72241
43.0206
18.2101
6.84728
-2.2988
13.1212
17.7341
10.313
-0.197329
16.2357
26.0456
8.45136
-7.66607
-18.2773
4.43663
0.134498
13.9063
-46.2464
15.9364
13.8433
-83.4192
12.8081
6.02538
-86.2655
28.4674
-0.594878
5.7588
22.338
0.506119
17.4889
-120.52
7.22762
19.1867
-42.4378
0.84533
1.04739
-3.06926
50.3389
-37.9082
22.3066
18.2504
17.1235
32.6315
3.10365
15.5963
-60.1557
-44.6156
39.5406
16.9654
9.0712
17.5278
10.757
-90.3339
22.19
34.7082
9.96482
18.3264
16.6569
3.63401
8.30856
0.554705
-82.5544
-67.2845
0.826759
16.6353
-72.0538
1.55047
0.72297
-7.47733
-13.6104
-86.6464
39.2494
62.115
0.378442
20.5825
14.3512
-29.3855
34.8722
0.583446
13.2995
9.61731
11.2917
24.3011
16.5659
33.2281
13.8406
-24.4748
17.7821
14.3073
19.0892
18.4905
1.54376
0.349606
-72.4918
22.0513
5.86683
9.42464
5.93134
-99.9698
19.4023
1.16393
-124.332
12.5749
18.5435
28.5681
16.3418
10.2239
1.61698
10.7481
33.6225
18.2559
-3.38218
6.23161
15.8063
11.7585
21.4432
24.6968
-24.516
8.80857
17.6869
31.857
33.1647
-79.768
35.0934
3.40427
7.99609
50.5426
1.4263
10.9047
-122.318
-33.9062
26.5349
13.3401
-108.178
1.54941
28.4954
2.18709
16.3739
-127.314
9.50507
62.0073
18.1164
11.7665
4.55698
19.2141
-22.5128
26.8291
18.464
-121.172
0.857658
1.69129
11.6745
-19.5432
30.0337
53.8462
49.9062
14.0667
-30.0799
15.5344
10.7072
16.3569
-46.8485
-37.0884
1.11162
1.35736
17.0868
-1.75925
8.62086
-97.6514
12.268
-9.78459
0.504586
19.6692
-97.5689
52.1864
1.39452
16.5944
39.8261
40.3104
0.977691
18.3284
17.0873
-96.2032
-15.564
14.5123
62.1774
-66.4185
-46.1928
16.3589
17.1911
42.9679
50.4785
7.49689
17.7859
0.991849
16.6925
-4.73315
5.3167
-60.6951
-0.0346865
25.8988
16.4752
23.9838
51.8133
-23.0326
42.7087
19.0123
45.7947
-78.6914
1.32418
11.7646
-6.53133
-97.7205
52.0373
14.9326
41.1999
18.9268
-57.2548
1.3981
11.8935
21.6341
45.1704
-3.10512
40.5212
15.6408
-12.0424
7.15524
22.8845
-51.4099
35.8258
1.04619
2.57763
-40.174
25.3811
11.3134
1.44448
5.70386
21.3381
26.0381
9.39079
9.93787
17.1479
-98.6089
16.8609
20.0303
-16.4718
-55.4732
43.2211
-58.5774
4.07022
18.4351
10.1299
-66.7969
17.2062
0.883169
10.4802
3.64154
14.3833
2.08096
-52.6675
1.30581
1.13083
17.0006
1.67433
-41.2633
12.3268
-49.7165
-111.795
15.8522
1.09422
3.78172
21.3186
34.9421
1.43536
20.3111
-81.3505
16.6568
-7.32487
-15.1414
1.61428
24.5702
-5.00773
13.4146
2.85692
13.1052
6.23517
-1.438
0.752358
-9.81687
0.878807
-31.6701
0.548997
57.1871
27.9931
1.35211
13.9972
8.7441
4.89538
9.06204
-30.8571
47.3024
-2.33682
-130.212
23.3872
1.40006
-47.3363
1.44444
18.2182
13.2369
7.66671
6.22133
16.3267
36.2953
36.2514
16.6487
8.97112
-0.534293
-126.849
38.0131
-57.5017
3.82563
26.3156
18.236
15.0964
-113.065
16.2994
0.816204
9.33332
17.3952
10
16.109
-44.6368
-62.639
6.7087
-80.0548
-4.71229
4.25839
4.57619
11.4817
4.70224
33.9283
1.1556
19.5693
-110.283
-102.761
13.2924
-4.62195
24.8504
-0.146751
1.86608
-10.5193
19.1446
-36.633
9.13909
-27.1188
14.9155
16.724
-39.141
28.2897
9.37162
10.1673
6.67538
29.6008
20.7614
49.7158
15.1303
37.2331
10.6268
31.381
12.5432
7.73014
3.76443
16.4523
12.9037
26.3442
14.5533
18.0883
11.2535
-5.94686
17.8791
-32.3967
16.0353
7.05505
24.7659
-21.8533
54.1987
56.2181
-35.3942
-123.254
-25.0033
0.205484
-30.5437
5.54436
9.23855
-1.25529
15.0906
1.369
3.90387
-38.8158
-126.156
20.7001
9.97633
1.50318
1.03144
-19.0802
16.6941
-60.5781
-85.348
3.94158
-96.6571
-11.1025
-45.7751
-28.7075
24.002
10.9524
15.3967
4.22933
4.87361
-13.8415
56.4216
0.693553
9.45824
5.74216
7.79154
27.7144
-128.796
6.93096
-17.279
-69.0445
11.6815
6.86869
-47.5376
26.5647
-61.4307
9.85005
9.41481
15.8409
-47.0687
17.8962
-5.54104
24.5405
17.1248
-27.7203
18.4082
10.1673
-0.755003
10.1517
3.49758
2.22171
14.7432
-14.2528
8.70303
16.5062
32.3402
-42.9834
-127.354
28.144
14.1719
-5.12143
-30.5708
8.63422
-62.5291
-30.7488
24.9921
-59.8865
11.3577
-2.49194
19.1687
6.5656
22.0358
55.355
20.6108
12.0768
17.9932
-67.8295
-25.1289
17.3494
18.2301
17.2969
44.2484
-28.3525
50.626
34.1084
14.8606
15.9923
-64.9633
-105.215
9.31164
-100.77
14.5685
15.0277
-77.079
13.7222
51.2936
-60.3677
25.4598
12.0589
11.1897
13.0191
-111.022
18.0068
-44.127
-90.2983
17.1585
18.9112
1.39805
-31.1366
-16.3568
8.68086
-1.80331
10.422
21.2573
-99.372
34.1009
-39.2797
55.3034
56.9355
2.92228
45.7551
-3.12324
18.7493
6.23594
9.9333
1.1185
1.28094
13.3817
-9.49855
18.2557
-105.188
-7.69813
11.9916
-11.8608
11.5365
17.5178
7.423
-82.6376
25.544
3.18215
3.67985
6.62198
12.9956
59.9504
36.3032
18.3615
-87.2003
10.0028
11.2414
13.3924
-99.1442
-3.98421
-7.26678
6.84149
2.1266
7.21337
16.1157
10.9154
31.3787
3.55844
4.88848
4.85542
22.6835
9.50324
13.1715
16.7664
27.3048
9.05146
5.88018
-55.7991
17.0702
38.7701
1.35746
17.6012
1.33952
-4.51219
23.045
43.6115
21.1929
12.2914
11.3877
18.4303
39.1759
51.3954
5.44916
36.6115
13.6797
3.70717
-19.9903
21.9527
1.39828
50.2793
-33.2068
0.918385
17.574
16.3625
-7.82491
29.7102
-67.7499
-23.9895
11.1535
11.6747
14.9114
-4.00671
-108.261
6.42298
31.1639
-10.8411
10.3658
-13.4184
1.10941
-15.757
11.6068
-122.726
16.8183
1.43997
7.40862
10.4251
8.95172
9.40249
26.3498
12.5475
2.13213
-110.478
2.16297
13.2084
20.6906
-99.4154
18.4887
6.9284
18.1873
6.8112
17.7284
52.3592
16.7287
17.6861
39.8416
9.50208
11.016
9.29857
0.653054
52.1823
60.2542
0.0779069
-64.8629
16.8675
1.4316
9.03641
2.08173
35.4227
0.225586
36.19
26.8865
-45.53
2.23825
-11.05
14.8819
13.1471
-5.21219
8.41016
16.9232
22.58
-44.2965
-8.52375
-3.26215
9.25881
13.7187
15.1646
16.2219
17.2993
4.65224
-34.8858
16.3076
33.9786
16.5898
38.0517
9.81818
4.34465
16.2033
3.07391
37.3392
7.22698
15.2814
2.87904
2.33906
-129.331
12.334
3.02013
0.845825
8.19258
-12.6481
21.1493
1.42527
0.86363
54.1658
1.50071
14.3265
-40.1928
-6.16692
38.5354
0.978268
27.8633
16.893
18.618
43.9657
2.10172
-97.3588
8.16552
49.0914
5.23701
-1.31941
10.5311
-31.3059
-100.956
2.54894
19.0795
3.85661
35.4681
17.9899
61.3853
-99.8411
-120.11
12.5769
16.1756
26.7332
10.2047
4.74824
9.71427
38.4515
29.253
2.08204
34.1579
16.8268
34.0998
-22.0437
61.0328
-101.483
-78.1143
7.95564
3.83588
59.7966
4.43089
1.84146
16.956
20.3995
-103.679
21.4233
20.8878
16.554
16.9688
1.44918
23.1432
46.1026
-11.9788
53.7426
-10.4555
17.6059
-44.5036
19.9084
18.9178
19.9722
1.85866
12.9219
0.582467
43.2922
14.9118
58.3143
9.91598
-8.08054
13.3676
27.5308
37.5278
-70.6576
8.5338
49.3582
3.0518
-13.5808
9.96145
1.0691
3.30381
21.2146
32.6478
-113.23
13.7607
43.9407
4.55534
16.943
14.714
12.5673
-21.2071
0.694497
48.7234
-39.1145
1.26627
-86.3571
17.992
-68.6488
13.1892
18.1257
15.8539
52.0993
5.09883
5.06504
28.7178
0.638846
1.21232
-54.2311
9.19762
18.604
-0.633231
14.4733
17.6282
9.38973
18.1064
20.3244
12.969
14.2041
16.4411
3.92215
54.1989
18.3104
-75.9343
6.56067
11.9292
58.0099
25.2918
1.33697
10.2196
12.6174
20.5219
-121.289
1.48375
1.05012
9.74167
21.772
48.48
-23.0718
59.3669
-87.2939
-5.44103
16.1998
51.3225
10.6957
9.35316
9.79801
8.01615
21.5481
39.719
16.2544
-31.9334
14.8325
14.7446
-31.4252
-76.832
-31.3144
-128
7.49477
17.5281
0.884514
9.26297
28.614
11.3777
-107.605
11.8628
25.5061
-1.54197
-3.41112
-13.7469
19.9518
52.2216
18.9556
16.7871
1.05923
4.61597
18.776
1.82974
-15.3005
-9.373
56.5234
1.27055
1.60355
23.5483
-122.033
-40.6891
11.6486
55.5729
17.2546
57.1565
7.74477
28.0931
7.31629
3.68093
7.91947
-87.1311
-1.71904
18.3867
30.0052
-108.932
-67.0828
0.812672
6.02565
-17.851
15.3754
18.5089
12.0279
26.3405
-114.553
-94.5845
2.91333
10.7074
21.0175
0.69708
19.1377
22.2722
16.1989
0.59569
4.60883
16.273
38.3799
-52.335
19.9148
41.5793
0.729035
17.5029
11.7435
1.23639
10.3387
11.0529
50.7954
38.5799
-121.776
16.7396
-9.48
-15.096
17.0106
22.2958
-53.5711
-61.9301
27.9835
14.903
-104.804
-2.40533
-67.8419
-56.2242
35.2118
-77.4406
17.3982
-83.7709
-40.1589
11.4279
1.15288
-115.189
-119.065
19.9318
20.0266
-6.78499
11.6947
20.9351
-115.021
10.6698
-40.558
10.2019
27.004
16.3887
-6.55219
1.19123
39.1722
9.09876
2.34484
-29.5544
1.24928
9.18774
-31.6762
6.86009
15.4852
45.1627
17.6485
0.423132
1.28891
51.7393
49.0174
2.21763
45.3029
26.426
-84.2421
38.6
-97.6561
-13.8847
12.6299
-90.8582
54.8891
3.04623
2.22976
14.12
47.1694
7.42334
17.9877
8.69144
-12.4751
9.52557
2.14645
26.5353
16.4892
-55.2463
-14.421
10.3673
10.926
17.0271
30.6606
54.1229
18.6906
21.6655
-100.935
1.08037
51.3129
-52.5901
-71.7423
1.10776
9.74386
27.6985
26.7731
12.7476
-57.8842
11.6646
-114.669
-10.6539
-8.66429
-84.4735
23.9849
1.49397
5.50025
25.7112
0.627482
13.9434
16.4201
7.71615
-21.0195
-33.0288
-118.603
-28.9957
16.3392
14.6176
-2.70847
9.73718
-118.076
-3.35257
8.79273
4.00358
-63.6994
16.2904
16.5721
-18.3236
8.81119
17.1334
18.0742
36.6343
23.1016
-1.28539
16.3125
-31.4931
1.26018
8.86765
6.95082
17.9084
-5.58495
4.67253
16.6623
19.032
8.37238
-1.6885
18.3564
24.3769
38.8668
-0.62814
-9.12379
-106.572
-44.3719
17.4957
15.7629
18.1169
2.21441
17.5168
12.9821
-4.91966
2.54372
28.5423
41.2246
-12.3423
0.565442
1.21511
28.8328
10.7766
-48.0773
1.31532
0.795801
15.191
19.3949
18.7218
18.2612
-2.0308
26.7805
-8.92448
18.9846
-26.6259
-90.5209
1.10495
16.2482
14.568
12.8026
-60.2039
51.7798
56.9462
12.6062
23.1262
18.5289
1.14859
18.6937
19.0771
23.4889
15.1202
39.6431
20.5033
-16.4047
-19.5158
13.157
7.20271
-26.8392
1.39638
17.4488
25.0714
10.7013
1.84263
16.7985
-25.6853
1.82188
16.4626
21.9429
-14.3567
-71.2526
10.9722
5.96599
1.50099
-59.707
20.441
17.8487
-32.9354
16.9581
0.581737
-5.50795
-78.2811
12.3827
16.6351
-6.12563
0.993065
-46.4317
-33.6799
17.7165
10.3364
-25.8688
19.5478
2.96295
-46.4474
-39.2473
20.2717
25.3683
14.4675
-120.714
16.6764
16.3202
0.79407
15.5365
-41.0998
18.8943
-41.3917
18.8756
0.820288
-28.4136
6.74886
13.2835
10.8843
23.2798
50.1935
5.13204
1.24928
8.05994
55.2662
18.9344
18.5539
-74.0592
11.9681
12.3437
45.2792
15.7548
18.5477
16.3752
18.926
-115.472
23.2048
-63.4067
-67.5649
3.41987
0.974494
-99.1032
13.2764
4.4614
23.1554
-79.2813
5.68807
5.57689
-17.1342
-10.6429
15.3451
-110.79
13.5722
-103.109
22.7393
-78.4112
1.97385
57.1522
46.1369
18.0284
19.2096
5.42995
48.8636
43.3654
56.6877
-24.327
42.2732
19.0942
18.6585
1.18121
13.5618
22.1307
-73.8555
9.91714
-0.0303359
-92.1983
-24.2264
8.58358
9.40921
-32.1939
54.6981
34.986
1.77222
-44.9425
8.34367
0.665147
2.15493
23.6929
-110.857
12.8718
-35.895
8.42861
-97.1221
57.5831
15.317
13.5724
-70.5002
1.66835
13.8428
6.71646
0.954529
12.2051
53.1575
13.7851
38.8038
42.1314
11.9672
-90.5204
-12.0427
10.8317
24.7164
30.1477
12.4573
-33.1848
16.5894
18.8436
-90.6696
-8.30315
10.2606
18.4407
32.7397
61.262
2.63708
4.98117
-105.127
2.52759
35.2616
7.341
6.63937
-109.037
58.6232
7.0057
-71.68
14.0654
-79.1572
18.0755
17.8113
16.0883
16.7733
1.61208
13.0756
2.47511
31.0826
62.8276
5.22437
2.18574
10.1394
7.69263
-2.26779
9.14733
54.0826
12.595
3.65522
1.22006
-74.6323
6.41326
27.8889
7.12438
17.8556
-42.2564
0.846411
11.0389
16.3122
13.8778
15.1277
-94.8765
3.132
-95.0856
29.0479
-82.9962
-30.9981
26.1707
14.7318
-66.0412
40.1677
6.3199
1.59668
2.86812
17.8475
11.3962
14.5651
2.73382
14.893
42.2929
17.5652
9.5075
15.8588
20.5461
-19.8978
17.9645
19.8406
1.18609
12.0443
32.4524
30.2467
1.07731
-1.61473
-5.22321
-63.6021
-45.3499
16.9448
14.5952
-0.0739769
1.52001
-16.7985
-110.542
16.8332
16.6811
17.1398
18.4394
4.41166
20.1019
-28.5378
-91.1023
1.12329
9.00118
11.2025
10.1951
-20.9087
40.3798
6.9384
16.1003
-66.9841
15.561
16.1959
0.677855
1.50212
3.78579
50.1414
13.2686
17.5377
14.5028
18.1843
16.1013
-98.1687
7.50989
6.1418
-115.84
21.0918
11.8304
-56.0375
1.20545
23.4434
-97.7785
-58.5748
54.85
-5.65915
16.8529
-74.2998
55.4338
-24.9135
51.434
-75.5019
-3.32177
-83.1811
-95.837
15.2762
22.9962
-8.5392
20.0159
13.1342
1.78705
56.1173
17.2512
-1.42742
1.82609
-67.9677
1.54179
20.6196
2.87708
26.9419
16.4562
12.8924
14.7429
-118.483
1.2999
17.2171
15.7664
10.971
16.1722
1.30036
6.76356
8.9297
10.817
18.7859
8.82364
2.3284
15.2954
0.935475
-19.7918
16.5115
9.32574
44.3048
3.57523
7.60172
2.12219
26.5801
55.4018
14.9812
44.5462
12.4026
18.8309
-12.2036
33.3755
1.40608
16.2714
30.682
15.1775
10.0412
0.759875
15.9834
7.98447
2.25574
-5.36603
-28.1791
-75.6206
16.9332
-5.10974
15.029
-26.1907
1.34551
3.89476
41.6802
18.3359
31.1944
16.2582
58.9587
17.7704
-5.071
8.19279
28.5374
16.3371
2.35932
-72.7246
-1.3418
30.1579
17.218
-39.9039
3.88176
20.2923
5.32575
39.6069
0.204798
13.6623
17.667
-8.27287
16.5177
-17.9917
14.2332
13.4591
-69.4913
27.8535
16.5342
6.02513
16.6517
15.8808
30.3225
27.1779
26.9786
17.7778
1.64864
4.30687
14.1809
11.2579
1.61477
-38.4901
18.1932
-112.415
36.4554
17.56
19.5036
17.2983
28.659
-13.8549
17.8564
11.4591
1.45586
-23.8723
-99.3495
18.4478
-21.4804
29.7733
0.744322
33.9822
4.16446
-18.8921
-52.6544
2.97833
19.0761
0.521746
16.3852
-92.594
2.07472
17.0356
2.68252
-1.32163
-22.6971
-50.8025
24.3092
3.02183
14.0821
9.08656
20.1826
9.99287
-117.237
-41.0812
7.46699
33.2758
3.92296
17.277
20.2124
-56.8727
23.3452
15.0135
-11.3933
-11.9602
14.9067
-2.16625
-79.687
9.91338
2.79543
-39.2245
-102.28
4.15328
2.48183
17.4065
32.4175
-3.7488
26.5199
-110.613
0.991036
-39.7254
7.17876
2.24356
0.490483
13.5869
52.1934
51.8789
12.0664
-121.992
8.02823
-115.992
-10.5884
55.6745
52.5407
0.550181
4.36602
18.3169
2.26118
0.521001
7.15375
-61.2705
24.0684
-52.7505
1.09727
-112.294
13.1816
20.9846
-53.498
7.432
19.0022
20.0781
0.381081
16.378
0.92478
-28.8231
1.94843
6.45181
4.2036
18.4887
45.6228
-21.6444
25.6193
46.8112
24.7178
-123.681
14.3909
-7.59469
7.78666
1.22152
8.59199
1.97671
18.5609
-30.5846
2.16696
-100.563
18.2629
19.8228
-124.838
9.36588
4.45176
48.1492
9.69502
-96.0453
0.866501
0.877778
-94.1438
55.6712
11.4052
14.3136
16.1436
-50.3948
-41.044
55.6377
2.2662
21.6975
-112.883
23.9975
13.2744
-66.144
15.8575
-10.8813
0.943027
-43.489
13.5939
4.00646
0.744178
-9.02307
42.5002
15.9431
29.8321
18.0287
28.6281
37.9751
-85.9843
-110.731
-10.158
53.819
25.4231
13.7365
57.4971
7.7344
-25.2132
58.6067
-66.4797
8.81897
53.3664
6.90714
2.30061
24.2975
5.21362
-1.72783
-104.147
15.2962
17.2399
-48.4608
10.3563
15.0534
-17.0302
13.5817
-36.6554
31.1504
-16.7668
20.4971
8.90442
-11.1695
1.4547
11.5942
21.1002
-16.9248
20.8077
-36.1832
18.3605
-7.22471
-11.7383
1.46353
60.0758
1.58368
15.7705
-53.4501
-37.4241
13.1037
7.57141
23.8419
27.1915
18.7922
2.68213
15.6723
7.11056
-8.82251
-86.9885
15.8121
52.6966
-60.5865
32.9334
4.78306
1.4557
8.92071
-3.92209
17.7345
36.0779
-16.7621
26.2551
-7.01266
-19.9122
0.91037
17.2028
-1.31895
41.4004
40.7497
29.7989
0.984373
-2.95274
-48.8806
-42.4105
48.0638
1.32215
11.5259
19.2497
-36.2946
18.2896
0.897033
21.955
-52.2591
53.9797
16.5604
4.70501
12.1564
9.70936
0.576559
43.6696
-15.1173
-42.2488
53.6019
0.638874
16.3423
-34.1159
-29.6424
23.1677
0.649176
-88.3558
16.5444
16.1259
21.6202
8.82327
16.5091
0.777688
2.92132
19.0721
55.6735
12.6548
3.50287
-84.3464
-51.517
9.2984
0.871863
11.5113
-103.425
0.84343
11.9688
-2.54416
4.07221
-56.0717
18.0723
-3.53267
0.603825
39.8187
-1.18786
-34.4378
22.3802
16.0492
14.9206
40.9849
46.5465
-14.9222
4.08331
-20.7276
16.49
0.0605972
9.30741
8.06071
13.7268
-25.7892
2.79157
15.6569
12.3257
-46.6701
15.5552
-45.5593
-67.8938
17.7955
9.56318
19.7686
15.926
5.91066
-29.1648
14.8277
-22.6932
7.57869
15.2375
-93.9933
4.5889
-45.9227
-52.6149
11.3807
12.079
10.5664
-16.5332
8.51573
-32.3792
21.5985
9.06336
9.31154
2.50303
12.6933
7.14705
5.33474
11.8556
1.45479
0.68351
17.6845
-54.2214
-10.9512
-73.0896
33.3701
28.1014
22.1556
7.00583
56.2023
-15.1033
33.1794
-23.059
-72.4708
14.2396
2.13987
15.4001
9.06883
14.8587
-80.2473
5.16233
-39.063
39.792
12.4761
-36.2202
3.987
-50.4449
1.22527
16.9113
6.51556
11.6956
7.85208
-27.7184
16.8257
6.40752
-5.39954
-48.4598
-38.5011
-14.9651
-7.86328
2.016
23.8651
5.99945
50.6885
-123.405
16.4831
23.0714
18.9545
1.16308
6.18265
15.8171
9.22706
32.8662
53.0374
-3.85495
17.7698
58.784
-40.0243
-17.4315
1.98172
53.3915
-30.6958
-36.9018
13.6527
22.8674
28.2373
-31.1588
7.33708
1.92211
-22.7364
0.778868
-0.318119
-81.7874
-15.9791
12.5362
-1.64107
1.38492
0.777824
9.4553
9.67532
-20.8003
13.4488
30.6608
6.68787
-32.9861
15.9256
15.3178
41.714
47.2838
3.4293
-0.459704
-1.14133
15.2753
-4.31766
16.0031
-69.8166
10.5238
4.36351
16.2194
27.6925
6.74739
-20.8578
12.0901
34.8671
-87.5008
11.2895
15.1028
3.40635
5.12024
11.3067
-13.0326
10.2526
11.0001
16.6223
48.5244
-36.4663
8.54154
15.1404
10.9144
18.4837
17.6368
15.878
51.4501
-0.201671
4.53175
-6.33062
6.69234
14.1481
-71.7781
6.54596
16.1521
21.2773
17.9829
34.8556
45.4313
18.0253
16.7209
16.6102
-20.4193
1.06057
-26.3726
14.6049
-64.1573
29.4115
-25.5521
51.6888
-30.9453
1.10345
-13.736
20.4066
46.073
-110.501
62.1449
1.32059
40.7341
18.9301
15.1914
15.6932
7.67774
47.8936
15.8323
8.93998
16.0173
27.0561
18.8647
16.534
47.5075
-58.3168
9.56597
2.17916
-7.3399
20.4932
1.93243
1.37121
18.0124
7.01412
-2.5649
16.0981
20.7979
0.643825
15.0244
43.9065
39.1433
12.4044
21.0244
37.3066
3.35727
62.1173
45.2023
9.30327
7.06055
-68.8909
7.82669
22.0645
-51.4859
17.9943
-130.562
16.1514
9.66187
-66.0186
-72.9522
18.6448
1.1924
1.5455
1.4665
-0.732655
1.0462
17.763
9.04223
60.7003
-28.1344
-97.5387
18.3373
-9.47662
1.3373
8.82323
13.3547
11.3937
56.8735
15.6126
14.45
11.7176
17.6637
1.04729
53.8521
59.4077
-106.175
-2.97712
23.9805
24.2912
24.319
-11.7887
60.3428
22.1414
28.1017
-20.7392
1.32821
57.9606
1.38334
18.3228
9.47443
17.3393
16.243
17.0405
1.10242
6.96334
13.6319
-4.42419
10.9302
-68.4884
13.5181
-92.3929
20.2822
14.7801
24.8389
16.5854
16.3065
21.7727
21.2634
-39.0662
18.6489
9.02652
59.3623
0.999174
-14.9093
16.4306
19.3246
2.32809
-69.4617
11.4111
0.701054
22.9593
11.0624
3.07716
16.4449
-37.1773
15.7453
17.5555
16.2181
23.1497
1.41127
-12.6269
15.2011
13.297
12.5949
-19.2306
14.0202
21.2306
14.4821
-18.2723
14.5417
12.7177
8.78242
28.8047
-16.0995
10.1817
12.9294
10.0875
14.3163
16.9755
8.29677
16.7841
-41.7452
6.39512
-16.311
-26.9809
14.6205
14.8042
9.17136
16.4403
4.70572
14.4271
40.0603
41.5385
18.578
48.4768
7.53541
7.29119
8.5255
1.43158
24.4126
18.72
20.4266
-2.2753
-66.4945
23.5855
-44.9698
10.8056
53.1209
40.5825
-38.46
27.8081
2.32421
10.2466
2.20343
54.0623
-16.1047
-72.4873
17.528
58.6046
1.79391
15.5504
1.62924
13.8175
-17.5358
-12.5483
6.76008
56.0253
59.1808
1.38362
-74.208
-1.96644
-80.2462
10.738
0.410098
13.2735
18.2025
2.86903
-31.2422
1.02841
16.0013
13.2737
16.3865
9.84998
47.1586
14.0098
-3.76102
13.5275
-2.29803
12.8761
-13.2007
1.42509
4.58873
12.1273
-76.0274
16.8797
36.1947
6.26734
1.36695
8.28923
0.664806
21.4089
14.5321
-73.4575
8.43987
-11.9514
-9.34204
21.3944
-24.4293
18.2628
-1.25585
-98.7103
-55.5485
14.4521
-1.32962
9.50316
2.15602
52.7173
13.4334
-26.7535
28.412
15.9801
-2.05591
19.1135
20.9221
-53.1769
-53.6531
12.0937
16.1895
20.9326
18.9902
20.4072
1.47289
61.1485
16.5181
8.5733
4.74258
15.4261
17.0217
-25.5709
-72.8277
-35.579
1.73502
-17.5266
-16.376
47.0256
2.33041
18.4557
-40.7879
10.72
-74.1863
2.76605
16.5769
18.9578
3.78546
16.8515
18.2542
16.3773
11.7906
22.0475
12.4325
16.7737
31.4087
13.338
1.75987
17.9459
16.5282
16.8888
-35.8994
17.0239
2.7874
31.9942
16.8294
-73.3896
0.164989
8.98457
34.1493
12.689
19.0397
15.3454
9.57512
38.4506
-75.2523
1.58382
-27.1864
0.594092
-90.3184
2.50277
34.1477
5.70904
-1.4005
-28.7667
50.6298
2.43808
11.5837
15.2727
25.4442
-36.4093
4.1644
14.0662
9.1029
8.36038
14.9232
16.3732
28.7922
18.0719
23.6656
13.3773
11.9737
6.15093
2.0707
4.44042
8.81981
1.10909
8.36829
-2.70063
61.2818
8.45482
13.2952
-30.4995
19.2212
27.4296
2.00891
58.6631
1.47034
12.2097
-10.7792
5.99607
19.2948
57.3056
13.68
28.2495
16.4626
-8.18053
0.925905
0.879506
17.1221
18.721
5.66867
19.0142
0.846784
-10.2355
-3.42628
33.7637
12.7018
-12.7662
-2.09807
1.49155
-92.4404
-5.64786
18.2637
-100.496
-66.7366
15.9254
-29.5134
-16.2648
-27.4214
17.0483
8.58957
11.0154
8.07469
-54.9818
-32.1669
18.3202
16.0544
19.8283
2.8207
23.1041
18.7654
17.0772
21.5764
0.738332
55.9751
28.7087
-52.2885
6.67066
12.0259
1.35291
40.3888
16.3252
-37.6198
2.03282
16.9907
-14.1679
9.51709
-72.6635
1.00626
41.0815
17.9469
20.6202
-15.7806
53.9691
12.1561
15.9451
33.2592
7.69793
1.60536
16.9149
-34.0075
-22.5646
9.47691
16.2393
36.551
18.0323
10.7191
-9.11022
-12.9051
1.33828
16.4742
-71.4061
18.8098
19.9375
-37.0339
16.6041
55.3543
58.7267
37.4973
21.4183
22.1222
28.0483
3.7873
16.046
19.2326
12.5221
10.1694
-57.8266
-2.90224
-18.216
15.2393
13.3471
-69.9414
-8.6241
31.2011
13.8797
10.094
-94.0565
10.2796
3.9808
40.8859
1.09268
1.11036
13.1723
8.41646
9.82694
5.3428
16.344
18.3094
21.328
-92.9477
-69.8455
1.92772
17.1237
-6.87802
50.42
8.37311
16.6957
-103.61
15.5295
18.8992
9.77401
-6.52645
-73.5883
5.32878
59.163
41.5957
14.3867
14.6015
14.2902
51.3535
2.27363
21.6623
-83.9274
42.0429
-28.6932
2.89043
12.4109
22.1488
17.0312
16.6552
10.8901
-6.24042
-54.9527
9.17845
5.5627
10.0823
17.6311
13.7169
53.6831
18.3582
-21.7091
-2.88872
24.4483
10.7796
22.1886
2.659
12.4359
-80.1926
-45.1173
16.3454
6.8871
21.487
17.2403
17.5533
15.3688
13.9384
-0.932456
18.7292
18.2403
-0.475907
-87.5695
16.6761
29.5787
1.34767
1.33889
-11.0252
10.6175
4.3212
19.5961
21.5579
11.3885
16.8901
3.20283
-19.5053
22.7443
6.23071
6.35567
18.8549
7.96185
16.4715
-50.4178
17.996
-14.7185
8.91705
49.1458
9.4567
-109.382
12.9645
2.28847
-0.807884
-47.6957
0.876523
-64.7701
5.58528
-97.0147
-13.463
13.4884
-13.6746
-101.541
4.0688
-0.0202632
9.89087
52.7446
9.55852
-108.647
46.2607
-95.8719
4.66303
47.242
16.6506
0.968929
-17.8649
18.302
18.0664
-53.9562
1.09549
15.5503
-11.4533
1.66846
47.3558
-62.923
6.10867
13.3284
10.9183
16.4928
-0.792039
16.902
15.7821
44.0888
1.35702
-3.67704
5.18605
8.49173
16.3806
-11.4588
18.9991
-43.9298
16.294
9.29119
-91.0281
19.0545
8.22758
51.1805
-3.94257
7.46416
60.0908
19.6311
-23.3508
49.2692
25.2428
2.19829
14.4058
16.3453
-34.8824
-74.1059
17.3195
32.2646
-9.79594
31.0385
18.4866
16.5576
14.512
-90.5503
-30.7051
16.1945
16.3691
2.17326
16.8481
-40.7817
-25.8357
14.724
-38.7035
55.1557
13.7024
31.0486
8.55794
40.9746
-8.58779
-77.5388
11.4913
16.3368
-58.2902
4.84619
-36.7195
13.4593
-38.9271
15.8648
15.2657
-0.612339
-10.9656
-35.5583
14.1545
-57.426
36.0456
12.5611
3.30997
1.45115
-99.5941
-2.61897
18.8455
19.123
8.03776
6.48493
-84.1019
-20.1253
8.77082
20.0274
-102.786
-46.5472
1.30971
-7.9483
52.0377
1.21804
-11.3397
22.5199
22.9232
16.8356
0.540436
0.769023
15.209
16.755
-9.60259
34.8207
18.2281
20.8167
4.77549
37.8807
16.6183
17.7636
-37.6544
-67.1275
55.4384
56.2429
16.6601
16.4263
-75.0089
16.4451
15.8202
13.9755
-8.59801
-0.407831
-2.51279
-101.996
18.9924
9.59821
9.42172
-92.2598
-34.5568
1.20233
24.8254
-59.4343
-59.5947
55.5739
17.6578
8.12123
45.4405
16.9321
3.47692
28.421
10.4698
14.1262
15.5127
-57.4279
8.14182
16.5076
1.86897
21.9491
-28.0569
47.3155
12.2016
18.1171
14.5166
-3.24852
-9.16648
19.0176
12.9976
-22.0533
30.8332
16.3109
20.2606
19.2568
-35.1276
2.22279
6.21314
-41.4273
16.8879
16.8328
-13.6882
30.5348
-1.41077
-79.0386
9.35671
3.5458
-60.2515
11.7679
16.728
-33.2705
-14.667
44.9586
-37.2034
-51.7494
-48.0669
13.8811
11.3429
17.8948
-68.2477
-1.04613
-116.119
10.1307
19.0711
16.7707
15.9399
8.04054
4.25568
2.05632
17.2672
0.909988
15.645
19.1612
12.0427
-6.86852
13.3511
3.47785
16.5243
8.22463
54.511
21.1644
-38.2014
1.34509
-23.5222
12.596
16.1767
10.298
21.4592
18.4219
-44.116
-0.136216
12.384
-1.31395
11.8294
17.2855
32.6131
14.3701
-18.4224
20.2215
-2.03957
13.4142
-67.0129
9.58608
-17.6901
26.2622
-27.8491
4.51982
5.51135
-25.0999
30.1586
44.5895
-72.3905
12.3009
16.3036
1.20677
-12.7758
5.50735
34.6726
13.8068
5.60565
5.97264
0.0383456
13.5423
12.3
21.942
23.3878
16.8334
43.9401
16.2767
18.8011
2.1063
11.9117
5.01215
-4.94464
16.6098
1.80073
3.57244
18.1085
20.472
17.5853
19.287
2.51695
-114.392
12.2718
18.2129
11.2989
5.31194
53.0481
38.1821
2.22554
-7.56077
-32.8414
5.49735
30.9815
2.94805
2.01292
14.4256
-35.8388
-3.34532
14.4352
13.6722
-55.6213
-98.0964
-8.54944
2.48869
18.5283
54.4593
-3.05511
16.5785
-51.4768
5.32441
-14.9162
-99.6436
1.33369
48.1693
-55.1105
15.4158
6.75654
-35.5453
18.5696
3.71695
19.2098
32.9767
-93.0455
-1.80487
6.08945
-3.04633
2.76143
20.196
40.6488
17.3924
1.12578
0.69048
-107.038
16.8366
16.2473
-97.6019
-71.6494
9.3196
16.6344
-27.3615
46.131
0.875665
21.1815
15.9067
27.683
-50.7863
14.1196
5.55639
1.43621
24.3928
-85.7183
21.111
-104.636
-4.77152
20.2305
10.6186
15.1554
3.76196
-30.3876
18.1814
11.4137
14.1554
46.6077
17.8325
-7.8421
8.12882
-22.9862
57.4954
12.1965
21.5809
-10.5339
2.42862
6.08772
1.05211
10.7319
-11.6808
-65.3559
15.2817
14.9485
20.7525
1.42147
2.79966
18.7902
5.19652
-41.5745
-3.5564
-81.6488
38.3592
18.1442
10.2763
11.4523
16.2001
0.587932
9.14423
10.445
6.21939
3.74548
5.93111
5.96376
36.155
23.5456
-40.3924
-85.5922
3.11031
6.06314
46.2594
-9.25748
-84.8838
24.6161
6.43383
17.6315
16.9968
-106.103
-9.42015
23.7727
5.93806
8.88657
20.1399
-8.2671
18.3352
0.644858
17.6767
-51.5511
9.47498
9.0164
1.27795
9.08262
13.7469
-74.4893
1.44101
20.6524
-12.0258
19.277
8.19079
3.36458
-38.3526
-13.9054
5.26991
16.9936
20.8453
36.5929
-2.30356
25.4282
16.9027
4.45178
-12.6212
2.46345
-94.11
9.32286
12.8954
17.2331
19.99
-16.4371
-15.3833
-102.983
14.7132
8.65806
19.8043
32.9537
-56.7728
-50.0736
20.2052
14.4472
-95.0484
-7.66508
-68.6782
12.4673
16.8958
-55.2932
-10.2183
12.04
14.5591
32.8369
6.66775
-112.73
-49.4473
15.2959
-57.4184
31.6012
19.1411
19.4994
2.67586
8.90241
-13.6787
16.9925
-41.9599
54.4484
47.2632
8.00514
4.22574
-39.6985
-91.9848
5.81311
17.2778
5.54968
5.15633
-5.95625
18.1785
47.9017
-2.13765
8.61179
-20.5311
-7.12206
17.4807
9.28263
-18.6387
46.9417
-69.9452
36.7253
49.9747
15.7714
18.0101
16.9418
-6.02705
22.1967
28.7334
-16.2524
7.06678
-27.4528
-52.9615
16.0017
31.7343
7.71915
25.1558
-88.1933
16.1466
49.4189
)
;

boundaryField
{
    frontAndBack
    {
        type            empty;
    }
    cylinder
    {
        type            zeroGradient;
    }
    domain_boundary
    {
        type            zeroGradient;
    }
}


// ************************************************************************* //
