/*--------------------------------*- C++ -*----------------------------------*\
| =========                 |                                                 |
| \\      /  F ield         | OpenFOAM: The Open Source CFD Toolbox           |
|  \\    /   O peration     | Version:  2.3.1                                 |
|   \\  /    A nd           | Web:      www.OpenFOAM.org                      |
|    \\/     M anipulation  |                                                 |
\*---------------------------------------------------------------------------*/
FoamFile
{
    version     2.0;
    format      ascii;
    class       volScalarField;
    location    "0.64";
    object      epsilon;
}
// * * * * * * * * * * * * * * * * * * * * * * * * * * * * * * * * * * * * * //

dimensions      [0 2 -3 0 0 0 0];

internalField   nonuniform List<scalar> 
9648
(
2407.11
2393.36
2391.53
2384.38
2372.22
2354.69
2332.36
2304.82
2271.98
2233.95
2190.94
2143.12
2091.37
2036.67
1979.87
1921.91
1863.94
1806.97
1751.7
1698.68
1648.42
1601.26
1557.34
1516.81
1479.71
1445.9
1415.3
1387.78
1363.24
1341.49
1322.4
1305.82
1291.6
1279.58
1269.69
1261.77
1255.69
1251.39
1248.81
1247.87
1248.47
1250.58
1254.18
1259.18
1265.64
1273.59
1283
1293.85
1306.21
1320.23
1335.9
1353.19
1372.33
1393.29
1416
1440.26
1465.83
1492.28
1518.87
1545.03
1570.39
598.827
589.25
579.43
568.618
559.265
553.612
550.756
549.93
550.991
554.017
558.775
564.606
571.086
577.835
584.515
590.76
596.399
601.405
605.78
609.471
612.589
615.206
617.382
619.237
620.904
622.442
623.908
625.377
626.927
628.608
630.438
632.473
634.75
637.264
640.046
643.121
646.478
650.114
654.043
658.29
662.843
667.689
672.835
678.289
684.032
690.092
696.461
703.108
710.01
717.154
724.506
732.027
739.665
747.445
755.228
762.989
770.577
778.097
785.415
792.459
799.189
239.173
241.729
245.469
251.394
259.352
269.032
280.507
293.448
307.8
323.194
339.434
356.077
372.789
389.238
405.137
420.256
434.433
447.586
459.665
470.663
480.614
489.56
497.58
504.764
511.206
516.994
522.209
526.94
531.255
535.227
538.916
542.377
545.655
548.792
551.824
554.775
557.674
560.534
563.374
566.208
569.048
571.91
574.789
577.694
580.625
583.573
586.533
589.484
592.42
595.32
598.181
600.995
603.722
606.413
608.957
611.449
613.796
616.133
618.302
620.345
622.256
135.25
145.029
155.938
168.303
182.172
197.483
214.171
232.038
250.859
270.295
290.041
309.734
329.065
347.742
365.531
382.239
397.743
411.976
424.909
436.558
446.956
456.158
464.248
471.317
477.469
482.805
487.42
491.407
494.843
497.81
500.379
502.613
504.573
506.303
507.845
509.237
510.511
511.686
512.787
513.831
514.835
515.815
516.782
517.743
518.701
519.656
520.607
521.548
522.481
523.395
524.274
525.14
525.967
526.768
527.493
528.203
528.892
529.551
530.162
530.732
531.298
99.8983
112.78
127.043
142.752
159.897
178.396
198.083
218.712
239.985
261.531
283.006
304.053
324.379
343.727
361.903
378.733
394.134
408.068
420.532
431.573
441.237
449.589
456.727
462.747
467.775
471.923
475.297
477.999
480.105
481.704
482.876
483.686
484.206
484.483
484.557
484.472
484.264
483.953
483.566
483.121
482.632
482.123
481.608
481.099
480.597
480.106
479.631
479.168
478.71
478.263
477.809
477.349
476.893
476.429
475.955
475.472
475.004
474.527
474.028
473.518
473.003
86.1973
101.139
117.718
135.864
155.444
176.305
198.192
220.789
243.735
266.613
289.066
310.721
331.328
350.647
368.554
384.867
399.536
412.576
423.995
433.892
442.332
449.369
455.14
459.724
463.286
465.957
467.842
469.065
469.684
469.799
469.502
468.846
467.926
466.79
465.462
463.999
462.45
460.816
459.134
457.418
455.678
453.944
452.234
450.562
448.922
447.32
445.759
444.25
442.78
441.335
439.915
438.508
437.117
435.74
434.368
433.031
431.72
430.412
429.092
427.772
426.437
81.4826
98.1681
116.704
136.903
158.485
181.244
204.831
228.872
252.985
276.652
299.572
321.304
341.691
360.49
377.726
393.113
406.659
418.46
428.488
436.944
443.911
449.384
453.601
456.561
458.509
459.595
459.904
459.615
458.724
457.353
455.622
453.543
451.256
448.8
446.162
443.428
440.677
437.858
435.04
432.227
429.407
426.635
423.923
421.292
418.709
416.195
413.754
411.383
409.084
406.836
404.629
402.45
400.317
398.181
396.068
394.002
391.981
390.001
388.011
385.992
383.991
81.0287
99.2965
119.59
141.593
164.852
189.113
214
239.099
263.992
288.041
311.048
332.411
352.181
370.042
386.351
400.538
412.696
423.071
431.448
438.251
443.604
447.323
449.928
451.122
451.361
450.798
449.479
447.698
445.283
442.438
439.337
435.872
432.292
428.59
424.705
420.782
416.902
412.931
409.053
405.223
401.39
397.637
394.025
390.523
387.076
383.759
380.51
377.382
374.334
371.371
368.464
365.606
362.794
359.962
357.175
354.479
351.805
349.238
346.627
343.972
341.407
82.5697
102.084
123.922
147.301
172.044
197.401
223.145
249.146
274.363
298.642
321.383
342.275
361.057
377.703
392.873
405.752
416.443
425.242
432.182
437.347
440.838
442.743
443.478
443.084
441.673
439.307
436.456
433.219
429.171
424.893
420.349
415.653
411.038
406.079
400.83
395.89
390.771
385.604
380.743
375.758
370.798
365.813
361.463
357.105
352.732
348.794
344.602
340.817
336.848
333.156
329.345
325.863
322.45
318.872
315.397
312.231
308.806
305.938
302.666
299.278
296.267
1595.05
1618.91
1641.66
1663.3
1684.01
1704.23
1724.06
1743.8
1763.18
1781.6
1798.73
1815.12
1831.02
1846.82
1862.72
1879.4
1897.42
1917.3
1939.39
1964.16
1991.33
2020.36
2050.85
2082.4
2114.67
2147.6
2181.36
2215.6
2250.3
2285.47
2321.3
2357.66
2394.56
2432.16
2470.47
2509.38
2549.01
2589.48
2630.87
2673.01
2715.94
2759.91
2804.88
2850.7
2897.69
2945.71
2994.64
3044.53
3095.58
3147.83
3201.19
3255.56
3311.48
3368.55
3427.13
3487.02
3548.96
3612.92
3678.93
3746.87
3816.86
805.586
812.06
818.351
824.385
830.188
835.878
841.604
847.221
852.904
858.345
863.746
869.047
874.362
879.706
885.076
890.519
896.053
901.722
907.517
913.41
919.363
925.313
931.24
937.122
942.946
948.692
954.29
959.709
964.947
970.028
974.966
979.738
984.361
988.857
993.221
997.453
1001.58
1005.59
1009.48
1013.26
1016.94
1020.54
1024.03
1027.42
1030.73
1033.93
1037.03
1040
1042.88
1045.66
1048.32
1050.87
1053.32
1055.8
1058.09
1060.46
1062.78
1065.3
1067.7
1070.15
1072.71
624.133
625.934
627.776
629.582
631.359
633.037
634.782
636.427
638.047
639.526
640.959
642.34
643.743
645.117
646.464
647.776
649.046
650.274
651.448
652.555
653.582
654.53
655.386
656.147
656.808
657.365
657.813
658.15
658.366
658.468
658.444
658.301
658.041
657.659
657.171
656.572
655.866
655.048
654.121
653.082
651.935
650.686
649.34
647.883
646.325
644.655
642.86
640.932
638.877
636.698
634.367
631.932
629.353
626.661
623.773
620.798
617.73
614.583
611.343
608.045
604.752
531.833
532.363
532.856
533.333
533.775
534.185
534.551
534.912
535.195
535.379
535.503
535.586
535.608
535.549
535.44
535.268
535.034
534.731
534.351
533.888
533.343
532.714
532.006
531.214
530.333
529.355
528.283
527.117
525.853
524.494
523.039
521.479
519.816
518.057
516.21
514.273
512.246
510.129
507.915
505.607
503.212
500.742
498.198
495.588
492.913
490.168
487.334
484.41
481.388
478.286
475.076
471.766
468.369
464.869
461.238
457.485
453.655
449.734
445.752
441.743
437.735
472.485
471.937
471.362
470.753
470.113
469.41
468.654
467.897
467.137
466.325
465.481
464.595
463.653
462.657
461.605
460.493
459.351
458.142
456.866
455.519
454.107
452.634
451.107
449.53
447.893
446.19
444.419
442.58
440.677
438.711
436.676
434.561
432.367
430.097
427.764
425.369
422.906
420.369
417.752
415.057
412.297
409.477
406.614
403.722
400.807
397.869
394.874
391.845
388.746
385.601
382.386
379.09
375.736
372.305
368.777
365.142
361.421
357.609
353.769
349.908
346.043
425.11
423.769
422.419
421.022
419.601
418.145
416.648
415.14
413.595
412.028
410.425
408.804
407.15
405.451
403.713
401.946
400.159
398.315
396.409
394.446
392.431
390.378
388.299
386.202
384.072
381.898
379.681
377.42
375.132
372.817
370.471
368.068
365.611
363.094
360.543
357.953
355.309
352.613
349.845
347.005
344.108
341.159
338.185
335.21
332.254
329.327
326.371
323.425
320.446
317.478
314.47
311.398
308.3
305.132
301.911
298.561
295.141
291.64
288.145
284.606
281.084
382.004
380.026
378.038
376.038
374.002
371.924
369.819
367.718
365.585
363.41
361.228
359.047
356.84
354.615
352.352
350.082
347.82
345.516
343.153
340.724
338.246
335.754
333.257
330.78
328.3
325.786
323.247
320.674
318.113
315.57
313.065
310.524
307.97
305.37
302.774
300.159
297.486
294.778
292.007
289.17
286.27
283.301
280.309
277.329
274.385
271.543
268.679
265.892
263.096
260.401
257.71
254.937
252.171
249.346
246.508
243.487
240.447
237.294
234.227
231.089
227.996
338.842
336.335
333.819
331.347
328.851
326.372
323.826
321.358
318.866
316.272
313.69
311.161
308.596
306.016
303.365
300.751
298.221
295.661
293.044
290.292
287.469
284.672
281.865
279.105
276.411
273.686
270.935
268.097
265.285
262.554
259.992
257.413
254.91
252.379
249.929
247.499
244.936
242.306
239.663
237.008
234.248
231.361
228.444
225.52
222.613
219.92
217.141
214.54
211.925
209.584
207.308
204.883
202.506
200.066
197.677
194.993
192.366
189.565
186.997
184.309
181.717
293.023
290.023
286.865
284.054
281.088
278.551
275.685
273.237
270.767
268.082
265.399
262.977
260.326
257.711
254.816
251.9
249.332
246.87
244.426
241.736
238.639
235.765
232.819
229.839
227.035
224.288
221.648
218.69
215.521
212.543
209.952
207.342
204.953
202.618
200.631
198.719
196.493
193.975
191.538
189.291
186.977
184.298
181.531
178.803
175.977
173.531
170.744
168.324
165.782
163.913
162.156
160.079
158.179
156.199
154.374
151.979
149.799
147.282
145.263
143.061
141.08
3889.99
3965.75
4043.52
4123.34
4205.64
4291.32
4379.85
4471.15
4564.93
4661.36
4760.8
4862.01
4965.43
5075.44
5213.52
5339.47
5464.88
5592.87
5723.4
5856.42
5992.28
6131.03
6272.26
6416.21
6562.62
6710.8
6860.45
7011.31
7163.21
7315.24
7467.34
7618.87
7768.98
7917.05
8062.56
8204.09
8340.48
8470.08
8584.08
8667.94
8724.88
8756.37
8762.24
8740.67
8690.05
8607.88
8490.09
8331.98
8129.22
7877.14
7569.46
7199.36
6761.62
6249.39
5610.61
4693.12
4287.8
4086.84
4008.12
3968.47
3882.92
1075.51
1078.41
1081.51
1084.66
1087.9
1091.38
1095.38
1099.78
1104.62
1109.75
1115.33
1118.66
1120.03
1122.97
1126.54
1131.55
1136.69
1141.77
1146.98
1152.44
1158.16
1164.2
1170.5
1177.07
1183.9
1190.96
1198.29
1205.9
1213.86
1222.2
1230.97
1240.24
1250.13
1260.76
1272.24
1284.8
1298.63
1314.1
1332.91
1362.58
1398.5
1437.26
1479.25
1524.62
1574.06
1627.91
1686.25
1749.36
1817.51
1890.24
1966.65
2045.13
2124.22
2202.54
2272.52
2338.78
2400.52
2489.08
2595.45
2702.31
2648.29
601.433
598.115
594.761
591.385
587.949
584.535
581.224
578.059
574.951
571.796
568.151
562.577
556.724
551.67
547.119
543.183
539.332
535.378
531.363
527.34
523.349
519.386
515.446
511.526
507.624
503.735
499.87
496.03
492.237
488.486
484.801
481.201
477.699
474.34
471.151
468.183
465.48
463.116
461.247
460.35
460.626
465.227
473.604
485.307
500.804
520.761
545.906
577.271
615.86
662.754
718.962
785.279
862.934
952.227
1052.89
1161.48
1269.84
1388.89
1535.4
1725.09
1911
433.727
429.729
425.728
421.708
417.639
413.568
409.54
405.604
401.639
397.566
392.684
386.779
381.062
375.869
371.056
366.591
362.23
357.884
353.535
349.208
344.906
340.61
336.328
332.064
327.814
323.588
319.386
315.211
311.062
306.944
302.858
298.81
294.812
290.876
287.011
283.237
279.574
276.039
272.661
269.5
266.637
264.383
263.436
264.19
266.535
270.818
277.505
287.256
300.922
319.535
344.515
377.192
419.228
471.717
535.254
607.801
685.417
769.798
869.523
998.509
1158.79
342.195
338.405
334.634
330.838
326.973
323.104
319.247
315.466
311.649
307.711
302.996
297.78
292.835
288.28
283.969
279.889
275.907
272.014
268.175
264.398
260.66
256.91
253.18
249.476
245.788
242.128
238.496
234.893
231.311
227.752
224.216
220.71
217.241
213.817
210.448
207.145
203.918
200.779
197.737
194.81
192.023
189.44
187.194
185.637
184.876
184.936
186.041
188.494
192.73
199.292
208.98
222.805
241.972
267.736
301.089
342.129
389.483
442.755
504.324
579.899
675.641
277.557
274.148
270.764
267.377
263.848
260.321
256.781
253.35
249.886
246.349
242.119
237.69
233.519
229.683
225.98
222.438
218.953
215.617
212.367
209.214
206.108
202.962
199.852
196.786
193.728
190.711
187.712
184.745
181.783
178.837
175.903
172.997
170.12
167.289
164.504
161.78
159.122
156.539
154.035
151.62
149.306
147.116
145.089
143.314
142.03
141.138
140.76
141.015
142.112
144.326
148.027
153.742
162.143
174.002
190.189
211.263
237.352
268.54
305.479
349.869
404.833
224.815
221.823
218.871
215.965
212.801
209.663
206.458
203.447
200.412
197.398
193.714
190.029
186.551
183.427
180.316
177.344
174.356
171.59
168.912
166.351
163.841
161.231
158.703
156.26
153.806
151.404
148.994
146.626
144.231
141.849
139.457
137.107
134.783
132.515
130.286
128.121
126.012
123.976
122.008
120.125
118.326
116.637
115.063
113.639
112.426
111.572
110.988
110.738
110.925
111.681
113.193
115.713
119.56
125.164
132.996
143.548
157.235
174.388
195.478
221.304
253.155
178.867
176.293
173.798
171.45
168.667
165.954
163.079
160.547
157.989
155.578
152.416
149.396
146.511
144.069
141.488
139.089
136.554
134.348
132.202
130.161
128.182
126.007
123.995
122.177
120.28
118.427
116.515
114.689
112.766
110.865
108.919
107.066
105.229
103.485
101.754
100.099
98.4724
96.9268
95.4413
94.0531
92.7384
91.5342
90.4413
89.4548
88.6058
87.9928
87.5827
87.3632
87.3994
87.7621
88.549
89.881
91.9261
94.8798
98.9896
104.539
111.826
121.186
132.989
147.741
166.107
138.525
136.301
134.286
132.581
130.176
127.912
125.319
123.355
121.311
119.54
116.846
114.4
111.965
110.185
108.021
106.211
104.034
102.4
100.724
99.0601
97.5273
95.6439
94.0983
92.9996
91.5627
90.1062
88.5464
87.223
85.6158
84.0816
82.42
81.0446
79.6131
78.3614
77.0258
75.809
74.5126
73.3576
72.2715
71.3173
70.4336
69.6548
68.9948
68.4207
67.8866
67.4637
67.2223
67.0965
67.1928
67.4379
68.0647
68.9923
70.4216
72.3181
74.8908
78.1743
82.4569
87.8339
94.6942
103.306
114.022
3737.78
3578.95
3408.68
3230.15
3052.24
2880.17
2717.29
2568
2435.96
2323.16
2229.98
2155.36
2097.69
2054.77
2023.91
2002.58
1988.64
1980.54
1976.86
1976.4
1978.48
1982.55
1988.18
1995.27
2003.79
2013.52
2024.34
2036.31
2049.47
2063.69
2078.95
2095.17
2112.24
2129.93
2148.12
2166.54
2184.84
2202.73
2220.03
2236.4
2251.37
2264.75
2276.38
2286.04
2293.85
2300.08
2304.86
2308.47
2311.5
2314.72
2318.5
2323.07
2328.95
2336.31
2344.84
2354.24
2364.21
2374.73
2384.81
2393.46
2400.2
2455.35
2251.64
2052.33
1862.54
1695.67
1541.6
1399.16
1269.33
1152.26
1048.83
959.122
882.614
818.344
764.792
721.68
688.191
662.498
642.713
627.348
615.336
605.927
598.539
592.801
588.505
585.339
583.426
582.402
582.405
583.352
585.246
588.099
591.893
596.622
602.253
608.733
615.996
623.934
632.417
641.279
650.315
659.23
667.673
675.228
681.434
685.855
688.079
687.764
684.779
679.277
671.69
662.667
653.045
643.764
635.614
628.92
623.975
620.414
617.772
614.863
610.74
605.112
1994.77
1979.07
1874.71
1700.14
1521.12
1347.67
1178.88
1026.34
889.923
769.185
665.087
577.05
503.925
444.417
397.561
361.573
333.807
311.826
294.412
280.736
269.986
261.488
254.734
249.323
245.012
241.51
238.775
236.662
235.133
234.151
233.687
233.738
234.288
235.302
236.758
238.614
240.832
243.368
246.167
249.147
252.213
255.256
258.141
260.69
262.735
264.061
264.465
263.764
261.854
258.706
254.439
249.403
244.079
239.073
234.863
231.986
230.639
230.767
231.973
233.881
236.384
1325.14
1472.2
1568.49
1583.48
1513.25
1387.4
1218.39
1049.04
892.479
748.119
622.743
517.733
431.161
361.823
307.425
265.126
232.231
206.231
185.79
169.876
157.567
148.098
140.819
135.181
130.764
127.245
124.441
122.201
120.434
119.069
118.068
117.404
117.05
116.968
117.124
117.479
117.999
118.646
119.377
120.145
120.897
121.578
122.13
122.49
122.598
122.395
121.834
120.878
119.52
117.76
115.644
113.295
110.923
108.812
107.295
106.837
107.823
110.367
114.393
119.834
126.755
792.746
928.735
1072.48
1199.89
1281.26
1299.18
1248.83
1143.12
1006.71
852.087
705.833
580.044
471.885
383.721
313.781
258.427
215.049
181.092
154.548
134.013
118.311
106.477
97.6329
90.9992
85.9632
82.074
79.0437
76.6686
74.809
73.3564
72.248
71.4474
70.9158
70.6089
70.4853
70.5071
70.6378
70.841
71.0803
71.3153
71.5032
71.6031
71.5751
71.3812
70.9878
70.3695
69.5168
68.4321
67.1229
65.6205
63.9801
62.2992
60.7439
59.5405
59.0104
59.441
61.3758
65.1452
70.9506
78.8074
88.5152
473.448
558.868
662.076
779.027
897.492
999.623
1065.16
1078.67
1038.06
951.193
835.141
708.968
581.536
470.706
379.963
305.01
245.703
198.76
161.373
132.474
110.637
94.5102
82.7599
74.1737
67.8135
63.0214
59.3766
56.5906
54.459
52.8176
51.5717
50.6665
50.05
49.6663
49.4671
49.4108
49.4583
49.5746
49.7244
49.8706
49.9748
50.0037
49.9225
49.7022
49.3133
48.7392
47.9745
47.0286
45.9084
44.6421
43.2762
41.8949
40.634
39.694
39.3754
40.0898
42.3153
46.5229
53.0443
61.9473
73.0833
292.772
342.415
404.443
480.364
569.272
666.484
762.015
841.668
891.003
899.43
864.727
794.182
699.781
595.63
493.453
396.801
317.302
252.285
198.064
155.625
123.416
99.9419
83.2146
71.2412
62.5456
56.1084
51.3056
47.7145
45.0309
42.9966
41.4668
40.3558
39.5924
39.1013
38.8225
38.7059
38.7078
38.7912
38.9203
39.0591
39.1706
39.2273
39.1954
39.0507
38.7614
38.3185
37.7143
36.9614
36.0596
35.0381
33.9331
32.8198
31.8152
31.0911
30.9249
31.7294
33.9954
38.3044
45.1514
54.7325
66.9489
189.054
217.803
253.927
299.061
354.548
420.653
495.675
574.653
649.653
709.906
744.847
748.039
719.533
663.713
589.339
504.645
419.691
339.545
264.144
203.338
155.199
120.25
95.7999
78.4963
66.0109
56.8282
50.0502
45.0869
41.471
38.7655
36.7493
35.2808
34.2625
33.5862
33.1727
32.957
32.8867
32.9197
33.0177
33.1438
33.2597
33.3451
33.3646
33.2981
33.1075
32.7917
32.3368
31.7613
31.0564
30.2525
29.3788
28.5054
27.7349
27.2184
27.2109
28.1103
30.4195
34.7977
41.8906
52.0426
65.2131
127.515
144.31
165.354
191.911
225.047
265.814
314.621
370.994
432.496
495.118
551.016
594.096
617.932
619.692
597.68
554.079
494.801
423.968
350.683
276.03
206.622
156.45
121.451
96.4617
78.0164
64.4211
54.4037
47.2075
42.0748
38.2684
35.4689
33.4157
31.9839
31.0086
30.3782
30.0007
29.8094
29.7522
29.7874
29.87
29.9656
30.0576
30.1092
30.1007
29.9906
29.7793
29.4539
29.0289
28.4947
27.8763
27.2056
26.5467
26
25.6988
25.8772
26.9185
29.3317
33.8184
41.1186
51.7332
65.6377
1.51195
211.546
188.582
2.31476
2.19293
0.203193
0.000719373
91.3317
0.000796965
0.0146423
94.4442
7.08853
0.000720356
248.208
0.166358
132.619
0.000757618
92.9088
119
0.000715
2.31292
237.045
201.78
0.000766853
0.000781619
0.208261
0.000716225
7.81672
0.000753364
0.000820474
6.48804
0.000740759
0.00875132
64.1665
4.01184
112.803
72.2704
16.0913
0.000723123
44.0978
63.4784
27.6667
0.000743399
100.662
176.395
0.716437
0.000866813
0.00864506
1.299
7.30536
368.994
351.385
0.000697522
0.00102802
0.0630428
0.0333518
0.000817623
8.85533
59.1362
279.613
138.906
0.0009068
1.50697
0.0248819
197.166
2.43994
38.7988
63.8212
0.00113081
0.000747685
9.70923
41.3275
54.5345
0.0402663
0.050816
79.1695
226.674
56.3095
0.000699455
5.52725
0.00234501
46.8472
0.0125952
109.692
0.00074994
8.76242
0.000791599
36.6189
0.0110282
0.0013692
0.228889
0.000697899
0.000935001
303.325
139.906
0.000868307
1.58647
1.85845
0.00184655
203.048
1.05931
31.7367
5.85152
0.000696538
0.000725879
0.00069351
1.38233
0.209479
0.000747942
170.222
218.422
0.00474824
239.01
26.4599
114.239
53.682
28.2463
0.000976696
0.110582
0.00110553
0.00166036
193.088
0.00312584
283.201
409.215
28.5629
0.000746085
7.28651
7.12473
0.000744005
0.0297935
0.0267365
90.4082
0.00188153
63.0302
0.000748912
0.000723693
389.811
346.095
0.00074902
0.763447
145.81
0.22654
0.908096
26.5443
120.226
0.298495
27.538
0.00525937
277.485
11.029
0.0358616
49.4576
107.379
184.928
0.000765905
0.000757838
0.514558
0.000696201
41.4973
0.112979
0.00144871
0.000740216
0.000747568
0.000758568
41.1215
70.2796
33.3169
0.000766502
287.761
305.504
403.768
166.496
0.00689499
161.417
43.6967
28.1907
0.000750512
0.0016987
192.493
68.2234
28.497
69.7334
0.000745541
0.000842901
242.945
0.029449
2.49905
0.000757822
0.000865157
0.172473
0.00079757
328.874
4.04128
0.000692476
0.683669
89.8874
141.522
0.00119686
52.8878
0.000746778
0.000750372
108.229
32.4229
302.531
0.00121373
0.000801355
0.00285161
40.6889
77.1374
9.93963
121.123
14.3031
227.614
0.78476
85.7549
80.2098
26.4502
10.888
39.0009
0.0014475
0.0293252
0.000747836
0.000724748
28.3454
0.0100034
0.0117225
0.00200119
0.006259
47.5703
199.184
0.0110886
169.243
7.65304
2.96219
0.000732523
0.524474
38.8623
7.40989
0.00106212
13.1563
35.766
0.835801
2.43824
266.737
7.29323
4.88486
120.288
0.000955168
0.000723688
0.0010281
0.00427527
28.689
0.000784557
0.00252438
0.000723576
1.74652
76.0174
75.9569
49.1246
12.0112
11.6235
320.37
0.0011385
48.3034
98.7856
0.000743979
84.3607
0.000749612
330.09
1.74345
52.4643
0.00154967
0.000748557
20.6279
7.63767
0.000759623
0.000750817
0.00075558
0.000751642
1.18774
34.6461
44.7675
0.0108239
0.000760433
0.000724386
0.000695485
103.708
1.16495
0.00119224
18.4208
0.116258
0.0957439
0.000691741
0.786318
0.000760154
0.110755
46.4493
275.48
3.14929
0.000975423
0.00185024
56.9797
0.346309
128.483
317.885
0.000838619
0.000739962
0.000734052
153.575
0.000774081
137.316
0.000749878
23.2761
12.3031
0.0240087
142.857
240.639
0.00127387
50.0078
50.0289
87.8641
90.5253
9.77927
344.056
38.4662
71.543
142.312
93.2423
54.736
0.339491
332.746
275.856
62.7816
33.334
0.000997933
271.04
127.91
225.454
0.0187903
0.000868149
0.000745838
0.000812232
0.668778
1.56837
6.4397
0.124802
0.000726183
166.667
0.000746437
26.459
23.1736
188.204
42.6651
19.0806
0.00193456
0.00110785
0.464097
85.9276
0.00437243
7.7161
262.629
36.0188
84.1839
194.235
60.9648
0.000822169
278.587
138.956
95.2075
0.00075065
189.704
148.469
0.000781893
30.3278
0.000751794
394.18
173.763
27.9707
81.053
116.039
145.629
0.000764591
144.906
0.000966021
68.2534
81.5091
28.2111
274.842
3.69458
0.492614
2.59664
0.00110158
440.183
1.45722
0.00290359
0.00180546
258.662
0.000954368
92.6572
0.00073732
0.000750201
0.00183544
30.813
0.19055
21.4734
0.00200303
82.7353
0.308256
216.319
279.945
37.7895
340.502
0.00079322
274.621
42.9274
0.000742576
78.9625
25.3783
0.00069577
0.000727391
116.539
0.00205808
27.0749
0.461703
76.291
0.0176771
3.42383
38.749
121.763
32.5591
84.2455
67.4233
0.000997499
0.0336151
28.7392
21.2252
326.209
342.154
140.967
0.0840067
120.467
119.384
3.30521
90.5491
44.5213
25.6501
0.000819943
84.5126
378.301
0.0010769
90.4954
19.4944
45.0927
0.0153302
0.0886045
270.712
0.00193739
322.358
0.00124845
1.7896
0.000738119
7.88669
166.44
0.555582
0.00132289
0.000900874
75.6849
26.7137
0.386896
5.5574
296.722
543.074
0.00138317
11.8813
27.1711
71.816
26.0384
449.003
28.7342
155.585
52.4823
3.40984
7.12152
297.667
52.6924
348.794
167.92
0.233914
177.113
59.8134
0.000791448
91.5592
28.8338
13.0535
0.00973556
96.6728
43.93
4.17021
51.6762
0.00159187
0.000747207
0.166022
28.442
107.787
73.4224
0.000750224
0.000731218
0.000744149
28.2095
0.0276451
0.000745817
0.243889
95.2622
275.669
0.00440579
0.00453487
0.000721038
0.000738847
0.00194696
28.8666
99.3076
20.7614
1.89901
293.429
381.994
0.00150918
62.87
27.8372
28.3799
75.3119
430.902
0.000821696
0.00446829
0.000751182
396.113
0.774159
0.000726907
10.6849
0.353185
297.557
0.00075933
320.431
8.87814
0.0660337
197.531
0.000748451
0.000736984
0.00102638
398.408
53.6533
126.954
319.951
10.9432
28.5875
0.000708286
0.00184824
0.465081
0.0160725
0.0163429
176.157
41.048
0.000747981
24.7564
45.2428
180.393
400.793
0.00295124
403.942
0.0018291
0.0218052
150.303
0.000739734
143.632
0.000759572
0.00079222
0.0210791
34.1513
2.94681
322.081
60.2209
0.000885669
28.4288
501.252
0.221963
2.22942
7.33352
0.000775273
0.000760013
0.00230694
133.663
5.35049
0.000782403
265.882
280.994
211.878
0.118169
60.0498
0.00108833
30.396
0.536003
0.130861
123.035
29.6985
148.517
170.047
0.000761077
0.000711132
0.00496445
72.5601
99.9479
6.0033
0.00658824
0.000770736
0.00075034
0.00344748
0.120083
0.00211734
72.8743
21.338
0.00497307
26.2073
168.51
0.000760755
38.1145
0.000742727
3.14703
0.00076249
0.0132225
38.0769
0.0116471
0.000744608
4.11094
359.026
261.319
0.000730941
0.000745947
1.5585
0.129649
0.000747776
99.3799
0.000906443
31.935
371.646
30.3193
86.6692
294.501
132.66
331.047
0.000747918
0.00250006
0.0110391
292.658
59.3283
196.405
5.50905
4.38245
99.9604
169.613
124.733
4.95353
46.1793
0.000750573
1.51132
39.7818
33.7347
310.692
25.9793
1.14323
41.238
0.201905
0.00970712
40.0142
0.000751324
176.985
0.000886523
2.6235
288.248
184.75
3.03809
0.00251206
6.92331
0.000769342
0.000736312
0.196214
0.0134934
51.1612
0.00876415
28.6463
0.000750533
0.0190496
0.000725457
93.6756
0.00180045
85.9898
300.017
0.0142696
166.055
371.931
0.000757338
97.0512
226.192
0.000785168
282.651
0.27053
0.000822706
0.000788621
280.45
0.000731651
0.00112014
0.121991
0.212278
426.715
265.882
0.000751498
0.000754663
9.17428
28.1165
0.00709897
2.30051
22.5687
0.000747723
0.000955043
0.000910394
165.022
266.338
3.31802
296.264
0.0171457
26.4317
0.000771004
0.00718959
0.0160066
0.0428731
0.0007498
298.793
0.000741956
0.0160788
0.000771903
1.36748
0.0147676
0.0421704
2.39516
5.04517
34.8073
2.07431
9.3717
27.8557
189.956
0.000816738
166.654
321.318
12.5134
74.8411
0.000761891
268.019
76.7322
0.000745793
407.093
66.3637
0.00658071
0.025771
158.925
159.213
0.230543
311.012
405.696
4.45609
425.994
259.98
127.645
50.7106
20.9876
28.4843
260.126
286.717
0.0142347
308.622
39.9708
405.285
0.000813635
1.5618
2.80268
220.682
161.176
0.0118417
444.07
191.746
7.00075
0.0545991
2.65512
28.0656
0.00154961
28.2064
434.598
0.029228
217.057
13.5149
91.4786
185.514
0.0007462
0.00167877
7.48372
5.27235
0.0132436
0.000748342
0.801489
1.7865
0.00120956
0.000758694
268.423
7.15606
50.5936
10.4948
0.00315152
0.00107678
0.431326
87.7445
0.000824556
21.5576
29.6087
1.85433
163.83
0.00100598
0.387735
0.000740678
1.76046
86.2418
0.00165087
0.185012
40.9561
167.371
0.502795
95.3957
4.9332
0.920846
0.000988151
32.4119
328.546
0.000744156
0.000754155
144.434
0.0158046
0.000758243
71.0107
2.07613
162.445
29.5551
37.1282
0.311105
17.469
203.95
160.766
246.461
0.000763485
277.338
0.000967705
37.9863
0.000795073
0.00149882
45.1484
0.00209267
255.736
0.0121726
0.0323361
44.1087
7.43508
0.560132
0.000898194
181.32
0.00088768
0.000719044
339.734
157.588
41.4137
28.5548
0.000814562
0.000684006
19.451
145.089
0.000732569
218.107
36.1252
0.00075308
166.483
0.000701676
3.338
6.49475
10.855
1.5056
74.8578
21.1054
0.000699882
265.177
327.54
0.00074471
0.0132948
28.8598
0.000708247
234.007
162.741
403.561
0.000745711
0.000727867
203.386
0.0967195
0.000837035
30.6469
79.0117
256.056
0.000720702
0.000793817
0.0157796
0.0115902
0.000746919
0.00202771
124.234
50.6625
0.000746791
12.8881
0.000747073
9.86127
0.00108978
0.000867797
27.4582
0.000745963
0.342229
0.000730552
47.3089
2.06177
19.4258
182.172
361.034
149.531
5.24747
14.8485
0.000758248
5.74544
273.304
528.784
0.156474
0.000827174
125.859
0.000746142
0.113278
0.000720452
435.452
14.8603
3.0916
192.788
50.9006
4.88031
79.5998
7.46922
219.51
113.456
0.000774204
0.00075538
0.00309507
0.000735
0.0140304
97.2072
0.000931483
246.988
0.00186956
0.306085
3.06153
154.321
0.00135742
40.586
0.0135367
55.482
30.6678
431.389
0.000793958
0.000954104
1.47191
85.05
64.3689
66.0776
1.93022
7.90844
18.9004
0.0621576
10.2245
1.72448
30.1576
0.000755335
392.946
1.44305
56.3348
0.000788684
53.425
15.8246
0.0019086
87.0733
17.578
0.0839498
0.00071452
0.000746154
205.58
48.2925
14.9327
0.000738313
0.00953602
50.6466
184.284
3.36937
0.00585365
0.000733527
144.055
126.733
35.8605
35.8217
0.000743878
102.024
429.089
0.000746922
0.000749302
17.8357
0.00129014
0.00387315
0.221467
46.0109
0.00105021
36.3347
339.513
0.00073068
0.00082122
0.000727287
0.000770622
66.2406
516.09
330.907
0.0205976
32.8891
47.2856
0.13271
43.9267
0.000821793
31.3396
0.533377
30.4052
5.17656
80.5007
102.033
0.137956
0.000759132
156.181
84.5767
281.192
5.81343
29.6626
0.518447
20.852
0.00353487
0.0013362
154.653
139.749
0.0335502
1.20637
0.000754157
0.0993785
19.9671
0.0277909
13.2426
4.39104
385.88
36.6572
1.75068
275.994
137.969
56.5019
15.8077
203.121
188.861
3.18334
38.6486
0.00379766
47.6182
45.9525
0.000743476
0.000710443
0.346015
0.000748588
0.000774747
57.4795
298.243
0.000744756
84.1215
0.000745102
0.000736867
0.000741316
0.000752255
0.00181499
29.4238
43.393
245.008
0.000718191
0.00107491
6.78668
0.000855989
0.0282273
0.000762781
0.000862918
168.257
0.000983985
0.00466646
181.923
0.0042588
0.000749471
189.619
0.000745446
0.000760753
1.4401
0.00087164
6.51367
0.00123651
0.0239245
0.000743857
0.000753621
299.132
414.964
42.1423
0.0235672
110.279
16.0206
0.00129939
27.5662
309.593
230.134
476.523
0.000699888
27.5895
55.3125
0.261823
28.5071
101.318
0.351159
31.4427
1.01827
28.4184
0.285222
7.49614
0.000757617
217.742
0.00075488
28.6677
32.2748
0.000747886
0.91887
0.00245963
0.0306989
0.000726323
3.91541
0.000894612
0.000741856
40.0891
0.0336549
0.165074
225.802
150.637
0.000818298
0.000967445
30.5175
256.772
0.000690019
0.000754158
0.194627
23.2366
144.809
0.0020949
16.0412
0.000745558
0.000818818
0.00071812
0.0278201
23.4161
0.00408041
275.427
29.5105
254.964
168.724
0.000843902
299.75
66.0707
0.000732712
0.000754065
0.00075034
0.00115954
0.000740304
124.671
0.000745406
0.000750755
351.567
1.20636
0.00268064
0.0362767
58.6346
7.53295
0.00767012
0.000824468
181.609
0.00076269
6.67713
0.000754926
0.000846258
159.529
162.64
0.00334579
0.000833193
3.89889
0.000744277
368.592
0.000753021
147.93
0.0274006
8.20875
0.125599
3.1035
1.9447
28.8067
0.000760944
0.000860766
0.00489895
57.9929
0.28427
298.864
0.000747158
0.00124006
0.00164251
252.85
61.1791
271.566
0.00225902
0.00349959
0.798597
0.000751329
19.2373
38.1339
0.00876274
271.505
176.796
41.6927
0.00154756
1.45543
169.288
221.521
27.8703
0.0105566
122.116
0.529623
130.618
0.143267
2.30605
41.0911
0.000761952
28.4307
0.00122414
0.0050958
0.00660395
0.0478005
0.000907982
11.0423
0.000746107
46.0077
0.132143
0.000864507
1.55176
0.000756578
0.764646
0.225091
40.3563
3.6513
92.239
0.797459
0.000748409
0.000732691
4.73922
0.157099
42.4389
257.979
0.000751641
154.227
37.0774
0.0141665
50.5666
10.6515
36.1365
38.6161
0.0720361
0.00178607
437.3
69.5579
160.26
0.000746147
27.0746
0.000746472
11.0898
38.0897
355.356
17.3943
28.0042
0.0125801
0.794726
0.000751155
12.3228
1.2565
0.000849956
434.851
30.6742
0.000768589
1.62096
0.0051515
0.00101563
378.37
0.00074772
0.0150954
0.0139032
34.6302
0.211965
216.89
1.16037
0.000732893
29.9335
4.87125
31.8113
168.619
0.000769511
1.837
2.70782
115.747
1.01903
0.000751807
0.0408804
96.4776
0.00144843
74.3211
304.925
71.5749
15.6731
2.17948
2.93951
552.765
276.312
215.961
3.381
0.0144112
0.00096555
163.49
0.11072
116.354
258.201
0.00128412
307.631
0.000735325
172.115
0.000759398
0.000751418
2.39195
119.107
0.00618951
25.7036
20.0042
0.000746627
0.000723266
0.0069391
390.989
153.415
168.704
0.000752094
21.445
179.155
0.0277693
2.58668
0.0129555
0.000833596
0.000746169
0.00220726
0.000769781
0.000748967
0.000737407
0.000750051
55.461
299.442
98.5039
0.823683
0.000781697
0.000737733
0.00075766
0.000914661
83.3564
149.205
0.169928
0.00215481
0.381047
2.22964
0.000744967
0.000746124
2.50272
0.000745776
0.000783891
0.013079
39.0657
30.5113
0.0127379
0.229685
16.48
29.2379
192.758
0.000718274
1.12561
0.000746512
204.585
0.000746246
0.0658573
0.000736966
161.031
272.379
0.000746385
434.298
256.109
0.000915464
0.376351
0.00306345
0.614475
0.6844
0.000740124
0.0021687
355.958
14.1417
7.07185
44.6284
121.778
0.0602213
0.000724123
0.00113533
0.000916694
0.000741356
28.0487
0.000733813
0.000745882
0.0921028
39.7254
84.1339
43.6706
40.5911
4.63723
51.0708
362.121
0.000723142
0.0019997
0.00132931
364.838
81.9848
44.2009
0.641473
94.4804
99.9805
386.648
0.000698284
0.581973
18.9165
14.8901
330.557
34.9406
175.479
372.9
0.000708769
0.000779911
133.068
230.901
0.158028
0.000809615
273.788
0.0227976
155.261
0.000740111
0.00921435
0.00413805
0.355899
0.000719064
219.638
0.939943
67.7179
139.707
0.000919467
0.000753814
0.000718881
4.39855
0.000744985
94.874
10.3307
0.000732995
0.00237913
0.00286059
0.00746866
0.000757259
0.000754727
384.984
0.000782561
296.766
182.845
87.3214
146.933
0.000754093
19.5574
27.256
123.924
0.000809785
0.0875581
0.386986
0.00073564
33.9728
0.000901635
57.4397
35.8445
0.000749912
66.4069
0.0276214
22.6813
0.13628
0.00819378
22.7487
0.000737623
158.84
110.72
0.000752711
2.51673
118.469
0.000734268
0.000767624
0.000752842
164.591
389.555
0.0785983
249.005
0.00376509
206.776
0.00120586
0.000744599
0.184896
0.000710208
0.0619084
29.879
0.000690516
0.00079263
0.0159334
0.928019
0.00127011
12.7424
0.00075612
0.00377356
220.148
396.753
0.0236541
0.00070723
430.411
0.000742961
0.000723588
61.4432
162.803
12.2638
172.111
23.1697
0.00138843
0.000757729
0.000754509
6.11826
0.00182886
179.393
24.3596
388.594
0.0751537
0.00201291
1.23274
113.781
2.01892
0.0233341
14.5543
0.000696364
0.727507
0.000752672
0.0970776
3.00277
0.000743539
0.000750685
3.21668
0.000708741
0.00237839
34.1408
74.8568
204.598
0.0080563
423.891
0.00786946
382.79
238.363
3.18269
71.0416
1.61594
1.99326
0.000745509
0.000808291
39.2868
30.4736
0.0323347
0.000686213
89.8814
0.000763453
203.48
387.685
0.000749036
0.00074493
0.000755558
374.509
0.0767242
0.000694405
0.000943145
41.9215
0.003611
0.00149622
79.8728
0.00400242
0.109256
110.413
0.00397025
29.5656
0.00755572
61.5764
0.00075581
68.0471
131.825
28.8769
0.000745153
147.283
148.777
0.000754247
66.5456
84.3617
33.5372
0.000775314
48.9961
15.1003
34.7702
165.72
0.000827789
0.152308
61.732
0.00587119
0.0601369
0.00652932
16.2314
292.21
0.825219
54.2064
248.313
51.572
38.9935
0.000749069
264.636
133.054
84.272
48.4002
7.98009
63.8665
316.376
1.48515
0.0213423
0.00124772
37.4423
0.000747973
299.889
6.52242
357.098
0.000871119
0.000812465
0.0869367
100.767
0.0728834
0.0024292
306.786
0.0013659
38.6614
29.3389
0.0189447
0.00289314
14.5128
0.00589115
0.536912
0.000745968
6.30938
0.000765326
6.50917
0.000731575
0.00180584
0.00100026
0.00424708
0.00134442
62.2381
1.64221
74.0187
0.000858904
0.000996215
0.00213977
0.000785053
12.7132
63.8281
0.000730253
40.9804
0.000755761
126.012
94.5628
327.232
0.000982804
0.000746634
95.3425
119.565
245.781
7.15717
0.0517729
15.9476
0.000745261
180.719
0.000741802
4.19544
0.00394138
0.000735926
0.412307
376.211
94.2026
72.4574
4.80384
0.00221986
0.000742467
0.000818827
61.5407
0.0906509
0.000787249
0.000950817
22.6942
82.3211
105.015
8.69457
10.8739
76.7171
4.01296
393.993
0.00856305
0.00193739
162.473
0.000736702
0.000746746
47.9472
0.000910467
28.4058
0.00115183
151.787
162.316
0.000757773
0.000734841
158.442
0.000911469
0.000744991
360.688
4.84335
67.3033
102.688
33.7139
52.0037
0.00580826
268.006
0.283263
0.157071
13.9084
235.119
0.000759546
95.7092
76.0994
0.000763066
275.181
0.110888
59.883
0.000732465
105.119
0.0399104
12.2387
36.214
0.00515124
59.124
0.00162851
0.00449368
0.247113
14.9122
36.7882
74.4774
0.000753611
109.697
275.325
0.000739551
0.000747537
0.00072884
0.000756871
239.466
0.000737849
4.74013
190.158
0.000751981
0.00779736
19.3956
0.0131583
0.000758482
0.000755708
286.138
14.7727
0.000762848
138.827
47.3636
31.2701
14.4198
32.502
0.00738994
0.0188004
0.000741034
0.000924001
20.7547
291.833
0.000754122
2.21369
121.297
3.80261
78.0401
34.9495
92.474
16.379
56.7116
1.36789
116.467
0.467704
0.000997599
14.0607
0.00075389
8.95121
104.357
0.00173253
0.000827578
182.768
10.9691
214.365
198.592
0.000736038
0.00383626
0.0302784
1.32173
152.003
0.000737687
0.000747531
0.000772271
0.353348
0.000751239
27.4915
0.000758577
0.000731615
0.416422
0.000869437
16.8951
0.000824563
47.8464
259.063
6.91671
2.11737
2.18182
0.0251231
0.000949596
0.00652207
0.00239444
135.149
242.932
108.45
290.843
40.9864
0.000709398
35.405
174.988
0.0192445
0.000746286
0.00075821
61.0795
0.000873631
268.402
7.38834
23.3434
201.851
0.00096921
381.196
0.00083459
2.34361
0.000869693
0.0888134
92.7875
30.6129
0.000754257
1.30395
34.4779
28.9005
82.4267
17.2163
4.83383
351.158
168.839
1.10914
107.808
134.593
0.000755842
0.0833189
0.00070778
0.00162332
0.00213841
156.97
0.11503
0.000903848
0.00118329
1.79209
381.538
79.0914
0.000747957
219.467
10.5305
0.819506
0.000730996
393.189
347.906
229.258
132.899
0.000726153
63.5179
24.1841
24.288
44.3765
1.13155
307.157
0.000850493
0.588783
88.8531
61.9148
0.229626
128.928
0.000814783
293.164
0.00141196
37.5107
267.881
13.128
58.2675
199.17
100.342
0.000730414
178.689
0.0024189
79.4933
0.00163325
0.926005
0.000745122
209.823
0.000737958
44.0875
254.338
286.591
4.27108
0.000819012
0.00372312
0.000742255
30.6426
0.0007585
15.6809
0.186859
0.217397
0.000761374
0.000954632
159.266
72.5144
0.0571989
7.6208
0.000724234
0.000761313
0.0306015
0.00686296
0.000731091
0.000729779
117.089
0.00365589
40.1162
0.000895853
88.3548
2.74683
0.00068763
0.0642063
0.000859141
155.547
0.00399116
28.7215
0.000747388
0.00173192
8.70005
0.00274751
0.000765133
0.000750855
97.0975
0.000742716
0.000751069
13.8988
0.561355
0.000729725
137.902
233.714
0.0140884
0.267211
0.000924878
66.9927
203.046
7.80127
0.0022374
76.2392
0.00977645
0.00518319
317.891
0.000803788
199.109
80.4462
104.119
77.4101
153.662
0.000723306
7.14233
5.72326
26.9179
0.0482719
20.1898
0.000960366
0.000960296
107.739
0.632532
0.000860554
112.183
113.176
0.00074244
77.6906
150.397
0.00119096
0.211181
0.000751137
34.3177
139.604
27.1703
282.845
4.62719
0.000923645
28.4524
0.000746287
369.699
126.926
167.934
101.867
329.234
249.712
142.79
0.0142595
0.000745546
30.5417
25.2299
0.000723253
0.000738379
93.9319
37.7794
18.9445
63.901
0.000765879
27.1258
0.00073085
368.084
0.00452799
220.055
35.8641
0.00105329
0.000762052
166.886
0.000818664
108.306
0.000830956
5.61121
301.22
0.000740935
0.782997
0.00168048
0.00167283
190.451
28.8241
0.00159711
178.959
91.1692
0.127703
0.00136244
38.4622
0.426645
18.7114
40.1868
79.909
0.00077726
23.1561
146.883
373.538
203.728
0.0135627
8.86056
0.000746317
51.5362
113.041
0.256958
125.431
65.2002
17.2368
185.347
0.763428
0.0348531
0.00275085
173.193
0.000751207
0.0328988
0.000875764
0.000746638
0.000743967
8.82862
14.3992
245.803
294.908
208.412
268.838
0.000744169
0.00197621
232.401
29.7893
478.754
0.000734166
379.435
86.0587
307.366
41.5356
98.1432
62.106
418.747
0.393624
2.53584
0.196371
390.737
11.7059
0.0016442
0.000764501
267.965
318.972
249.669
140.096
0.000719786
63.9565
0.000740016
397.39
0.000869113
5.45482
164.624
0.000724669
1.07562
74.3897
25.3606
0.000760416
143.259
0.000740875
0.000770431
0.000729696
36.7108
0.000733923
0.00820917
23.6792
4.55963
520.588
0.000710579
27.8759
10.7781
0.000745469
3.07252
28.0997
388.666
4.62802
0.0708662
35.3771
10.9782
171.72
32.0614
0.383753
0.000714312
47.1069
0.0767477
289.549
0.244265
0.00076187
50.175
34.0133
124.34
75.5755
20.953
52.1981
376.412
0.000745223
0.000798811
366.06
12.7739
0.000739977
0.000747285
217.738
290.189
142.14
0.00226933
67.9754
426.948
0.0011919
0.0124697
0.00139004
5.50298
8.02313
0.00570727
0.000734995
6.57024
0.000900664
29.0036
0.00378218
0.000762656
0.394599
4.7785
1.9525
0.00501377
0.00108291
0.261547
0.00092676
0.000728654
30.0842
0.805058
0.0208068
13.3099
72.6909
1.57364
158.648
0.000823836
5.88196
302.844
0.00103603
0.384038
508.513
0.00479751
3.95803
62.3984
0.109791
44.8838
93.3485
2.38034
237.725
423.815
0.000750893
14.401
27.1629
142.307
0.000810074
0.000749425
3.49712
24.1658
0.000756144
0.00373387
17.1801
0.0011537
0.00075848
120.471
10.2528
19.3128
0.0747379
0.000760512
20.7161
75.8092
0.000757395
143.112
0.383393
4.10213
114.704
99.1517
2.00901
97.7356
0.000748716
2.54848
222.043
79.8945
259.223
104.047
0.00074757
27.4048
15.4703
0.000742205
0.000731461
2.12147
0.00382365
0.140786
7.4442
89.9909
0.00143402
140.944
239.453
0.00148087
95.3944
146.628
67.2186
291.038
145.62
7.55345
0.000801052
0.000747436
0.234959
153.311
0.00377292
384.615
0.795968
3.88039
0.000858965
46.7357
2.97004
0.00394891
0.000776682
0.0030979
0.00158984
252.178
0.00104812
184.59
4.1399
0.000726649
0.000828225
0.252364
0.261104
54.4125
0.00505214
0.0270696
257.663
0.000770826
56.8572
41.0137
2.20141
0.000755706
151.225
26.8769
0.00161873
17.9279
0.000762639
48.207
0.00139252
0.00149415
0.000732545
71.9927
103.521
6.85939
51.4125
89.3655
0.00521415
0.00221483
71.0497
19.278
313.253
0.00102016
117.4
173.983
133.967
199.679
0.198845
94.883
134.021
0.0228686
16.0389
238.167
124.768
64.7516
133.861
330.398
0.000744939
0.00664116
1.47217
0.00094001
81.6317
2.28325
101.964
0.000754618
54.5928
4.65825
69.3171
0.000734357
120.13
259.15
37.4687
86.7668
0.000705424
26.8401
0.00164065
0.619836
0.000757453
0.000761049
418.363
0.98802
0.000803729
106.763
0.00494762
364.359
399.905
0.00666237
400.804
242.04
0.000774701
0.00117141
34.9559
38.4309
0.00611651
321.578
3.45606
296.476
0.000756512
77.1129
73.5246
0.119075
1.44765
49.7321
0.000706413
56.1245
34.8399
269.269
45.7839
0.000758357
65.9578
4.72797
0.00076395
0.906748
0.00640613
0.00515662
0.000789106
1.22467
336.596
0.000780664
0.639946
17.9844
0.000736787
0.00398088
28.034
0.000956429
70.9734
0.000739497
253.42
27.6254
40.7207
26.766
2.03266
0.0463852
366.275
3.70242
247.055
0.000743594
67.2703
20.4623
0.0405531
77.845
27.0089
97.0648
312.276
15.9208
11.5154
0.000756008
0.0015802
60.0889
9.97312
263.642
8.46481
0.00783996
0.034366
0.0743468
0.163693
29.0182
32.7048
4.1847
0.000839681
293.396
82.8916
0.000815901
28.353
0.00239824
64.0207
0.000759797
145.707
0.000748467
2.94781
3.94141
254.527
0.000834082
0.0809844
0.0716427
74.807
21.3595
0.00174033
0.001518
0.000747253
0.00363466
0.000839282
172.809
231.97
0.000730145
0.00074819
99.2689
0.000807661
93.7967
108.96
4.38142
0.000757247
70.3733
77.3801
171.865
41.2205
17.5223
35.6333
0.00104812
0.000731797
151.634
0.00572054
0.000741265
0.000743833
69.4407
0.000790376
350.497
0.00074622
13.0719
166.12
12.558
27.2855
348.405
0.000733359
4.47298
146.358
39.4281
214.067
0.000763583
0.00102501
0.0688568
380.388
189.539
0.000768473
0.00155137
0.042638
27.3924
360.823
28.5299
0.000785888
10.0271
211.067
0.0720886
0.00074688
0.0238752
234.34
5.25824
28.2576
5.26575
0.00072609
11.2479
0.00493746
33.1982
0.000745783
0.000868404
343.051
90.2411
387.765
79.4852
83.5887
76.917
75.9855
291.682
219.758
75.6929
0.000869642
23.8377
96.0937
0.0109042
0.000755964
0.00119869
0.776178
0.000841278
155.388
75.699
246
0.0759795
43.5891
0.00801191
190.553
104.737
0.00412982
1.3715
58.0804
0.000854339
291.061
4.59469
0.000748385
46.9546
0.000758586
0.00080665
0.001517
12.1702
4.73247
12.6066
0.000727846
8.3169
30.1191
55.2092
0.00360912
23.6591
0.000760035
90.8868
1.168
0.000703627
0.00174334
59.9634
0.00250519
124.725
0.00324706
8.59857
0.000892643
0.0015934
1.09466
135.028
60.9586
0.000738476
0.000796045
0.000886876
0.000827093
0.000739053
81.0919
0.223036
27.6402
165.065
0.00071766
52.722
0.000751794
29.8385
34.9899
190.044
326.877
0.0720193
23.5387
0.10174
0.000754829
0.584123
155.154
2.98722
0.00446046
0.182754
2.61534
0.00075948
268.547
0.053914
0.000703986
0.0259217
148.667
25.3322
34.777
60.9668
231.246
0.633993
36.4577
0.0209833
128.863
3.03952
0.00130626
0.000789787
22.1241
0.000933231
25.8452
41.9941
55.9809
82.3346
315.066
0.000739073
40.8586
0.00647688
0.00095458
167.557
346.383
0.0185164
128.082
245.593
133.82
0.000922287
0.00101024
0.00361086
0.000743714
25.4919
115.807
0.000740971
0.000759861
0.914065
0.000813681
34.7915
0.013867
43.6464
0.000757868
42.124
0.0399041
27.7892
0.000749263
0.00235522
244.614
10.871
272.101
36.3895
27.8887
0.034931
187.703
181.992
0.000745009
0.00158458
0.000750785
262.133
0.0835805
2.52176
0.00412955
355.584
3.35208
0.00189352
0.00499215
4.46571
0.000749983
5.83246
0.00104341
356.82
383.687
0.000983882
36.0223
0.000713481
68.1575
0.0356488
229.448
33.6488
0.0170839
420.272
226.267
0.000746553
332.026
162.964
0.00240503
0.0100037
117.538
32.9454
149.696
0.380465
126.628
18.103
121.905
175.965
8.65308
0.000745752
5.83033
0.0011635
0.888611
62.1913
113.549
91.8656
221.071
212.034
67.3336
0.00101847
3.11737
0.0234105
0.00220207
11.0834
0.0780717
70.172
0.000764604
312.062
0.0497711
171.315
249.942
22.5807
154.861
27.1321
0.000847291
69.6528
44.5056
126.901
150.175
0.00247583
4.21794
0.001224
128.972
0.494342
28.2221
0.000743523
84.7928
415.136
197.832
0.000928178
0.00109807
0.000816351
0.0788068
0.102498
81.0633
101.086
0.392667
123.083
0.108316
66.5718
0.000740203
0.0414871
0.704302
315.01
390.92
259.805
1.94114
0.529418
0.000748931
61.9389
3.58077
28.8061
339.684
30.7863
328.28
292.468
0.000721712
3.4725
0.00093874
0.00780812
0.0766935
0.00229574
0.000829974
0.81567
0.00284555
101.389
47.3191
10.4181
0.00346713
28.2398
133.878
0.00106192
0.00169429
216.59
0.106329
0.000729546
28.4534
203.38
28.1954
2.92001
0.00220786
0.533721
235.503
0.012127
52.2315
42.7427
81.6701
84.8053
51.9418
0.000734871
0.247917
158.824
0.456126
0.880145
0.00160307
7.99456
0.0347183
14.2487
0.000759909
0.000792768
6.61
0.0800009
331.014
0.0036934
335.481
53.6524
0.469699
214.727
0.00338754
155.545
232.87
194.015
0.000722822
49.6063
0.000811251
0.000743471
0.00212269
0.000716966
31.7085
0.000789281
84.2357
0.00151006
39.6762
3.55961
0.000739973
5.0147
0.000725624
44.6744
0.000724816
0.477507
185.205
27.8289
0.000744776
398.798
13.3524
61.8166
147.704
10.994
64.7002
0.00200021
77.9178
0.185731
28.0299
156.638
28.2828
0.000894204
0.000882343
0.00122406
67.2095
7.75779
0.286339
0.000826975
0.000996191
0.000760587
96.503
0.276682
0.000722113
386.744
0.00074257
87.8589
93.3256
4.53093
0.000741402
53.5717
114.184
135.029
28.5195
57.3725
0.0007308
84.904
22.8361
154.415
0.00137979
1.4256
64.4233
15.2733
0.0462747
181.053
8.1546
328.987
113.856
42.1474
7.91571
0.000814285
0.000705864
1.46107
0.486007
134.745
1.1153
139.711
50.6802
0.00095984
0.0727012
0.000855064
76.2872
340.972
0.738159
0.000742074
0.000745446
149.484
33.3213
43.7485
361.202
0.000736347
250.988
0.00163396
0.000996381
421.845
391.457
0.000746264
22.6534
93.1184
63.4649
0.00229487
0.00152525
7.72206
0.000703223
273.375
36.2282
43.9603
0.000752601
0.000751538
49.5561
15.3953
243.625
0.000753387
32.5704
196.587
0.0313021
0.00237894
34.7367
67.6374
337.761
167.912
23.068
1.11267
107.533
0.00111444
160.821
106.07
24.9467
0.0407839
87.8364
0.00374564
0.000737709
390.179
5.93513
0.000730986
103.668
42.682
0.000735074
0.294944
326.67
0.00454631
31.7956
0.000762515
0.000906971
41.4598
0.0082363
2.86442
0.32102
0.000717325
139.253
15.9619
10.3803
46.5206
32.4457
4.19398
34.4168
13.2748
0.000734526
0.000764125
15.8461
16.5574
0.611947
60.1913
88.7666
17.8098
0.00354072
0.000899831
0.000785779
0.000763355
42.5772
6.58732
321.351
42.4441
280.377
4.51633
165.834
5.60493
0.000791962
0.0010201
48.4997
8.13656
49.1711
101.746
196.897
0.0129272
0.000757982
113.635
17.7066
9.27638
0.00341045
230.907
102.513
50.0295
0.00800005
0.000772494
0.00199766
34.6648
329.724
0.00259181
333.596
0.0461706
314.435
0.537295
0.0057839
0.000762586
0.0560677
91.9447
0.0879107
5.83922
0.0487115
208.114
0.000729056
53.9252
2.9264
0.000743856
0.000745371
67.4594
164.704
21.1005
328.968
30.0826
107.901
29.6322
0.000998433
9.03194
0.000757129
0.000727078
0.00194911
112.812
36.8176
205.892
0.0457961
111.612
15.3531
93.9429
32.6656
76.7215
0.00123683
30.8418
404.175
54.7009
0.00211512
191.401
0.00139839
0.0384106
23.1522
311.602
108.202
104.555
0.00435054
276.261
0.00102035
157.036
46.097
113.591
0.00072075
46.3164
101.444
0.0122433
27.5923
37.1543
292.711
11.1871
0.000865295
237.128
10.0877
0.000793362
0.000743048
365.838
1.09109
55.9496
0.000696516
0.110915
248.318
371.276
29.5341
0.000896013
102.816
108.693
51.8476
0.000736907
0.197043
3.2782
262.899
252.113
36.9075
119.086
0.000850086
11.357
8.44017
33.1104
0.000763453
0.0663652
57.9751
0.000736259
57.3661
331.058
77.124
0.000715465
0.000717369
13.8185
28.0272
271.431
27.7161
12.7199
0.000741206
0.00129844
0.00154516
189.641
82.1296
16.2748
24.0425
386.52
36.5221
128.967
313.468
0.000741262
0.943486
46.4964
35.8281
174.462
11.2874
74.3088
253.292
144.269
76.0594
0.000752155
415.395
112.604
47.0144
239.302
383.294
29.3655
0.000961933
23.4015
396.881
55.5671
429.971
76.0979
113.333
237.155
61.0183
257.074
119.706
180.906
200.156
70.3751
0.000748392
90.8886
0.100516
0.594696
0.000798622
317.126
296.551
0.000886886
5.17485
49.9058
74.2955
0.00553495
0.000735414
430.777
112.853
0.000765491
95.0683
0.000729445
8.04036
1.40408
286.561
55.3327
92.6406
0.000747666
298.782
104.023
0.00127792
0.000722642
66.197
17.2576
17.2271
6.64527
37.7911
31.7486
97.7972
1.49601
0.224695
0.00075154
0.000769108
199.458
24.473
34.9146
39.6939
2.59371
0.000749992
0.000736144
256.698
23.4879
2.41904
0.00129017
0.000818287
318.693
34.4159
93.7821
0.00070307
35.424
2.20266
113.878
53.0113
46.5245
0.00184478
0.00099755
0.000948823
0.00076995
142.522
0.000750061
40.3111
114.245
9.63835
0.0469504
16.0524
0.00219602
38.3578
6.68563
0.00882541
0.000997707
26.83
20.7743
0.000760459
97.4096
0.00189455
49.5174
0.357053
0.000909634
427.926
0.00160759
46.3168
0.000706973
0.000979754
237.088
37.3474
2.64007
0.0346404
0.000754108
7.21798
0.000729733
49.9606
0.00100294
0.00211558
0.000735947
0.0286166
93.1586
122.612
27.1716
119.081
352.524
12.0203
3.45597
209.235
0.00169113
178.194
9.72051
0.0017798
0.0445335
0.00100213
28.346
27.8425
40.5823
1.52897
0.148412
3.30676
0.000970292
309.741
69.2135
112.351
44.4385
0.000739171
22.8984
1.1377
66.702
53.7203
15.4969
30.3413
0.00074621
295.159
2.69656
196.894
92.2722
176.942
131.569
0.284496
2.42707
5.14445
0.528075
0.00123019
404.653
0.266582
0.00317028
375.991
6.35242
71.1331
223.317
109.435
225.933
64.3802
5.08055
0.000683743
0.0162581
0.000713584
48.1548
178.426
27.8815
0.0199364
0.013272
0.000748071
69.3851
28.4042
0.349837
0.000749885
26.4449
0.000831949
0.00261401
52.2188
231.959
29.5734
0.377985
239.724
0.000971155
308.309
23.2435
20.9531
0.000754047
18.2298
10.6138
178.592
52.5627
260.132
91.6846
395.613
0.00720433
0.0501576
34.0718
18.4851
0.000743452
59.4761
0.000736638
0.000718369
304.246
0.000772772
50.4138
62.1507
0.000816454
0.00104708
39.9285
64.2201
228.783
306.413
0.00114866
0.000713131
0.000731493
49.2556
421.069
1.7464
0.00073246
0.00281536
52.4862
10.0054
18.803
0.000759178
34.9283
33.8514
61.1165
237.904
365.673
46.779
0.000707122
4.44002
0.000933568
44.5953
336.382
0.000819462
0.00463166
2.73553
0.000935192
0.0026568
0.0546255
44.0373
117.63
0.000913209
116.455
183.971
0.00384881
8.48749
0.317091
57.3781
0.660086
52.081
0.000760598
176.345
0.00101071
4.29155
85.3142
0.00102111
0.000824237
0.0176435
0.0674151
57.4025
32.4299
315.597
62.086
0.246365
0.000754576
158.174
77.1857
214.472
84.7465
0.00128287
0.000784232
38.1937
18.5075
1.96294
26.6458
186.501
20.3955
24.6283
123.524
0.0560752
2.25027
34.4355
0.00378813
0.0183973
8.38832
0.000769677
110.521
0.00107684
14.7152
24.9751
0.0870431
0.000895685
0.000916113
121.871
3.63213
57.7421
0.000747569
0.00124726
54.524
28.1126
0.00217072
0.0596448
117.056
27.8233
399.992
70.3401
0.0140261
174.68
0.000752262
0.000852296
0.000831555
98.4099
0.000751171
0.00075617
0.000739619
29.8025
0.633817
0.000753034
62.5723
0.000740427
70.4165
0.00102451
63.8415
0.000728793
0.0256437
491.528
5.18762
220.635
26.8833
17.1072
0.000740231
123.327
59.4152
13.7351
322.996
0.000780474
161.784
0.000743902
0.0202743
0.0207773
0.019508
2.88082
374.886
0.000745342
1.51153
0.183299
185.565
0.000751625
1.08262
0.000737962
0.0201339
83.1506
69.8564
0.0732929
112.566
0.111174
0.000757724
241.205
0.13678
35.8637
127.518
0.0213844
376.606
32.7336
17.7582
56.1617
18.7712
0.000720659
0.000755825
35.4925
0.000747258
165.57
38.5623
0.000908994
120.112
0.000749642
28.5265
0.0091722
0.000711361
0.000779734
93.5988
1.92921
0.000793695
0.00276359
194.372
312.127
0.000746728
5.19697
180.755
0.00074933
0.00144926
0.000839482
66.8452
52.3442
0.000784683
83.4866
0.000720273
57.6129
11.2998
3.15791
0.00074716
124.806
15.5078
56.8508
0.00247663
0.000747881
27.6335
0.0654231
1.35903
0.000740936
0.0971493
0.000747414
0.228174
31.1883
0.0524938
56.9324
0.000746928
51.4722
24.2201
102.272
177.739
0.000690383
19.9228
146.547
58.9521
0.0365005
0.00820629
0.414657
14.1962
0.000735684
0.0800522
225.382
200.892
0.0208604
116.079
0.0202357
0.000950777
106.308
366.467
18.7638
131.324
0.000762035
50.787
0.0934475
0.539997
116.208
0.000837422
163.154
0.392707
195.813
0.000743526
207.931
0.000763813
99.9553
0.0037583
9.89858
176.787
0.0014533
8.06747
0.000747365
0.00079572
17.6914
8.4753
48.7886
0.000879044
0.000734995
0.000742878
351.514
126.556
0.000742221
0.000732737
0.000758603
230.754
54.8024
47.8772
323.515
137.061
214.282
207.269
15.3033
129.624
0.000721884
48.3965
42.1373
61.0205
0.000821557
121.136
32.2043
324.058
173.95
162.024
0.951982
29.045
0.942709
71.9887
0.00086758
0.00135863
376.475
0.000715089
0.00073856
355.668
0.0020775
192.035
0.000744602
0.00179967
124.813
28.9114
0.00127405
54.2411
0.000740786
14.9324
106.843
20.6778
304.799
27.8622
59.5192
0.530334
6.61124
0.916374
0.000721254
355.367
0.000841258
0.000829363
0.000732873
44.6001
362.082
0.000767003
73.4933
103.585
0.00123844
0.0204527
0.00089298
202.29
299.773
0.00290162
0.232861
0.434282
0.00126066
25.9706
41.6834
6.39909
0.000761604
0.000874738
6.2725
0.00289911
0.000746682
1.25995
234.85
46.0091
0.00918738
128.364
0.0810913
0.00169998
0.00074568
0.0829434
1.40832
73.2119
360.569
66.1635
54.0909
127.409
0.000819906
0.00124174
0.000735152
0.177436
0.0117642
33.3444
236.767
0.000758057
29.7349
110.687
53.8611
0.351193
225.925
0.00140083
0.000735786
98.6439
0.000842578
0.00103777
431.279
1.09609
0.00136449
0.00487057
0.00118922
34.2522
0.00390525
0.382831
20.3364
502.08
0.159336
53.5068
10.9462
0.10651
0.000726165
0.000724604
0.000880697
28.3061
0.000968803
209.548
0.0194345
36.0579
20.6799
0.000688421
26.4088
165.504
22.484
32.0518
2.9298
28.4986
6.62243
223.388
0.00100687
14.5604
5.35107
119.786
16.9489
1.17216
0.145147
33.0433
228.491
385.328
414.409
0.000733381
63.2662
444.306
173.226
0.000701936
204.273
374.57
206.858
102.614
29.4537
44.95
0.00126131
7.25984
0.000761482
30.1685
0.000758265
73.4344
242.255
0.00244183
124.241
189.383
392.861
0.000745557
2.07879
30.1621
52.2858
33.8891
198.116
195.529
6.25768
0.000797195
7.23017
0.00127237
0.000717866
1.58109
0.00380347
0.00114643
0.397675
223.501
28.1058
0.000763294
0.0946742
70.1692
157.231
0.000771096
0.000760837
38.7381
0.618728
0.000744153
0.00121298
8.19683
329.905
1.25814
0.0273224
0.204737
0.000758372
385.931
1.37005
253.638
0.000765167
0.000770697
0.000884646
24.7935
188.378
148.719
23.3042
0.019496
412.502
133.341
0.0180385
0.000757058
2.75174
365.771
23.7994
317.142
141.637
0.000852089
39.8751
9.52149
29.3455
37.6419
20.5584
0.0011778
151.45
0.000752797
30.9827
0.000715587
0.145877
225.632
0.000736676
0.387588
245.663
0.000794643
46.8972
69.0642
37.6097
0.807413
98.3888
232.016
0.000986306
52.5405
0.000748567
60.6526
0.000754852
299.864
6.87858
4.51506
18.9104
0.000744522
140.944
0.237799
239.546
0.00181587
3.33092
6.34423
186.685
274.66
0.000760282
0.0745317
100.469
0.640836
0.0011699
59.5804
1.08723
82.3941
0.000926086
360.199
12.3848
0.0447199
15.1506
82.2573
57.7934
6.92253
0.307515
30.8994
2.23798
0.0170174
0.000723471
0.0913337
16.4727
0.109237
0.00074645
70.2871
392.023
6.54459
0.0126942
0.000744123
32.1153
32.7046
27.9921
0.151687
1.31532
232.134
0.011328
0.765866
27.8079
505.545
100.282
241.429
0.00074257
152.934
0.000879503
162.408
39.7814
423.586
326.54
18.4634
0.00214735
0.000770563
78.7813
28.3168
49.7931
0.0016944
0.000751236
0.133516
285.825
0.000750053
11.9062
6.08647
0.088532
0.000775016
360.426
26.3957
222.583
0.566025
327.013
27.8901
45.9141
0.000736556
0.728908
127.171
35.1437
0.4465
0.048853
31.1298
0.000749435
477.443
37.3058
0.00256999
0.0011485
243.948
103.506
37.696
264.2
64.8185
320.298
0.033151
166.17
265.551
1.52668
0.0719076
81.5272
0.00199845
128.53
72.313
1.84798
0.0038685
0.000794865
375.746
96.3195
326.937
0.000747031
32.8159
170.191
16.3742
70.8903
0.000770884
0.000841267
171.541
42.6378
0.000963461
0.00311718
22.472
94.6621
192.013
130.419
48.581
0.000746574
36.1187
0.432798
418.224
55.6027
32.4802
3.02892
373.995
0.000969244
0.000849413
220.193
2.51221
0.00080323
1.28082
126.652
4.2947
88.1442
0.00356744
0.00093732
54.5041
22.3177
75.0877
0.00313974
198.248
0.000736249
45.4693
0.0008325
0.0119303
276.865
0.000772372
0.00307807
63.9868
0.000774788
0.000793037
0.000689886
0.000738898
68.7006
335.828
0.00112716
5.09118
10.0979
1.67569
43.155
0.001058
0.000784828
0.00178236
144.317
146.686
171.511
0.00867894
0.00668351
0.00147177
202.064
2.18005
47.3118
4.66847
0.000802786
284.488
20.5482
0.00116823
79.3091
95.3625
0.000741959
6.43058
0.0184791
0.000758186
376.017
0.208966
0.258069
5.51181
0.00076401
0.00173471
92.6932
43.9587
0.000785844
0.000756042
435.541
0.000857899
0.000746903
0.000722272
0.000770447
173.657
0.56948
38.5634
2.33843
165.933
32.4517
57.8919
325.276
0.109314
48.4066
0.387954
69.6245
28.7771
69.2846
27.909
4.40554
39.7407
0.000737352
0.000936879
0.16887
0.00076932
0.498331
0.473138
0.000753644
96.6105
0.0318186
5.14057
266.408
107.384
0.000704886
0.0300838
74.6475
0.208548
0.0098034
0.000756842
190.12
1.60607
56.128
39.3444
0.106544
41.4988
0.0243293
28.6064
86.5587
0.00074223
0.453967
44.6362
0.0404362
31.5553
37.9274
427.684
86.3769
178.795
0.000742891
0.000762273
0.000743865
187.533
10.4042
10.6393
0.000743695
0.0011344
72.607
0.985671
0.000887334
128.839
74.2828
0.00123489
0.131922
134.473
0.000783135
0.0768737
0.000744487
72.4845
0.00171323
0.000743409
238.868
24.0635
0.000717466
5.9225
0.22699
0.000733925
0.263325
2.90683
0.00088724
0.217865
84.5181
0.0664257
0.000746732
0.000757308
11.0909
0.00102309
219.618
0.0011654
177.024
0.000719708
197.29
52.5211
0.0844146
63.5765
265.996
240.149
171.075
115.172
2.24929
0.000739197
0.000753115
0.000737288
3.36754
89.5693
347.173
0.000704333
0.00243984
0.595182
0.000756513
119.168
1.36836
0.000821133
385.803
14.4469
15.1894
26.1292
6.34977
7.84786
0.736458
107.906
62.2315
6.03918
0.000778084
0.000751672
0.561219
0.000748379
30.6304
168.593
128.36
235.672
0.000729476
90.1212
0.00101247
389.112
256.556
23.8739
84.5441
0.0245363
6.36084
0.478155
18.5061
4.72604
3.27531
209.046
100.964
157.838
0.00166056
387.64
0.0729459
0.000965997
0.00840798
0.00305565
0.398686
2.29554
141.526
227.71
13.9738
0.00117015
89.0169
398.356
423.943
0.00101237
0.00224187
0.000770338
156.667
30.4453
1.6232
70.734
0.392275
30.1208
169.433
6.52332
244.392
0.00123092
0.00108578
281.326
0.000712122
213.762
95.8068
23.6841
74.6551
117.552
95.7533
341.012
73.7665
414.138
0.00122283
0.000745916
0.000716261
0.00417171
222.943
6.14883
15.6453
144.49
0.0407159
0.000701386
0.000770956
0.000832816
0.00112675
163.277
0.000799909
0.0474611
115.303
0.000721187
0.501778
130.513
24.4032
426.51
170.31
96.3512
483.261
3.55545
294.003
33.8694
417.139
385.283
51.6789
106.109
2.46093
79.9912
163.692
0.000753876
0.000751843
156.586
28.523
44.7267
0.08307
0.000742545
0.000754489
29.655
32.7412
0.0283263
0.283585
0.18178
0.000848102
0.0202064
0.000747243
0.000747996
130.488
193.374
150.731
0.000802397
0.00106145
0.000805418
153.954
152.306
0.000759053
0.0412083
227.074
0.000745997
0.000743312
0.216376
8.16035
1.84599
46.4423
0.000730361
0.221605
0.000728056
0.0028349
0.262005
2.23396
0.000761283
0.0465932
0.000976544
0.413484
0.000750239
0.000712427
0.0470325
58.425
166.393
16.473
57.4466
77.3052
48.6437
26.0577
22.8629
210.898
6.68152
0.00117444
0.00117398
164.208
31.0166
1.81432
0.00393106
0.0956828
247.659
3.21656
84.2443
0.000753438
11.7836
0.0164432
0.000847347
158.463
0.00136755
4.51525
217.962
181.857
59.8154
36.6662
422.988
56.3291
71.9192
49.8289
113.04
22.0554
3.99305
0.000975825
0.00303012
107.053
2.82789
0.0891581
25.8634
0.000701091
218.598
0.000754323
204.645
3.63128
417.626
142.207
0.000739251
133.858
6.92475
28.8011
0.00094836
62.3276
0.105551
84.6567
0.000724733
0.000733159
202.873
0.102549
53.8623
82.8353
34.0751
6.65549
0.00158934
0.000702576
29.3135
1.28422
19.4405
0.000753485
152.862
0.00154708
0.00401392
0.000951164
65.2391
219.807
0.00530669
49.9458
0.0594938
1.89628
433.852
0.515694
0.00171869
9.61473
217.451
25.6199
0.000758468
400.805
125.71
37.8103
0.000765008
2.19629
0.000904261
10.3893
26.7544
0.0537353
0.000950506
0.870006
369.411
1.28277
1.58764
0.0263071
133.43
0.000854311
252.308
94.8184
42.0264
229.603
2.72585
26.2813
83.07
32.7161
0.00107217
0.00079728
0.00113749
78.4917
0.000967695
0.000734285
133.594
0.000763304
0.000780172
75.3597
163.114
64.7573
379.089
64.337
0.00124964
72.7106
181.693
0.000732351
66.4053
6.79172
0.00143696
1.04461
312.806
99.43
140.563
27.9343
0.000699648
49.072
121.62
45.9301
162.721
184.717
7.76589
27.9795
148.616
0.000781435
126.451
27.3618
32.1678
60.7797
0.00270117
239.195
37.1215
0.281817
0.00107699
377.699
81.2318
87.0134
0.221897
0.000852517
333.55
243.112
5.90412
104.654
119.551
296.545
22.9398
0.00181241
446.344
57.9484
3.91447
0.000967054
0.000740729
428.808
6.73782
17.3375
256.578
0.00141245
531.053
396.333
214.068
0.000723991
0.000753823
7.96132
142.568
2.02663
30.7713
25.7
0.00155246
0.000785423
4.73346
256.521
58.8009
144.861
60.0241
19.3937
0.000725201
4.98192
196.114
1.29895
64.2185
0.000744453
0.000728393
0.000815877
124.843
272.028
290.479
52.0036
354.005
0.00572963
147.134
46.8382
127.112
101.107
0.0869669
428.726
0.000734338
160.941
163.637
58.6288
0.00644188
0.0011434
242.399
0.0414669
1.22725
0.000737585
362.792
0.000750082
160.323
18.7237
3.56824
2.29316
0.0723959
1.90722
0.000752382
0.00102372
0.0636021
0.000781634
70.1948
0.000763443
30.4275
143.672
124.914
126.898
0.000773176
226.065
0.0960523
1.26012
0.00290246
97.6411
0.200425
136.573
33.4004
0.000715902
41.6979
0.000762623
23.4412
0.0350984
337.314
65.0034
12.1155
64.065
234.044
1.02014
259.732
6.72966
0.00121026
0.000738956
323.981
52.2219
25.747
61.5618
126.131
273.534
96.7921
0.000724701
32.0022
247.418
0.184384
0.00221189
98.9222
267.073
77.1629
159.056
400.549
81.2213
1.47572
0.00102777
0.000731249
27.8683
0.165205
186.356
0.0337531
56.1327
37.0312
0.000745207
0.000878961
24.8404
60.489
243.345
0.000905753
0.0929341
371.595
0.000752211
23.3724
50.7275
0.079722
381.11
139.396
0.000746208
51.4689
405.049
0.000742641
0.0111172
0.334993
0.00102188
0.398846
0.000819312
0.000722875
0.143213
89.0756
133.048
434.792
9.95018
54.8944
0.182201
0.000950779
24.5689
408.86
241.065
0.00410467
0.0658292
93.8132
176.955
0.000748692
84.8772
74.1497
0.00100715
342.078
0.264394
363.504
11.5786
0.000826897
0.691469
66.5565
0.00100973
0.000753773
0.000739926
312.983
0.249683
0.000707073
18.9342
11.8109
39.4557
87.9849
104.103
54.8491
6.3563
0.27819
349.707
155.971
0.000755138
130.406
0.06534
20.1736
132.299
17.2955
6.44452
358.489
0.00109295
0.643398
6.20457
1.20652
192.376
0.000795937
36.0268
115.116
0.000711186
0.00073932
27.785
2.97746
0.0575866
0.000755627
310.625
0.000725984
0.000810786
132.263
0.00514241
56.3787
98.3437
96.8718
231.941
7.27358
0.00525813
0.000738416
0.00211585
0.000729774
52.8075
25.8514
62.4381
37.2533
0.000820119
149.885
403.179
0.00120636
425.329
119.362
15.0247
0.000784525
269.858
90.6502
0.00118648
85.1707
182.269
1.98324
91.2822
1.66886
0.000752149
290.067
0.000751084
2.67055
0.000746524
119.688
374.792
1.12415
0.000819552
42.5145
0.000915486
0.00213808
0.000760061
1.18717
166.376
34.0497
195.249
0.965016
44.3443
0.000764774
0.000692487
0.00269258
0.00460813
0.00087089
93.3864
0.000713896
56.0449
543.333
0.000753989
27.8449
0.196384
50.9281
109.316
0.000771728
0.000747333
117.697
0.000748568
0.025653
21.5425
135.32
83.9016
0.0026104
140.485
0.239679
0.000775566
27.8075
8.09349
20.5994
46.3063
9.09184
0.0285741
5.00831
12.185
298.272
41.3238
0.000758878
0.00791756
9.30172
30.998
157.674
159.027
0.485324
366.113
57.3867
0.0300728
136.901
87.316
130.724
227.939
0.000695888
27.8178
0.000965807
0.0118324
47.589
0.000734448
0.446266
0.00379348
43.2271
188.963
0.0172058
23.2716
0.000754168
128.17
0.000731158
0.00115634
8.88286
14.458
0.000713431
35.9657
0.00119334
0.000756281
0.037568
0.000732324
0.000746262
23.2804
299.895
5.7654
70.4292
263.663
267.497
0.000697165
62.3926
0.000749547
0.0152267
54.6701
70.706
116.117
0.355447
4.12558
10.3721
132.712
0.129893
130.738
368.563
130.665
0.000770213
0.000821542
10.1127
407.549
350.571
0.00194627
59.9964
0.00506588
0.0181108
0.000713783
206.355
1.6897
0.000754239
27.9891
0.000681645
0.144654
0.000823293
0.00109942
0.00107337
205.756
56.9285
100.002
19.4787
271.989
189.332
263.177
1.24895
207.665
29.1026
5.29985
0.0841421
0.000775291
27.7011
66.0378
46.2558
40.7325
0.000749937
415.362
5.0927
2.76549
72.4623
9.38997
21.057
0.000742139
0.900988
243.693
288.045
0.000767345
50.618
192.976
0.0114668
0.000783484
422.2
208.5
242.708
0.000735686
1.75145
0.00978609
0.0007244
83.6241
285.835
218.436
1.63149
33.2712
9.4562
33.0463
32.4348
146.885
0.0416479
51.6356
111.131
41.816
0.00210061
0.00734822
0.237659
61.1303
237.822
69.3017
34.5916
38.4265
80.6627
0.0012786
0.00339767
0.000697204
0.000770434
314.507
0.000791283
54.8182
0.000779777
0.000939372
28.5923
2.06161
86.8595
425.131
53.4252
0.264107
0.000757749
16.9794
9.04132
0.000727398
11.5237
467.635
6.96089
36.7973
16.5342
65.9057
32.5388
0.000744712
301.028
0.00107362
17.8732
0.830709
186.341
0.000755678
86.6133
219.787
0.643852
12.0699
381.04
102.971
0.00094791
0.0173353
217.598
0.000813822
60.0749
0.00118205
0.000938345
24.7738
11.5793
0.126167
120.303
0.69348
6.45317
234.848
76.1934
0.000720429
138.128
88.5409
0.000726127
5.53345
102.586
168.06
197.557
0.0031199
36.5857
54.586
132.389
0.0186599
0.00073346
0.00287926
0.574013
0.58396
0.000759608
0.000756022
0.0018237
1.22108
0.159156
0.00606647
130.827
102.072
0.00075474
116.323
124.353
5.15535
95.5969
51.7994
253.067
0.000725745
62.6877
0.00287341
205.628
28.0671
99.849
18.7627
0.00228722
62.418
35.7292
94.7309
340.978
383.602
0.397955
61.2421
0.00114953
0.000738664
0.00116842
23.8035
0.000829358
44.8383
0.0436554
1.60002
0.000754219
45.6797
162.171
349.888
147.626
236.524
0.00100519
29.3336
152.25
9.03958
128.918
0.000847448
241.133
0.00119047
0.00100652
280.186
0.00301031
70.6665
0.0016918
59.5148
0.000753203
0.000698049
30.7718
0.00112365
0.000735922
376.158
92.0639
0.0120086
56.3128
28.7711
0.00152264
0.000908652
226.602
2.52857
0.000747515
13.0995
0.00331427
54.6378
0.0017314
1.00385
127.321
199.754
0.000896159
196.11
0.00223253
0.00074578
0.00224202
223.419
203.283
29.1916
0.000859267
437.292
33.9933
0.000747596
0.00080867
51.3506
296.138
196.368
117.294
0.000772056
0.000775674
122.111
0.0011239
0.000813468
0.000747627
141.088
0.000993074
1.22072
113.771
53.324
53.851
113.784
95.0224
0.000817802
1.23705
170.943
0.000761302
6.6462
11.0811
70.4437
208.011
0.000745407
154.465
2.73524
0.000744541
0.000811292
54.0855
339.181
52.6035
0.000750504
183.158
0.0247117
129.323
37.2593
0.0120842
59.3225
0.000754555
100.013
176.181
0.000743893
64.1547
197.991
216.446
0.229229
23.4134
348.925
0.0064766
0.00100032
205.351
0.000762807
33.7601
0.0014281
0.00968223
0.00277256
5.35483
32.225
29.4458
0.00130555
260.709
11.401
29.7346
0.000741493
22.5807
5.11584
47.4654
0.795322
0.000760474
150.354
63.9927
27.2202
14.1896
221.13
60.4973
0.00120625
339.061
26.1173
241.668
153.948
38.5036
137.874
6.45819
145.366
207.62
9.99566
63.1142
0.00751903
0.000757978
33.4488
0.76668
0.00077243
45.531
30.3243
0.00073919
220.652
11.6155
0.000777739
111.574
0.000706054
0.0347953
34.9874
0.000889575
0.000767517
170.569
80.805
37.0826
11.0481
138.651
550.691
54.0007
32.4036
120.403
19.6182
210.038
0.153408
215.94
422.422
399.764
111.925
0.000994312
47.9296
88.7645
0.00112387
43.3606
3.05621
0.000748396
0.00107814
428.055
153.603
194.868
72.3209
0.405483
0.0112896
53.7081
0.00177991
193.004
353.553
0.000774805
0.00116699
172.717
0.00146419
0.000722854
155.132
3.97801
0.0021209
0.000751344
0.0188847
0.00116579
146.509
0.00137284
1.38534
362.198
0.00655715
34.0105
0.000753149
149.577
62.3499
1.92255
53.4267
0.00649427
0.131082
0.000752967
54.7963
48.095
0.0117893
413.337
206.57
402.833
0.000711512
14.4216
0.000747302
160.46
0.000763239
0.000748423
382.357
49.9701
32.1481
0.0670921
423.506
0.00167395
522.782
0.00180877
110.111
5.45943
27.4835
30.3441
40.7602
0.000738858
0.00175099
0.000756508
0.0022385
0.00455446
0.0124854
0.000730662
154.354
106.534
202.27
0.00302486
0.0182505
7.02024
286.166
2.62676
19.1172
0.00103681
54.2361
0.000744914
348.012
0.000740149
0.000934342
18.162
0.000754398
0.0300946
0.000779882
389.442
0.136436
29.669
176.6
227.397
28.9598
0.000729768
0.0591262
2.73054
200.076
15.8315
133.016
42.5191
0.00073767
54.2826
3.49818
203.061
0.00075613
56.4122
28.3445
24.8479
0.00223654
0.000715244
12.3334
0.000705942
0.00484822
307.174
162.052
0.179295
34.0223
390.107
62.6935
4.41291
6.23298
0.000755384
98.7257
31.6623
0.000746032
305.399
267.04
12.3171
3.37915
0.00207925
91.7419
272.059
0.0601934
0.00604578
201.771
58.7731
407.516
1.28184
2.74513
40.4781
31.4621
12.7149
110.287
117.776
68.7495
0.0218655
64.8531
123.084
32.7505
0.00764149
22.1705
0.00077459
41.2694
50.3701
0.244994
125.603
33.7003
0.000745803
0.00074579
0.000884734
0.000738227
221.541
11.2665
20.4242
64.4569
159.111
139.406
165.049
0.26549
0.00128442
0.017649
185.375
119.304
143.722
0.048174
0.0136057
3.51424
190.137
0.0430316
262.509
0.000835753
76.7804
359.411
20.3962
33.486
0.000745188
0.000730606
0.0269372
1.04573
1.71655
76.2358
151.414
19.9183
0.00072892
0.000742554
453.025
0.000763634
1.30441
256.368
0.000723606
224.389
89.1727
230.876
87.8091
2.98417
207.875
7.82846
0.00797464
341.842
4.28964
45.6321
34.637
158.133
0.001164
178.459
0.000752313
12.909
0.000757444
200.507
76.6232
0.00112672
0.641773
276.465
0.00144056
0.000931531
97.2575
113.496
0.000958776
49.8325
55.104
83.9295
0.0885461
3.68987
199.67
148.602
68.2297
0.00106757
9.10349
0.183114
1.19974
2.63179
50.0324
193.507
0.243628
0.000720648
0.000761631
115.576
60.4866
175.11
149.842
222.337
312.759
0.00788952
95.4167
89.6182
176.532
78.4729
15.5229
56.3343
64.2452
59.4739
19.3505
0.000751222
0.00216557
0.001193
260.312
0.000749157
231.329
41.0291
94.6567
111.503
247.258
0.000969518
89.8365
355.248
0.00074657
22.9902
30.9746
0.00107965
29.679
150.001
0.0010895
0.00240952
25.0272
0.00274894
87.587
29.9812
0.000747619
0.00363094
0.00075598
0.0018285
105.172
136.094
107.432
0.00300028
210.632
31.0944
38.0651
0.000752714
39.8929
68.2668
29.7092
31.8784
238.624
0.000752371
17.5624
0.901737
334.98
6.01907
0.332438
0.000718754
0.00130913
0.00274395
0.000768274
0.117793
0.000718484
0.000743527
541.962
8.74592
11.0469
52.2465
87.8194
349.25
15.2811
28.0125
52.7558
0.000764314
0.000755484
12.9024
56.66
53.7893
215.761
0.000693344
0.00969823
0.000748733
0.000723046
0.0122222
0.00125407
375.628
134.091
77.9551
70.6162
0.589043
0.000759021
4.23281
27.9272
79.4297
5.68187
177.885
0.000754904
30.9401
35.2884
30.1887
0.0309564
43.7113
0.016238
0.000713633
70.5324
0.000763172
0.00215249
159.083
0.000783902
42.39
184.861
0.000754901
1.15869
11.1708
90.5874
2.66169
113.479
37.3988
6.67082
0.905601
0.00336193
52.1817
16.06
410.986
65.8019
287.014
340.03
194.608
120.47
0.000751777
0.015742
385.424
0.00107378
57.5172
215.27
12.429
0.000745368
0.00563573
407.135
246.821
31.2641
0.00104071
79.4905
1.05151
0.634061
0.000745827
0.0285646
223.538
27.9805
0.000704954
1.34501
59.4614
0.432744
31.7748
0.00088253
45.8416
0.0728363
0.00134929
0.000744734
124.777
0.00124626
146.551
149.017
0.00148733
0.00073478
35.9984
115.08
0.00243359
252.523
1.14235
52.3498
0.000783713
3.62371
38.1469
0.000739009
0.0479385
4.10175
69.3819
0.143565
118.167
21.7478
39.6348
48.9786
0.256651
38.2134
0.00127841
0.408633
153.289
54.7408
0.000806785
4.74876
12.6045
86.131
28.679
212.633
3.18214
0.000722252
4.93916
0.0415212
28.6223
14.2445
359.831
0.000762183
21.4062
0.00278921
259.803
42.2835
53.9144
0.00291161
0.000750469
358.511
80.4566
0.000742031
108.665
0.0600306
0.00231336
0.000756089
0.000752141
275.296
13.8818
0.0935947
1.28301
0.972665
363.375
0.00157964
0.00376384
0.000907889
0.000688884
2.41716
28.5176
0.325093
0.0496663
0.000744565
53.0076
38.3392
0.000801861
0.000720751
373.817
364.504
14.5327
247.852
61.0187
0.000751433
0.000732273
0.000729411
0.242083
148.941
0.00071681
52.3664
28.6477
0.266025
148.506
0.000722231
0.894612
0.00213344
155.701
2.83355
119.244
0.222924
32.8919
0.00647092
0.000728706
195.592
0.0010243
96.4649
67.7024
0.00312705
80.5551
315.29
30.4269
9.21451
0.00150646
160.068
0.000835615
0.000741841
0.00105068
0.000721269
191.6
363.82
82.0474
42.3283
0.00167371
0.000710777
28.0815
84.5161
0.00113713
0.00672238
0.0624372
1.89064
2.34247
344.102
59.5355
0.000782899
291.307
380.527
138.46
114.97
263.74
0.000709924
0.00372397
4.94667
37.2717
254.984
114.048
307.132
0.000805038
45.2304
286.823
6.58294
4.12529
73.8493
0.000763657
236.567
99.5917
197.385
77.5643
20.685
30.3431
147.719
0.235395
0.000760143
80.1838
61.2572
39.6918
80.7348
0.0383606
9.13363
30.8337
213.643
0.113525
1.73371
173.048
0.001481
0.000729956
0.00074392
208.296
0.0041665
92.5252
39.1407
42.5615
14.6478
191.279
0.000742575
0.225098
0.355152
0.0517326
3.34489
0.000971838
224.656
96.3168
1.41243
0.000933767
138.607
36.2973
203.743
0.000728457
129.558
80.1652
137.428
0.000760626
0.00073643
221.922
0.000746774
110.826
3.18077
0.000733739
165.013
29.7061
77.0059
237.945
7.70662
104.732
0.000747309
0.000983008
130.56
33.4375
36.4307
277.279
0.000789916
184.539
0.000899742
0.000791461
56.7292
0.260994
0.442812
489.184
361.695
114.623
78.6823
519.345
32.0247
6.16237
0.00215019
0.186006
0.359441
5.10108
0.0400867
83.3921
209.607
389.276
73.2561
42.0674
0.000760649
68.6689
0.000785366
50.9111
67.3019
187.846
89.9525
10.1684
0.00241236
0.152909
0.0460741
29.2941
337.678
228.878
55.1453
0.000895782
45.4113
76.0159
0.000747081
74.4774
0.000758842
349.986
0.341669
0.0461272
51.8669
0.000848218
169.622
46.3372
0.00074239
0.000774271
2.68199
0.00140251
48.0369
0.000756462
0.00926309
145.839
27.1443
37.6538
212.561
0.000766446
114.49
178.424
59.9719
7.99603
0.000916456
38.5061
0.000738745
1.27443
40.7415
0.0009401
411.618
191.59
0.00275705
11.0939
16.812
0.00948791
135.234
31.4297
0.00076492
343.83
0.081285
0.0133719
0.0623879
0.00313705
145.713
325.32
460.314
0.000739392
0.355282
0.0602023
43.3841
27.6697
436.696
326.932
5.52028
79.8262
31.7349
237.49
4.31295
0.000734699
24.4431
0.000750363
137.404
0.000825917
307.236
34.0907
0.000690923
162.451
16.9175
0.000750054
299.025
12.0033
146.142
21.179
3.72686
40.1456
0.00102925
3.24912
313.245
0.000846163
61.9589
199.9
0.000695105
0.000780754
52.4775
0.000980637
0.00206991
33.156
205.015
0.000730808
10.3031
115.477
202.375
187.953
114.488
93.2271
100.455
0.00110438
136.035
83.6796
0.187599
139.941
0.00114474
100.8
0.000736809
10.3533
160.211
1.33447
0.00223347
50.43
0.0704568
79.2955
0.00075267
6.28679
68.2987
0.0798639
201.414
436.414
0.000720031
271.565
0.000745774
38.8286
0.253224
389.111
57.6642
28.8849
126.807
50.9074
13.0891
295.2
231.57
0.000717191
67.6951
51.4454
0.000753929
36.1576
394.589
100.619
437.916
0.000880473
0.0197689
110.685
73.3746
125.069
8.10022
0.0418954
0.0440039
60.1884
0.187756
0.00100542
12.9669
0.00078256
12.1591
0.000738832
94.2049
0.110067
0.000855292
0.000941795
13.4976
0.0016891
54.1905
30.0178
304.054
32.0627
100.851
9.60961
0.00219839
40.5351
10.6971
46.247
133.385
0.00832218
0.239146
364.774
110.278
138.168
0.00960293
106.778
0.000746468
345.252
29.426
99.4577
2.17679
0.043924
11.5239
187.023
143.233
125.234
0.00158723
0.000869435
1.30518
45.2268
70.2868
0.00101122
89.3945
0.00912128
139.584
21.8224
0.0406762
408.456
45.8381
51.769
54.0619
17.5367
282.269
10.4002
0.362351
0.000735705
6.28923
90.7024
22.4757
0.000761662
0.155036
67.5068
353.995
0.000744816
72.698
278.526
418.48
52.5888
34.1228
1.16812
102.448
1.92472
51.8745
21.477
11.4603
0.00102976
285.794
318.118
250.734
303.122
321.464
0.0409122
0.581779
12.438
28.8536
409.266
1.07107
0.000748595
392.683
0.111765
0.136874
143.687
1.31183
0.00927547
0.00558671
82.4398
28.5136
0.00153326
12.2146
0.0202294
0.000935211
134.44
0.000789631
112.753
0.00188114
74.8822
5.74052
27.7205
0.000959794
408.714
0.00531045
37.6123
99.726
0.000757325
0.0057018
0.00144802
105.106
0.000760126
416.441
0.000754485
99.6962
0.000687229
42.4131
5.56943
3.24342
0.0080269
140.979
0.000743921
0.000712949
0.0113742
24.0365
290.808
74.0084
0.00790452
0.000837031
28.5879
231.657
0.00087431
0.00427841
0.000759696
0.000744915
0.0128985
29.7538
0.000745251
0.000826412
0.00316636
0.161507
491.193
25.6248
5.98336
41.194
0.537401
421.369
4.67102
413.319
32.2082
1.75461
0.000743353
73.864
214.501
69.6634
0.00223876
0.155674
0.000734994
0.000750374
44.8668
0.00080458
71.2559
0.769497
67.8765
0.0158871
55.9192
0.000745852
39.0531
0.583074
52.2298
0.000736972
74.5055
404.144
0.00105108
45.6538
27.3225
0.0340387
0.000851243
359.883
44.3694
0.00208693
33.7992
16.4642
29.6689
38.5858
8.50044
0.00079105
0.0278152
116.714
68.8139
26.7095
0.000741135
34.7392
187.564
0.000883046
0.00981911
40.6246
0.000782297
250.524
0.755921
0.000756354
65.5718
39.0467
0.000734786
31.8362
424.934
177.025
8.01746
176.498
18.3995
0.000741847
60.9152
1.32683
136.359
0.000742303
171.405
25.6923
0.000817913
108.917
112.47
69.9495
0.000753177
2.95889
0.00252758
0.000716899
10.1356
113.017
105.867
195.814
0.812598
0.000951617
0.0121803
0.0163956
413.005
60.7378
0.000894365
0.217652
1.35264
399.035
70.267
269.222
0.000720569
0.000766049
0.000708113
12.7279
0.000746518
145.266
10.8587
4.40352
0.93275
0.00312035
77.8039
0.3402
118.051
0.00123911
0.000749438
0.00412921
0.00206977
4.64949
0.000904088
0.000805757
56.8728
0.000764023
0.000742867
58.9215
29.5427
289.91
0.00148713
0.000735651
0.0900439
31.7763
0.0539951
30.6423
9.66076
139.541
96.1087
7.22305
279.274
0.266788
0.000747057
0.643591
0.000873427
33.2996
5.57834
0.00567969
0.261417
13.1868
4.30694
0.224986
0.000765422
10.5346
23.8301
0.000747095
4.55066
4.00624
38.3874
0.112441
1.86823
0.000745734
0.000746026
0.000746206
5.03332
0.0286436
33.4284
2.90936
0.0632079
381.359
49.2194
3.80965
0.000747225
0.000743184
0.00873443
42.3255
0.971859
97.4575
94.7355
0.000725926
3.90895
0.000835053
14.39
0.00075016
29.0213
0.00701962
0.000730621
0.000949054
334.125
26.562
0.00129473
23.3824
1.55878
87.1631
124.296
127.121
0.00228988
118.372
8.96571
0.00137272
84.9728
0.0378962
259.242
0.000711473
80.7965
230.064
0.00363099
32.4597
20.2463
1.66383
185.265
35.8138
15.8178
79.0459
33.2028
75.7033
0.838661
190.962
137.528
225.672
4.29697
0.000743437
57.7318
3.22049
34.9316
0.00492942
0.773416
0.00483992
0.000752077
0.645658
0.000746638
15.0106
34.5891
341.109
31.4891
10.7438
31.9182
47.8405
110.941
48.7834
0.000710162
2.33723
19.2477
28.9136
23.8502
41.3324
25.5031
0.000751303
42.3254
37.5943
116.794
412.597
0.00105175
407.634
0.000757286
309.676
126.579
69.5409
0.000746475
116.043
0.000743669
43.3984
73.4458
21.0167
105.498
12.873
66.7672
212.887
0.000735113
0.00100363
16.9338
283.351
0.00652236
0.0158239
0.00114837
0.000744425
0.00085518
301.481
58.4632
11.0243
0.000749586
0.112135
76.9459
5.66176
0.214256
135.633
5.46459
105.231
0.179798
0.106882
0.362793
213.015
0.000728062
397.93
0.000745718
41.7465
0.00191631
0.607311
0.000737538
128.645
0.00101063
0.000758702
0.0019637
0.00109995
0.00129974
0.0362108
0.000773121
8.62558
0.00313692
382.485
0.363018
0.000895995
0.000752096
72.4688
0.00076554
53.1447
6.36047
0.000774527
274.536
209.079
0.000862185
2.80592
123.585
0.0323274
9.81962
2.34974
0.557361
331.023
44.0621
256.136
39.9547
118.791
47.801
0.00763842
23.2873
315.881
3.38861
2.69528
0.00133917
4.63665
3.66843
0.00160961
299.882
75.0804
6.17731
0.000739766
0.00075348
13.3693
0.00136523
79.9553
0.00835947
0.00754593
27.2586
4.50678
78.1182
50.3652
136.983
34.8717
34.3536
0.00137324
4.18437
57.8775
0.000750272
107.066
0.844192
0.000748375
44.0087
146.388
22.7858
29.226
0.000750944
3.73899
19.8033
0.000785095
25.7856
0.000853277
43.5463
0.000829989
13.5959
74.7668
50.816
0.965757
0.00073756
23.7472
0.147536
167.607
0.0315464
66.6471
19.6166
4.3722
4.6027
1.91602
32.5266
137.19
356.643
0.00392854
123.431
28.1455
0.0231111
0.728061
285.004
105.104
0.000743201
16.5316
0.000744537
0.00888917
85.7594
342.183
0.000873913
0.00477486
0.000755888
0.00142009
0.00085002
0.000734815
0.000912208
7.97651
91.1894
55.1702
34.8807
99.2318
109.558
0.000749387
39.1169
3.48767
73.6598
26.0201
192.403
0.00073504
1.1101
0.000737733
324.007
2.53576
0.0459363
0.000755098
0.000917427
1.08706
4.03396
4.3159
7.7946
6.10468
0.000837292
37.7496
0.000737858
203.579
44.82
0.000830924
0.135923
45.5593
0.00073195
0.00188867
266.602
0.018856
194.768
0.000896133
326.391
0.000730628
0.00155127
1.58434
34.5342
11.5558
49.7633
44.9696
0.000777329
1.55338
78.1728
67.7423
0.262449
0.000744211
0.776887
0.000748632
52.6476
132.471
0.127032
57.2303
34.0392
35.4551
409.056
0.0060043
0.0783216
0.000728052
175.635
0.000750504
0.00155394
0.056824
63.5693
428.193
0.999949
0.000771166
0.000772255
59.056
0.00136747
0.000740953
0.00204301
202.632
35.8434
233.22
12.551
0.00988435
28.8787
83.9684
0.00147182
155.412
0.0077666
0.000728549
2.01211
13.1465
202.701
88.9964
49.736
0.101313
0.000753436
0.0030688
31.2532
45.439
45.1488
0.00103564
71.8114
12.6661
3.17237
0.00139099
0.00533679
0.00534421
0.000867671
0.000817929
2.41987
262.499
52.8589
0.000739114
106.046
0.00668757
0.00103357
68.2852
8.44215
0.00074303
0.13253
336.8
0.0014308
1.58056
0.000800539
0.00213442
5.05264
214.338
5.30749
0.00639359
0.0010961
0.280438
0.000718862
0.00074029
0.000773209
19.7713
2.48195
0.000740298
0.000726667
0.426656
135.223
0.00124563
26.2374
33.8263
43.2693
11.608
0.0111465
120.733
0.000912914
0.0008034
0.766872
0.595005
0.00111101
410.43
0.259476
0.0272731
69.6787
0.000844206
0.000794826
9.89116
62.4556
0.000734306
247.122
110.185
10.5427
0.00075028
160.399
13.4979
44.6736
0.828864
32.435
94.805
153.632
26.5539
148.657
0.0209982
0.000754887
260.836
128.075
168.457
0.871846
103.599
54.6568
0.00084884
190.056
50.5336
111.414
78.5287
50.0335
0.0014738
0.00220005
407.507
0.000737512
0.00666338
42.0792
169.25
0.00360733
103.377
210.22
13.8215
19.6058
69.6756
49.9082
0.0228524
0.000781794
101.792
0.000867149
26.5996
9.27103
35.7025
279.139
0.000931867
0.000812936
0.00174833
418.686
0.000728433
30.7026
0.0110383
0.000735746
111.29
0.000734033
0.000763287
5.60095
42.7579
9.59829
42.5303
0.000750945
2.5773
0.946409
0.00336532
0.00187814
0.000746769
44.9097
1.45547
191.159
0.000706451
0.141007
103.012
98.005
0.0027175
0.000745937
0.00074628
93.4301
20.3198
0.0285993
1.11346
0.00171931
0.000721972
19.4354
130.569
8.6355
2.17926
14.1003
0.619793
0.00278315
15.0257
20.6781
121.805
194.208
75.9146
0.00197116
14.246
30.3462
64.8443
0.00470103
87.2937
0.000748072
0.000757239
318.668
5.48748
336.537
0.00088826
332.854
38.2201
0.160071
0.00217192
30.7597
184.397
81.5174
0.000726468
0.000733182
0.000821467
0.000848007
168.172
0.120871
0.000745888
0.143137
145.14
13.0425
25.9934
403.824
55.4924
309.53
413.43
0.00117949
0.0103553
0.00101198
199.285
0.43218
21.5285
0.000999099
133.854
0.12551
0.000720132
0.00154997
0.00105835
39.1684
0.000816416
0.000744667
403.559
27.6015
45.0083
25.2979
0.00120534
60.3538
56.6781
0.000780705
54.2279
0.000788044
1.09017
297.051
0.00764367
144.459
0.000727917
0.000752484
53.4748
112.278
1.45121
30.3589
0.00391094
118.889
32.1037
9.79017
0.000782972
0.000796023
41.4399
0.000868131
185.608
0.320557
15.3936
0.636144
0.409059
26.7159
0.000859207
0.000830716
242.432
0.000816302
7.23761
43.409
0.000760517
0.000733626
0.000748735
35.7337
89.2607
0.000735915
0.00623854
0.176175
73.3793
24.1499
0.000761218
0.000887626
399.404
94.9218
136.34
8.1712
0.000924274
0.000923815
124.875
0.400753
117.078
70.0672
0.000887978
0.00114704
28.8789
1.59289
0.00113393
179.16
0.0426532
17.4016
386.733
273.833
301.725
39.6023
0.000747782
0.000745433
95.007
71.0724
203.771
1.67525
0.000736612
0.00104933
5.00724
0.000776153
45.0318
149.779
0.000704797
99.3135
0.000746975
0.000752464
0.00075903
225.543
93.6404
222.982
0.00859395
0.000822381
20.1802
0.00990992
2.09591
38.5315
97.7189
126.59
0.0800773
0.000792209
0.000766793
0.00074076
12.9191
305.785
0.00524799
81.4959
9.86133
0.000739045
0.310869
0.000747989
7.64525
43.1068
346.249
0.309959
29.2209
0.000746417
178.907
0.00191126
6.65787
102.541
0.000889816
165.111
1.34664
21.9074
38.4165
3.81205
53.846
67.7077
91.5428
0.00107628
1.85458
73.4854
0.00101084
31.687
2.42443
107.929
98.4843
0.00106871
42.9653
0.00101088
1.32842
0.0170332
0.000727488
141.738
0.00074837
44.994
225.1
0.000746994
0.00133118
78.7292
0.000721841
0.00154633
0.000745166
0.0770152
47.4478
178.102
0.227684
0.00071969
0.00775871
39.922
2.96934
0.426261
278.801
87.5543
1.15237
132.252
0.00470578
190.906
2.53632
0.000750198
387.177
0.00920645
33.3542
1.45199
10.5373
113.613
0.554724
0.0034061
0.0701441
8.16522
325.966
0.000775116
7.52162
39.9509
0.0462889
137.108
54.2853
2.82634
10.8603
0.000781865
0.0407831
1.10735
0.000862603
43.8568
0.000736167
0.117746
133.427
42.3367
31.6557
117.049
0.0512081
0.000742619
8.69251
0.000708073
60.7829
20.687
161.496
0.000746343
56.7063
116
39.7607
52.5746
0.000776486
0.783916
1.86219
125.821
3.40735
0.246503
102.66
7.65748
0.000749764
59.15
29.5302
0.000924549
72.1553
0.219523
170.92
10.1183
0.0483635
0.426634
0.0245578
72.7237
132.64
0.873094
1.23471
99.679
17.8921
1.29707
201.363
0.000776998
163.657
56.7274
0.241381
0.000808676
76.6168
100.685
0.972406
232.285
0.000783643
403.707
73.7931
0.000754545
0.000747859
0.00187651
29.567
27.9602
0.000726629
189.895
129.057
94.8759
116.93
0.20388
0.000723788
0.000749043
0.000747244
0.405113
28.5982
0.00160405
0.000747763
0.00087363
97.3552
97.8613
0.000987374
0.0103301
0.143813
21.9346
95.389
59.5852
20.8491
9.71779
200.914
68.756
0.00286759
77.2368
0.000743275
0.000789568
159.143
411.641
0.000909361
53.5259
0.000745936
0.00191929
409.204
0.000841149
39.0343
0.00813057
75.4377
0.000852794
0.000742703
62.8023
0.000754615
9.79424
72.9122
41.3749
8.26177
77.8163
0.0361091
0.000759849
0.00254454
397.721
117.25
39.0472
0.000742334
0.00716032
0.187074
0.010815
2.0259
0.000925455
16.1239
400.443
0.00118918
100.879
0.000754198
92.244
0.000728526
0.000738736
165.461
76.2498
169.554
0.00375606
0.000814484
0.000750502
0.00754748
42.6445
297.841
0.000876098
0.00797905
102.382
65.9723
29.5682
0.789829
0.000700044
102.583
416.126
0.709482
0.848998
1.77206
0.000826251
186.607
277.107
8.22031
315.214
59.4013
0.00602745
0.000862802
48.8277
0.000745574
285.021
0.000866732
113.96
14.7405
2.06795
97.3955
77.3815
65.7314
90.2384
190.6
0.000706456
71.1802
87.457
0.00853648
0.00074214
1.70632
318.756
88.2249
81.1226
188.262
0.000753501
0.000751632
405.757
1.47713
57.9979
0.246944
3.70201
0.233959
0.00074175
0.000753258
0.776486
2.11144
95.266
251.751
61.5989
125.354
32.4394
0.00645978
0.00452262
0.547125
1.33392
77.8487
0.00456787
2.61181
)
;

boundaryField
{
    frontAndBack
    {
        type            empty;
    }
    cylinder
    {
        type            epsilonWallFunction;
        value           nonuniform List<scalar> 
244
(
2407.11
2393.36
2391.53
2384.38
2372.22
2354.69
2332.36
2304.82
2271.98
2233.95
2190.94
2143.12
2091.37
2036.67
1979.87
1921.91
1863.94
1806.97
1751.7
1698.68
1648.42
1601.26
1557.34
1516.81
1479.71
1445.9
1415.3
1387.78
1363.24
1341.49
1322.4
1305.82
1291.6
1279.58
1269.69
1261.77
1255.69
1251.39
1248.81
1247.87
1248.47
1250.58
1254.18
1259.18
1265.64
1273.59
1283
1293.85
1306.21
1320.23
1335.9
1353.19
1372.33
1393.29
1416
1440.26
1465.83
1492.28
1518.87
1545.03
1570.39
1595.05
1618.91
1641.66
1663.3
1684.01
1704.23
1724.06
1743.8
1763.18
1781.6
1798.73
1815.12
1831.02
1846.82
1862.72
1879.4
1897.42
1917.3
1939.39
1964.16
1991.33
2020.36
2050.85
2082.4
2114.67
2147.6
2181.36
2215.6
2250.3
2285.47
2321.3
2357.66
2394.56
2432.16
2470.47
2509.38
2549.01
2589.48
2630.87
2673.01
2715.94
2759.91
2804.88
2850.7
2897.69
2945.71
2994.64
3044.53
3095.58
3147.83
3201.19
3255.56
3311.48
3368.55
3427.13
3487.02
3548.96
3612.92
3678.93
3746.87
3816.86
3889.99
3965.75
4043.52
4123.34
4205.64
4291.32
4379.85
4471.15
4564.93
4661.36
4760.8
4862.01
4965.43
5075.44
5213.52
5339.47
5464.88
5592.87
5723.4
5856.42
5992.28
6131.03
6272.26
6416.21
6562.62
6710.8
6860.45
7011.31
7163.21
7315.24
7467.34
7618.87
7768.98
7917.05
8062.56
8204.09
8340.48
8470.08
8584.08
8667.94
8724.88
8756.37
8762.24
8740.67
8690.05
8607.88
8490.09
8331.98
8129.22
7877.14
7569.46
7199.36
6761.62
6249.39
5610.61
4693.12
4287.8
4086.84
4008.12
3968.47
3882.92
3737.78
3578.95
3408.68
3230.15
3052.24
2880.17
2717.29
2568
2435.96
2323.16
2229.98
2155.36
2097.69
2054.77
2023.91
2002.58
1988.64
1980.54
1976.86
1976.4
1978.48
1982.55
1988.18
1995.27
2003.79
2013.52
2024.34
2036.31
2049.47
2063.69
2078.95
2095.17
2112.24
2129.93
2148.12
2166.54
2184.84
2202.73
2220.03
2236.4
2251.37
2264.75
2276.38
2286.04
2293.85
2300.08
2304.86
2308.47
2311.5
2314.72
2318.5
2323.07
2328.95
2336.31
2344.84
2354.24
2364.21
2374.73
2384.81
2393.46
2400.2
)
;
        Cmu             0.09;
        kappa           0.41;
        E               9.8;
    }
    domain_boundary
    {
        type            freestream;
        freestreamValue uniform 0.000765;
        value           nonuniform List<scalar> 
64
(
0.00073732
0.000721038
0.000736984
0.000765
0.000765
0.025771
0.00165087
0.000684006
0.000765
1.01827
0.0336549
0.000765
0.000765
0.000765
0.000690516
2.01892
0.000694405
0.000765
0.000765
0.000765
0.000765
0.000765
0.000765
0.000765
2.00901
0.000743594
0.000765
0.000763583
0.000868404
0.000765
0.000703627
0.00071766
0.000716966
0.000765
0.0879107
0.000765
0.000726165
0.000688421
0.000765
0.000765
0.000765
0.000732351
0.000750082
0.000765
0.000765
0.000713896
0.000732324
0.000681645
0.574013
0.000765
0.000765
0.000765
0.000765
0.000765
0.000765
0.000765
0.00363094
0.000765
0.256651
0.000750469
0.000720751
0.000721269
0.000765
0.000765
)
;
    }
}


// ************************************************************************* //
