/*--------------------------------*- C++ -*----------------------------------*\
| =========                 |                                                 |
| \\      /  F ield         | OpenFOAM: The Open Source CFD Toolbox           |
|  \\    /   O peration     | Version:  2.3.1                                 |
|   \\  /    A nd           | Web:      www.OpenFOAM.org                      |
|    \\/     M anipulation  |                                                 |
\*---------------------------------------------------------------------------*/
FoamFile
{
    version     2.0;
    format      ascii;
    class       volScalarField;
    location    "80";
    object      sigmaEq;
}
// * * * * * * * * * * * * * * * * * * * * * * * * * * * * * * * * * * * * * //

dimensions      [1 -1 -2 0 0 0 0];

internalField   nonuniform List<scalar> 
11800
(
72788.6
78361.6
46351.5
56869.1
74911.9
62956.7
73978.5
60922.4
67995.1
50344.6
73112
48989.9
11694.1
47627.4
59027.7
80964.1
73841.5
61184.3
73289.2
48777.5
60383.6
52465.7
108908
99231.8
69854.6
98294.9
40830.1
58708.9
45574.6
51912.8
66321.4
99061.8
84097.1
83786.3
81658.8
65053.5
79080.9
85947.8
77449
54624.3
43611.4
48642.8
63797.4
55867.1
69039.9
78650.7
99883.6
100068
76515.8
53644.9
42193
51176
85974.4
108215
77798.9
188557
49288.9
52922
59532.4
45266.1
156843
86644.8
51661.4
60797.1
70297.3
63360.4
41954.1
47898
52790.1
90454.8
85228.7
75372.3
71776.9
271034
151449
69529.3
60868.7
56708.7
75254.2
78153.5
83824.9
56336.5
71769.5
75490.9
58373.1
61366.3
70791.7
47177.2
46145.1
62449.9
80751
87069.5
75998.6
51430.9
53563.1
19928.9
2465.35
19516.6
82679.8
47789.8
62507.4
54923.4
81204.6
84997.9
81634.9
69797.4
60005
72299.4
122913
48931.8
55999.2
43700
68784.3
59936.8
46958.9
122154
54964.7
79602.8
118457
51714.3
67687.3
75143.3
59256.9
66761.3
73992.7
84667.7
81731.2
77341.8
73679.4
38072.7
243789
107130
63487.4
56292.5
53307.8
41056.3
39481.3
68824.5
58076.7
57927.8
43175.3
42066.1
70965.4
75478.3
59818.8
46924.6
40029.6
40352.1
53971.6
79987.1
76626
77164
79184.6
69234
63153.7
84244.5
63120.6
57147.4
60301.6
83515.3
134660
71372.4
59440.2
51857.2
54211.1
65914.7
64578.9
79640.8
171979
69928.1
67910
54091.2
74595.6
55261
57963.4
70360.4
72492.5
48945.9
42784.6
54828.3
57711.6
69886.8
62899.6
82149.6
54018.7
50579.5
71850.5
77966.2
61443.4
75541.7
64450.9
54616.4
74365
82060.4
34520.4
34942.6
253709
79500.8
53695
248406
70996.3
53059.9
55490.4
82219.8
82011.1
43384.5
47955.3
49317.1
52627.9
237720
77734.2
93165.1
337550
109239
286488
92812.4
74384.4
64529.3
51768.3
49317.7
76449.3
64405.6
71095.3
56779.2
69070.8
49114.7
167328
66381.8
60252.7
50130
64330.4
61931.6
73783.9
45389.2
47029.3
329424
163599
66385.2
72220.3
38794.3
51046.1
74981
64422
60885.4
50630.2
48157.5
84229.8
66995.2
65275.3
53617.9
54051
69189.9
81196.8
87647.2
44864.8
103374
279907
50679.6
51993.8
63801.2
63801.8
45549.1
51003.2
58636.3
60909.6
71555.4
82270.2
165025
64112.9
63044.8
82558.6
54582
39897
62093.1
257521
50834.7
52190.5
53825.9
61575.6
58663.5
65009.3
62983.1
66885.5
59750.3
61037.8
68485.8
67461.2
64337.6
64062.3
78176.2
88177.2
95570.9
115424
72948.3
53330.3
53862.8
63947.3
66095.9
44149.3
45438.9
42214.1
42311.5
76601.2
68324.4
55939.3
159715
78103.8
83248.4
57762.7
61658.7
50836.6
45255.7
40555.9
73081.6
300504
112867
50346.7
50325.8
55604.3
42871.6
50354.5
89766.6
87550.2
62052.2
63967.2
55527.5
58068.2
69023.4
62179.3
76363.2
82391.6
104052
62784.8
80010.3
202005
63967.3
64011.7
42433.2
46315
39986.2
43826.9
71888.5
71668.9
76429.9
77664
101012
143604
53804.1
65586.7
67078.6
60667.4
61065.9
65097.8
63064.1
63262.3
66397.5
46015.7
55912.7
66132.4
65468.6
82893.4
39971.1
44640.6
79849.7
61963.1
74715.2
64767.7
65880.9
67200.1
66008
63000.5
63510.6
72602.6
60469.4
73005.1
131217
50581.4
47979.7
129757
76761.9
78291.3
57125.5
56895.9
53593.6
55599
53199
52459.5
46125.7
45385
53389.1
49894.3
90289.1
68008.1
64455.4
62400.2
56165.7
58471.9
266046
82233.5
66099.1
59130.7
65300.5
120213
75066.1
63234.9
66258.7
92319.2
85741.6
81814.9
62625.9
11037.1
77823.8
303355
260197
69468.7
72601.5
57209.5
76522.1
49429.9
56847
60001.2
84995.2
175148
7961.91
47935
54782.7
219950
58093
58425.5
50367.4
71078.8
61388.3
75728.6
224639
76670.4
78164.7
57761
49993.9
45560.6
65481.2
65899.9
61485
52058.9
76052.8
114630
69706.6
150582
74360.8
77924.3
58141.1
50634.9
45985.2
113369
64929.4
63712.9
84729.6
72616.7
51626.5
53762
66454.8
64106.4
77557.8
45052.8
62373.1
60881
282365
47677.3
53447.1
49536.7
62259.5
53060.2
84482.2
47131.8
54423.2
63986.6
52901.9
61702.4
81103.7
75322.6
111161
80778.2
106371
86458.6
56911.3
58013
248709
76494
72163.9
75295.2
58115.7
192270
125392
48898.9
56922.4
80211
55677.6
74931.8
171223
99869.4
115403
191644
45562.9
50896.1
47050.1
63358.7
54503
63032.3
74827.4
49319.1
80976.7
79019.1
61163.6
51966.3
167418
66001.9
62886
200053
62277.1
66296.3
272102
113400
47911.2
54677.8
56550.3
59288.7
78184.8
57547.7
83715.2
78630.6
78518.6
85194.8
78794.7
58101.2
60043
48116.2
51121.2
44143.9
44992.8
57541.5
53225.3
75129.8
52032.8
196605
104955
66420.8
66511.1
114019
57690.2
78803.2
59619
49955.7
45906
65623
47500.8
87363.2
84927.5
79620.1
60857.4
62364.6
232707
52724.1
91886.6
52958
50101.3
53426.2
55852
64130.8
66770
63273.4
79100.6
153358
304796
51674.5
68419.9
53370.1
100085
59920.8
67933.6
60570.6
52731.4
47672.9
77046
54905.7
48372
57995
57791.4
54190.3
51172.9
48765.3
55811.5
78863.8
42044.4
35743.5
36716.5
41984.7
72682.9
71183.5
54357.5
172481
46841.5
76300.4
171169
34786.3
43304
41153.4
46986.8
55744.1
80847.9
75191.6
53086.5
47187.5
170272
75287.5
58664.4
72239
69158.7
65868.7
57751.4
75695.3
80231.9
75963.9
79691.5
62323.8
60266.9
56902.5
52583
192720
76491.7
67107.2
65444.9
161102
76176.5
211335
205144
137068
66766.5
70939.1
52209.2
141671
50136.7
65617.5
51098.6
68430.3
75185.8
46472.5
54754.2
81148.2
105695
57378.1
296490
106020
63369
72465.2
76445.2
63694.6
64124.3
79599.4
80031.9
154326
92294.8
53036.3
63319.4
60713.1
77442.4
73589.4
101802
84892.2
45896
44459.4
251718
56002.7
71000.9
67356.9
84458.1
65158.2
63716.5
66764.8
80283.8
87117.4
52163.1
71094.6
58609.2
69238.9
64684.9
106914
64830.3
61139.1
48655.7
52216.5
65863.5
34674.8
39349.9
47083
44081
50464.2
56281.2
64729.3
74578.1
54294.2
52698.4
59824.6
47956.6
54074.5
79626.3
49736
61357.4
58342.1
74807
165137
69809.1
76013.5
60036.6
65421.1
67428.1
59259.1
49632.6
50007.7
38282
38181.4
56434.6
56190.6
91255.3
61199.2
95009.7
190197
78810.8
77540.9
87146.6
63066.1
51072.5
64776.5
60331.9
11963.8
82740.5
273876
276512
54431.4
251367
71723.4
65427.3
64135.4
70486.7
61684
65330.1
106466
38836.7
42757.8
50964.1
65970.1
49489.8
56788.9
57946.3
65295.5
79696.5
76323.2
47733.3
73094.5
80311.4
83941.4
63574.5
78262.1
46915
49023.9
61181.4
69641.2
80003.5
39169.9
52086.6
42219.6
54987
62767.5
65867.9
63465.8
58986.7
83289.8
260708
75899.1
60800.6
50992
44453.6
71123.3
244215
63383.1
61899.7
222507
67617.9
70531.9
83460.3
273844
72103.9
60709.3
76128.4
148418
50403.6
56113.8
72253.8
62027
77462.7
47967.3
63178.1
50229.5
57654.2
129989
102143
77741
52058.4
44543.6
80082.8
49008.7
43633.4
50521.4
40701.8
36920
29500.1
26695.2
28469.4
49865
49692.2
45557
33634.6
43298.5
30348.2
41986.4
28605.8
76255.8
84515.5
80533.9
82768.8
67408.7
66263.7
156845
84734.6
53019.5
53864.3
56318.6
57277.8
83863
83209.3
54153.1
44667
47127.9
37129.5
37112.9
54639.7
60882.7
60141.6
59068.7
49177.6
85433.1
61700.2
54155.5
45920.2
48534.4
50445.6
56090.6
57973.6
82276.2
124935
73974
45776.2
65974.8
63458.3
56054.6
47820.2
67848.2
58023.9
52622.3
52033.1
58630.6
72964.3
67072.4
50512.2
57226.4
73564
75741.8
56463.2
53048.7
64040.5
61094.5
50948
109281
79698.3
63979.4
54086.6
47622.5
55713
76029.1
59467
49713.9
41506.4
65109.2
292703
57470.2
91371.2
157893
108408
80197.5
244300
53588.2
56904.3
46893.9
80085
56642.5
50655.7
55995.2
231297
68488.5
77878.7
56779.5
54064.7
59969.4
84280.3
49008.9
48650.7
58648.8
71515.1
46980.8
54990.9
83165
150705
239214
52635.1
78699
78141.6
62688.5
59319.6
47091.7
54082.6
291987
81648.9
55792.9
50745.7
77732.5
52449.4
59095.4
49289.8
48147.9
43039.3
33716.1
29079.1
29318.1
55892.8
58659.8
47292.6
35545.5
48202.7
31867.9
47542.9
30192.8
155151
172623
140906
52265.9
55052.1
162543
156075
57881.4
79095.1
75608.5
152704
151828
57338.2
55367.9
229236
152855
245891
255408
35364.2
37562.9
44911.4
54892.3
47508.5
101867
72341.6
57458.1
70680.1
59835.8
66445.3
54472.5
54361.9
144413
45350.6
60262.3
66052.5
58294.4
57409.8
109024
61566
63674.2
51364.4
48394.9
68247.8
51122.5
64063.8
168774
55060.2
45626.7
57275.2
75128
61686.7
51415.6
55518.8
87018
53991.7
51360.8
50281.9
54924.2
59110.8
56095.4
64815.9
64672.4
72129.7
65787.2
77137.4
66914.9
67142.5
44826.7
50996.6
38345.2
78063
78190.8
71600.3
74077
51324.6
51321.1
52369.6
49938.9
58644.5
60453.9
116996
141291
67186.5
240411
83229.9
56988.6
53909.3
65522.8
65282.3
65485.5
74858.7
80812.5
100208
53336.9
66021.2
52739.1
50662.9
76637.7
67591.9
70842.1
201014
75982.6
51040.8
78193.3
68579.6
71464.9
56617.6
46368.2
53545.9
58293.6
76659.4
60252.9
46894.7
120070
48627.2
69343.9
116381
73562.5
44728.5
44265.9
81168.7
74792.2
59484.9
67824.1
50863.9
72005.1
83880.7
55263.7
51567
58529.5
75517.9
80544.6
64773
66924.1
65164.2
64987.6
53682.3
51805.8
49843.7
51971.8
225765
78089.9
72842.9
80491.8
56881.8
75210.7
67651
59792.6
233411
60421.3
91246.4
71499.9
64206.2
58374.5
53453.9
54952.5
61950.3
62422
55637.8
56005.7
60381
52217.9
44321.6
40031.1
65106.8
66302.8
52249
151901
47453.4
49711.5
50636.1
61822.6
61547.3
82730.5
68781.6
97586.7
255571
57186.3
64288.1
53829.7
44966.5
51416.1
57847.3
72116.4
62439
52511.8
60492.8
73304.5
55375.3
54804.4
69869.7
53609.3
53891.7
58585.9
59856.4
48615.1
49697.8
100469
80865.1
43451.6
47762.2
52536.9
91811.2
93785.4
79628.5
250255
49415.6
53567.1
52428.1
63883.4
59355.6
79619.4
77956.6
75982.3
76388.2
99013.9
78851.8
80477.8
56713.9
48204.6
75304.6
210569
66774.7
61764.4
52225.6
52260.8
40513.3
40113.8
202238
156131
50700.8
53759.1
59854.3
89865.9
71358.2
50325.5
93560.4
35095.6
39293
43571.7
85634
86429.6
52357.3
303241
76819.7
60303.5
50366.9
73278.6
73003.9
59679.6
55867.4
60330
85410.4
215305
61558.5
63110.4
64134.5
129509
76764.4
57908.3
52715.7
62908.7
63690.4
56642
48913.3
48420.7
122796
47364.4
47064
57334.5
143213
166105
73758.1
63600
61303.4
51934
48575.4
149682
51400.4
56764.4
285132
300027
147397
92988.8
108437
71848
61632.4
57231.6
64446.8
42137.4
39303.8
48265.4
66913.6
66225.9
73632.5
50865.7
52318.5
60002.8
197689
184142
66470.4
84387
75125.3
256331
66200.4
64713.5
46486.7
50740
263056
269410
84050.8
83390
58821.5
49461.3
82474.2
64563.2
64076.5
82274.7
72532.2
81644.2
175442
63262.3
61803.3
68072.6
62037.1
71921.1
60005
54759.7
49183.9
70377.1
275795
85900.8
76947
52841.4
260689
83989.9
71068.4
54515.7
70939.3
67383.6
123594
52101.9
43854.8
75509.9
57590.2
51656.9
65880.4
50638.7
80249.5
80678.8
112065
262626
59358.3
53759.9
65227.7
191240
240236
80510.2
86884.7
56382.9
49971.1
46085.8
75197.2
60231.4
59659.8
52863
46821.1
234893
69068.6
60550.5
65024.7
58723.3
56149.2
79172.4
54942.5
80059.6
76687.5
84441
130255
59841.9
57978.7
51835.8
46257.3
71719.3
158823
55684.1
53790.7
44664.8
43909
76268.5
138874
97700.9
76481.8
174181
76770.4
42340.8
57769.7
46319.9
58461.4
70418.1
69807.1
69942.5
330740
116808
79107.6
119213
338449
297374
94095.5
82636.4
92143.1
51608
50478.5
67142.1
71116.9
74551.1
58712.6
74771.3
58212.9
95326.5
99969.3
74376.2
190387
60859.4
51860.7
78151.1
69382.7
37280.9
40379.3
59835.2
38666.5
40824.8
108777
70903
74124.6
58159.3
44598.3
56651
61713.9
83297.2
7764.27
66428.6
146990
58648.2
46008.3
34528
39642.9
46797
47389.8
53634.5
67930.5
59328.2
66754.9
245495
117996
83173.5
73774.2
73136.6
79751.9
56681.7
61986.4
91503.1
57650.2
68858.6
73109.3
71832.2
54805.2
74766.6
192977
54426.2
49963.3
63835
78499.5
329702
83970.2
238138
208961
60813
80753.5
66031.6
206793
63564.3
60309.7
151860
276766
67203.6
49818.1
71219.7
90926.4
71941.5
60944.6
59026.8
51011.5
44980.7
58450.8
83080.7
49723.9
48765.9
42276.6
38656.1
47108.7
40481.3
33606
45267.1
123728
50159.3
75531.8
116548
146993
209611
43027.7
49174.4
56490
57567.4
70313.7
66662.3
78354
231357
79885.3
59309.2
56987.8
51490.9
43508.1
81445.5
61819.4
54367.4
45879.9
104986
52295
191149
40294
61751.4
72454.7
239797
117851
56728.6
52033.2
264316
43948.8
43201.2
67351.8
49227.4
71280.6
35544.6
34139.7
70065.6
67650.8
58222.2
58701.9
264748
212813
250207
63709.7
54076.9
57624.8
81179
57032
135184
279638
64912
66758.5
65165.9
63952.6
48073.5
43561.8
52279.6
48997.2
115043
220149
59809.8
77192.6
72016.4
103107
72571.9
120748
111115
61137.7
82334.5
48435.7
70850.5
197214
81252.4
57526.4
76385.5
82475.6
187004
49548.3
73367.1
80977.4
53967.1
65132.7
60684.4
69374.4
49012.3
87629.6
120153
221721
60992.9
48768.5
49267.8
70631.7
71955.7
183003
72249
108879
73094.7
65852.3
43618.9
41895.4
106227
56086.2
74434.3
212439
55980.5
80939.4
58766.7
74983.3
83786.1
285976
116875
63117.8
52079.6
60405.3
46083.9
71541.2
70518.4
55943.5
65476.6
59463.4
54140.3
46679.2
41567
68266.5
50535.2
60951.6
202274
54618.9
216753
79448.7
52518.9
164267
350011
225108
57324.8
133334
71405
55602.4
69316.5
71556.7
84042.2
237047
72993
73199.1
150593
112453
243385
34912.5
33641.1
42508
44469.7
73050.6
58373.4
70924.9
50794.8
48799.8
49855.1
63382.6
60844.3
70742.7
76997.3
240580
73696.1
73733.8
66333.8
58476.5
43208
43284.1
81298.9
191430
260803
40295.1
49433.3
200527
214952
80495.6
143944
124100
80779
62930.5
60816.9
60495.4
84197.9
87185.8
128628
50681.8
76975.6
82218.8
65550.6
64039.8
128342
57226.2
71210.8
58754.3
53588.4
79049.1
60500.9
66444.7
67106
59056
5423.68
1561.41
57698.5
307053
61087
49436
82048.2
76513
83817.5
48175.1
54861.5
74109.9
83648.6
51895
71102.1
73150.3
83484.8
48513.2
35926.7
46808.2
290287
260247
70696.4
72991.9
67704.7
64913.9
78030.6
82699.6
228825
60593
54885.6
65070.6
49484.8
71390.2
67155.5
67587.4
84636.4
90612.8
56303.8
60537.1
48093.5
52727.3
85030.1
71328.4
52374.2
51705.3
79856.7
68020.1
244144
47108.7
198126
136047
108665
119531
76818.6
66391.4
61314.6
54771.3
50655.4
78007.9
81205.8
125559
80644.7
254664
84612.3
83507.9
62385.6
131796
54598
48620.7
87560.2
56548.8
67884.9
60655
54975.8
48838
57763
59439.2
59749.8
41978.7
38340
62068
64776.3
61657.1
51744.8
52787.2
42162.3
41898.2
49637.7
240082
75032.8
48959.2
52221.7
65702.3
68362
156381
41776.6
37103.1
38591
45016.9
39273.9
45578
57888.2
58869.2
56330.6
51230.3
79068.5
292470
81645.7
76681.8
261484
61402.3
54656.8
78188.1
111886
120504
75328.4
57637.2
47409
46235.5
70650.5
59935.6
112851
58755.1
63705.9
61121.2
76259.1
65967.7
67464.6
93946.3
72432.4
51831.3
62103.8
44080.1
52336.3
80391.2
65319
64899.5
66663.5
43455.8
37216.1
39979.6
48140.8
52325.5
75181.9
81429.1
80521.2
86562.6
118848
83219.3
321680
48077.8
56808
92944.7
308021
45435.4
51444.9
244626
109930
100622
55641.7
183227
76495.9
264906
56155
67812.6
47770.1
48092.5
49442.7
62376.5
62076.5
73519.2
133239
61609.1
61006.8
74331.1
59441
69403.9
52275.1
79785.4
85995.9
74096.4
241513
54954.8
84106.2
238835
55795.2
61865.4
54558.4
71451.8
70250.1
180889
142074
92841.8
79412.4
73144.1
138834
60525.4
59720.7
68315.5
66290.8
87715.3
188370
251903
162693
307623
73662
76695.4
47557.2
45440
40463.1
51563.5
56292.6
65404.1
118056
55361.8
52598.7
43474.4
63691.5
84332.5
113670
70799.3
57117.9
72481.5
75325.6
60599.6
194354
54994.8
68803
57041.6
50699.1
45775.6
63163.2
115611
95126.3
91599.6
78062.2
81661.7
45070.2
69827.9
49611.4
62184
67788
54712.9
321392
61933.4
269663
73207.8
83767.1
54416.6
86081.5
80918.5
73312.1
63801.3
64505.7
286667
53387.8
45988.4
58163.5
52006
63951
99302.2
44925.9
225666
59834.8
45779.9
56629.3
47803.3
67749.9
33756.9
36603.1
35783.5
30764
31836
32801.2
43638.5
33273.4
49185.2
73832.9
6267.44
67365.1
68766.9
62020.2
57608.6
62847.6
58882.8
62425.6
52606.4
44136.4
39815.2
68584.1
66065.6
54614.9
77016.9
56401.9
68277.3
68675.6
50440.1
44697.4
37735.1
42171.6
52773.9
69653.9
60355.1
56202.1
84905.4
110411
69961.3
55428.9
65255.4
54545.4
46312.8
128170
53065.1
50151.7
53302.3
133512
57507
78867.4
76466
58528.7
72682.3
53457.5
48396.6
59854.9
77134
85413.4
84678.8
78408.6
115535
240225
286967
57597.5
59435.9
65475
62077.7
83920.2
82582.1
140337
80127.1
276276
305358
199336
57082.7
58539.6
53457.4
106829
48593.5
57716.4
89989.6
68273.2
81462.5
95213.4
99317.5
74435.7
104005
238790
138302
112641
117323
300247
180739
76454.3
120070
74762.8
68303.2
67577.7
170870
90159.1
64278.7
61012.5
70342.9
67564.2
83095.4
68976.6
60031.8
49434.9
71620.8
66393.4
62709.4
50344.4
78083.6
78481.5
72171.8
88482.6
318548
58667.1
56687.4
107050
50170.3
72795.7
64464.9
81083.9
262401
1970.88
20363.9
19880.2
4070.91
54538.5
120652
47639.1
52493.9
63489.1
73452.8
150539
77811.3
74905.3
177325
185173
47526.7
64976.2
58829.1
96980
66948.3
63439.7
188383
50430.1
58252.2
48924.2
47562.8
44534.2
39324.7
32077.5
31693.5
56688.3
59756.1
52781.4
40689.1
47666.7
34608
48628.8
32281.5
57203.1
66726.4
65672.4
47505.4
43782.4
54730.1
45140.5
47052.9
70507.8
72078
52220.7
72419.6
61030.3
71918.9
79285.4
80052.9
51783.5
53691.7
42286.8
45777.3
66319.2
49111.7
56301.8
211803
116346
46508.8
40332.1
61423.2
79943.9
62088.9
46946.7
54668.1
80047.6
114638
89387.8
48296.5
47827.8
78793.7
69705.7
153661
76642.2
78863.7
80497.1
71672.7
61059.7
84582.9
103310
51724.6
46668.7
87874.4
47195.3
86073.2
66353.5
62302.4
282016
186752
34456.5
43081.8
31664.7
30749.3
118952
67691.7
81681.1
63376.3
56145.5
64786.9
55981.3
64330.6
267303
63834.6
61383.6
49543.4
47401.4
62990.6
71197
60960.3
54410.4
63303.4
274194
67856.7
81218.6
91961.4
89873
54281.7
69964.4
59019.8
66428.6
118946
135076
51680.5
56569.6
221481
88696.1
63434
53647.1
54886
42454.1
42022.8
52120.2
51946.9
74557.6
48543.6
34558.1
58337.6
39683.3
46822.3
63981.9
54948.4
213672
199359
79807.2
43143.6
47675.5
54176
75233.1
64349.3
120941
48151.4
49263.8
72727.2
70676.1
58875
61938
80333.7
76562
38684.8
40053.4
38582
35713.5
101653
240968
275229
129782
67644.5
41580.3
44627
51738
74589.6
124587
70479.7
131616
85293.9
53831
47595.4
58952
67684.5
58407
63906.7
68226.3
44903.9
66274.5
55406.7
43744.3
53201.3
64194
53975.1
52342.4
47172.3
47942.7
48533.4
47349.4
35165.7
39081.7
33974.7
38523
53550.4
58607.5
82048.1
73702.4
78124.4
59848.4
164614
45418.1
77406.3
36223.5
47749.6
31990
31440.1
75362.7
66365.5
52451.4
58520.3
42641.5
40197.5
63948.4
58148.8
76350.3
52861
63461.1
68080.9
93386.3
59510.8
46532
41032.3
53694.6
57439.6
66740.5
161283
50926
56175.2
112252
49389
43112.4
46244.9
80560.3
64717.5
55251.8
49140.7
80870.6
52749.8
87072.1
55220.9
50135.5
61268.3
56955.2
70713.2
115666
150017
75743.7
68230.7
61927.3
152248
204141
168169
53481.8
63331
58974.1
49196.2
45724.3
51702.5
55442.7
67521.4
70819.5
59004
43420.1
51951.3
72497
78299.2
62598
262192
57523.6
61720.8
49781.1
44878.6
48200.8
61211.6
57320.8
228432
43792.5
51087.1
60876.4
73692
49183.7
4499.96
1483.83
48053
87650.9
63904.6
65917.2
65842.1
108262
61786.3
56752.9
52197.7
59201
72593.1
76919.9
70279.7
59159.7
71556
56862.9
45997.5
52548.9
58211.7
58054.6
73616.6
226260
103751
70831.7
69071.7
68488.6
316302
103123
74475.9
57092.9
45898.4
55379.6
46399.3
47514.3
34589.9
39641.9
113566
85097.8
75872.5
132525
283185
121431
104824
133862
70500.8
243448
55295.3
67271.7
58697.7
69700.8
50102.7
71590.7
65511.3
72313.5
80931.7
44662
74928.5
118919
35259.1
39833.3
47629.8
65288.4
50169.7
54241.7
58239.6
62569.9
44313.1
73237.8
100977
3039.71
33963.3
33178.5
1675.52
67602.6
64107.2
63102.2
72626.9
52959.8
55569.3
83909
94124.4
268839
47482.2
50152.8
57162.1
51250.9
131590
158477
40360.6
84554.5
88402.8
83894.3
56228.7
51211.9
93481.6
179065
53313.2
51783.4
81281.3
124052
83082.2
51969.3
66051.9
58154.5
32224.2
40137.1
42876.5
109302
106831
54412.1
48750.9
83492.2
78272.1
69264.4
63017.3
49891.6
55573.8
71214.1
54176.3
50992.3
62365.4
84641.9
33605.5
41216.5
34030.3
40492.9
33842.2
41443.9
48105.6
83476.4
38161.6
45822.4
37021.8
48029.9
72587.5
68405.3
40210.1
43710.8
37387.9
43658.9
36911.3
45277.3
36270.8
46657
74746.5
311500
51015.2
47419.5
55715.1
77136.5
55232.2
79090
31419.4
2942.95
30688.9
2644.91
72777.5
63175.3
41730.9
36863.3
48931.2
54527.3
49221.2
168295
57011.9
77927.9
115618
219684
65345.8
66262.9
60757.4
240403
233780
250954
58167.6
116350
77340.8
48192
52817.4
85826.4
54827.7
49133.4
60690.5
69415.3
60162
319594
104007
245320
64116.5
77923.9
71635
57031.8
67776.2
235682
63633.9
112150
69961
86395.2
241936
51803.8
86461.1
77297.2
73629
87375.7
61223.7
55201
45546.3
55775
64467.4
73581.6
51724.3
53631
60584.8
69327
59472.6
48499
47230.7
190387
249734
280057
48134.5
52609.6
63156.3
74678.9
54982.4
48467.2
55930.6
234067
280405
100935
259418
8628.21
270744
143935
32907.2
30652.8
44913.1
33421.9
75286.5
138618
81986.4
44802.5
189044
62633
85817.6
66381.8
74468.7
63232.3
63513
66161.9
79402.8
82388.4
69248.9
71575.9
46887
49908.7
54507.3
53212.5
64601.9
66280.6
71565
76017
76389.9
78749.9
48201.2
62701.9
76450.3
50900.8
205500
193162
78458.4
70340.1
81648.3
57423.6
61587.2
50867.9
77897.2
191142
49482.7
57783.1
41958.6
73007.4
265739
148053
45288.3
255276
65960.7
62194.5
69491.6
131343
63664
153109
151800
53025.6
70961.8
78702.4
84071.2
57651.2
268477
52146.8
51704
60331.1
76708
76020.7
53030.8
65306.2
114219
56564.7
111087
69938.4
82471.2
52816.3
54440.6
83539.8
33085.9
41525.8
34327.4
45351.5
42704.6
58756.3
49060.3
45795
28619.3
27513.7
51706.7
34123
43533.1
42598.8
39380.4
45725.8
255571
77247.9
215922
54296.7
69763.8
60104.9
1074.84
8384.71
87704.9
45002.9
195601
58211.9
77409.5
56852.1
61261.7
52062.1
126023
60718.2
62758.4
61088.8
47823.6
110079
74191.6
48311.2
45638.7
60280
39729.9
35173.7
44875.9
48997.4
113644
59546.7
68305
52901
191145
62748.8
55602.6
55746.5
66290.2
114230
286277
86718.1
110091
267651
82983
113826
232922
117509
137293
97110.7
110725
66323.6
112044
44719.1
46786.6
75272.2
1906.78
20232
19749
3347.03
62332
239062
52912.9
76820.1
112671
52140.4
35580.9
33590.1
35823
33451.4
46578
43333.9
46249.3
43904.7
55089.6
54024.4
60751.4
69724.5
57039.4
48352.5
46100.6
46129.8
64453.1
53731.9
70267.9
49655.3
52630.8
76439.6
67185.5
62607.1
71418.9
59672
227355
105550
58983.1
41427.4
34568.2
49311.1
84356.9
172609
139138
89086.4
89781.6
87737.2
218174
138391
83580.1
49891.8
63278.8
53952
74138.6
63524.4
55318
45465
61621.1
309149
143341
60003.8
54709.5
60839.6
67659.5
73659.6
52048.3
62728.2
82636.7
86140.9
52591.3
48741.5
53180.6
72286
259564
219224
48887.9
89374.5
54880.4
69993.1
79446.2
63912.4
109120
213805
37590.7
40653.7
38177.1
35496.1
81076.1
50236.9
69797.5
73417.2
60081.2
55288.4
325224
249800
57995.8
66104.6
54322.2
51161.3
52893.4
44436.3
56323.7
34529.6
36305.8
143437
63523.5
53247.7
57398.7
78931.4
61286.9
194672
60022.2
107629
60610.8
224172
52493.2
52548
42941.4
317587
70795
47844.7
72750.2
45277
65777.3
61873
68412
51457.6
30285.3
41588.7
30862.9
40541.3
44558.6
55411.5
53910.8
54228.2
51487.5
49641.2
54615.5
54613.5
49220.9
39689.4
62588.6
64520.4
91347.6
107710
230501
241343
267656
106924
141028
155571
67876.5
57233.8
60079.8
120086
152862
67766.4
206599
83831.5
9043.06
50459.5
55044
36853.4
216094
79387.4
77512.1
42544.4
282252
195935
80229.6
44039.9
47128
60355.2
55864.9
56169.2
58791.5
50762.7
58422
69062.1
71817.8
73809
73435.7
49403.8
311482
121199
212936
236256
81352.4
59305.9
62917.5
40952.4
44510
51844.3
67038.6
188654
55907.2
116075
251554
90255.6
59461.1
222855
51828.7
55372
61668.5
66757.7
65373.2
62823.7
76410.1
65254.1
61488
74994.6
67728.8
50147.7
43486.4
40130.3
59515.3
304248
82791.1
57871.9
65363.5
35580
35640.6
42492.2
44553.6
44439.7
57304.8
53088.9
42536.9
34277.3
36357.9
54179.6
52386.2
54473.5
51316.7
52528.2
75741.3
86150.7
75339.1
57207.8
58224.6
46152.8
52163.4
104942
39735.1
38036.4
187398
82874.3
59737.5
77445.5
65101.6
65942.7
66043.5
67736.3
269826
72336.4
72430.8
81386
81932.8
76974.2
70434.2
101404
75947.5
80586.6
105949
150686
54854.5
52660.1
56149.8
66783.3
92777.7
231578
209382
183909
83609.3
50474
107912
83635.5
80693.4
271579
77934.6
138511
44445.1
82974.5
44567.2
65456
75625.8
188952
64029.6
54889.6
61361.8
69643.1
68092.7
59363.5
38500.5
47530.6
241409
40834.2
34355.1
74174.9
52282.9
55587.5
73167
70744.9
65467.7
63658.7
73772.7
52319.2
40318.5
3892.37
39389.2
2690.39
87281.4
115247
60353
56431.4
52544
43799.9
39812.7
64696.1
154881
146214
51772.3
66962.8
42820.1
41309
25908.6
2406.83
25302.1
2577.74
102926
128349
44661.9
56892.9
53572.1
66962
276107
53575.5
65210.9
38314.2
43182.8
77355.6
5304.96
143598
57322.6
187256
62659.3
59730.6
65223.6
50202.6
58925.3
55822
68929.2
75099.6
60434.9
71610
75846.5
70176.6
72707.4
63209.2
60041.4
66519.8
68276.3
66446.6
61712.8
65948.2
77426.5
76509.9
1857.89
7012.41
74748
47860.4
52010.2
43457.6
39679.6
64219.7
226866
274165
56461.6
77863.6
63573.1
70248
35029.8
3434.81
34222.7
2994.15
63528.9
57795.2
51252.9
257353
254045
99706.2
231247
46323.1
43824.2
48344.6
48864.8
236256
67069.3
65094.3
53854.3
56481
74289.7
56960.2
48487.2
46004.3
91058.9
104199
54372.3
41147.9
54551.8
58234.6
80904
61270.8
52530.1
61673.6
242530
67584.5
83907.5
73963.9
42947.3
45189.6
43406
46147.5
54918.5
47420.7
59160.3
49699.2
90378.1
62692.9
63476.2
35688
49762
45079
46121.5
65543.4
72107.4
82268.6
93396.7
55476.1
63989.4
1121.21
14774.7
4294.8
14518.2
55634.1
66303
71845.5
255734
4636.46
257258
66780
6124.7
1965
65245.5
51921.4
21384
2335.89
20895.2
55684
60451.1
49776.5
267994
181232
8612.11
44018.8
56671.6
52864.3
63318.4
52292.1
59051.7
85866
149344
48363.8
55622.8
53171.3
63330.6
53212.1
48054.6
59890.2
60516.7
198476
57296.6
54945.9
48219.8
46424.4
165836
83385.7
55485.3
139685
191971
141326
56246.9
54432.7
65381.9
65790.7
57595.8
83041.8
61909.7
47525.7
78955.5
56839.8
146644
187862
44739.8
46191.3
54903.5
61307.9
61868.9
53170.6
59569.8
80969.6
70875.6
126113
67864.1
57275.4
196091
159981
57012.5
61954.6
42893
55509.3
47460.1
70684.9
72583.4
51566.3
46420.7
166905
92277.9
51927.6
38955.5
10712
61085.6
67439.3
44574.8
56632.3
50148.4
73675.5
246556
238489
82921
56011.1
47276.5
44936.9
182181
67121.5
82688.6
74563.1
236122
245196
44394.4
82038.2
63092.9
55816.4
52454.4
46402
61051.9
59901
78957.8
74042.9
45497.8
251565
80482.3
41971.8
44409.5
68890.6
61923.9
60839.6
68407.9
64497.3
52554.3
55960.7
76811.2
47798.7
57624.2
60724.2
79126.3
41888.4
51749.5
192261
83936.9
48649.4
74039.5
162869
296236
68874.9
34908.1
48624
32087.1
32309.8
74984.6
77949
64650.5
74255.5
74472.4
70626.3
66053.3
57083.8
67167.6
140698
60181.8
62225
63919.8
55426.5
58608
60180.2
62672.7
33107
34473.6
75703
71659.6
82412.6
77471.2
74224.8
50797.4
55999.7
81770
56333.1
84022.1
51153.3
53787.5
247734
224698
219398
61753.6
80195.8
60934.2
56616.3
50027.9
62947.7
68495
40188.4
167875
59178.4
51463.9
47171.6
55012.2
114209
257011
57355.7
55639.5
52988.3
64758.3
213245
55167.4
88338.5
55752.6
51999.9
53591.7
49978.5
61787
57180.3
76269.7
168344
78604.1
20111
2379.98
19653.8
164488
113103
144206
259989
225832
86805.2
273352
116920
2148.75
15985.7
66049.6
82376.1
53595
55531.3
66701.9
84314.4
58597.3
62764.5
46946.7
43555.2
68279
51929.6
47372.1
61734.6
80125.1
61200.6
50520.8
137393
16343.2
126167
91342.6
39723.6
65772.7
47689.4
58353.6
51117.6
58421.8
51254.2
47795
85222.6
54116.6
92873.1
95650.2
49565.8
83170.1
48051.3
150012
70295.7
67924.4
66294.9
61835.6
78519.9
230544
61372.6
76800.6
75782.2
163640
93096.5
46218.3
51584.5
52785
59743.4
46841
61031.5
71100.5
74130
1259.19
10258.3
53457.6
49921.5
44095.2
43948.7
32868.7
36934.8
53123.7
49033.5
49901.4
37411.8
45968.7
34891.1
85316.4
52686.8
47271.5
79264.1
79581.6
71646.9
63973.8
72232
63079.1
79554.7
46225.2
67269.3
62630.6
54574.2
55004.8
56071.2
66829.4
74207.9
54802
46913.8
81818
72120.1
49797.1
79002.4
65720
62303.9
66163.4
63488.3
67056.9
65237.4
44055.3
47907.9
84564.7
58513.7
56959.3
81593.4
42311.9
46801.8
65447.8
56726.3
52566.9
73090.2
73713.3
65503.7
63618.3
42969.4
44389.7
68962.4
61850.8
52053.8
43297.8
102325
95799.2
72900.9
88135.2
223061
69681.5
67716.2
59625.8
59033.2
74155.3
58014.7
50061.4
42705.2
52478.7
46480.2
72698.4
71532.7
63940.2
62328.6
154588
62615
53452
63938.5
52809.5
50821.1
50199.8
61632.3
60802.9
178318
130168
53259.7
61894.6
81913.7
79685.1
81142.1
63655.7
54744
50492.9
84470.4
57620.8
69758
245105
48378.5
44158.3
60343.5
49109
55565.7
12550.7
46577.1
55077.1
75226.2
52792
75497.6
52835.3
62038.6
80934.8
216337
56555.9
66997.9
54954.5
174848
44914
42744.6
55587.4
66687
68987.3
65769
73379.4
62839.1
55524.1
52581.5
82203.6
52694.2
36176.7
40686
75712.7
66609
81468.1
61046.1
70093.2
57446
69547.3
65468.8
48379
54425.8
48599.3
46650.8
167488
58015.1
322838
46016.6
109608
199507
79059.7
75756.4
158294
52922.7
53566.4
139854
80370
56629.1
40685.4
34363.6
44855.3
76356.2
92576.8
45978.8
83573.6
79314.1
43541
66758.8
56042.1
56779.7
53689.8
56719.6
48931.8
54529
54542.9
59361
51667.9
60129.2
36987.1
40178.9
38342
41419.1
102168
127402
61002.5
235656
79182.7
81238.6
78362.5
243824
63776.8
55886.5
58437.9
74718.9
69235.8
87276.7
88693.5
60671.9
153455
66176.1
60087.6
64106.1
77963.9
77125.8
77746.6
86708.5
87945.9
121554
60857.3
74278.4
65062.1
62967.1
82346.7
58062.2
48679.2
46574.4
294248
86655.7
71822
58903.4
54046.5
67201.3
57144.9
52066.1
94095.4
52559.3
79047.9
82732.1
84423.6
42337.8
249728
53252.8
51039.6
77583.5
63280.8
79679.8
207680
97535.8
82603.5
57873.7
84778.6
198250
74094.6
77948.7
57746.4
84272.4
81389.1
34388.6
35266.1
165448
138086
127939
130218
174415
78740.7
47934.4
50248.4
44222.1
46423.8
137839
61120.3
76469.2
74379.9
75849.1
72722.4
66015.7
35776.3
37017
64448.6
62518.2
5752.98
780.933
61094.9
82325.5
50551.2
94430.3
52761
50198.1
55607.5
60024.5
59736.8
60119.1
61248.6
62923.6
63127.8
58436.6
77510.2
48869.8
52709
59221.6
46104
204101
165928
54481.8
42588.2
44841.8
193415
35806.4
46690.6
36428.2
48391.5
48517.2
62072.3
57013.7
53883.1
31775.7
32125.8
37819.4
55360.2
46358.8
51529.7
43192.3
51272.1
74741.2
93300.1
57107.6
139356
136148
171305
72871.5
82115.7
82644.2
75880.9
54048.2
47710.5
56952.5
146823
62711.7
59336.4
86338.5
88769.1
184108
45102.6
53877.9
63127.8
67519.9
71514.7
55954.7
67996.3
93339.1
81696.9
78107.4
82668.4
65810.5
113614
45860.6
43804.2
70781.7
66655.5
59644.4
60652.5
56726.7
55312.1
61295.1
62192.2
77686.7
83241.5
41082.6
45834.1
53157.4
63395.1
66662.5
57533.3
62132.9
60004.4
69657.9
57778.9
46521.3
45822.9
67705.3
63942.6
58296.5
51269.6
67838.5
72649.7
71127
232166
54608.5
78309
59832.1
70421.6
56043.6
50780.4
43136.3
49936.1
60283.4
52473.9
326662
61983.2
71092.1
68785.4
225414
179652
56313.5
52998.9
85243.4
39579.1
61336
174142
90847.8
156765
67638.9
66349.8
87313.4
182485
76591.7
36912.2
45039.4
37397.5
230969
60426.4
62574.1
56961.2
92111.3
81330.3
62451.1
77700.4
66584.2
104315
37979
38996.4
68720.1
41236.8
52713.2
46282.9
74823.6
71867.7
191390
144787
94065.9
66348.6
215273
58921.8
64834.6
68626.8
59674.4
61691.1
64677.9
66564.7
60440.6
68882.4
60593.7
50868.3
45636
36988.8
59769
124776
111698
133661
82590.2
80690.9
87607.9
57905.4
54571.3
46550.5
41900.7
265149
53228.2
46584.4
58194.8
60461.6
69259.2
68935.5
59533.9
73329.9
56515.2
55122.8
251720
219086
59322.7
55098.6
47353.2
65472.8
70404.3
58040
51234
54225.2
65768.2
63027.1
78758.7
83398
74043.4
244534
38251.2
112265
56181.6
64466.6
50434.4
82552.2
75494.6
76027.1
168390
65189.2
332516
48142.5
53727.5
147389
51315.8
57892.2
45658.5
69980.2
62309.4
170705
63132.1
52019.9
81068.2
64625
75363.8
49568.5
301440
50038.4
44923.7
58189.5
59406.4
67285.2
84037.3
219104
274274
92510.9
114810
85673.4
50069.5
61277.6
59004.3
63928.9
227153
67490.8
65416.1
54071.3
171684
143177
70230.3
66048.8
57579.6
65240.7
118761
63352.9
79826.5
73512
204945
62558.2
62802.5
70188.9
48040
46707
61979.5
76175.4
60468.6
44428.7
52252
46097.3
36199.7
32483.9
74959.8
30569
32343.8
45961.5
36549.2
1085.51
10136.4
77867.8
212735
274731
78908.2
74784
91591.6
49820.3
47676.7
54834.6
58159.1
79399.4
60065.2
71702.8
74711.6
55519.6
72186.6
47389.9
43892.3
236758
55926.7
63267.5
61349.6
67462.1
177681
54949.2
239579
51192.8
48121.8
52722.3
77298.9
65484.8
75676.3
104205
57808.6
48505.3
42991.1
54948.7
58228.2
67509.3
67005.7
63244.1
9903.1
58866.9
92231.4
55315.9
73712.7
72314.6
71844.5
91048.1
69987.2
66904.6
43644.5
59065.3
66394.3
52852.5
128590
79730.1
59464.7
109263
110345
107881
85486.8
60323.9
56174.4
190497
65111.8
90191.5
90508
84664.7
48116.5
53785.4
57101.9
44814.3
63287.5
64612.1
55075.8
65039.9
58879.8
61698.1
85954.8
61161
53105
45631.3
86065.8
59902.6
51263.8
46197.1
61435.7
79094.4
72830.7
73740
76775.9
56629.6
57157.7
76574
74956.6
146423
283719
220060
76284.3
66066.2
54378.4
46726.3
43369.3
57216.6
44471.6
54613.5
61195.8
65235.8
221044
92382.3
83107.3
72316.2
61950.4
47954.5
63408.9
46450.7
43622.3
41918.7
48091.2
50056.2
242186
79001.9
46011.9
47715.2
53996.8
183204
120400
100766
57312.3
69133.6
64910.1
59303.2
71303.4
67927.3
75852.2
337293
132620
224848
116502
132382
50052.7
43249.5
56066.1
56254.2
50770.9
99517.4
83950.3
73706.8
38672.2
71887.6
64049.2
55720.6
56682.1
49477
49498.7
72695.2
56562.6
53712.7
52804.6
146336
79514.9
68225.2
56082.4
35096.8
32278.7
32542.8
41097.2
39088
35002.8
256852
256140
205736
77221.3
78666.5
42852.1
43029.1
32271.8
39819.7
42488.8
33641.4
31195.3
30864.8
47957.8
51928.1
165090
62098.7
60141.4
64406.6
53133.9
57299.9
252792
84173.2
81177.3
68238.9
73073.5
78307.7
48258.8
46891.8
43935.7
63573.3
58419.1
49296
45041.1
63604.9
59164.7
75946.2
69131.8
191197
63364.4
144001
82870
75512.3
297419
80626.2
163393
237102
158232
75399.9
83446.2
65148.1
36675.5
35952.7
51155.8
46558.5
38457.3
37487
51326.7
49973.8
62222.3
55977.3
61553.1
69027.2
67947.3
59912.1
98779.2
101236
143028
85865.2
221854
138842
73719.4
82153.9
81454.5
80287.2
54390.5
46880.6
50902.9
45229.9
37864.2
80019.7
75234.5
62808.7
63551.8
61858.5
111621
69408
62468.3
281288
137221
119264
79955.8
69751.2
219112
47877
49503.4
67534.1
73603.5
58144.5
85013.7
82580.6
95389.9
59359.6
52916.5
160337
71060
60567.8
47314.9
61583.1
46387.6
77764.7
78702
53132.8
47414.3
41987.9
51861.3
235209
33766.7
40947
31714.9
32703.3
75572.8
114267
66850.6
53365.7
9633.94
142618
53156.6
44452.4
49743.8
46670.1
53280.9
38528.6
32502.2
35249.1
59014.6
57547.5
60134.6
49533.7
52762.1
40951.8
49342.8
39123.4
83592.5
86369.3
58344.7
79147
87140.6
53156.5
50278.3
193503
91640.2
49156.3
67244.3
74553.2
59496.5
49672.1
52959.5
47218.9
44703.9
37877.3
28309.9
25332.4
27189.7
52584.5
51994.1
47069.8
33320.7
45996.8
28819.5
40992.4
28504.8
62613.7
239011
73052.8
77034
56175.6
58270.5
63863.8
57736.3
76455.6
32923.4
32587.2
47521.4
46887.8
35617.9
34864.9
41959
41019
44323.6
44685.4
53865
53486.4
56879
56327.7
53974.4
53886.3
47127.2
51834
55466
55196.7
45954.4
52065.5
52922.1
62197.1
48548.7
77931.8
58175.4
82609.7
47849.3
112956
238009
301390
77677.5
60914.7
69924.6
105062
38844.2
43307.6
49090.6
59243.3
64129.1
55497.9
58386.4
56923.1
68148.4
55866.1
46528.6
45626.2
65757.3
60861.9
56808.2
49228.4
50687.9
46177.4
60060.2
71700.2
232672
71191.4
74198
296081
52419.2
57049.4
47379
48534.5
36876.7
36829.6
81761.5
70701.4
130512
184643
47893.6
82881.4
73560.6
74842.9
83134.3
30325.7
34332.4
35377.6
36320.9
52554
68642
66515.2
60601.3
63835.1
225497
58714.5
61360.9
76880.3
68697.8
46339.8
65510.9
67401.9
48655
83050.8
58442.4
216928
81766
294040
237199
60352.5
51955.4
60615.8
57458.6
56081.9
166430
49750.8
47040.6
45156.1
47646.6
79787.7
80901.1
52469
62579.7
63578.8
57732.7
64382.5
56171.8
62554.9
58011.2
53157.1
45030.3
54072
151793
1947.67
23091.1
22560.1
1851.29
80805.5
52720.9
71593.2
67894.1
58792.9
222179
77818.2
70966.4
61430.6
54880
43659.9
46837.7
31942.3
56805.8
51949.3
76348.9
57874.2
72065.7
62073.2
140284
83491.1
81164.4
60376.5
56167.8
51583.5
58139
45931.9
143483
40230.9
42000.1
49846.5
46855.1
36451
37772.2
32620.7
34366.1
34752.8
32542.7
40695.6
41908
37732.4
40570.9
36806.3
35400.1
98445.3
77977.7
47372.3
51170.7
64945.8
64628.4
68649.2
77735.4
66051.3
55829.1
68077.1
125782
245423
164549
76653.3
61287.2
138124
51052.4
171844
66363.7
53922.9
59872.4
53737.2
54844.7
48179.3
49527.3
42070.2
36399.7
187265
152460
68538.3
56214.6
66594.3
126749
243452
162654
224640
47655.6
60421
76331.4
252920
71341
72956.4
64801.2
73376.1
47601.2
54962.5
57271.5
60560.4
80058.8
97289.8
37599.8
49189.5
38478.2
52170.7
51629.9
63974.2
56189.3
57493.5
42297.9
50459.2
50272.4
48289.3
32467
58521
38401.1
33638.3
181773
86122.1
63302.5
54927.9
50545
98785.2
83470.1
130620
67847.7
62020.6
68541.1
77149.7
61288.7
58977.7
80952.1
78307
79896.6
43675.7
173313
96525.8
262778
219040
80639.3
65945.4
75976.4
62437.1
46650.5
52182.7
61971.4
55523.8
65143.3
77978.2
181449
44521.2
34236.3
96036.4
68476.1
59305.5
78109.2
81368.9
54207.3
53577.5
76259.2
76484.4
49871.1
42748.9
89975.4
73180.9
57118.7
224516
257884
73871.1
64180.9
47545.3
53654.9
211669
242692
70817.4
51658.5
63762.6
158910
69720
64561.6
119306
176249
155209
47862.8
73108.8
71072.2
73932.6
71234.2
144819
84240.7
59815.8
55529.5
71687.8
43161.2
45599.9
53043
46174.3
48204.7
145479
101404
47789.5
79592.7
78367.3
78218.2
50968.2
83598.8
52318.6
64530.2
56068.8
57367.1
3006.12
27531.7
26912.9
5134.05
3851.48
38198.6
37324.5
3879.73
85210.6
99297
68334.6
66089.7
57243
51385.6
44829.3
103753
63344.1
67079.8
168257
66478.2
69763.2
66389
65842.2
230299
150291
47975
49359.4
56018.6
58425.6
78834.6
81237.3
93411.9
62807.3
44434.2
187558
72447.7
78183.2
190553
253168
60216.8
80296.9
39040.7
168434
238255
69692.3
183195
235222
51485.8
48944.3
63343.2
74117.4
67403.4
81641.6
75794.3
81757.2
81393.2
62560.2
63036.9
53445.4
53714.5
49001.5
49172.4
53345.3
51073.7
62203.4
48234
62314.8
79437.8
54890.6
90477.2
258069
69308.1
66127.4
126657
77325.8
72977.1
59744.4
61547.5
62539.9
62292.5
51821.5
48305.4
75986.1
48014
59168.9
51591.4
80180.4
888.041
10675.2
72645.3
6741.39
2507.14
70978.8
52129.1
5002.81
3052.68
50934.6
179009
122752
36775.5
40172.1
80502.3
92001.4
53501
78585.6
104632
48684.9
70841.4
140281
101739
71553.3
65986.4
46602.2
41245.1
53384.4
70494.8
52676.4
44253.8
49400.6
61344.8
48517.9
56018.4
103702
118455
48173.7
64484.2
35394.9
39371.1
51492.5
49075.6
71889.5
62828.1
65140
55162.4
57339.2
55600
54015
49332.5
50261.9
166027
73828.9
71280.1
52406.1
74128.3
62147.2
68568.3
52987.7
73142.5
71086.9
60861.8
68035.3
66263.7
64602.2
66183.7
52301.6
51644.9
61446.4
59567.2
64966.4
63520.4
69025.9
70536.5
54608.8
54559.1
47017
55449.3
53014.9
47297.1
99658.9
97878.1
76369.5
53772.5
42548.5
49226.4
45596.7
33621.5
38122.6
52832.1
50647.5
45927
37303.7
46234.6
33799.5
39977.7
32834.3
49152.5
65986.7
6809.62
52206.2
53360.4
50104.3
36628.2
38827.7
51507.6
65556.7
55597.1
147521
56840.3
44181.4
53416.1
96228
57561.1
72822.4
87790.7
241164
244515
9319.14
43225.5
2188.89
12359.7
58661.9
66639.7
107379
79184.8
135203
132064
224048
52154.1
56716.5
55380
44841.7
46176.8
55764.2
83737
99200.9
2237.44
9031.84
96914.8
58177.9
45824.6
52592.6
47418.2
205319
118614
45199.5
206961
65358.8
46488.5
51894.9
61737
81747.7
95817.7
80386.2
79059.1
54690.4
70747.9
60027.9
73157.2
60438.8
76719.6
49959.5
76820.1
126220
79274.6
250258
66204
63373.8
61002.6
64085.2
58184.9
53374.2
75862
171411
111940
104296
130116
101849
78424
245661
126430
217409
53042.2
57942.3
77904.2
162831
294453
44525.1
55888.9
52779.6
211576
71808.6
46379
45850.3
54959.9
54086.2
57310.8
57645.4
44506.7
109682
56253.2
65241
7269.35
788.213
60441.8
58083.3
68869
71481
59572.5
62101.3
62761.4
69099.8
63218.1
65865.7
80521.1
76207.4
256942
169417
78790.5
82607.1
131876
75671.3
67754.9
60953.3
38108
35320.5
70436.2
96921.6
39436.1
43292.9
45197.5
74263.9
75953.9
81653.8
82528.2
78199
79008.2
77929.4
77106.5
78436.5
299818
44830.8
86716.7
59822.1
3896.08
42446.8
1349.92
41471
63022.7
82741.2
85554
106631
130904
207100
221241
51905.2
78980.7
202296
41905.2
43640.2
63319.9
70027.8
66876.5
63816.8
55297.4
53269
56556
61359.4
46338.4
42290.4
55338.4
39277.3
35033
54790.9
50327.3
33430
31671.4
46077.5
46771.1
47457.6
268588
265447
78602.1
145355
168464
60220.3
131987
169943
96452.9
71000.5
75099
34104.9
37734.9
73426.1
67424
294712
78771.8
71718.4
59775.2
52380.6
50882.4
288401
80142.1
66140.8
58775.5
55057
146350
137303
119987
60095.1
48515.2
57617.3
47159.6
73918.6
78551.1
61494.2
80966.1
95213.1
50635.1
53495.6
64520.9
74786.4
85559.3
94538.1
68374.7
79355.7
52901.4
53781.7
51519.5
49551.3
44373.1
33674.4
28050.7
28715.6
53501.7
52141.5
54179.4
37842.4
45788.1
28770.1
40095.4
28102.8
79355
77572.8
5537.57
43223.1
38675.4
37517.9
39915
45693.5
63064.6
282262
75525.6
77395.3
30584.6
47697.3
34661.8
38033.5
45596.8
49535.6
54570.9
53468.7
31800.8
30397.4
35957.5
47238.6
46582.5
52595.3
45015
55742.7
82674
125884
83043.6
78926.6
243823
206523
55900.4
59755.5
59017.2
64858.1
93388.8
73609.4
57877.4
81581.6
61323.5
52928.6
63429.3
166330
309004
162368
52898.9
75658
50741.5
53180.7
46648
43698.1
39941
28589.7
24935.5
26729.3
52205.2
50778.6
48928.8
34190.2
46686.2
28272.7
41022.6
27850.8
265697
75111.5
58405.8
53945.8
72521.5
73657.2
66299.1
64460.8
83178.8
81236.3
76389.4
76613.4
248039
54434.4
71171.9
59141.8
72095.1
54839.3
56609.5
61050.5
32907.3
42541.5
34659.2
47034.9
44347.9
58891.8
48556.4
46881.9
44780.6
39873.6
44794.6
29091.4
35307.4
54501
28529
42315.7
165959
59456.9
5516.36
677.955
58109.9
172504
48490.8
63685.6
52276.3
73703.7
213296
240535
139478
128442
188729
53107.1
186603
145824
44027.5
54045.7
41982.4
39443.6
38094.1
34931.1
38902.9
44700.6
73859.4
108386
60274.1
59492.4
64632.8
62451.7
134888
44635.4
43771.5
218893
177990
51951.5
58666.4
77241.8
76999.1
76050
257153
82257.8
66631.1
144406
73056.5
65801.4
72243.1
58318.2
50678.1
190217
76202.1
239135
180659
55380.3
63770.9
64747.1
56702
53336.2
67107.5
69408.7
51057.5
52164.3
82312.8
273353
293209
255393
76178.8
75345.2
84857.6
160497
168055
64916.2
260753
113154
77700.4
126889
252822
87551.7
66177.7
57771.1
51026.3
139000
55522.2
56083.7
84462.5
2780.46
16109.8
15693.9
1213.55
130972
62090.7
70211.5
80394.9
109130
64307.1
215007
286899
55502.9
228098
72029
49223
58409.1
65833.1
120274
82069.2
93592.6
83895.1
126466
72492.4
51270.9
63935.1
47470.8
75771
59049.3
305072
57510.1
54083.6
53348.3
50705.7
61040.5
61389.6
59137.6
78138.2
145914
49615
51131.3
54085.8
52774.8
53617.1
86994.1
65736.4
55616.4
53793.2
204944
108782
72065.9
74223
74308.4
59223.7
55272.3
46543
50456.3
121428
2955.2
32912.8
1552.51
32154.7
121573
85807.1
44027.2
43237.2
47260.2
37769
43500.3
118820
63322.4
55493.6
57815.1
71701.3
65926.9
58910.3
72495.7
69435.1
98484
131538
63292.9
59232.9
46322.6
40135.6
45218.8
38237.5
29427.8
30378.8
47506.9
47473.1
60723.3
46707.9
46468.5
33682.4
42905.1
31482.8
64822.9
77961.1
48888.4
51993.1
65015.8
66548.4
52735.1
60999.3
65431.4
56949
76641.1
46535.7
55119.6
64951.9
215715
72326
993.077
13573.4
13266.1
4187.03
45250.6
66196.6
61149.2
226519
47373.2
84197.5
67926.3
45036.2
39610.1
45817.5
49759.2
75857
101785
97619.8
80731.5
69841.9
179193
193989
53427.9
118510
56356.7
56815.1
61103.7
61012.6
58624.8
59112.9
62651.1
62755.7
46194.9
47604.4
54202.9
52515.7
61378.5
74558.4
281964
54193.7
76245.7
53077.4
45556.7
45783.6
70398.2
66414.1
189608
70363.8
62235.7
51451.4
55565.9
42665.9
40208.8
52736.4
50091.1
64331.2
62932.1
79684.8
35357.7
34720.6
47198.1
51704.6
49017.1
42621.9
55339
37375.6
35024.5
38860.5
42750.9
44227.5
38816
221298
72046.3
57963.6
88955.5
236872
31853.7
46151.4
34594.1
40668.1
44744.3
51342.3
54818.7
54745.4
30412.6
33251.4
40052.3
50289.2
51592
42462.8
56965.9
52841.1
47922.3
55285
78522.7
79587.9
62941.8
66281.7
51815.7
54166.4
46372.6
47632.8
121147
160435
306782
45262
135627
44446.2
35265.9
56807.5
34352.7
46751.3
79398.8
47159.2
35411.4
34804.7
58210.2
48368.3
319858
49947.9
50273.5
42353.5
42395.3
58515.6
48256.1
41978.3
67598.5
54346.2
54964.5
154633
66416.7
74300.5
59058.8
70109.7
50334.3
79815.2
196910
74054
282029
49060.8
52811.9
47609.9
59810.9
58776.9
79490.8
327626
45922.4
272187
40989.1
53980.6
37046
34526.1
38526.6
42790.3
45467.4
40007
56278
56943.8
157494
52922.7
61563
319903
74703.6
62666.1
60794.1
67997.3
57097.4
46892.1
53894.5
217974
76816.7
44955.8
46117.8
60682.1
58262.8
68474.9
49511.5
52998.2
34780
38805.2
47254.4
63885.2
62813.3
67695.4
92944.2
44460.2
45458.6
183905
71753.7
60825.4
52231.4
42646.9
79067.2
96274.5
111639
116342
169297
45606.8
66788.8
63698.3
107897
124287
153429
93933.9
120832
39066
55079.4
203847
80853
56452.1
67048.4
49671.3
54777.7
283788
79446.7
163304
75560.2
65591.5
59858.8
45032.3
71031
47740.4
62136.3
76823.3
53097.1
50938.8
64674.9
64094.2
81036.4
73256.2
65998.4
139492
65000
221646
72540
62686.3
52886.1
36607.4
50005.1
42488.9
82374.8
189793
79868.1
47220.2
48689.3
48610.3
56369.7
74337.7
81988.5
65087.5
79409.9
49567.4
54569.1
67470.4
121610
76235.2
120752
72690.6
49249.8
54804.1
42196.2
239988
54971.3
65157.5
51126.1
62409.8
54304.5
54599
4974.23
1147.63
53346.7
57502.6
72163.4
81332
65256.4
80790.3
78876.7
73394.4
88368.5
47881.7
58390.3
77723.2
48787.6
87330.8
54643.9
46388.9
55204
64174.9
69178
262096
75280
77868.1
59363.7
51845.3
261187
161690
68184.5
84032
53520.9
51991.6
127131
277164
51543.1
51029.1
59790.3
60365.9
60746.7
57990.5
43855.1
46478.5
79896.7
78515.4
165854
46770.9
58769.2
78866.7
56645.3
69863.5
129324
168185
44878.2
46193.9
54701.5
78940
128835
54840.5
62628.9
223770
204367
75438.5
215895
226926
61140.4
49183.3
55996.2
68218.6
54640.6
57602.4
59152.5
50650
66333.4
67551.1
51770.7
154046
54629.2
51605.3
75226.6
109709
121425
64225.2
59933.8
253906
59110.6
49792.9
46828.5
58794.6
265502
80165.5
231583
217355
57187.8
44310.2
39338.6
34563.2
57250.6
305014
51721.9
57559.9
45197.9
212491
84608.9
79481.8
55839.9
206966
276992
248102
186418
60362.9
172798
170989
81685.6
282574
82255.9
76445.9
123630
77648.8
81897.8
57398.5
148130
107913
250521
46051.3
47323
45983.9
37892.6
3614.55
37018.2
2346.2
62247.4
63050.4
61062.8
66131.2
264369
65482.4
69685.6
58054.1
59071.6
66764.1
70096.7
70086.5
71391.8
63339.5
66261.7
67675.7
38602.7
45169.6
54309.2
64882.1
52816
49280.8
4957.05
1620.37
72093.8
70431.8
6591.71
316868
83437
167818
284430
117059
62901.6
54324
57222.7
78866.1
69163.4
58400.6
59515.1
44423.5
43324.3
69557.5
118007
74114.4
58375.2
50885.8
61703.1
47724.6
74914.8
77547.6
77283.7
54726.8
52904.7
44349.9
32267.7
32946.3
42541.4
33506
60789.5
55565.6
57544.4
76716.1
139853
275837
52656.2
246530
41079.8
3698
785.086
40138.8
52180.6
206148
71332
71838.7
197286
58719
61698.3
49672.6
61233
59753.8
55483.4
67645.9
65682
57381.1
59352
60125.9
76635.7
50940.6
54695.5
53638.8
191876
100200
55131.6
128459
31262.5
3057.16
30536.8
2783.24
95395.9
93170.2
79661.5
64551.3
2329.54
16824.6
52000.6
55209.8
153321
81069.2
79691.4
269815
61462.4
42286.8
178468
61117.8
17131.2
291809
52730.8
56141.5
71272.4
73755.9
77721.3
171175
57086.3
57808
103862
60629.4
61492
55041
54442.1
55161.1
50544.6
56044.1
43359.4
49765.3
42826.1
54759.8
1880.81
21382.6
20874.4
2908.21
54091.2
56720.2
114032
136494
239335
73997.3
76663
116605
225219
96538.4
59687.9
62037.8
62865.8
75928.2
64032.9
42383.3
48213
59739.1
68586.3
82483.4
68638
66187.5
72691.3
61358.5
75582.9
58442.2
5440.72
1765.14
57095.4
177871
195502
55405.7
41510.4
44200.5
260117
85905.3
81739.3
82510.7
45816.3
7746.46
91914.4
227959
57536.9
121003
258909
108380
45951.8
71580.5
73818.8
65729.4
285121
82890
20175.2
2138.19
19711.5
4124.63
60068.4
52435.5
54706
53145.5
80695.2
54418.5
47397.2
58497
55738.6
141697
65600.1
185714
55580.5
56362.1
132343
134381
51484
64366.4
40421.4
40615.8
57372.5
42092
44289.1
53249.9
59572.6
67096.3
75280.9
89241.7
78065.9
157684
47180.7
68086.8
81592
52164.4
57465.3
61101.1
54597.8
53467.9
40185.8
55064.2
44471.2
48536
42733.6
155429
60145.4
59706.5
50363.6
49913.8
52303.1
51391.5
38067.7
39610.1
37644.9
39418.3
93257.8
129473
46836
245299
155555
53800
53123.1
51108.4
54656.4
192905
249593
62930.7
60196.6
238009
71263.7
71026.2
142611
179670
59068.2
54415.7
56611.1
58313.5
64825.7
62339.5
65890.8
1414.62
15106.1
14688.7
3714.1
111622
101847
80702.7
74659.9
57311.4
69382.5
70413.4
67082.7
82958
82807
216584
49444.9
230332
74695.1
264752
52934.2
55392.7
62685.5
80441.5
93752.8
51933.1
56792.7
51292.1
48890.6
43372.2
34747
26666
28965.3
56214.6
56433
53174.9
37030
47491.9
29691.3
43041.7
29055.3
48403.1
78502.7
41035.6
51117.8
58109.9
79176.2
77168.6
41072.6
49765.2
106404
65396.1
69932
58470.7
72216.7
56868.6
81769
53630.1
33425.3
32551.9
31150.5
31609.6
38680.9
37582.5
44179.3
45489.5
62387.5
65020.9
77252.2
203139
122974
63805.5
95503.7
53525.6
58027.7
43652.6
111400
240871
314506
117568
105905
69539.8
50940.4
80277.5
50186.6
80843.9
83233.8
60487.5
49058.3
55986
47299.5
51203.5
59530.4
78997
65219.9
52858.8
50886.9
79539.4
67324.5
227542
36055.6
48174.6
59113.6
54075.3
79677
126036
49383.7
43661.4
54306.1
53605.8
55877.2
151208
96466.4
63025.5
58680.7
282408
243726
57699.2
49434.8
45948.3
72061.4
64960.6
232229
129321
70110.6
149900
125736
188766
103623
274193
80646
60109.4
48431.2
53734.7
62742.5
221859
55900.2
53510
52745.7
53744.6
61410.7
69546.3
75742
61677.3
79741.2
69730.1
60066.7
59062.3
57889.1
48514.3
49177.4
49751.5
50531.2
43468.1
36949.5
45721.5
37704.8
259328
82834.4
148228
75220
70250.4
59461.7
32721.4
32586.4
33604.7
33589.3
46270.1
47219.9
41682.8
40926
46672.1
46162.1
55932.7
53779.1
58895.8
58418.3
55174.7
56582.9
52735.9
54215.6
42465.5
43269.1
120118
88024.6
86074.4
44312.9
75409.2
58010.7
65679.2
61820.7
48371.9
48262.3
218830
111535
44588.8
141725
192760
69808.1
76035.3
58271.8
64028.1
53797.4
45976.9
157875
156670
60278.1
74481.2
73170.9
56286.4
55845.1
53685.7
50963.8
48815.5
53563.2
80029.6
182711
200484
102720
84779.7
71237
77543.8
59637.4
78166.2
62866.4
65200.3
63419.5
52944.6
58038.8
89506.8
58013.5
54177
51670.4
71434.4
180580
52081.7
7722.61
87667.9
62563.6
69363.4
124721
107070
110026
38602
35768.6
18452.9
2120.47
18036.6
134755
76331.5
44095.4
116858
282619
247032
185773
44809.4
50933.5
58227.6
60908.4
70655.3
55941.4
60949.7
51035.2
55071.6
74918.6
243382
74583.4
80934.9
83266.1
47879.6
49852.2
35308
35150.1
42957.5
43883.7
40441.8
39786.8
46035.6
47000.7
34149.8
34359.7
81719.9
65037.6
50561.2
247291
77752.9
59357.4
70742.5
7924.68
184.146
191574
54318.1
47862.8
80452
62097.4
61971.8
117611
232513
133813
51154.6
47144.8
256194
156916
46561.2
80188.4
186910
118047
74089.7
51851.6
256105
81008
83680.5
182165
68519.2
64594.1
52371.7
252283
44077.3
153826
60138.9
124695
61548.1
46630.3
46848.6
47094.3
47062.4
56766
56005.9
185583
56884.4
74645.5
66149.8
52124.6
126902
56385.5
50035.4
48607.9
75921.5
6166.92
61181.1
2686.53
29077.1
28402.9
1960.22
44698.3
42548.5
34688.3
42874.5
36154.4
43429.9
45502
31312.5
35020
44263.2
53642.7
54706.1
140102
52404.5
209575
83261.5
83703.7
44187.7
82341.6
124152
98063.5
265222
52479.7
48492.3
49913.2
57026.8
46887.2
36533.1
35261.9
173409
47083.2
76942.7
71337.4
50815.9
50923.1
248025
158313
170583
64817.8
53931.1
44647.2
41538.4
59304
147404
82086.4
219979
61696.8
51728.9
49435.9
80157.9
80897.2
56097.6
52832.2
47523.9
49156
47193.8
54947.1
46590.5
177250
101365
39113.2
80778.8
63600.4
75391.3
65498.8
50983.7
58398.6
55204
63019.4
65919
64720.2
65981.2
67594.4
64770.9
36892.3
63208
77035.7
60134.7
53736.3
47664.9
54548.1
50818.1
231987
55969.4
56853.6
248260
61429.4
57211.9
150592
47876.4
60947.7
59420.3
147857
240790
218784
45652.6
59894.4
56127.3
64063.5
105908
50883.5
50736.4
61159.1
227615
72972.8
55698.7
56791
51768.6
45865.1
64419.3
61614.3
65830.4
56137
216120
54606.3
61783.6
59707
49446.8
81350.3
57325.5
49392.2
282534
48305.5
60077.8
53503.3
60668.6
68418.7
164950
81612
66449.4
65368.4
128500
152937
178371
168188
129953
149539
55375.6
108778
137612
257006
120899
74202.5
75761.2
37291.2
52309.5
43294.6
63226
52285.9
76647.9
134282
76626.7
76769
71491.9
55997.7
74084.2
80315.9
65906.9
83770.3
83119.7
52472.4
172877
119576
51301.4
103681
106618
87923.5
178271
68392
126827
71912.4
58086.8
136429
261605
61274.6
67264
66907.8
82254.3
187459
82139.6
80899.1
74366.4
86307.3
31280.4
30745.4
74393.3
42783.7
46102.1
60161.1
60089.9
58775.9
159715
103307
57816.8
73037
64606.8
82390.4
177148
163441
77998.3
56514.3
50539.8
64737.2
66546.1
78232.3
81275
71748.7
71112
63850.8
81180.5
73129.2
80329.2
62180.1
235220
109349
69650.3
149643
52059.9
78487.4
57091.5
62632.2
67566.9
59403.3
63132.8
252246
59301.8
45981.3
52745.3
230339
81939.7
42584.1
187584
188228
82084.7
82085.9
46957.7
69630.1
59187.7
174661
78625.3
88691.7
89161.2
147626
85277.7
117673
83474.4
54997.8
68320.5
64785.9
190823
46741.7
46474.4
60060
54400.2
87820
82433.5
63710.8
48649.5
41700.1
190182
88244.3
59826
54552.8
95286.8
171972
92622.4
88890.7
68707.2
54914.2
88916.8
46278.4
170559
275038
162957
167522
48508.6
111883
117356
60303.6
64068.5
62554.3
65310.5
160778
300936
49190.8
132529
74406.3
76213
199116
63992.6
119373
74599.6
54142.4
53475
37956.6
76629.5
196089
85057.4
50741.8
78648.1
57539.4
62316.2
48268.9
220169
141219
69986.5
62934.2
56787.5
78865.8
79229.7
125743
132267
67111.8
75684.1
105498
243041
54305.1
58062.5
151374
71957
69598.2
52341.5
237351
87101.7
50712.6
54815
45791.2
103460
43027.6
43655.1
50594.7
212779
92263.4
92011.7
55769.7
56676.9
52132.8
54286.4
51247.4
54576.7
55612.5
53531.5
43430.2
46207.6
143322
77420.2
81650.3
87054.7
45572.3
89509.5
58756.9
60970.1
44716.6
54586
81834.7
204932
73117.8
71736.1
75954
78540.7
225821
53715.9
202395
129287
201458
67046.7
67979.7
120436
38688.5
55899
41023.9
51599.6
67521.9
67420
63293.8
83300.5
336034
55817.1
56147.2
50606.3
49742.2
53937.2
53024.1
65319.9
64150.2
75541.6
72914.3
63259.8
63161.5
79535.8
79764.3
73562.6
72946.1
177355
203634
47271.3
44097.5
58070.8
56079.1
270970
52332.4
48883.8
48506.7
52692.8
51431.6
77677.6
223559
51879.6
37293
39457.1
38997.6
41307.4
85653.5
66069.8
66744.2
66903.6
63144.7
50464.7
74681.8
46096.1
49670.4
59693
72087.2
82174.3
63917.8
56589.5
58788
227301
232827
87590.3
124594
79956.2
87474.7
278796
101880
46303.5
55057.6
69569.6
81704.4
133731
80668.1
53038
58042.5
63003.7
60426
52681.1
53206.6
54524.4
54416.2
58070.6
57414.3
39943.9
40989.6
45368.6
36611.4
46219
36788.3
64153.2
60228.6
62162.9
59040.2
69205.5
65526.7
55896.5
52278.2
56343.4
53715.1
50586.7
47901.6
46117.2
43447.3
45459.7
42766.3
156548
49350.8
246083
62656
159163
49653.2
45494.6
55357.1
51723.4
44357.3
47279.7
73101.2
69562.4
113960
111377
133883
56391.6
61989.6
59947.3
218527
278204
90037
72981.5
207602
281315
95571.7
181154
106021
65928.5
65744.4
202497
88195.3
84228.5
50629
47735.6
47532.7
47487.5
54364.9
52347.4
38080
33789.1
32528.4
50755.8
51805.8
60863.4
45228.4
47473.5
36589.5
42013.6
36053.2
66016.1
81728
50395.7
54025.2
65807.7
44391.3
101040
71470.4
71151.5
143625
243661
86053.6
71353.7
89699.3
59901.5
52796.1
77898.3
174475
48553.6
46523.2
189624
77416.2
162465
74253.1
42260.6
50107.1
57788.7
206439
58135.1
100931
56123.5
55477.8
49660.7
51925.1
59744.9
58646.3
68569.4
165969
78307.8
56902.9
57500.3
99130.9
60173.6
55090
50032.6
45317.9
49553.4
45632.5
37416.8
35972.2
36182.1
34200.5
81300.5
78656.4
211127
78093.7
81522.7
47429.2
62899.1
54704.2
57576
43105.1
42371.1
77933.1
80261.8
44756.1
38613.8
46822.1
38780.2
263740
49968.7
159429
68540.3
80427.5
60389.1
51113.9
46665.6
66183.5
72046.3
72423.1
54142.6
53537.4
106190
226689
71465.8
70791.2
81888.5
92194.5
73282.4
53283.8
157118
230746
94288.7
231083
50274.3
65809.2
64080.4
280048
84253.5
65531.8
67060.8
71261.5
68356.8
66681.4
236302
67978.7
69476
59244.8
72632.6
57421.7
71401.9
231530
72069.5
39875.6
238749
65490.5
60590.8
63376.7
53270.5
140520
101708
260929
42755.1
129681
104164
79345.8
80356
81003
95899.7
71451.5
179468
95197.1
93540.7
243992
109867
124870
66970.9
54629.2
59438.3
44383.1
42292.4
10448.9
127629
52047.2
185415
119732
70213.3
161927
68569.9
36506.4
39822.7
39166.7
116199
58072.8
67862.8
59176
74836.7
101283
144324
147748
86847.3
49115.9
49523.2
205287
170303
82085.8
65119.2
75175.9
163388
121468
252364
234464
90778.5
84189.8
88050.8
231439
52980.7
48017.2
78620.8
52890.6
203694
54373.2
49797.5
43894.1
44621.3
50464.8
49972.5
50082.4
49778.8
37603.2
50050.8
32175.7
31793.4
50174.8
50142.8
54932.1
40386.6
42251.7
31207.9
38776.6
30878.1
65869.3
70793.4
55150.4
46383.6
62839.6
43244.2
289674
62556.4
61480.8
74647.4
112856
40300.7
40199.7
56104.9
61235.4
183865
239167
109925
220823
166048
113192
53659.8
54239.7
145669
80735.6
56144.5
51499.3
23352.3
2698.16
22842.3
47378.9
57088.6
67384.1
53124.6
123401
177250
46420.2
75977.8
78987.4
98087.8
148347
262667
145156
44248
43233
4347.04
3402.92
35742.3
37882.7
48552.2
51519.7
49314.5
61648.7
61078.7
55059.3
88227.5
348641
131977
5859.64
51121.3
54271.8
44045.4
42514.5
44535.5
47528.5
65671
67451
65514.8
64017.6
71113.3
75963.1
47141.3
51616.3
68571.1
70326.8
58755.6
69666.4
84258.6
2332.7
82321.5
7740.7
249789
258899
92498
85543.3
64914.6
67429.7
68892.7
12645
70011.9
101511
196387
244951
255729
259472
9511.03
50859
50775.3
58765.7
56581.3
48317.7
80154.8
80044.7
142206
236473
51054.2
10762.5
75476.3
99522.8
255245
52388.2
197300
50272
72666
73783.7
239825
117281
204698
42247.5
45381.7
38005.7
34475.7
78141.3
31632
33473.8
43957.1
45934.9
48524.5
41366.4
82254.1
81167.8
30287.3
41842.2
30365.9
38745
44046.2
52162.2
53495.1
52445.8
28921.5
30838.1
37277
43683.5
46106.6
48226
49673.8
48394.2
63247.4
60951.1
122468
45211
63236.7
54612
72187
64874.6
106564
52794.9
62513.1
44648.8
58774.9
146092
79051.8
64885.7
54777.8
70532.5
52783.4
293924
58430.7
232479
325800
92685
301955
61043.8
314571
198254
95938
77763.6
152831
78038.8
77197.5
85424
210310
62808.7
248858
52446.4
63214.5
51853.1
63435.7
49180.9
48988.8
75490.6
75083.5
76996.1
74383.1
49797.9
41573.8
58076.6
161714
239798
149112
161374
291981
205457
68995.3
58130.9
48767
42868.6
51347.7
72624.7
78947
65879.2
50898.5
70846.3
214391
46743.6
44923.7
237879
54362.9
64250.3
53209.1
101115
77458
53650.8
59964.4
86333.2
187687
50506.4
43589
51840.8
73397.6
107649
78668.3
245151
65727.7
119929
42015.3
46264.8
42466
80936
57311.2
53781
54211.1
76195.3
255398
74881.5
66496.2
81896.5
66412.7
46234.4
55419.7
66829.5
73824.8
281830
63282.5
67212.1
268779
127199
73363.7
76206.9
239626
176000
65685.1
56903
65062.7
62873.6
52905.3
56993.8
102647
77160
59743.4
41847.7
52232.5
68760.2
66065.1
83054.8
81269.8
95440.8
103926
71718.4
69532.3
83249.6
56950.7
55230.7
55378.1
54736.7
51434.9
52571.5
43324.8
42075.7
38417.8
39595.5
52816.7
52913.6
58081.2
58905.3
80294.9
78734.6
39964.9
56701.4
77652.8
110504
70601.2
68290.8
119597
82463.5
248297
49868.7
89794.5
139422
80727.7
80493.1
39795.7
169254
154186
75845.6
76220.7
37658.9
254258
129251
56368
74255
132738
88446.9
54043
54169.1
83206.4
243334
60612.7
62316.6
59987
58174.7
63425.1
59258.2
81006.8
238477
48766.1
78785.1
57907.4
54050.2
56686.6
65611.5
65554.5
54681.8
51953
59733.1
63053.9
49708.6
129993
86392
75934.2
145817
65393
63518.6
59495.6
56090.1
61273.4
60703.5
71052.7
80609.4
106970
47283.5
83409.3
93302.4
48055.4
83053.1
66921.1
81223.8
68341.3
47394.7
54088.6
66461.7
71079.9
220670
163679
62589
67621.8
79985.4
58110.5
58118
64972.1
65864.3
52233.9
53979.6
61497.2
64470.6
45197
51259.1
50510.7
83354.1
215498
78143.2
84142.2
252844
46505.9
77574.7
78804.1
83244.3
182369
50990.8
75601.8
61980.9
84192.2
83721.3
74877.7
106926
181126
78031.2
250751
206598
250449
79510.7
205747
272681
82823
138915
61691.5
98803.9
210912
186073
74638.2
77879.2
45188.1
237371
46350
40046.3
45282.8
83674.8
184827
66622.3
81383.3
72839.6
91475.9
49484.6
40927
42896
50180.5
58016
57456.1
58635.8
124857
118221
122091
74952.8
222971
72603.1
76569.1
61233
74448.4
302664
180572
70734.1
145936
86215
94071.5
53331.7
41534.9
37962.9
34454.1
41428.4
177791
124978
49235
39968.5
63076.9
57796.8
69360.3
281610
64885.7
62903.4
113336
40654.7
36899.8
248849
105888
113540
285425
117322
114778
53780.1
303830
46554.8
44541.2
285221
237535
45173.8
66468.5
68376.5
58863.8
45886.5
74767.5
145082
69295.5
66305.8
57865.2
55162.3
73043.6
68671.4
288939
66644.7
59463.6
63390.4
31334
33209.6
43289.6
47438.6
48321.3
301519
2571.2
22773.5
22257.7
296800
107526
133913
116405
234103
95099.1
3781.52
38019.7
37146.2
3269.05
33517.1
37054.2
37536.8
30770.9
34508.2
30755.8
41301.6
36453
45278.8
74072
73320.8
70829.3
73359.7
5084.41
294421
79823.5
77129.2
259075
78462.3
59581.3
64426.1
261849
88823.3
63236.6
76385.9
70587.8
41538.4
47634.8
57409.1
73661.4
59611.1
220378
47257.8
106662
227108
54227.3
56985.1
80481.9
46545.1
74911.4
75615.6
76295.7
39069.9
37928.8
50502.3
42948.3
4193.65
41961.3
2974.95
159548
72086.7
6691.08
2192.03
70429
76635.9
69616.9
49471.7
39540.3
50316
43628.9
47369.7
68710.3
84124.7
271711
245930
130995
51762.9
113500
69915.1
208486
103301
115934
5682.64
44710.3
67649.9
57312.7
58035.8
43971.9
43198.5
84789.3
76364.8
118443
104746
84201.5
78213.1
244147
34022.3
38186.3
32207.2
39381.2
32238.2
35100.1
102680
64764.9
67435.1
63967.6
65483.6
63892.3
55417.1
182673
81378.7
2095.1
7504.17
79505.1
74895.2
265381
60290.2
316572
46961
113805
75572.2
78178.1
69696.2
69624.8
9306.39
54570.2
45473.2
54026.9
56642
309206
81039.9
76454.8
79571.7
62149
40419.7
39564.5
45043.8
258903
66318.3
56552.4
66971.6
55145.6
66238.5
114632
102571
51204.9
46497.2
80026.3
233164
54409
72507.2
57327.6
60932.6
62812.6
43557.2
154567
39106.8
41647.7
46849.1
65704.8
49304.8
58519.8
79296.7
77872.6
164291
48789.7
90207.8
154253
212388
2052.97
23160
22619.2
2655.42
77694.9
32210.2
39001.1
33211.6
43302.6
42459
58634
46517.5
46230.8
28017.1
26639.8
32539.1
47965.7
45993.4
41799.8
47341.5
44671.1
41711.5
29536.8
43379.9
36080.8
36280.9
28523.2
40139.6
136976
68743.3
66039.5
77672.2
59401.1
51783.3
43641.6
124565
60872.6
59590.7
61601.8
63580.1
56122.1
64613.9
62190.2
74902.9
188108
45767.9
111466
59560.9
36529
35795.4
46079.3
356912
60828.1
52483.7
245059
100468
83646.7
83316.7
56795.4
59164.5
276981
143538
106959
47048.7
55168
100376
97900
79550.8
76555.7
80805.3
171280
52530.5
72091.1
72129
77446.9
69331.1
67411.5
82221.8
46917.2
128812
23674.3
2330.52
23122.1
3498.89
51178.2
26638.6
2588.88
26016.2
3132.19
278702
55921.3
51129.7
60140.5
2973.56
28003.7
27364.8
4284.04
3247.14
31450.3
30730.3
3876.71
74482.1
105626
236894
344465
270748
206666
184005
225928
146196
65681.8
65469.5
40694.6
37262.1
146147
156689
72423.4
65323.1
64580.9
257782
137001
60755
56724.2
177411
126524
81881.4
143946
274313
57844.9
75429.2
136067
132908
5598.53
59427.2
2434.96
58062.4
5038.14
52866.9
2610.92
51652.7
77016.6
66320.2
72278.2
80615.6
2029.74
12452.2
166799
259555
61265.4
63656.4
269679
70987
68847.5
67412.1
54827.4
55716.4
64155
65258.2
50252.9
51298.8
43148.1
44122.8
38099.8
38386.5
53237.2
127189
126328
64746.7
59138.7
53112.6
35863.6
43197.1
49989
65750.4
138527
136393
51274.5
77208
76477.4
39151.2
39278.9
76210.1
127815
36447.3
40639.1
32978.1
34517.1
66726.1
136878
6924.53
243036
64817.5
55094.8
69928.3
52843.4
49533.5
48522.3
41327.8
42858.6
26458.4
36034.3
28175.2
28610.9
50177.9
48457.1
44862
32724.9
42887.5
30163.2
43233.8
28165.2
38711.6
41780
48863.4
48181.5
2001.64
10269.8
87948.2
223821
253537
45641.9
42876.5
252125
237338
7715.15
45820.2
111868
109283
54938.1
136684
79669.7
77693.9
59966.3
67088.9
139799
45482.3
45564.6
54041.9
57920.9
52339
53995.8
183056
2016.15
100004
97695.7
9170.17
216659
73075.8
74355.3
207907
63038.4
42493.9
264455
49686.5
4634.49
1821.95
48540.6
242762
44569.2
4145.69
1982.75
43542.9
65076.1
56586.1
66795.5
54057.5
78015.7
80578
146055
249694
233961
91288.7
78122.3
260026
98895
73370.7
242323
39102.2
77845.7
172283
82706.9
83008.3
71796.5
54233.6
349218
46972.6
49004.2
32891.4
32825.8
48156.3
47016
32282.6
31439.1
58010.7
52990.4
108282
74916.1
74788.8
45457.9
74112
133715
48529.8
46901.1
91639.5
96473.4
110472
70861.5
51552.7
46699.9
59777.8
52427.5
1412.39
8769.55
119031
113235
74628.9
58471.6
84581.5
44399.9
50889.8
178745
87299.2
90692.8
59161.3
60326.1
53482.8
53041.9
279205
194366
67333.2
66185.5
100456
96465
52802.1
57763.2
61987.8
50600
340549
95222.8
93041.7
65011.3
63005.5
73748.5
102943
80339.3
262076
50230.6
34584.6
45314.4
36089.4
59644.7
45810.1
60635.6
55796.4
91178.4
66485
127479
159169
230753
250551
82843.2
7922.22
533.414
94552.2
106459
213202
52012.9
45440.7
46924.1
50610.3
59625
79610.7
220555
158789
83505.6
75102.7
110381
5748.04
160219
118699
276213
57027.5
57071.9
74554.3
98462.9
79044.8
231238
90075.3
153139
60886.9
56476.5
61320.3
78845.6
265222
95932.5
47320.8
46518.7
31913.2
32275.2
47036.2
45657.6
36985.2
36092
52568.6
54021.9
42829
40507.9
55994.5
55905.4
52470.5
48343.3
57160
57989.7
6595.02
100499
103812
259028
76672.8
46828.6
50048.1
53084.4
47999.1
49650.6
46251.7
55357.2
58317
53442.5
57476.6
41897.4
39101.5
31856.8
34608.8
34264.1
37890
56443.7
62017.7
62140.1
56493.7
66750.1
65006.3
54310.9
55235
51710.2
49851.6
41364
43616.9
50848.3
46344.9
42787.3
40768
82703.3
59273.6
49811.9
45932
64680.3
59943.9
66988.6
42180.1
32560.1
32421.3
50852
50705.1
50721.8
77897.8
56360.4
83135.4
75937.1
144580
75418.8
321179
127772
78794.2
30933.1
38609.9
31838.8
42522.9
42835.4
57808.5
48510.6
48688.3
32172
31983.2
36850.7
50836.5
53842
48232.7
48734.2
50233.3
209995
122076
116226
58429.2
43009.2
105732
70255.7
58795.7
70777.6
138154
76054.4
81297.8
81215.6
84303.2
1425.58
7674.38
82366.1
81136.7
80777.5
79603.9
81063.4
60828.5
52574.4
56732
107107
59589.5
53137.4
48871.6
53818.4
53980.5
56288.7
83697.5
195705
177211
78546.2
63244.6
52731.5
62344
63231.8
123308
93060.1
197020
238802
78556.6
76743.3
230715
46443
46267.3
67050.5
67713.3
67498.3
70337.9
233718
81481.4
71247.2
91874.6
48905.5
77808
76662.6
67313.1
63942.9
73523.3
70677.4
58981.3
56849.5
102330
246061
84657.2
87953.6
74121.4
71653.9
72459.1
117101
78596.6
77731
40264.7
43588
69574.8
61707.9
109295
80187.2
77392.9
60167.7
54567.9
63378.3
56540.9
48709
50537.1
83873.5
83255.4
65252
60019.8
66443.1
82179.1
85239.5
94098.3
10786.2
1656.4
48701
56285.1
48654.3
180507
73245
68702.4
70558.5
55635.3
54202.3
66988.7
56127.5
67311.5
54238.1
111257
61649.2
83972.6
54869.1
69188.9
68299.5
56419.5
58105.3
68178.9
70984.7
55924.7
69426.8
69636.8
58756.5
267135
100216
163156
47824.5
39183.8
47838.6
37577.4
92735.1
83922.4
86079.4
51799.5
286137
197513
68369
66466.2
58648.2
54459.4
54952.2
59160.3
45889.6
47308.6
95700.2
60369.2
66657.2
79951.9
249220
288464
83057.3
4217.85
45962.8
1066.86
44909.3
138681
50726.6
33763.8
45683.7
35834
45907.1
59743.3
61838.5
56255.4
660.607
10220
48780.1
48752.1
49481.2
50629.7
32267
40103
30945.1
43734.1
31774.7
33104.6
65943.4
70605.8
33008.7
33551.6
34870.1
36211.4
43178.5
43578.4
56830.4
57033
46683.9
48398.4
44898.7
47087.6
54694.1
52442.8
57063.5
59574.4
56728.7
55161.3
68402.1
43634.1
45488.1
82931.1
83301.6
55379.2
63791.6
58206.6
65082.1
80358.8
43228.2
39695.6
63572.4
60160.2
56285.3
193187
49788.9
50434.4
68877.5
66872
61026.9
61281.4
98171.2
97146.8
76401.7
79813.8
147092
90112.9
40481.7
45947.3
52779.1
68673.2
48591.8
46067.7
61429.1
65200.8
49135.7
52442.6
54454.3
45096.2
50603
48613.5
45852.9
45023.7
97242.9
76385.8
76402.6
212397
51884
176222
235359
172109
57527.5
63809.2
84423.7
101499
59185.1
60177
52270.7
53063.7
63180.6
62073.6
56064
52792.8
60303.6
105638
53936.8
47881.3
53109.4
60049
57327.6
73952.2
45436.2
54627.1
70857.4
77851.5
115615
112955
193809
137249
48233.4
50370.9
45537.6
77784
241933
141490
91980.2
78695.7
59618.1
220540
55099.8
45865.7
47143.6
36126.7
35799.9
85854.2
144976
83068.3
85159.1
234158
79805.5
37017.6
48409.2
136757
82535.1
60751.4
54271.8
95431.5
41268.9
45819.3
53974.7
61415.5
68082.4
48343.9
44539
69068.5
70124
332797
83827.9
53671.9
69704.2
48080.3
50214.8
39899
42548.5
41909.5
38492.3
82873.8
77025.7
70702.5
66296.7
69991.2
163335
80492.2
52981.5
58384.6
55947.9
56717.6
247013
135152
164638
61124.2
52636.5
67576.8
196797
138904
47842.4
253446
46656.7
134389
198695
194043
53999.7
48901.1
2082.43
13927.1
42652.7
51669.1
222251
65415.4
98812
66870.1
67421.2
58926.4
58117.9
73458.8
72755.5
65112.8
63743.7
59191.2
56665.6
72758.4
81736.3
254319
49064.2
60255.6
57059.6
191561
56027.5
54278.6
67951.5
168066
63188.3
79811.7
49567.5
51110.4
45243.3
47591
14153.7
139989
67148.9
42310.6
46595.1
56624.5
60642.3
74638
51461.2
56473.3
61727.2
73816.8
72380.5
42916
40666.9
250621
9310.71
1647.26
104601
64617.5
55556
65921.8
52230.7
140107
70345.7
158929
99411.6
145441
46848.3
227135
82152.2
250710
148607
65535.9
71866.2
137.76
6268.21
69889.2
68322.1
219846
52537.1
62298.2
57715.1
86970.1
68100.8
67662.1
74128
178450
79369
60003
54421.7
57104.8
61390
65927.5
66331.1
71189.8
75468.5
313119
75136.8
75238.6
155316
151700
288420
57368.1
56556
216693
137448
281607
197540
6013.61
212780
223577
184502
104268
254395
58499.1
89597.9
79224.9
66959.6
83296.2
70612.1
129891
53767
50909.4
57347.1
56128.7
50316.5
50482.7
70619.4
68397.2
58488.5
60339.9
88407.5
86442.3
50348.4
50106.5
64402.5
70536
53417.5
65758.6
53280.8
56529.6
44833.5
81041.6
44174.6
217753
159981
118477
88151.1
50690.9
54746
50558
37506
43072.4
217579
94999
36814.9
35900.8
49161.1
48440.7
39559
38879.7
46990
48394.9
53886.6
52837
61931.5
60306.4
54209.8
52220
61052
57930
47496.5
41985.8
49144
53784.9
42117.4
52849.9
47271.5
42434.1
38203.9
34917
41486.2
33694.2
47420.2
50244.3
43510
48355.5
42893.8
42783.1
44092.3
41492.6
34649.6
34328.3
34430.3
33386.8
234057
75829.8
47127.5
49820.9
59355
62820.1
110438
277820
113523
1526.63
18819.4
3148.76
18386.5
78721.8
30949.2
31758.5
45637.3
46006
33456.5
31985.9
38668.6
37507.7
46612.3
47033.3
51640.8
51659.5
56791.7
55887
54396
53406.4
30938.9
31440
28693
30807.1
35703.6
37940.1
43755.3
43283.8
45997.1
47799.2
50115.1
47851
56420.9
55451.3
48788
49841.9
45736.3
47884.8
51317.1
49190.5
64590.1
60656.7
58398.8
64975.2
71205.1
71451
52476.7
63564.4
56431.4
255627
250290
52384.7
60125
35116.9
46116.2
40576.8
80328.6
57433.3
48467.7
74983.8
74338.5
156656
76997.3
59244.5
44552.2
45875.1
47689.5
56069.2
53980.6
47373.8
63282.3
65061.5
77954
59142.2
53023.2
46896.7
83271.4
79867.3
47211.8
44491.7
248147
168328
47620.3
44624.2
50566.5
109290
65327.2
69144.4
144966
54156.1
57474.4
59061.3
61131.1
50997.5
82847.2
77063
80223.2
76547.6
125588
79713.8
69822.7
102191
99835
270318
106224
46150.9
83326.8
57178
73216.5
235966
90193
86566.4
60613.5
132298
195835
208366
171805
83843.8
88184.9
126086
84075.7
244826
131553
98187.2
53562.3
51302.6
53652.4
53895.8
53621.2
41044.2
36133.4
34357.9
52357.5
51219.4
58743.5
44791.8
44189
40625.9
34480.1
34248.5
145574
53414.2
52417
2240.12
14414
70512.3
65350.6
43046.3
45106
52376.9
50962.3
52993.2
257232
82747.6
86483.7
31070
45842.6
35299.1
44831.9
39131.5
48879.7
51033.3
54768.8
32596.6
32510.8
38817
47735.6
41995.4
48328.9
50363.3
55123.8
191803
78451.8
50035.9
90895.3
54551.9
14648.3
98998.1
301169
136606
83711.5
75254.4
300808
245469
86578.1
149071
126168
55680.8
51801.8
65534
62133.2
49118.8
47964
78056
78757.6
107253
34048.1
37609.3
31549.5
30994.2
210370
55943.9
42071
48169.8
232466
102419
361201
68972.1
58503.5
76490.2
61765.4
64561.2
75918.2
57497.3
43085.3
34961.1
53850
32508.9
57004.7
44303.2
47205.7
187212
516.163
9841.78
4729.7
10216.3
54084.2
107888
31782.4
48073.6
35456.9
46664.4
39829.7
49376.7
52968.3
56542.9
49908.9
33365.2
40838.8
33373
43842.6
51435.5
57144.5
51640.4
131675
194439
109004
58643.9
65456.8
66267.6
88372.9
176489
63561.2
60120.5
59767.4
215313
52282.2
113831
79614.5
38397.3
41956.1
40964.4
44111
116362
88979.4
203911
50731.2
48609.3
57943.3
60170.9
213010
63916.8
83389
80863.2
43175.9
42934
50849.2
52466.2
204891
238545
65128.8
48923.3
57258.5
44353.3
59226.5
76676.6
63113
79584.6
208049
183052
189661
74714.5
52310.5
253124
67403.3
67004.9
309991
19476.7
2365.06
19933.3
1609.28
125698
64976
61686.1
64687.9
222237
79984.9
80934.3
43610.9
76094.6
175596
35871.6
3296.12
36713.3
1051.93
71566.7
40249.7
30665.9
62477.4
48606.4
126291
80279.8
104284
127097
84601.3
53039.7
126602
80311.8
100755
31307.5
39141.6
31016.8
49148.2
47369.6
46885.2
184729
83312.5
66464.7
57744.4
54444.3
140096
76758.9
69447.9
69311.7
131776
8268.5
52606.4
76720.9
80228.6
172363
74189.1
221979
91324.6
110754
208221
68143.6
41679.6
47911.6
58560.3
83131.6
65462
63518.8
68169.3
86330.4
38401.9
51975.3
63511.6
55176.4
46536.4
131021
84351.4
265226
70985.7
56000.5
60572.2
64494.4
63279.5
69395.3
64236.3
67675.1
67469
83771.4
89316.7
77667
59310.7
236451
237974
51475.4
52695.2
57837.8
58337.7
89123
88412.6
43860.9
42998.9
45523.6
39713.1
265469
56679
53475.6
58081
110100
45000.4
40283.6
52944.3
45032.1
61457.8
57249.9
73702
60125.5
343318
81126.8
175068
50101.7
77208.2
144195
150775
63142.8
59482.6
64593.1
64653.4
163979
333578
315830
81406.5
78061.9
72864.9
35269.7
37193.6
162854
80204.8
77966.6
266252
76999
79914.6
77103.2
80018.4
71896.1
75500.1
56550.2
57848.5
75782.1
38143.4
82398.3
65940.9
67848.1
139336
64511.1
49126
81268.1
51551.5
63295.6
74178.5
72812.8
62123.3
72786.7
58539.7
65989.9
53275.2
51539.4
54718
56018.3
55955.7
67464.2
67033.8
59854.7
58925.2
70840.4
67255.1
101638
49816.8
64327.7
78594.6
66997.9
43781.6
51072
63417.8
69936.9
102852
102104
71525.4
70298.6
66561.9
83581.9
74966.7
49835
52719.5
64410.1
76030.2
236990
72390.7
351498
248646
50142.1
51100.3
52457.2
48966
63976.6
62022.1
65677
63220.6
154474
59165
77150.4
56673.2
62174.6
51961.2
78129.4
81090.8
234952
211051
129875
229508
92978.2
249844
100970
80743.8
79387.3
77066.8
79070.8
75121.5
77644
63930.4
231311
83318.2
80845.8
60553.5
63830.2
62432.2
66341
161058
171318
198410
220581
152466
68202.4
193783
231748
204966
231803
39946.1
39011.2
46956.3
46352.6
46379.9
60835.2
54784.6
49578.9
69562.4
57890.5
43731.2
47685.8
202280
81260.3
66828.1
234455
137299
200051
75939
65964.4
107678
53992.1
234987
47806.5
217423
46032.4
44072.9
48261.2
50204.4
245580
72881.1
80895.1
71991.6
222157
59496.5
56540.1
60382.3
49543.7
50633.5
46748.3
43943.7
43063.9
29965.6
25613.7
27183.2
49563.5
49258.4
53037.9
44047.9
38074.2
30395.1
39711.8
29588.4
92525.2
77468.5
85797.8
55191.9
56619.1
63314.9
69722.6
196257
76816.1
224241
48672.3
55078.1
76801.7
98273.7
81535.1
40776.5
336101
44572.9
44064.3
103679
268476
54565.3
3711.41
40709.6
39772.3
1518.84
42335.5
39343.6
194454
46550.4
47820.7
51261.6
52986.6
69604.7
69890
78633.1
78211.8
54944.7
56897.8
143474
1932.03
13400
79785.1
66577.6
60351.3
73153.2
77843.7
81444.3
75307.5
76660.7
327966
55490.1
85695.2
62911.4
255240
82213.3
324278
230305
67262.6
57064.5
39881.7
229861
58735.3
54533.3
47018.9
54979.3
53761.5
51820.9
81559.4
84089.3
273495
41132.8
43537.1
13539.6
1925.59
15113.6
1387.2
71826.6
70176.4
6515.72
123310
224603
15350
45806.8
248711
226087
42555.9
60466
54788.6
48649.7
79791.6
51245.8
58164.1
59153.5
145849
152446
87453.4
204696
55871.8
59782
61293.9
115853
276392
84317.3
69700.1
69080.9
53232
52491.4
63707
65117.1
55866.5
49859.2
52298.4
53045.8
53912.2
36450.2
41225.7
34581.3
51990.1
51828.6
59346
45251.6
45007.5
35209.4
41543.6
34654.9
79551.6
50330.3
47591.3
52108
47061
49233.3
42134.6
50367.6
41878.2
57243.2
34001.3
39850.5
57342.7
40947.7
36220.6
32555.4
33286.3
55064.2
56913.7
50473.7
48016.4
60652.6
63754
50159.4
48846
49950.9
52067.2
38751.9
37945.1
47116.8
45865.8
36352
36376.8
60497
52183.5
292929
54800.8
57239.6
195536
46966.5
47560.6
114348
273412
88710.4
234166
74311.9
85526.3
59707.7
229215
71642.8
4874.04
75797.1
58926.9
62214.8
51124.8
55908.4
59830.2
51649.8
1056.76
12084.1
5164.08
12128.7
56711.3
191071
206951
63557.9
60833.5
66460.2
187890
126587
64481.1
37745.2
36873
3510.18
2177.16
209688
55197.6
54979.9
53671.2
57289
36627
49740.1
39982.3
265326
42905.3
46877
281831
111338
82624.4
82287.3
60086.3
45272.5
36599.4
34349.8
56797.8
57747.4
48007.9
46265.7
79679
261307
251872
82008.1
155656
187813
49060.6
150366
48777.1
53701.1
50528
56822.2
58028.9
55719.5
202498
45023.6
58668.6
228387
43806.9
45253.5
68285
128953
182977
80969
126685
123755
73838.1
75866.7
60557.4
61890.4
79568.9
80808.2
55095.3
216157
74975.5
65936.7
232962
51487.3
82587.9
317544
78144.3
46938.6
44107.6
240360
147860
41889.3
44646.7
75667.6
73171
60584.9
64979.4
79988.3
73681.7
72148.7
60960.2
60262.1
55444.3
49725.7
27412.4
25436.6
28240.6
37199.8
48182.8
52999.8
42514.5
45708.4
51390.1
45524.3
51804.4
32562.4
45401.5
28936
41855
28366.3
110041
345210
70085.6
48094.8
81748.7
65603.3
74830
81589.5
61837.2
55776.9
49247.5
302817
261194
77938
36341.6
69637.5
75215.7
39314.1
43406.6
39450.6
39498.8
77505.9
78867.5
120186
172395
168384
72017.7
70560.2
232424
35876.3
34269.8
52956.7
177714
122272
116268
54306
64188
167058
52209.3
56779.8
46053.2
51621.8
78009.1
63853.1
60493.1
45241.5
44911.4
59491.4
267440
69055.9
151096
70715.7
72762.1
147585
81096.8
54892.5
344157
70024.9
142372
75799.9
112733
99976.9
95585.4
242636
63374
60444.4
64235.8
77829.9
58731.5
52880
46559.9
1863.15
11573
58173.9
58568.4
103523
157468
61893.2
254743
82789.7
79447.3
39881.6
42658.5
70944.5
40196.9
43905.6
70528.4
1168.1
72088
6624.71
70439.6
124211
50086.4
57206.2
45181.3
64285.9
51031.3
65833
54198
62402.8
136432
113114
104466
266330
50374.3
38228.7
3548.53
37345.2
1785.18
79598.4
82385.6
64126.8
53234.8
56441.9
60330.9
47908.2
50912.6
276192
66209.6
71576.8
69529.7
61836.2
63670
57455.1
57078.4
52751.2
50358.4
47726.4
45596.6
279075
34168.1
34730
47488
51659.9
47917
101092
70601.3
69854.6
85761.9
112120
59466.1
57421.2
66064.6
64374.5
74341.8
71022.6
82503.6
73776.3
71664.3
236102
41917.4
40487.4
41228.6
43384
53340.1
53736.6
64178.2
62434.5
173063
83997.9
82640.2
39679.1
42146.1
47634.6
118794
55607.9
62694.8
45342.8
1823.15
16434.4
15986.3
69527.5
59501.9
63231.2
54560.9
4959.16
71515.4
87336
101318
332305
336016
52696.6
49401.7
49944
47843.1
50495.3
36206.2
31354.8
31307.5
50149.6
48372
57095.2
44044.2
41001.1
30981.1
38294.1
30402
279545
336123
294413
83044.1
62476.6
101582
107980
95265.4
89476.7
81670.6
82306.8
59598.6
66101.7
56076.9
68033.4
58385.7
70344.2
68190.4
55285.1
56071.7
131119
255972
58913
86436.1
35864.6
80708.2
74936.2
131739
67265.7
69579.5
78275.3
152897
77347.4
913.915
6944.73
75591.2
82631.3
56283.7
61486.2
55068.5
85624.9
52800
56467.3
313511
94876
78847.9
32566.4
3403.38
31825.7
4467.64
52717.4
61932.5
61023.9
56576.4
328886
335215
32196.4
43143.7
34079.4
47492.8
45647.9
60970.7
47176.4
48329
46962.3
40452.4
43743.2
44978.7
54587.2
29272
36679.4
29426.5
56934.4
61493.2
60515.7
70060.8
193701
70440.4
64658
46770.3
55592.7
124076
63807.3
52285.8
61314.5
52096.5
207660
90238.2
57253.9
58033.7
60675.4
58626.2
63886.4
74840.7
57898.5
59563.5
72630.4
62752.5
63681.6
71842.2
71965.2
103490
77432.6
78416.3
1654.39
86856.7
84853.8
7975.13
237437
37310.2
36708.7
70730.1
54206.6
48737.4
204670
43140.1
90767.1
69743.3
67182.1
70541.8
65954.1
60795.9
77436.7
56692.2
57608.9
44091.2
56056.5
36216
45849.3
33462.7
47196.6
52598.2
65769
56446.8
67454.2
138779
69846.7
63466.2
39916.7
5820.18
61744.8
2756.94
60329.9
79267.2
75935.6
75684.9
52287.7
83741.2
82377.4
190461
76030.3
6025.54
190769
49113.7
98345.9
244783
126280
39756.3
40066.5
54282
52619.3
62831.7
207302
110365
84680.8
74455.6
74299.6
190337
43758.1
52381.5
59665.4
77222.1
48196.1
130589
49897.9
45462.5
344385
188491
63140.8
40511.7
121219
52320
46004.4
39258.3
37546.3
49397.3
7121.73
124828
7993.06
157916
236169
44933.4
45994.2
2258.56
4348.97
71227.6
65495.6
301702
240936
62948.1
75582.2
5100.84
2017.56
53694.7
54957.8
229017
119141
35961.4
35029.9
47261
44475.6
37858.4
37231.5
49196.7
51629.1
52018
45643.1
60176.1
64213.6
47722
49143.9
50718.3
57668.3
33313.4
35779.2
42634.9
36495.3
33665
41861.7
46506.2
46860.3
48892.9
41659.3
41505.6
50200.8
46672.7
60931.6
31543.3
39544
91118.5
56902.9
52311.3
136274
41080
41684.3
55966.3
54837.5
64598.6
58373.8
204024
88982.4
76722.1
197219
40410.2
41365.7
37492.3
52084.9
68045.9
213751
78482.2
51495.4
49713.4
50752.6
52547.5
44120.1
34796
33919.8
177329
47473.7
70069.3
201819
62844.9
63499.2
2194.3
116403
113712
10585.5
75678.5
80038
62777.2
55666.3
2885.61
29074.7
28402.1
3309.83
66776.7
60310.1
45859.8
51910.3
65097.1
71187.3
62387.7
75286
65140.1
24512.6
2513.55
3876.65
23946.8
216216
119426
40345.3
148293
89836
58015.8
58852.9
36416.2
39045.6
77264.3
74838.9
72857.5
76734.6
111655
230239
250936
74812.3
73145.8
47558.2
60401.9
77038.7
183970
122777
56993
58915.6
51409.9
78240
152063
55646.7
52687.3
48183.5
66652.5
62599.9
38639.8
40542.5
40819.1
41042.6
64525
75154.6
77133
51711.4
59258.7
45220
45372.7
61853.8
78542.6
70714.7
51490
237752
70639.1
70625.8
149479
87600
60147
61200.5
55638
53943.5
50846.5
63737.3
51717.7
62649.7
75796.7
75634.7
98248.3
93898.9
165311
67773.6
77744.2
203864
171782
68686.7
72900
60453.4
65166.9
53432.6
58578.4
231201
63692.1
65604.1
66537.9
238337
199238
51110.7
69165.7
53058.1
63092.1
204449
199042
57690.1
57316.8
70511.6
68518.6
54762.9
57440.4
73103.5
74002
44722.2
233909
54091.5
60711.2
53930.2
51825.1
49715.6
61388
84688.9
85661.5
361057
50837.9
60916
52744.6
76159.1
247337
141945
62700.2
59373.3
50936.6
116985
52518.5
51773.2
55011.1
101584
11747.2
76575
127275
58980.3
52894
45505.8
78920.2
64560.6
132682
86522.7
71502.5
108553
54343.5
49196.6
47892.5
47771.2
52517.3
38559.9
33891.9
32428.2
50651.6
50278
61249.9
44552.1
46163.1
35971.6
40411.8
35350
64748.7
87774.9
87338
350780
281935
73105.9
208277
156292
233215
86693.6
77746.2
109821
51191.8
53137.5
1563.16
12137.8
42347.7
43727.5
81222.7
53349.1
87938.2
278410
357267
44625.8
83967.3
51325
72227.3
47879.1
85896.8
57089.3
73272.7
98145.7
315020
63741.6
51900
57146.1
42159.5
40203.9
63651.3
65853.1
73750.8
326143
59784.6
51148.6
57290.2
48758
10246.9
161935
55905.1
50248.1
61326.2
59764.2
47556.1
49630.4
132201
73816.7
90280.6
59021.3
347954
74278.9
59837.6
78077.4
304937
76132.2
59595.9
58617.5
52850.9
52708.7
61662.3
61126.5
72391.8
208305
81189.4
49892.3
47717.5
61887
61739.3
79328.6
71320
66171.6
317765
75965
39767.7
39937.7
52793.9
50846.3
60529.6
55529
51544.8
85511.9
82325.9
50551.2
50637.1
54117.3
53781.3
53147.5
81994.9
54094.3
87570.2
100180
226943
56824.9
60598.8
51306.8
72649.4
125744
102145
58193.1
57121.8
80184.4
63550.5
65709.5
107227
66007.1
56487.1
57307
43129.7
42553
214759
49448
74363.1
40100.1
43257
51652.7
58667.5
66250.7
77169
210317
1763.87
12671.4
55680
236539
43912.2
43610.5
229681
46805.4
53364.4
53776.2
50950
56448.1
51054.2
52507.2
34453.1
55198
37051.3
42367.9
55806.5
53608.5
63304.8
49575.1
40040.2
48093
39725
43178.1
48728.9
51932.1
75103.5
12826.3
52475.2
77659.6
60467.7
84783.3
54163.4
14509
1755.2
47645.6
85286.5
14766.7
229048
126708
71300.3
137942
184802
52667.9
55331.7
56037.3
188990
68242.2
71352.2
51964.4
62120.7
242965
262228
83645.2
80290.7
71558.2
2739.54
26093
25495.3
4073.2
3069.59
30173.3
29479.3
3583.7
75328.9
54714.3
53169
58743.9
37838.9
37941.7
223895
66864.9
80519.3
55822.6
51587.9
234082
164240
5338.43
56891.5
2226.18
55583
4668.12
49304.9
2440.05
48172.5
63023.6
75949.9
76940.6
49011.5
47465.5
45965
45511.1
74456.5
70908.5
9866.31
1835.03
264970
53465.7
62049
6435.54
107498
105017
174720
80060.8
1847.57
93626.9
91470.5
8509.54
7431.25
89351.4
51165.2
48519.7
63203
76705.3
62323.1
73715.4
77945.7
163642
81007.5
42170.5
44661.2
53809
59274.3
67119.1
148260
46052.3
73202.5
90288.7
187245
276896
78650.5
77181.6
55012
110574
98409.9
54074.6
63519
61392.1
52534.1
57940.4
48778.8
50523.9
38336.6
37499.7
69403.6
173000
51051.2
45652.9
61988.6
182950
169304
50499.5
48079
53819.2
176332
320688
58169.8
204656
10849.8
191458
58180.6
59272
51551.8
63744.1
80680.4
76392.3
73769.1
70223.9
92985.7
86995.8
313077
98128.2
2198.17
25450.9
24861.8
2245.35
56075.6
53213.8
70120.5
87601.2
62663.2
96552.3
168668
131906
59238
61168.9
51987.2
45243.5
50130.1
68339.5
67394.2
79261.7
79936.4
57793.5
56273.1
119281
68956.7
33990.7
41089.1
29572.9
32319.7
64024.1
45876.8
77970.6
88175.5
80289.2
63224.1
142732
57467.9
45590.3
46703.6
55093.6
182021
259425
76372
48280.4
50426.2
53180.7
78207.3
47500.3
47657.6
86077.1
54919.5
58886.1
51410
60786
37366.9
50755.2
39727.4
53759.6
51574.1
77054.7
85468.2
58498.1
71002.6
73584.7
48429.8
41190.9
40156.3
85566.7
224286
62218
52421.5
50538.6
212940
111547
108495
51434.7
53307.3
62679
82276
105279
48750.4
85374.4
59892.9
51516.1
50191.2
50942.8
50275
50435.2
38165.4
32718.3
32266.5
49571
49071.8
41605.8
56291.5
38987.6
41578.4
31562.4
30881.2
195665
275735
50680.7
79008.6
82831.8
65636.4
70180.2
78112.9
75129.2
75114.4
269311
80047.1
58754.3
202696
56192.2
78052.9
49455.3
49035.3
65958.2
49609.8
59966.9
179874
275599
70676.9
44527.5
69027.3
57375.9
58301.5
102681
74667.8
74504.2
51441.5
46888.5
34327.3
45322.3
34361.5
78461.7
50818.7
48876.2
69458.9
58258.6
61699.7
59844.7
121396
86161.5
66165.8
57201.5
67676
54479.1
73853
74077.4
49697
170037
74628.4
45203
52092.1
66906.4
43670.5
36872.8
77962.1
77005.2
126624
84312.4
87767.5
66395.1
65572.8
64653.6
65445
71112.3
69201.6
57364.2
53774.7
105865
72440
91797.4
85090.7
62965.9
57627.2
62158.8
69559.3
47300.7
80165.2
79441.9
86021.5
90214.6
51395.2
51830
56201.3
56887.7
67872.4
217098
16363.7
15938.2
1625.9
53909.2
202957
215396
55578.3
77376.7
73627.5
63387.1
59195.1
58608.6
64571.4
72290.3
72244.4
60833.9
63751.4
194202
78643.4
46042.6
47029.3
56601
57268.9
69639.7
72842.3
73904.5
75787.7
81186.5
77916.3
120227
63874.5
70528.7
45424.8
49233.7
57763.7
44160.2
43339.2
72214.2
85963.4
54829.8
221666
47641.7
52705.6
52538.8
59405.1
66950.4
62627.5
62555.5
121671
105746
62485.3
80312.4
52500.6
54755.4
65856
82022.4
112221
109656
57324.5
58848.8
74569.7
84625.2
83199.4
84095.3
89903.5
78928.3
81453.9
59818.5
60618.9
51521.1
51524
47059.2
47312.8
77157.4
81797.9
167046
56947
83611.9
85370.5
195289
136943
35869.2
38640.9
41960.9
31273.3
33689.9
36466.7
67045.4
68501.3
78901.5
1441.31
10236.7
73435.8
70380.9
57614.8
121922
49199.9
67856.3
52106.4
59079.1
85839.6
87389.5
66651.8
57583.9
70262.8
65259.3
56050
70299.9
53394.2
115249
201876
56252.8
78442.4
48466.4
63165.4
51003.5
68182.7
57649.2
132108
38327.9
34677.8
62053.8
51920.3
49768.5
74274.3
50396.9
47981.7
50073.7
45179.8
51695.2
56525.6
60240.5
64162.9
76786.6
59993.3
76966.6
55531.3
116460
60096.2
58268.5
63215.9
60421.5
56130.5
63994.9
71819.4
72115.6
145941
52190.7
135244
142960
54944.1
54273.4
46128.1
39419.2
67467.5
79538.1
57768.8
71496.5
195443
71973.6
75772.3
54873.8
55250.7
74677
69970.3
69905.7
55260.2
55469.3
83512.7
81170.8
60305.8
61487.2
53806.3
53553.1
51166.3
50058.3
64927.5
64509.2
79508.8
69244.8
43547.8
63523.5
51907.6
50348.4
48278
164893
70391.6
54498.8
54762.2
45758.9
39640.1
65827.1
100929
59049.6
55251
45791.5
53153
45648.9
91971.5
96591.4
73996
50912.8
79802.9
77095.4
56168
78747.8
75716.6
79820.7
61975.6
50004.6
34281.9
45501.6
36004.5
46220.9
60182.8
62503.1
55633.6
60897.4
54316.5
56364.5
61725.9
61491.5
61417.7
57654.8
59349.1
123281
47875.4
48153.4
39492.6
39172.1
36006.4
37186.6
46476.4
47184.7
83308.8
80891.3
118938
74858.7
53072
49806.8
222245
83638.8
74242.9
59423.2
64419.4
68938.6
83813.7
75349.4
61268.7
45031.2
44899.9
53768.7
46504.1
177395
90472.2
56826
56459
201086
214418
102019
115954
88044.4
39257.3
46117.3
54961
66017.8
52969.6
87514.6
66770.5
72030.8
82477
59589.2
95348.3
58656.4
223996
77286.8
70179.3
197335
219124
142771
131751
105040
72725.9
57203.3
71142.9
69379.9
66623.5
80487.5
63200.2
51017.8
48699.1
55950.6
53956.3
45778.9
47600.5
34482.8
40462.6
47355.4
216164
125980
131591
79549.5
61428.4
81094.7
73478
227850
54395.5
79657.4
61862.9
222582
216116
165022
81523.4
60773.2
61927
80066.2
49261.9
48746.1
51616.3
63744.8
64214.6
52110.4
246353
72178.7
72937.1
63364.4
62815.9
65631.9
70666.6
61948.5
59629.5
64349.3
73467.8
92260.7
273375
130720
174100
50867.8
38728.5
46530.4
39089
49482.7
49522.1
64418.4
57981.2
55866.2
56947.1
56129.2
58262
47622.7
59245.2
40357.5
37050.7
57756.6
135166
65420.1
69681.1
55055.1
43904.1
258379
80326.4
76130
203866
61978.1
66558.9
56758
60285.9
130418
205051
71072
64078.8
65355.4
204838
206049
76275
74213.8
89992.5
55464.4
59779.4
53436.3
47434.4
57832.6
117148
51865.1
53121.8
70468.9
70008.6
158827
57979.4
104739
103116
45883.9
42139.4
40950.8
88211.5
56936.8
77968
78313.6
39296.5
40186.5
195665
145925
64878.2
51522.8
42924.8
38460.7
77049.6
95766
53497.7
54929.6
58629.6
56994.7
148487
78683.9
75852.5
67620.5
63244.9
64569.5
64919.3
67343.3
65161.4
84805.6
188741
93661.8
47420.6
53084.4
32601
32364.1
35670.2
44974.6
37398.7
45606.4
43959.5
45847.8
53529.9
52886.6
70530
73763
78446.6
78896.8
58204.6
58689.8
81291.4
125886
102960
62197.4
92151
58753
206732
12946.5
13446.8
1306.34
81434.3
45545.6
115234
79736.7
71260.4
59337.4
68086
81942.8
97826.1
77869.8
77909
79823.2
1399.76
11800.6
68425.8
68629.1
79628.4
60454.1
53371.9
48003.8
59872.9
59537
45780.2
40324.4
213903
39099.7
39678.3
55781.2
69171.1
70620.3
68307.4
64505.1
79463.3
65960.1
45660.2
53644.7
65682.5
72348.1
55719.2
243074
60390.2
60776.6
49185.5
73055.7
45812.6
61440.7
171280
79632.8
54783.9
51720.2
51121.7
66389.5
67610.3
57501.6
57287.9
70820.2
67128.5
81478.5
246557
109714
55815.6
59478.4
63322.5
174026
67292
106852
80669.9
77661.9
127483
172419
44371.9
47362.5
76017.1
121386
44073.5
53405.7
43432.6
62402.3
95608.9
45459
41011.1
37595.4
150685
81715.2
58307.3
66572.2
63415.2
156326
148688
266762
80712.1
221504
252886
95784.1
82582.8
50788.6
42836.4
34684.5
33898.3
45504.3
30561.7
31740.4
43226.3
50697.4
44494.5
59750.3
62161.5
72774.3
96889.9
68248.4
51487
90761.2
61103.1
58196.8
53328
75323
81385
63145.1
246853
72677.3
70101.6
56673.1
49124.7
51590.9
60847.4
167222
163335
56896.6
80601.6
72672.3
75462.8
75584.8
79116.9
120403
237505
80591.5
81936.2
62639.8
64680.6
34267.2
35825.9
47738.6
45703.4
57898.3
57155.3
46249
40206.2
58925.9
181727
116234
61445.9
59398.1
54826.4
198685
111583
52976.9
65010.9
63555.2
82982.5
118704
75603.5
76327.6
54777.8
47329.1
37838.4
48147.8
142023
77499.2
87576.4
56601.9
52670.2
51055
58629.3
45411.4
44534.1
78961.2
65622.1
59434.7
62241.1
119644
159864
77705.2
60964.5
48672.9
78150.5
83437.2
60142.2
59008.9
66695.8
61279.9
83026
84293.2
212468
64841.8
67278.2
53340.2
62461.3
65748.7
192709
60123.5
69873.1
79757.4
45534.9
80390.8
87171.7
102097
31875.6
30869.6
42249.5
37440.6
51758.5
51605.8
54587.5
67659
69418.5
55108.7
74100.3
75220.8
65275.2
88560.2
206836
122847
122471
69334.2
132192
253954
60663.2
59667.6
59203.9
80277.3
201204
202586
85963.3
82801.5
81714.5
69475.7
83422.8
186961
75074
230132
48606.9
67704.9
64861.4
83568.6
241190
231450
135698
246006
76499.4
84174.7
77504.6
58316.1
64257.2
47575.8
65966.2
46885.4
59252.4
96133.5
149240
74081.8
74622.9
59402
59559.8
55857.4
53209.1
62055.6
63775.5
75438.9
60126.5
70042.4
81242.5
76210
85355.4
246664
72669.7
75590.4
61884.7
61579.8
53778.2
54362.4
46397.5
45492.4
76254.6
77371.5
74077.6
134660
208836
167926
52960.4
58191.6
50331.9
179895
55520.7
131998
53823.5
58325.6
90677.9
66324.7
63964.6
64118
60833.7
57558.9
72057
81095.8
68177.6
76871.2
78669.5
81793.9
185870
171802
250081
101387
64801.1
62616
54831.1
103616
65078.3
67238.2
160811
61060.8
210473
73442.7
209624
83900.5
57548.5
55284.9
73066.1
72713.2
67947
66855.1
52889.4
52181.1
135474
57565.8
57105.3
77992.8
75045.2
72558.3
72304.9
77313.1
77264.9
63482.5
66493.2
243666
196490
79657.4
81055.4
91139.1
210322
177429
79114
63057.4
51923.5
54215.1
132194
52810
57060.3
71027.7
45790.2
213555
59868
55770.2
60808.6
52799.2
79201.8
58385
66666.4
49680.2
162636
73045.8
157045
77195.3
74762.3
212280
77102.9
61074.9
51603.3
53717.1
63694.5
61870.4
83088.4
82717.4
53458.8
66619.4
66273.4
74876.9
62171
77317
48812.5
61499.6
50947
181719
81745.8
77682.1
267166
62949.3
61529.7
81074.7
250446
13458.7
1507.02
13939.7
81848.8
45812.7
208063
191846
53066.9
46491.8
62305.7
61866.7
82830
64882.2
64066
94675.7
97775.1
80568.6
45080.2
70790.7
51786.1
54186.3
62544.6
82486.9
69689.8
57612.4
81686.7
)
;

boundaryField
{
    frontAndBack
    {
        type            empty;
    }
    topAndBottom
    {
        type            calculated;
        value           nonuniform List<scalar> 
452
(
77547.4
36263.6
109672
38399.7
161644
171412
46669.3
72620.9
262970
48651.9
43284.1
48799.7
39687.2
36405.2
28364.1
25864.7
27836.9
49192.9
49066.3
45129.9
32937.8
42714.6
29749.8
41520
28394.6
34323
36413.2
36479.8
258382
271378
39167.9
48235.2
150689
33915.3
36131.5
35893.5
29967
31286.3
32873.3
42368.1
33029.9
107373
38486.6
119292
43662.3
39086.4
190570
194702
267313
32244.1
40852.7
33536.2
44712.9
42254.1
58178.9
48079
45112.2
28165.6
26803.3
51521.6
33748.5
42614.1
42259.1
38874.1
45490.5
121135
207779
36310.6
41253.8
224263
37311.3
91228
104398
35774.2
48979.5
181363
43912.6
38325.3
39276.8
217858
35573.4
39903.7
41974.4
194453
37316.3
37590.5
171507
243575
36182.3
47109.7
32842
39918.4
31286.9
32039.4
49344.9
52510.5
46628.2
43970.8
37715.4
27543.5
24909.8
26679.4
51782.5
51132
47122.5
33240.8
45499.3
28808.8
40350.8
28446.5
30107.4
34069.5
34942.3
36031.1
1962.56
23279
22743.4
1879.05
80941.5
43761.7
47010.8
70723.6
39656.1
31749.7
48411.5
65699.6
102118
269738
266627
75018.5
34300.8
37774.8
51193.9
53274.5
46547.2
43678.3
39759.9
28239.2
24866.7
26521.8
52164.9
50632.1
49211.3
34395.4
46802.3
28582.8
40953.8
28112.7
32722.9
42085
34453.2
47160.6
43689.6
59327.3
47910.9
45704.7
44515.8
39558.9
44294
28899.4
35094.8
54399.1
28179.9
41632
2804.7
16340.7
15920.6
1230.42
46337
40203.6
45124.4
38113.1
29210.7
30091.2
47070.4
47687.9
60751.8
47018.4
46089.1
33678.7
42788.4
31490.8
45282.4
54968.1
273660
37288.9
139523
263382
127461
255011
45031.4
58150.5
31897.5
32416
41710.3
32838
41292
3730.25
796.614
40345.8
261184
45811.3
40959.3
40080.4
63341.5
105851
88775.9
86810.9
45209.1
8028.3
186.74
257423
6259.65
38399.6
36473.9
47731.7
262810
45796.4
37035.2
226492
49764.6
144280
86217.5
163419
166942
99008.9
40066.9
179754
38309.3
205748
232085
47202.2
49050.2
197964
40615.9
45378.2
161500
50544
73519.5
40255.4
38925.9
37397.1
169483
133688
81218.3
46067.3
44789.7
40579.9
40082.3
35811.7
117328
114785
33294.3
36872
37304.9
30472
34050
30295.5
41100.1
36213.1
46951.3
47463.1
75243
49259.2
50520.4
116275
84773
32752.3
37148.4
31121.5
37920.9
30619.6
33746.5
114965
154958
31538.9
39023.5
32581
42611.4
42597.2
57950.9
46433
46228.5
27354.9
25749.2
31961.7
47684.7
45208
40915.8
47459
43953.1
40466.1
28873.2
42459.8
35418.6
35378
27205.5
38850.3
35805.3
35105.6
39945
36781
126778
138615
49499.2
48401.9
40709.3
42905.1
26124.7
35457.7
27719.7
27770.4
49997.9
48544.2
44687.8
32417.6
42809.9
29912.6
42928.8
27818.9
38757.7
42452.9
239684
234597
94470.9
51567.9
83072.9
77700.6
36830.5
165325
128.835
6337.67
70409.7
68831.1
86753.1
43530.7
218378
250977
44816.2
46116
33752.3
37914.7
31885.6
31376.1
514.007
9869.8
4783.8
10252.2
239300
19599.1
2378.91
20058.5
1619.25
36033.5
3313.42
36879.4
1058.37
40395.8
30460.2
63018
47968.9
8322.82
37906.3
44810.8
151306
73206.1
35059.3
37419.5
267054
38340
218183
222921
49892.1
50836.8
46325.3
43440.1
42402
29262
24912.1
26642.6
49860.3
49380.7
52927.3
44494
38056
30578
39932.1
29764.6
40632.8
38105.9
38620.1
274243
45503.3
147959
27249.9
25246.7
27849.8
37061.1
48115.4
52795.3
42260.7
45688.7
51184.7
45304.8
51571
32296.3
45307.8
28770.8
41659.9
28225.3
35774.3
36017.6
34455.4
243497
136671
45488.2
87377
101296
35574.8
32159.4
43113.1
34030
47605.2
45402.2
61206.3
47351.7
48006.1
46980
40562.6
43371
45059.4
54611.4
29099.9
36546.6
29176
37727.6
36359.8
71228.9
39786.2
48555.2
131067
40233.4
39688.3
37837.5
46033.7
61244.6
31432.5
39487.5
204421
40652.2
214122
119602
)
;
    }
    right
    {
        type            calculated;
        value           nonuniform List<scalar> 
20
(
75811.5
75714.1
74319
78079.4
78067.2
75571
74669.4
75029.5
75634
74594.4
74423.7
76192.8
74249.9
78153
75586.3
76180.2
77784.2
74303.7
77937.5
74957
)
;
    }
    left
    {
        type            calculated;
        value           nonuniform List<scalar> 
120
(
20159.1
2492.54
19728.4
340120
331860
272640
292961
339185
350897
12660.7
3029.93
27742
27119.2
5176.9
3884.04
38514.2
37632.8
3911.93
73276.9
6797.03
2527.01
71596
52554.7
5042.69
3077.74
51350.7
6856.73
9378.36
2202.36
12432.2
136088
132927
100071
2255.43
9102.18
97764.8
274036
307069
330559
322727
284758
278128
316966
275782
2353.08
17016
17326.7
282550
336352
279770
23615.6
2729.51
23101.6
44730.1
43704
4394.55
3440.48
349087
5920.1
85150.5
2356.99
83192.4
7822.85
10867.4
326079
315012
221322
216130
282668
286546
286762
302691
295591
318245
310788
357651
344911
243817
238093
350301
341531
265876
259658
176992
172859
199267
194599
156047
152413
2255.57
14513.2
14764.3
361180
351456
324429
293382
303540
332507
336117
313708
32828.7
3430.85
32082.2
4504.35
5866.97
62257.6
2779.2
60831
344514
8045.74
2210.21
117260
114549
10658.3
360992
350754
282358
357557
348186
304745
)
;
    }
}


// ************************************************************************* //
