/*--------------------------------*- C++ -*----------------------------------*\
| =========                 |                                                 |
| \\      /  F ield         | OpenFOAM: The Open Source CFD Toolbox           |
|  \\    /   O peration     | Version:  2.3.1                                 |
|   \\  /    A nd           | Web:      www.OpenFOAM.org                      |
|    \\/     M anipulation  |                                                 |
\*---------------------------------------------------------------------------*/
FoamFile
{
    version     2.0;
    format      ascii;
    class       volScalarField;
    location    "0.78";
    object      epsilon;
}
// * * * * * * * * * * * * * * * * * * * * * * * * * * * * * * * * * * * * * //

dimensions      [0 2 -3 0 0 0 0];

internalField   nonuniform List<scalar> 
9648
(
2387.88
2398.17
2395.69
2390.12
2380.48
2365.91
2346.23
2321.47
2291.55
2256.56
2216.72
2172.19
2123.8
2072.52
2019.14
1964.57
1909.89
1856.07
1803.77
1753.49
1705.76
1660.87
1618.96
1580.21
1544.64
1512.16
1482.68
1456.1
1432.33
1411.2
1392.6
1376.4
1362.45
1350.62
1340.84
1332.95
1326.85
1322.46
1319.75
1318.64
1319.01
1320.86
1324.15
1328.81
1334.89
1342.41
1351.35
1361.67
1373.46
1386.85
1401.86
1418.43
1436.81
1456.98
1478.93
1502.48
1527.49
1553.59
1580.05
1606.24
1631.71
585.602
578.689
570.05
560.672
552.318
547.298
545.864
546.844
549.69
554.571
561.205
568.893
577.198
585.727
594.138
602.056
609.305
615.852
621.691
626.76
631.165
634.972
638.235
641.077
643.63
645.959
648.121
650.197
652.274
654.405
656.615
658.966
661.502
664.221
667.16
670.35
673.782
677.458
681.392
685.619
690.127
694.903
699.96
705.307
710.928
716.854
723.081
729.579
736.331
743.339
750.551
757.944
765.465
773.153
780.866
788.584
796.152
803.68
811.021
818.095
824.853
231.409
233.605
237.335
243.263
251.492
261.617
273.823
287.695
303.106
319.673
337.163
355.106
373.146
390.932
408.162
424.591
440.045
454.428
467.683
479.791
490.78
500.684
509.581
517.557
524.71
531.128
536.896
542.107
546.835
551.157
555.138
558.839
562.31
565.598
568.743
571.774
574.724
577.61
580.452
583.27
586.079
588.897
591.723
594.569
597.437
600.322
603.222
606.118
609.006
611.864
614.685
617.468
620.171
622.852
625.39
627.888
630.246
632.604
634.794
636.86
638.792
131.103
139.834
150.072
162.001
175.637
190.91
207.785
226.048
245.451
265.634
286.26
306.937
327.329
347.118
366.047
383.898
400.532
415.864
429.85
442.496
453.825
463.884
472.753
480.522
487.296
493.177
498.265
502.656
506.432
509.682
512.48
514.894
516.992
518.822
520.431
521.86
523.145
524.311
525.385
526.386
527.336
528.254
529.154
530.043
530.929
531.813
532.696
533.574
534.448
535.309
536.139
536.966
537.76
538.536
539.241
539.938
540.621
541.283
541.901
542.482
543.067
97.5149
109.352
122.747
137.74
154.323
172.446
191.968
212.654
234.198
256.213
278.328
300.155
321.373
341.69
360.884
378.753
395.191
410.138
423.576
435.537
446.059
455.195
463.042
469.693
475.274
479.901
483.682
486.725
489.109
490.932
492.276
493.214
493.82
494.151
494.247
494.159
493.926
493.572
493.128
492.613
492.046
491.454
490.853
490.257
489.669
489.097
488.545
488.011
487.489
486.986
486.483
485.983
485.494
485.009
484.521
484.033
483.572
483.112
482.639
482.163
481.693
84.9217
98.8354
114.436
131.685
150.486
170.735
192.215
214.634
237.634
260.787
283.713
306.009
327.391
347.581
366.425
383.706
399.347
413.342
425.679
436.444
445.69
453.459
459.888
465.051
469.115
472.215
474.458
475.974
476.826
477.119
476.952
476.384
475.512
474.393
473.054
471.556
469.954
468.25
466.487
464.681
462.844
461.01
459.199
457.43
455.694
454.004
452.361
450.779
449.246
447.749
446.287
444.848
443.437
442.052
440.682
439.36
438.078
436.811
435.545
434.289
433.03
80.9419
96.6256
114.121
133.3
153.948
175.918
198.914
222.598
246.596
270.39
293.654
315.92
336.991
356.589
374.698
390.999
405.469
418.178
429.081
438.363
446.097
452.262
457.097
460.595
463.006
464.482
465.111
465.081
464.388
463.162
461.532
459.511
457.248
454.784
452.112
449.322
446.5
443.595
440.682
437.767
434.839
431.959
429.142
426.412
423.735
421.136
418.62
416.185
413.835
411.551
409.321
407.132
405.001
402.882
400.8
398.776
396.812
394.904
393
391.077
389.182
81.0047
98.3075
117.529
138.428
160.637
183.97
208.119
232.711
257.348
281.397
304.637
326.44
346.816
365.408
382.534
397.59
410.628
421.871
431.085
438.677
444.766
449.147
452.341
454.04
454.711
454.514
453.49
451.947
449.712
446.993
443.978
440.557
436.99
433.273
429.35
425.368
421.42
417.363
413.392
409.465
405.529
401.674
397.966
394.378
390.856
387.472
384.168
380.997
377.922
374.948
372.047
369.208
366.431
363.65
360.928
358.307
355.72
353.257
350.762
348.23
345.795
82.9417
101.547
122.312
144.536
168.147
192.463
217.338
242.699
267.53
291.684
314.549
335.779
355.079
372.368
388.292
402.003
413.533
423.159
430.879
436.782
440.998
443.55
444.862
444.928
443.911
441.905
439.338
436.339
432.485
428.335
423.877
419.212
414.613
409.669
404.399
399.407
394.264
389.058
384.139
379.093
374.065
369.006
364.576
360.165
355.756
351.787
347.589
343.796
339.846
336.174
332.409
328.97
325.628
322.145
318.774
315.71
312.399
309.653
306.533
303.288
300.415
1656.54
1680.56
1703.46
1725.2
1745.97
1766.21
1786.01
1805.69
1825.24
1843.82
1861.07
1877.56
1893.56
1909.45
1925.47
1942.29
1960.51
1980.61
2002.94
2027.89
2055.14
2084.14
2114.54
2145.94
2178.04
2210.78
2244.33
2278.35
2312.81
2347.73
2383.29
2419.37
2455.97
2493.26
2531.25
2569.83
2609.11
2649.23
2690.25
2732.02
2774.57
2818.14
2862.72
2908.13
2954.7
3002.3
3050.81
3100.26
3150.88
3202.69
3255.63
3309.57
3365.07
3421.71
3479.87
3539.34
3600.85
3664.38
3729.95
3797.43
3866.96
831.264
837.748
844.058
850.11
855.927
861.636
867.387
873.021
878.766
884.258
889.709
895.055
900.412
905.802
911.218
916.704
922.276
927.976
933.789
939.686
945.627
951.551
957.442
963.278
969.049
974.733
980.259
985.6
990.75
995.733
1000.57
1005.22
1009.72
1014.09
1018.31
1022.4
1026.37
1030.21
1033.93
1037.53
1041.03
1044.44
1047.74
1050.92
1054.02
1057.01
1059.88
1062.63
1065.28
1067.83
1070.27
1072.58
1074.79
1077.04
1079.08
1081.22
1083.3
1085.58
1087.73
1089.94
1092.26
640.692
642.507
644.373
646.207
648.013
649.719
651.508
653.202
654.888
656.427
657.917
659.354
660.811
662.238
663.638
665
666.317
667.586
668.796
669.933
670.984
671.949
672.817
673.583
674.243
674.793
675.227
675.542
675.729
675.795
675.728
675.534
675.216
674.769
674.208
673.53
672.736
671.825
670.797
669.651
668.39
667.021
665.549
663.96
662.265
660.452
658.509
656.429
654.217
651.878
649.382
646.78
644.031
641.168
638.106
634.956
631.712
628.388
624.969
621.492
618.02
543.627
544.19
544.725
545.249
545.742
546.208
546.645
547.062
547.425
547.689
547.892
548.057
548.162
548.185
548.156
548.062
547.903
547.672
547.361
546.961
546.475
545.899
545.24
544.49
543.645
542.697
541.647
540.495
539.239
537.88
536.417
534.841
533.156
531.367
529.482
527.499
525.419
523.242
520.96
518.578
516.102
513.543
510.906
508.197
505.416
502.561
499.611
496.566
493.418
490.187
486.843
483.396
479.859
476.217
472.443
468.545
464.57
460.503
456.373
452.217
448.061
481.23
480.746
480.244
479.716
479.165
478.558
477.897
477.239
476.578
475.871
475.133
474.355
473.519
472.629
471.68
470.668
469.623
468.508
467.32
466.057
464.722
463.322
461.86
460.341
458.756
457.098
455.363
453.552
451.669
449.715
447.685
445.566
443.361
441.071
438.711
436.28
433.774
431.186
428.511
425.751
422.919
420.021
417.075
414.094
411.085
408.048
404.949
401.812
398.602
395.34
392.005
388.586
385.106
381.548
377.891
374.128
370.279
366.337
362.368
358.378
354.385
431.789
430.544
429.299
428.015
426.713
425.382
424.015
422.631
421.214
419.775
418.302
416.809
415.28
413.703
412.083
410.43
408.751
407.01
405.202
403.327
401.395
399.416
397.404
395.366
393.286
391.154
388.971
386.735
384.463
382.156
379.81
377.399
374.926
372.384
369.8
367.169
364.476
361.724
358.892
355.982
353.008
349.977
346.916
343.85
340.798
337.772
334.713
331.661
328.574
325.494
322.37
319.18
315.962
312.674
309.332
305.861
302.322
298.704
295.092
291.436
287.799
387.312
385.46
383.608
381.751
379.862
377.935
375.983
374.031
372.048
370.018
367.979
365.936
363.862
361.764
359.621
357.463
355.307
353.101
350.827
348.477
346.069
343.638
341.191
338.757
336.309
333.819
331.293
328.725
326.16
323.606
321.082
318.516
315.929
313.286
310.64
307.968
305.23
302.45
299.602
296.681
293.69
290.625
287.535
284.453
281.405
278.456
275.484
272.59
269.683
266.877
264.072
261.183
258.3
255.356
252.402
249.268
246.117
242.854
239.681
236.436
233.239
343.366
341.004
338.639
336.322
333.986
331.672
329.288
326.978
324.64
322.193
319.752
317.356
314.915
312.451
309.906
307.387
304.943
302.46
299.908
297.209
294.427
291.661
288.874
286.124
283.431
280.697
277.927
275.058
272.207
269.432
266.823
264.193
261.634
259.04
256.519
254.01
251.361
248.641
245.904
243.15
240.283
237.283
234.252
231.214
228.191
225.384
222.492
219.78
217.055
214.605
212.22
209.682
207.193
204.637
202.136
199.345
196.618
193.718
191.056
188.274
185.59
297.32
294.46
291.449
288.774
285.946
283.544
280.816
278.502
276.164
273.605
271.034
268.717
266.162
263.634
260.812
257.953
255.435
253.015
250.601
247.929
244.83
241.944
238.974
235.96
233.12
230.327
227.629
224.596
221.34
218.271
215.593
212.905
210.439
208.025
205.957
203.955
201.623
198.997
196.454
194.103
191.68
188.87
185.976
183.127
180.177
177.608
174.704
172.178
169.528
167.566
165.712
163.526
161.529
159.44
157.508
155.017
152.751
150.15
148.055
145.776
143.716
3939.63
4014.92
4092.21
4171.54
4253.35
4338.55
4426.57
4517.37
4610.66
4706.65
4805.8
4906.97
5010.49
5120.48
5258.47
5383.83
5508.8
5636.34
5766.36
5898.82
6034.03
6172.06
6312.47
6455.5
6600.9
6747.99
6896.46
7046.06
7196.6
7347.19
7497.77
7647.7
7796.13
7942.46
8086.17
8225.85
8360.36
8488.36
8601.67
8685.02
8741.66
8773.13
8779.23
8758.17
8708.34
8627.23
8510.77
8354.26
8153.32
7903.27
7597.75
7229.81
6794.11
6283.01
5662.27
4717.19
4300
4091.79
4009.83
3969.99
3886.46
1094.82
1097.48
1100.35
1103.28
1106.3
1109.56
1113.37
1117.57
1122.25
1127.23
1132.71
1136.02
1137.41
1140.39
1143.97
1149.01
1154.17
1159.27
1164.5
1169.99
1175.74
1181.8
1188.12
1194.71
1201.55
1208.62
1215.96
1223.57
1231.52
1239.85
1248.6
1257.83
1267.66
1278.22
1289.6
1302.04
1315.72
1331
1349.17
1378.44
1413.84
1452.22
1493.76
1538.62
1587.47
1640.65
1698.25
1760.54
1827.79
1899.56
1974.96
2052.37
2130.22
2207.39
2276.37
2341.1
2399.69
2485.89
2590.55
2698.89
2651.97
614.523
611.028
607.498
603.949
600.345
596.767
593.299
589.986
586.738
583.458
579.7
574.045
568.143
563.049
558.464
554.504
550.628
546.647
542.605
538.555
534.537
530.549
526.585
522.642
518.718
514.807
510.921
507.061
503.247
499.476
495.769
492.148
488.624
485.242
482.03
479.036
476.308
473.918
472.003
471.068
471.306
475.782
484.043
495.605
510.927
530.667
555.546
586.597
624.826
671.324
727.112
792.989
870.148
958.905
1059.01
1167.07
1274.16
1391.31
1535.34
1722.54
1909.73
443.907
439.763
435.617
431.455
427.246
423.038
418.879
414.818
410.733
406.549
401.554
395.555
389.767
384.513
379.649
375.139
370.734
366.341
361.943
357.567
353.215
348.871
344.54
340.228
335.93
331.656
327.406
323.182
318.985
314.817
310.681
306.582
302.533
298.545
294.629
290.804
287.09
283.506
280.078
276.871
273.965
271.67
270.678
271.399
273.715
277.966
284.617
294.323
307.928
326.462
351.342
383.905
425.824
478.226
541.749
614.37
691.891
775.812
874.573
1002.09
1161.31
350.411
346.497
342.602
338.684
334.699
330.714
326.746
322.858
318.94
314.907
310.09
304.786
299.773
295.16
290.8
286.676
282.65
278.712
274.826
271.002
267.217
263.42
259.643
255.893
252.157
248.45
244.769
241.117
237.484
233.874
230.285
226.725
223.201
219.721
216.295
212.935
209.652
206.456
203.359
200.377
197.538
194.906
192.615
191.023
190.237
190.28
191.378
193.834
198.082
204.663
214.378
228.235
247.442
273.265
306.723
347.932
395.474
448.869
510.408
585.723
681.078
284.16
280.641
277.15
273.656
270.024
266.397
262.761
259.242
255.695
252.081
247.765
243.263
239.036
235.155
231.414
227.84
224.323
220.953
217.668
214.481
211.342
208.162
205.019
201.918
198.827
195.775
192.74
189.736
186.736
183.749
180.772
177.822
174.9
172.02
169.187
166.413
163.704
161.071
158.515
156.049
153.685
151.447
149.374
147.557
146.241
145.324
144.93
145.181
146.285
148.52
152.26
158.03
166.507
178.463
194.779
216.017
242.303
273.702
310.842
355.397
410.483
229.957
226.87
223.823
220.826
217.571
214.348
211.062
207.979
204.879
201.807
198.055
194.314
190.797
187.645
184.514
181.525
178.521
175.737
173.041
170.463
167.937
165.311
162.767
160.31
157.842
155.424
152.997
150.61
148.194
145.79
143.373
140.995
138.64
136.341
134.078
131.877
129.731
127.657
125.65
123.726
121.887
120.157
118.543
117.081
115.836
114.953
114.345
114.08
114.26
115.021
116.553
119.11
123.014
128.698
136.636
147.323
161.174
178.514
199.813
225.862
257.952
182.652
179.995
177.419
174.994
172.135
169.35
166.408
163.821
161.218
158.767
155.557
152.498
149.588
147.135
144.552
142.154
139.62
137.414
135.267
133.223
131.244
129.071
127.061
125.25
123.36
121.514
119.604
117.78
115.856
113.953
111.999
110.138
108.289
106.532
104.786
103.115
101.469
99.902
98.3927
96.9793
95.6385
94.4074
93.287
92.2726
91.3963
90.7605
90.3259
90.0854
90.1058
90.4601
91.249
92.5956
94.6711
97.6735
101.853
107.497
114.901
124.403
136.373
151.318
169.902
141.089
138.797
136.715
134.947
132.483
130.161
127.511
125.511
123.445
121.652
118.928
116.454
114.005
112.228
110.078
108.284
106.122
104.505
102.841
101.181
99.6637
97.7922
96.2655
95.197
93.7886
92.356
90.8097
89.5072
87.9175
86.3986
84.7431
83.3764
81.9504
80.7051
79.3751
78.163
76.8629
75.7015
74.6076
73.6449
72.7538
71.9648
71.2943
70.7072
70.1566
69.7163
69.4569
69.3122
69.3913
69.6217
70.2422
71.1703
72.6103
74.5289
77.1394
80.4753
84.8305
90.3
97.2798
106.032
116.917
3741.33
3582.06
3411.17
3231.83
3053.12
2880.42
2717.14
2567.7
2435.72
2323.15
2230.29
2156
2098.62
2055.88
2025.11
2003.76
1989.71
1981.4
1977.44
1976.63
1978.32
1981.97
1987.15
1993.8
2001.84
2010.99
2021.35
2032.77
2045.37
2059.01
2073.66
2089.26
2105.68
2122.7
2140.21
2157.93
2175.54
2192.77
2209.46
2225.3
2239.87
2252.99
2264.54
2274.36
2282.58
2289.46
2295.14
2299.83
2304.03
2308.44
2313.3
2318.72
2325.16
2332.72
2341.06
2349.88
2358.9
2368.08
2376.45
2383.05
2387.21
2460.21
2256.43
2056.7
1865.95
1698.32
1543.58
1400.65
1270.51
1153.32
1049.94
960.442
884.263
820.422
767.32
724.598
691.413
665.987
646.434
631.241
619.325
609.94
602.507
596.669
592.179
588.965
586.685
585.499
585.211
585.855
587.403
589.867
593.222
597.456
602.527
608.377
614.934
622.077
629.669
637.534
645.473
653.215
660.433
666.734
671.705
674.983
676.234
675.198
671.81
666.255
658.946
650.452
641.473
632.777
624.995
618.323
612.987
608.677
605.124
601.583
597.568
592.341
1995.15
1981.18
1878.36
1703.96
1524.54
1350.6
1181.36
1028.42
891.763
770.917
666.826
578.889
505.927
446.61
399.903
364.063
336.556
314.793
297.559
284.022
273.366
264.92
258.167
252.74
248.326
244.817
241.93
239.706
238.033
236.887
236.241
236.089
236.411
237.173
238.347
239.887
241.752
243.894
246.255
248.75
251.28
253.737
255.993
257.883
259.254
259.921
259.713
258.489
256.19
252.826
248.541
243.671
238.645
233.975
230.038
227.259
225.756
225.519
226.311
227.84
229.698
1326.85
1473.55
1570
1585.62
1515.81
1390.15
1221.15
1051.47
894.653
750.091
624.554
519.444
432.811
363.441
309.04
266.795
234
208.123
187.795
171.989
159.766
150.352
143.1
137.468
133.032
129.493
126.635
124.333
122.492
121.044
119.949
119.184
118.72
118.52
118.547
118.763
119.132
119.613
120.165
120.738
121.278
121.73
122.037
122.138
121.98
121.511
120.692
119.502
117.945
116.042
113.857
111.529
109.274
107.37
106.114
105.856
106.851
109.184
112.791
117.576
123.582
797.643
932.965
1075.99
1202.81
1283.72
1301.39
1250.98
1145.25
1008.79
854.086
707.636
581.664
473.32
384.999
314.947
259.534
216.136
182.204
155.727
135.277
119.651
107.873
99.0635
92.4479
87.4118
83.5134
80.4587
78.0497
76.1487
74.6486
73.4875
72.6302
72.0387
71.669
71.4794
71.432
71.4897
71.6158
71.7734
71.9214
72.0168
72.0184
71.8867
71.5848
71.0811
70.3531
69.3952
68.2156
66.829
65.2769
63.6282
61.9968
60.5648
59.5629
59.2847
60.0179
62.0968
65.7732
71.1453
78.3231
87.1225
479.151
564.512
667.497
784.039
901.89
1003.28
1068.08
1081
1040.02
952.95
836.767
710.465
582.848
471.821
380.883
305.75
246.33
199.348
162.002
133.169
111.403
95.3413
83.641
75.0891
68.7461
63.9578
60.3047
57.5014
55.346
53.6758
52.3974
51.4574
50.8048
50.384
50.1471
50.0523
50.0605
50.1364
50.2444
50.3472
50.4061
50.3872
50.2558
49.9833
49.5411
48.914
48.0988
47.108
45.9535
44.67
43.3143
41.9839
40.8294
40.062
39.9769
40.9317
43.3761
47.6475
53.9646
62.3683
72.7157
297.819
347.707
409.938
485.965
574.808
671.719
766.696
845.6
894.126
901.83
866.583
795.677
701.03
596.674
494.289
397.369
317.692
252.54
198.292
155.89
123.759
100.373
83.7226
71.8064
63.1485
56.7317
51.9355
48.3398
45.6438
43.592
42.0409
40.9067
40.1193
39.6042
39.3015
39.1613
39.1398
39.2002
39.3061
39.4216
39.5089
39.5404
39.4818
39.309
38.9907
38.5185
37.8863
37.1086
36.1886
35.1602
34.0674
32.995
32.0731
31.4864
31.5166
32.5669
35.0954
39.5816
46.3959
55.6477
67.2194
193.097
222.126
258.556
304
359.761
426.035
501.051
579.787
654.295
713.852
748.008
750.454
721.335
665.048
590.321
505.321
420.079
339.641
264.139
203.305
155.205
120.363
96.0147
78.7962
66.3752
57.2361
50.4827
45.5287
41.9109
39.1965
37.1669
35.6823
34.6472
33.9539
33.524
33.2926
33.2074
33.2262
33.3107
33.4235
33.5262
33.5976
33.6022
33.5195
33.3118
32.9782
32.5062
31.9153
31.1995
30.3927
29.5301
28.6899
27.9861
27.5839
27.7494
28.8828
31.4692
36.0908
43.2711
53.2393
65.9028
130.611
147.634
168.944
195.809
229.283
270.388
319.486
376.048
437.577
500.016
555.5
597.997
621.145
622.209
599.552
555.365
495.574
424.31
350.734
275.892
206.362
156.315
121.423
96.5331
78.1753
64.6515
54.6819
47.5148
42.395
38.5895
35.7837
33.7203
32.277
31.2893
30.6471
30.2584
30.0572
29.9907
30.0179
30.0929
30.1813
30.2654
30.309
30.2907
30.1702
29.9471
29.6106
29.1753
28.6344
28.015
27.3546
26.7237
26.2334
26.0303
26.3635
27.621
30.3084
35.0701
42.539
53.0974
66.6239
1.49128
208.984
186.919
2.32378
2.15225
0.202778
0.000719954
89.2011
0.000796358
0.014646
94.2158
6.93716
0.000720866
244.174
0.166002
136.732
0.000757406
90.7553
118.531
0.000716147
2.3344
233.54
197.999
0.000767061
0.000781097
0.21068
0.000717284
7.64088
0.000753174
0.000820126
6.42056
0.000741971
0.00875642
64.9188
3.93778
112.391
72.1842
15.8
0.000723306
44.524
65.1402
27.9616
0.000743311
104.124
172.892
0.713526
0.000868479
0.00862328
1.32557
7.14046
361.515
352.935
0.000698242
0.00103017
0.0625368
0.0351721
0.000817207
8.85128
59.1076
280.566
138.537
0.000905795
1.5588
0.0249153
198.982
2.37544
38.9172
62.1337
0.00113143
0.000747671
9.73837
41.3889
55.7345
0.0384608
0.0507644
80.1763
226.059
56.2443
0.000700027
5.40635
0.0023412
47.4325
0.0127375
112.17
0.00074993
8.61726
0.000791049
36.9859
0.0110618
0.00136743
0.230641
0.000698305
0.000934032
304.102
142.799
0.000867504
1.57329
1.8482
0.00184594
206.637
1.0175
31.7348
5.98008
0.000696672
0.000725973
0.000693936
1.42944
0.209387
0.000748088
173.826
221.994
0.00477322
234.514
26.7717
112.187
54.4005
28.4119
0.000977241
0.110392
0.00110568
0.00165119
189.003
0.00308341
286.498
409.376
27.7581
0.000746015
7.1604
6.9854
0.000743927
0.0298453
0.0267774
90.9121
0.00187186
63.8695
0.000748831
0.000723823
392.422
346.579
0.000748806
0.7602
149.15
0.230706
0.901831
26.6912
120.49
0.302742
27.6742
0.0052529
272.025
11.1287
0.0378676
49.7349
109.726
187.938
0.000766394
0.000757327
0.511836
0.000694882
41.6374
0.114822
0.00144807
0.00074046
0.000747474
0.000758567
40.9116
68.7588
34.1998
0.000768491
281.856
298.348
407.945
166.197
0.00689402
160.708
44.897
28.3318
0.000750093
0.00169556
193.095
68.3347
28.7151
72.3914
0.000745344
0.000842287
238.863
0.0294965
2.4685
0.000757793
0.000866328
0.172576
0.000797863
327.44
4.04621
0.00069063
0.678376
89.6323
139.511
0.00119714
53.0972
0.000746607
0.000750188
109.576
33.5682
296.851
0.00121403
0.000800671
0.00285736
42.599
77.2329
9.92497
120.833
14.3301
231.494
0.801353
87.9559
83.366
26.3128
10.628
39.4264
0.00144277
0.0292968
0.000747658
0.000725407
28.4995
0.0100012
0.011723
0.00197959
0.00625667
47.7145
197.376
0.0110981
167.884
7.50538
2.94619
0.000732477
0.522365
39.1585
7.29065
0.00106274
13.3165
34.7482
0.835195
2.49167
270.397
7.60949
4.86914
124.111
0.000955065
0.000724071
0.00102663
0.00427632
28.8673
0.000784969
0.00249448
0.000723697
1.75937
77.2473
76.882
49.3277
12.1186
11.3661
322.529
0.00113918
48.3953
99.3932
0.000743902
85.0367
0.000749601
330.143
1.75966
53.9349
0.0015469
0.000748478
20.2456
7.4637
0.000759623
0.000750548
0.000755336
0.000751528
1.17718
35.637
45.5605
0.0108395
0.000760433
0.000724453
0.000695771
106.332
1.14471
0.00119026
19.4414
0.116189
0.0953838
0.000691929
0.782106
0.000760155
0.109983
47.1814
268.921
3.19585
0.000978325
0.00184914
57.0165
0.352677
129.99
320.301
0.000838063
0.000739916
0.000733996
158.172
0.000773578
137.044
0.000749825
24.4415
12.4143
0.0240581
141.56
240.444
0.00127175
50.1995
50.6941
89.429
91.745
9.66154
344.012
38.7015
72.7461
141.855
96.3874
55.9349
0.338233
334.199
278.626
62.9201
33.592
0.00100206
265.65
127.379
230.733
0.0187757
0.000867284
0.000745758
0.000811576
0.684724
1.55267
6.39225
0.124603
0.000726369
170.189
0.00074637
26.8407
24.1386
192.542
42.4106
19.0106
0.00193122
0.00110665
0.466228
86.5942
0.0043651
7.98943
257.604
36.127
85.3326
190.513
61.39
0.000821625
281.717
141.755
97.1616
0.000750458
191.516
151.815
0.000781408
30.5239
0.00075159
387.612
172.237
28.1035
83.0305
115.688
149.445
0.00076476
148.795
0.000964715
68.9601
82.4698
28.3496
278.107
3.61758
0.490759
2.55436
0.00110058
442.066
1.50446
0.00290073
0.00182531
252.638
0.000953135
94.0843
0.000737616
0.000749999
0.00183525
32.0381
0.192451
22.3058
0.00197984
85.1027
0.307262
215.574
279.864
39.2282
332.945
0.000793882
278.332
42.7569
0.000742276
79.808
26.3092
0.000696347
0.000727461
116.076
0.00205758
26.5948
0.461668
77.4689
0.0176534
3.502
40.4988
120.671
33.6448
83.0409
70.2463
0.00100184
0.0340552
28.9475
20.9472
329.006
334.702
138.768
0.0843529
123.985
122.869
3.42567
90.9997
46.6263
26.6243
0.000822443
85.6096
378.832
0.00107568
91.1015
19.0825
47.2409
0.0153074
0.0889954
265.649
0.0019338
324.977
0.00124685
1.76449
0.000738056
7.78449
167.99
0.5544
0.00132137
0.000902447
76.4523
26.8541
0.365806
5.44285
290.603
546.483
0.00139346
11.6279
27.3063
72.696
26.2142
451.2
28.8674
155.179
52.5385
3.47058
7.13968
300.753
54.2021
351.196
172.165
0.241983
174.347
60.5995
0.000792029
91.4573
29.2372
13.1643
0.00974021
97.9577
44.5887
4.18478
53.1666
0.0015913
0.000747161
0.15611
28.3928
105.598
73.3066
0.000750193
0.000731352
0.000743869
28.3568
0.0276002
0.000745716
0.246134
96.3502
269.55
0.00440088
0.00453076
0.000721444
0.000738764
0.00194309
30.0004
101.443
20.5703
1.87608
293.291
375.981
0.00150909
61.6433
27.9899
28.5135
77.2242
432.067
0.000821841
0.00446089
0.000750885
398.569
0.781045
0.000726929
10.4381
0.352039
300.015
0.000759329
319.314
8.76944
0.0656205
201.269
0.000748097
0.000736508
0.00102819
399.159
53.7171
130.717
312.706
11.0577
28.7613
0.000708716
0.00184575
0.469252
0.015235
0.0163233
179.591
41.1213
0.000747826
25.2259
45.4816
183.253
401.531
0.00294481
405.165
0.00182776
0.0217655
149.92
0.000739291
147.959
0.00075956
0.000791585
0.0210035
34.4518
2.9072
326.649
61.7285
0.000886848
28.5992
502.52
0.209305
2.26357
7.42509
0.000774748
0.000759615
0.00230589
137.509
5.37523
0.000783488
267.083
275.669
215.069
0.111555
60.2094
0.00108939
30.486
0.531862
0.130939
122.949
29.9236
151.221
174.265
0.000761119
0.000711538
0.00494971
73.1437
102.69
5.87343
0.00658246
0.000772925
0.000749942
0.00344242
0.125941
0.00211396
72.9726
21.3544
0.00497507
26.3672
171.677
0.000760531
38.2848
0.000742628
3.30792
0.00076249
0.0132075
37.2215
0.0116322
0.00074459
4.02451
358.014
257.969
0.000731124
0.000748457
1.5539
0.13614
0.000747722
97.3813
0.000905424
32.1793
371.938
29.8783
86.9793
298.763
132.14
333.909
0.000747593
0.00249873
0.0110919
292.857
59.9488
197.951
5.41698
4.30591
100.649
168.28
124.829
4.86529
45.4102
0.000750518
1.53884
40.8009
33.2991
310.735
25.9762
1.12743
41.4355
0.204469
0.00982747
40.9096
0.000750994
174.844
0.000887966
2.69394
291.524
185.372
3.05122
0.00250862
7.21591
0.000768791
0.00073624
0.19826
0.0134874
52.4199
0.00874185
28.8109
0.000750504
0.0190241
0.000725504
96.8449
0.00181781
86.7393
304.552
0.0142606
169.17
366.179
0.000756983
99.1042
222.306
0.000785679
286.116
0.274627
0.000824999
0.000791451
276.198
0.000731629
0.00111923
0.122032
0.215867
423.834
268.59
0.000751491
0.000754941
9.09879
28.2041
0.0070937
2.35334
22.1377
0.000747651
0.000953815
0.000912322
169.425
270.254
3.4539
290.537
0.017151
26.6292
0.000772129
0.00717631
0.0160077
0.0430232
0.000749647
292.622
0.000741924
0.0160526
0.000772137
1.31747
0.0147551
0.0399444
2.50393
5.16379
35.0203
2.15678
9.31036
28.0107
189.14
0.000816262
165.673
322.756
12.9134
76.9397
0.000761817
267.829
78.9709
0.000745615
402.654
66.3583
0.00625685
0.0248525
163.61
163.381
0.218974
313.109
400.915
4.36986
423.591
260.225
130.17
50.9051
20.5392
27.6813
262.278
286.78
0.0142316
303.46
40.7641
405.703
0.000813415
1.59759
2.77505
225.806
164.158
0.0118203
446.114
196.999
6.8149
0.0543904
2.73599
28.2218
0.00154688
28.354
433.041
0.0292719
222.272
14.322
94.7058
189.218
0.000746037
0.00167806
7.34292
5.37334
0.0132147
0.000748282
0.816417
1.76735
0.00120807
0.000758693
268.361
7.07716
52.9764
10.8317
0.00314485
0.00107571
0.410831
87.6915
0.000823843
22.2157
29.9843
1.83633
165.285
0.00100487
0.387895
0.000740596
1.77961
88.5294
0.0016547
0.184719
41.0427
164.141
0.501629
96.694
5.14972
0.896118
0.000987545
33.8181
326.817
0.000744053
0.00075608
148.385
0.0157754
0.000758242
73.8602
2.12684
165.712
29.6867
37.9207
0.313378
17.0944
203.757
160.523
240.973
0.000763194
271.957
0.000970005
38.5213
0.000796907
0.00147169
45.223
0.00209215
255.717
0.0121762
0.0322869
45.4099
7.7086
0.564292
0.00089712
184.376
0.000886664
0.000719284
339.982
161.087
41.1036
28.6926
0.000813803
0.000682972
19.0515
148.906
0.00073269
215.022
37.1881
0.00075286
171.345
0.000702481
3.28083
6.37811
10.6018
1.53682
76.169
21.2158
0.000700671
267.452
321.783
0.000744488
0.0132667
28.9959
0.000708942
239.079
161.874
404.619
0.000745517
0.000727876
198.65
0.0967889
0.00083681
31.7996
80.5919
249.648
0.000720922
0.000794004
0.0157522
0.0115984
0.000746796
0.00202727
127.74
50.9475
0.000746638
13.5689
0.000747026
9.83987
0.00109033
0.000866887
27.5802
0.000748535
0.33847
0.000730534
49.4449
2.09122
20.5404
187.29
361.636
149.124
5.18909
14.8633
0.000758248
5.6272
276.149
532.146
0.15618
0.000826513
129.651
0.000746062
0.115564
0.000720644
434.7
14.687
3.0613
194.826
52.7305
4.8542
81.7718
7.71051
224.988
115.275
0.000773738
0.000756236
0.0030906
0.000736599
0.0140369
97.404
0.000931898
247.124
0.00186859
0.295579
3.04989
153.777
0.00135811
42.4557
0.0135266
54.7723
30.8684
429.341
0.000795895
0.000954725
1.42061
86.2795
62.8549
66.5486
1.96312
7.94552
19.8194
0.0625479
10.0328
1.77305
30.3777
0.00075693
393.373
1.42651
56.4623
0.000788233
53.4719
15.9882
0.00188075
88.6184
17.2163
0.0842909
0.000715192
0.000745993
203.507
48.4367
15.0169
0.00073797
0.00953353
50.795
189.418
3.43348
0.00584965
0.000735743
145.985
130.438
35.9651
36.3601
0.000743615
102.517
429.908
0.000746909
0.000749282
18.5666
0.00127134
0.00386507
0.229596
47.4656
0.00105144
36.4596
341.834
0.000731873
0.000821577
0.000727466
0.000770051
67.6857
517.458
330.776
0.0205638
34.4718
47.3356
0.132897
45.513
0.000824166
31.568
0.530689
30.5434
5.3095
82.0647
102.59
0.144925
0.000759127
160.59
85.3158
274.391
5.70201
29.9521
0.5298
20.6245
0.00353071
0.00133407
153.943
143.488
0.0340757
1.23532
0.000753955
0.0993905
19.729
0.0277229
13.7795
4.31629
388.116
37.0634
1.73034
270.366
141.822
56.7176
15.6665
200.518
188.603
3.17804
38.3066
0.00366835
47.6842
45.6772
0.00074345
0.000711065
0.341446
0.000748425
0.000775461
57.7004
298.373
0.000744605
84.0209
0.00074492
0.000736799
0.000740938
0.000752916
0.0018131
29.5984
44.1113
248.799
0.000718843
0.00106591
6.70041
0.000855067
0.0282703
0.000762781
0.000866068
167.412
0.000982879
0.00466162
182.336
0.00425338
0.000749431
187.419
0.000745355
0.000760492
1.47924
0.000870874
6.5283
0.00123794
0.0239217
0.000743838
0.000753571
301.625
415.7
44.0135
0.0236306
110.935
16.3816
0.00130057
27.7022
309.795
235.356
477.788
0.000700124
27.023
57.119
0.261106
28.6938
102.033
0.350351
31.6537
1.0375
28.6126
0.290385
7.354
0.000757615
218.732
0.000756929
28.8293
32.6709
0.000747856
0.914229
0.00245451
0.0290413
0.000726559
3.84253
0.000893589
0.000741947
40.3622
0.0354495
0.164664
231.185
153.68
0.000819095
0.000967929
30.7755
259.155
0.000689791
0.000753933
0.192247
23.9921
148.836
0.00209431
15.9257
0.000745416
0.000818124
0.000718454
0.0278569
23.3104
0.00407757
270.081
29.7652
257.624
172.007
0.000843034
294.534
67.5759
0.000732735
0.000754062
0.000750338
0.00116037
0.000740206
124.805
0.000745385
0.00075038
344.144
1.21246
0.00267514
0.0345236
59.8974
7.54722
0.00780175
0.000823873
185.521
0.00076269
6.76052
0.000755043
0.000845452
163.11
162.244
0.00334047
0.000835216
3.90955
0.000744247
361.229
0.000753091
149.437
0.0271779
8.38495
0.118129
3.0839
1.96891
29.6906
0.000760944
0.000859859
0.00489028
59.3166
0.284529
301.436
0.000747028
0.00124168
0.00164063
255.582
62.8589
273.555
0.00225804
0.0034967
0.826712
0.000751295
19.5126
38.0124
0.00875552
266.589
181.877
42.6549
0.00154553
1.43945
169.19
223.983
28.0328
0.0105589
122.609
0.534558
132.702
0.144005
2.26801
42.1249
0.000761952
28.5951
0.00122488
0.0050842
0.00632316
0.0476896
0.000906876
10.8005
0.000745953
46.1591
0.131996
0.000867586
1.59939
0.000756578
0.761292
0.227263
40.4628
3.7654
93.2021
0.810696
0.000748377
0.00073238
4.66219
0.158364
43.8932
260.463
0.000751602
152.034
37.7
0.014138
52.1733
10.9303
36.3429
39.0868
0.0728164
0.00178357
437.188
70.6552
164.903
0.000746118
27.291
0.000746397
11.0276
38.2758
358.002
17.6073
28.1375
0.012739
0.79152
0.000751142
12.0399
1.2943
0.000850129
439.21
30.8092
0.000768071
1.60103
0.00514893
0.00101642
371.133
0.000747574
0.0159182
0.0138879
35.6707
0.199726
215.957
1.13883
0.000732834
30.0815
5.08855
31.6462
167.859
0.00076909
1.82152
2.66661
119.255
1.00985
0.000751599
0.0408236
94.9629
0.00144434
75.0218
307.405
73.4924
15.3061
2.14297
2.87218
555.565
278.877
218.337
3.4173
0.0144072
0.000964573
166.514
0.109814
115.567
262.109
0.00126857
308.734
0.000735337
169.745
0.000759398
0.000751409
2.34956
117.532
0.00618531
25.7696
19.8437
0.00074648
0.000723363
0.00692831
389.2
152.722
173.621
0.000752084
22.1424
180.814
0.027806
2.60388
0.0129586
0.000833814
0.000745979
0.00220267
0.000769216
0.00074895
0.000737396
0.000749877
54.9806
297.326
99.5604
0.813828
0.000781102
0.000737644
0.000757656
0.000913532
84.5032
150.984
0.169551
0.00215423
0.377812
2.16394
0.000744894
0.000745898
2.46956
0.000745753
0.000784258
0.0130375
39.4561
30.6454
0.0127346
0.229495
16.6465
28.8749
196.514
0.000718579
1.13654
0.000746459
210.178
0.000746096
0.0653954
0.00073695
165.731
275.112
0.000746122
435.308
260.49
0.000915296
0.375733
0.00305905
0.613253
0.681517
0.000741306
0.00216498
353.24
14.7121
7.33372
45.5718
124.534
0.0605808
0.00072493
0.00113349
0.000915649
0.000741295
27.6029
0.000735283
0.000745753
0.0920962
40.3031
86.9353
43.7836
42.1505
4.62209
51.4017
360.92
0.000724027
0.00197525
0.00132861
364.441
81.9802
43.8853
0.665186
96.9694
103.023
385.188
0.000698234
0.602716
19.5767
15.0646
331.321
35.9452
178.51
375.619
0.000710059
0.00077952
136.694
234.008
0.158069
0.000809079
273.912
0.0227729
159.634
0.000741522
0.00920333
0.00413352
0.362216
0.000719318
220.48
0.926618
68.3236
139.524
0.000923541
0.000753805
0.000719294
4.3245
0.000744768
96.7843
10.1895
0.000733095
0.00237592
0.00285659
0.0074611
0.000757259
0.000754802
381.421
0.000782875
294.345
187.988
88.1938
146.77
0.000753874
19.9554
27.5754
123.445
0.000809164
0.0884279
0.386469
0.00073565
35.0373
0.000900737
58.4244
37.6653
0.0007499
67.2676
0.0273773
23.8731
0.136184
0.00817923
23.6194
0.000737533
161.841
114.357
0.000752693
2.45062
118.617
0.000734226
0.000767181
0.00075283
163.048
390.531
0.0788633
251.125
0.00366563
203.634
0.00121953
0.000744466
0.18261
0.000711106
0.0623039
29.5763
0.000688071
0.000792071
0.0150775
0.891335
0.00126807
12.4974
0.000756117
0.00380855
220.096
396.871
0.0236452
0.000708503
428.325
0.000742959
0.00072376
64.0581
166.675
11.9741
171.691
23.7086
0.00138611
0.00075722
0.000754496
5.99716
0.00182559
178.215
24.1025
381.799
0.0748353
0.00201186
1.2416
112.055
2.01463
0.0233064
14.3399
0.00069666
0.722367
0.000752651
0.0969655
3.08108
0.000743456
0.000750529
3.27586
0.000709693
0.00236693
35.1703
77.6037
205.339
0.00805219
421.107
0.00773833
385.208
239.532
3.13009
72.0756
1.61899
1.992
0.0007451
0.000807723
40.48
30.1285
0.03239
0.00068554
90.9853
0.000765255
204.006
390.131
0.000748852
0.00074481
0.000755554
374.398
0.077194
0.00069438
0.000946148
41.8107
0.00360666
0.00146924
80.5184
0.00399523
0.111849
113.877
0.00396596
29.6605
0.00754181
61.9353
0.000755802
68.8934
132.534
29.008
0.000745061
146.83
153.099
0.000754243
66.985
86.1949
35.2338
0.000776184
50.0691
14.7509
35.4609
164.93
0.000826985
0.153573
62.3512
0.00586487
0.0600769
0.00622188
16.2306
296.596
0.828603
54.3132
250.725
51.6158
40.4941
0.000748894
268.742
136.473
84.9788
49.0381
7.89767
64.7496
319.206
1.47387
0.0212979
0.00125137
37.0401
0.000748145
300.149
6.88037
359.971
0.000870474
0.000815238
0.0878537
104.227
0.0720585
0.00242805
309.709
0.0013642
38.8424
29.4801
0.0199838
0.00288959
14.6212
0.00588526
0.533706
0.000747349
6.16341
0.000765014
6.36562
0.000731537
0.00180272
0.00100629
0.00424291
0.00134279
63.3727
1.68191
75.9461
0.000859322
0.000994878
0.00213687
0.000784442
13.0502
65.7418
0.000730391
42.3102
0.000755571
128.686
95.4266
327.252
0.000981874
0.000746573
96.3404
119.326
247.039
7.01033
0.0517107
15.9537
0.000745197
185.381
0.000741678
4.26982
0.00393311
0.000735851
0.414302
368.96
92.5794
72.8121
4.71042
0.0022197
0.000742341
0.000820172
60.8564
0.0910373
0.000790056
0.000958388
22.1073
85.0812
108.646
8.55023
11.2197
78.1083
4.10889
387.764
0.00854198
0.00193359
161.612
0.000737305
0.000746607
47.9902
0.000909639
28.9481
0.00115312
156.071
166.837
0.000757771
0.000734828
157.971
0.000913664
0.000744919
355.157
5.00404
69.5932
106.263
33.7168
52.0657
0.00602945
269.598
0.282517
0.15694
13.5961
231.686
0.000759546
95.9959
77.0887
0.000763067
277.824
0.11336
61.244
0.000732446
106.577
0.0398578
12.5094
36.4189
0.00514086
59.4935
0.00162643
0.00448874
0.246474
14.7295
37.0877
75.2542
0.000755573
111.879
269.326
0.000739188
0.00074741
0.000728839
0.000756809
241.588
0.000737472
4.6525
193.872
0.000752713
0.00779366
20.516
0.0131296
0.000759988
0.000755624
288.539
14.4985
0.00076285
141.894
48.8401
31.414
14.5156
33.2616
0.00738174
0.0185877
0.000740922
0.000923441
20.5922
292.234
0.000754118
2.27823
121.959
3.73793
77.8443
35.8473
90.4421
16.7766
57.8106
1.41604
118.908
0.46749
0.000999846
14.4791
0.000753578
9.19693
106.878
0.00173865
0.000826889
182.485
11.6119
218.225
195.739
0.000736036
0.00383418
0.0303247
1.30714
151.853
0.000737393
0.00074742
0.000771854
0.352111
0.000751219
28.9547
0.000758544
0.000731629
0.395972
0.000868739
16.515
0.000823885
48.0948
254.362
7.06505
2.19947
2.13824
0.0251027
0.000948798
0.00650791
0.00239223
137.131
245.102
112.028
290.87
40.8696
0.000709948
35.8493
178.428
0.0196965
0.000746174
0.000758209
61.8468
0.000872765
271.17
7.21895
24.5785
199.813
0.000967932
377.35
0.000833928
2.45123
0.000868784
0.0900207
96.1052
30.7497
0.000753884
1.30229
34.6843
29.0376
83.7039
16.9009
4.73514
348.948
168.012
1.10773
107.664
134.691
0.00075584
0.0838588
0.000708746
0.00162237
0.00213518
160.277
0.114938
0.000910774
0.00118406
1.86784
383.069
80.415
0.000747634
216.301
10.4198
0.84501
0.000730729
392.713
340.33
226.007
135.621
0.000726282
63.989
24.5036
23.9557
45.2514
1.12059
311.543
0.00084962
0.5978
89.2612
63.5302
0.229343
132.719
0.000817538
295.599
0.00141021
37.617
262.715
12.8648
59.1969
202.468
100.915
0.000730457
177.923
0.0023391
81.0205
0.0016335
0.910691
0.000744738
213.654
0.000737951
44.3123
256.598
288.471
4.25508
0.000818231
0.00372163
0.0007419
31.0741
0.00075799
15.9869
0.186503
0.21708
0.000761374
0.000952423
156.651
73.1503
0.057075
7.92723
0.000726104
0.000760962
0.0290341
0.00685507
0.000731115
0.000729793
119.481
0.00365001
40.2616
0.000898719
87.0272
2.75897
0.000687218
0.0637636
0.000860051
158.562
0.0039838
28.8616
0.000747315
0.00172966
9.14183
0.00274591
0.000765929
0.000750632
100.42
0.000744269
0.000751054
13.5651
0.56209
0.000729808
140.315
229.21
0.0140593
0.266666
0.000923748
68.0533
205.436
8.10431
0.00223679
76.1641
0.00977124
0.00517549
320.597
0.00080356
198.454
81.2263
106.115
78.0425
157.967
0.000723416
6.98381
5.67723
28.3509
0.0483895
19.8444
0.000959099
0.000961006
109.725
0.640998
0.000859604
115.85
115.416
0.000742989
79.8924
151.262
0.00118902
0.2156
0.00075104
35.5096
138.557
27.8203
287.063
4.87179
0.000922528
28.6451
0.000746085
369.056
124.878
164.952
100.464
329.705
244.315
143.01
0.0142582
0.000745425
30.701
25.5976
0.000724807
0.000738276
94.7705
38.2739
18.617
64.4006
0.000766829
27.609
0.000730823
368.816
0.00452697
222.421
36.5544
0.00105463
0.000762634
170.513
0.000820096
105.913
0.000833806
5.83568
296.825
0.00074089
0.779258
0.00167773
0.00166948
188.556
29.0274
0.00159788
178.592
91.9341
0.127531
0.00136099
38.158
0.425216
18.7434
40.3892
80.0585
0.000777349
24.1068
144.965
378.328
201.179
0.0135416
8.72606
0.000746189
52.7609
113.991
0.257319
127.817
66.4838
17.1284
183.783
0.757263
0.0348671
0.0027473
176.474
0.000751196
0.0329226
0.000876823
0.000746547
0.000743548
9.30071
14.4852
248.366
297.85
210.835
263.778
0.000744053
0.00197204
231.96
29.9223
480.69
0.000734111
372.452
87.376
309.718
43.1065
101.386
62.3765
416.341
0.394853
2.49034
0.193931
384.9
11.4317
0.00164241
0.000765718
272.384
317.028
245.696
144.368
0.000721566
62.3652
0.00073999
398.504
0.000868138
5.3565
162.842
0.000724747
1.08345
75.5104
26.1292
0.000760416
146.345
0.00074085
0.000771631
0.000729703
38.5184
0.000733905
0.00818446
23.7683
4.45546
524.386
0.000711367
28.0171
11.2454
0.000745375
3.05022
28.2481
387.908
4.72528
0.0707232
35.8277
11.4651
170.585
32.3359
0.38221
0.000714827
46.9797
0.0760267
292.615
0.23734
0.00076187
51.716
34.2484
127.303
75.73
20.8358
53.4505
370.05
0.000744997
0.000798144
359.025
12.4995
0.00073989
0.000747112
220.494
290.243
146.327
0.00226857
68.9971
428.133
0.00119182
0.0124796
0.00138782
5.70023
7.79275
0.00570912
0.00073485
6.70622
0.000902093
29.9294
0.00377898
0.000762657
0.393844
4.7466
1.92853
0.00499635
0.00108387
0.257915
0.00092559
0.000728886
30.3095
0.82005
0.0207226
13.1626
70.9826
1.62153
163.223
0.000825565
5.77458
304.296
0.00103502
0.400839
509.985
0.00479181
3.97343
63.231
0.112358
45.489
94.6464
2.31478
240.345
427.267
0.000750425
14.2719
26.8165
144.898
0.000811257
0.000749202
3.45125
24.2057
0.000756121
0.00373403
17.1786
0.00115521
0.000758765
120.782
10.1226
20.0084
0.0749651
0.0007602
21.3275
76.6182
0.000756921
142.813
0.379233
4.10933
115.063
101.229
1.96308
98.606
0.000748376
2.56375
221.896
80.3605
261.744
107.133
0.000747559
27.5391
15.7542
0.000741877
0.000731461
2.20403
0.00381639
0.14082
7.42674
91.268
0.00143348
141.696
238.891
0.00148257
96.8039
150.396
67.6126
293.12
149.972
7.47941
0.000800358
0.000747267
0.237549
157.845
0.00374812
386.182
0.804222
4.0307
0.000861981
47.4863
2.92303
0.004077
0.000776084
0.00308937
0.00159321
252.912
0.00104656
182.949
4.31749
0.000727057
0.000828643
0.246205
0.257788
53.4977
0.00504339
0.0270522
257.701
0.00077049
58.6334
42.5578
2.17365
0.000755703
151.055
26.4313
0.001619
18.1059
0.000764868
48.1187
0.00139001
0.00149449
0.000732512
73.3959
106.717
6.99744
52.4301
91.5977
0.00520572
0.00221197
71.1448
20.0312
306.569
0.00102103
117.302
173.606
136.813
202.33
0.20279
97.3056
134.323
0.0229156
15.6714
239.925
127.49
66.451
134.499
332.144
0.000744929
0.00663547
1.42904
0.000939546
82.692
2.27891
102.141
0.000754608
55.4619
4.57388
69.6286
0.000736099
123.947
259.767
39.3354
89.4643
0.00070624
26.1477
0.00163745
0.61826
0.000757452
0.000760664
413.999
0.985964
0.000803201
107.309
0.00493958
360.123
401.616
0.00664523
394.691
243.82
0.000774118
0.00117214
35.0199
38.4729
0.00611826
323.723
3.60974
289.38
0.000756507
78.1492
74.4921
0.119335
1.49319
49.4749
0.000707205
55.5979
35.1127
273.191
46.4531
0.000758356
68.7088
4.68583
0.000763601
0.889883
0.00640927
0.00514891
0.000789539
1.21828
337.776
0.000780201
0.660063
17.8471
0.000736414
0.00397215
28.1935
0.000955284
69.4974
0.000739133
256.965
27.8239
42.2373
26.906
1.97793
0.0462945
358.885
3.63997
250.794
0.000743187
67.7007
20.0942
0.0405233
78.8767
27.1437
99.1403
314.285
15.5351
11.8537
0.000756006
0.00157755
61.2459
9.73679
267.422
8.65721
0.0076967
0.0344421
0.0743256
0.163211
29.1998
32.8287
4.11099
0.000839149
286.569
84.4173
0.000817475
28.5242
0.00239339
64.7814
0.000759797
144.19
0.000748336
3.00194
4.10537
250.406
0.000835991
0.0808262
0.0720804
77.4727
22.2247
0.00173726
0.001518
0.000747092
0.00363629
0.000843091
177.806
228.347
0.000730135
0.000748181
99.3049
0.00080699
96.2223
111.38
4.51102
0.000757
71.004
78.2213
176.536
42.5915
17.3515
35.8861
0.00104822
0.000731761
156.059
0.00571197
0.000741155
0.000743558
69.9824
0.000789933
346.279
0.000746073
13.8281
170.521
12.257
27.4325
341.518
0.000733365
4.41898
145.832
39.2015
210.496
0.000763951
0.00102462
0.0690776
377.22
186.7
0.000768146
0.00154883
0.0426
27.5322
353.454
28.7474
0.000785378
10.1127
214.462
0.0720511
0.000746759
0.0238938
234.085
5.27512
29.2964
5.4145
0.000726146
11.9092
0.00493251
33.3249
0.000745383
0.000867893
337.552
90.8506
389.704
81.6511
82.5222
77.8353
78.907
294.351
214.529
77.3105
0.000868838
24.8027
96.5634
0.0108825
0.000755706
0.0011988
0.796614
0.000841972
153.018
75.9318
239.906
0.0758934
43.7132
0.00800568
189.246
107.21
0.00429577
1.36305
59.8796
0.000853522
284.362
4.50054
0.000748183
47.4601
0.000758585
0.000806272
0.00151605
12.4676
4.89945
12.4447
0.000727879
8.17625
29.6764
57.0518
0.00360437
24.2564
0.000760034
93.7422
1.15995
0.000703892
0.00174416
61.7072
0.00250379
128.011
0.0032402
8.52119
0.000893252
0.00159076
1.09617
135.248
61.0241
0.000738373
0.000795507
0.000888526
0.000828663
0.000739036
82.7895
0.22247
27.8011
163.485
0.00071883
54.5608
0.00075177
30.5281
35.602
188.318
319.527
0.0722383
24.2319
0.101546
0.000754827
0.58224
154.72
3.13682
0.00445304
0.181637
2.59127
0.000759213
271.636
0.0538625
0.000704828
0.025861
148.837
25.2909
35.8094
61.3305
236.193
0.641535
36.5169
0.0210197
129.376
3.0307
0.00130596
0.000789153
22.1512
0.000933186
25.4393
43.4332
58.1187
83.1962
315.439
0.000740745
42.3991
0.0064782
0.000953676
165.562
338.855
0.0185344
131.968
247.517
131.269
0.000922651
0.0010095
0.00360372
0.000743391
25.8541
115.7
0.000740955
0.000759434
0.9072
0.000812972
34.9505
0.0138365
44.384
0.000757867
41.9773
0.0399541
27.931
0.000749259
0.00235208
240.121
10.9104
265.367
36.1166
28.0491
0.0346546
190.748
185.996
0.000745242
0.00158147
0.000750779
264.985
0.0834388
2.61216
0.00412088
354.067
3.29245
0.00189339
0.00497655
4.58504
0.00074973
5.79887
0.0010421
349.292
385.797
0.000982724
35.6502
0.000714341
70.6847
0.0357429
233.543
33.8093
0.0170503
422.421
231.305
0.000746533
332.217
167.004
0.00233307
0.00999724
119.711
33.0659
153.548
0.378105
130.132
18.0214
123.062
177.427
8.86705
0.000745744
5.69854
0.0011616
0.909663
63.8699
113.678
92.8737
221.927
217.442
69.171
0.00101704
3.27688
0.0233849
0.00221931
10.861
0.081646
70.2511
0.000764118
312.413
0.0497394
170.289
253.573
22.2331
158.925
27.9612
0.000848378
70.8844
44.1832
130.884
154.297
0.00247458
4.37636
0.00122259
128.903
0.492444
28.4077
0.000743176
85.8881
418.606
197.651
0.000927983
0.00109671
0.000817705
0.0788174
0.102273
81.0874
102.972
0.391423
125.509
0.108094
66.9991
0.000739846
0.0413365
0.698919
311.752
392.426
262.142
1.91917
0.528136
0.000748922
62.2073
3.51691
28.3897
334.841
30.985
330.868
293.481
0.000722704
3.40476
0.000938852
0.00769265
0.077229
0.00229222
0.000830483
0.844468
0.00284975
103.409
48.7359
10.5094
0.00345994
28.4215
135.285
0.00106164
0.00169438
221.96
0.10545
0.000731766
28.5859
206.234
28.3792
2.89561
0.0022075
0.533683
238.414
0.012119
53.0229
44.1951
82.9478
85.7524
52.4449
0.000734384
0.247355
158.613
0.453671
0.874352
0.00160219
7.92142
0.0347616
14.6749
0.000759617
0.00079214
6.84351
0.079927
323.766
0.00369677
327.99
53.6638
0.467426
219.557
0.00338241
158.299
235.916
191.137
0.000723065
49.6758
0.000814056
0.000743343
0.00211865
0.000718761
31.9122
0.000788693
85.0776
0.0015104
40.0203
3.67922
0.000741401
4.92216
0.000725688
45.6706
0.000725028
0.474744
183.509
27.9712
0.000744717
395.971
13.8838
62.2585
151.559
10.7877
66.363
0.00199668
80.9636
0.185514
29.0407
155.949
28.4604
0.000894168
0.000882833
0.00122411
68.7983
7.60574
0.286
0.000826558
0.00100303
0.000760275
97.0596
0.276285
0.000723677
390.045
0.000742549
88.8742
96.6768
4.50982
0.000741082
53.7244
117.576
138.617
28.118
59.0724
0.00073131
85.8325
23.5185
154.182
0.00139108
1.41473
65.34
15.2683
0.0454479
185.579
8.16413
321.539
117.556
42.3183
8.09598
0.000813796
0.000706283
1.40723
0.484708
137.521
1.10382
142.748
52.068
0.000959002
0.0727368
0.000854285
77.4741
343.476
0.733767
0.000742045
0.000745333
152.352
32.9365
43.9191
353.961
0.000736999
255.64
0.00163317
0.000996451
418.053
394.674
0.000746224
22.3403
96.4759
64.0092
0.00229057
0.0015233
7.5761
0.000703604
273.306
36.0053
43.7441
0.00075256
0.000751526
50.2348
15.9177
248.533
0.000753385
32.6126
200.598
0.0312979
0.00236621
34.8825
67.6547
332.066
171.381
23.0603
1.10605
109.172
0.00111314
163.72
103.953
25.3536
0.0408416
88.6542
0.00374458
0.000737776
383.71
5.81259
0.000731035
105.151
42.4534
0.000735054
0.296639
319.231
0.00453743
31.8311
0.000762198
0.0009062
41.6131
0.00821107
2.84095
0.320114
0.000717703
143.393
15.6543
10.135
47.0463
31.9909
4.17206
35.6807
13.0377
0.000735611
0.000765477
16.3077
16.1892
0.608008
60.9375
90.1888
17.522
0.0035378
0.000908264
0.00078845
0.000763064
44.4239
6.50337
322.948
42.8524
282.443
4.41528
162.921
5.57635
0.000791353
0.0010216
50.2593
7.98778
50.9286
102.008
195.031
0.0129368
0.000757982
114.339
18.4226
9.06248
0.00340305
227.245
104.167
50.5507
0.00798959
0.000773301
0.00200285
34.456
329.421
0.00258876
330.241
0.0452096
314.552
0.535805
0.00598804
0.000762587
0.0560217
91.8772
0.0842093
5.72989
0.0486937
211.806
0.000728881
55.809
3.01312
0.000743437
0.00074522
67.8801
162.828
20.7922
330.231
31.2826
107.78
30.1409
0.00100049
9.25363
0.000756739
0.000727217
0.00194574
113.339
37.6231
210.624
0.0457992
113.345
15.1737
94.9016
32.7887
77.6447
0.00123717
31.0723
398.411
56.5433
0.00211461
196.39
0.00139789
0.0383315
23.3587
304.553
109.818
106.065
0.00434639
277.929
0.00102041
156.571
46.6108
113.792
0.000721024
45.4668
102.861
0.0122442
27.7288
37.4829
292.028
11.5744
0.000865223
239.116
10.4512
0.000793597
0.000742949
368.423
1.09493
56.079
0.000696125
0.111208
252.72
373.879
29.2637
0.000898584
104.58
112.205
52.1916
0.000737099
0.196913
3.21497
265.475
255.494
37.7462
119.474
0.000849243
11.7755
8.48277
33.2972
0.000764873
0.0662919
58.5871
0.000736181
57.6421
331.308
78.0227
0.000715804
0.000717661
13.8543
28.1828
269.378
27.8512
13.2766
0.000741137
0.00129614
0.00154291
194.677
83.29
16.1001
23.4422
389.329
36.6567
131.876
316.169
0.000740937
0.927584
46.4306
35.9516
178.218
11.0875
74.91
257.527
144.666
76.0137
0.000752152
410.712
116.168
47.6744
241.942
384.783
28.943
0.000962344
23.6734
399.699
56.3472
428.202
77.0377
116.553
233.65
62.5394
256.946
119.924
179.291
205.626
68.895
0.000748363
91.9409
0.100813
0.601663
0.000798543
319.662
289.444
0.000887427
5.10963
49.9413
75.0416
0.005526
0.000736413
429.497
112.669
0.000765036
93.248
0.000729435
7.99792
1.35963
286.192
56.2619
92.544
0.000747649
301.659
103.786
0.00127838
0.000724487
67.3584
16.9479
16.9075
6.75274
39.304
31.4737
101.224
1.55164
0.228809
0.000751389
0.000769357
195.409
25.3854
36.6586
39.8659
2.54546
0.00074953
0.000736122
252.119
24.4649
2.38782
0.00128946
0.000817528
316.478
35.7687
95.6232
0.000704077
35.5782
2.17276
114.064
53.7756
46.4766
0.00184141
0.000996134
0.000947598
0.000771248
146.834
0.000750045
41.4883
114.754
10.0625
0.047037
16.4186
0.00221372
38.5685
6.54051
0.00880965
0.000999526
26.9757
21.6416
0.000760459
98.7996
0.00189381
50.8149
0.3728
0.000909886
425.308
0.00160534
47.8908
0.000707979
0.000979739
232.709
37.1519
2.64577
0.0346932
0.000754086
7.53374
0.000729764
50.6146
0.00100418
0.00211515
0.000735702
0.0286362
94.5908
124.78
27.3065
121.055
349.492
12.3735
3.58645
211.812
0.00168932
177.793
9.78763
0.00177712
0.0443121
0.00100238
28.5612
27.9896
40.9067
1.58433
0.152005
3.25767
0.000970213
303.17
69.5743
115.041
45.7879
0.00073916
22.4908
1.09246
67.0101
54.611
15.4032
30.4705
0.00074618
297.852
2.72139
202.351
92.2752
175.213
134.831
0.281166
2.37765
5.04135
0.526458
0.00123114
401.588
0.256319
0.00316554
369.054
6.68192
73.9706
227.265
111.958
225.312
65.1569
4.98787
0.000682413
0.0153866
0.000713956
50.3968
182.222
28.0173
0.0199187
0.0132293
0.000747897
71.9583
28.579
0.354043
0.00074988
27.7795
0.000832531
0.00260885
52.7209
233.607
30.2539
0.377318
243.105
0.000970045
311.079
23.2547
20.9324
0.000754042
18.9708
10.3702
183.634
54.3024
255.726
93.1382
390.365
0.00720386
0.0501986
34.1269
18.4619
0.0007442
59.928
0.000736784
0.000717467
307.04
0.000772205
50.334
62.5318
0.000818372
0.00104576
41.2546
64.2208
225.365
300.062
0.00114699
0.000713873
0.000731732
49.5865
420.827
1.74453
0.000733766
0.0028114
52.6603
10.1605
19.3227
0.000758881
35.0723
34.0158
62.1887
240.319
366.066
46.8529
0.000708198
4.59601
0.000933764
45.199
338.332
0.000818919
0.0046062
2.67158
0.000936409
0.00265216
0.0546735
45.6839
120.766
0.000915275
116.219
184.517
0.00384137
8.29936
0.316179
57.3516
0.680629
53.7646
0.000760598
179.983
0.00101005
4.19961
86.9826
0.00101982
0.00082399
0.0175889
0.0669275
58.5483
32.5642
316.921
62.5777
0.248421
0.000754549
156.725
77.0707
211.337
85.5823
0.00128325
0.000783853
39.5114
18.1848
1.94142
27.1771
190.157
20.4333
24.2788
127.481
0.0560667
2.25835
35.7923
0.00378323
0.01839
8.20375
0.000770089
113.994
0.00107561
15.211
24.8562
0.0868764
0.000897383
0.000915151
125.125
3.57696
57.7666
0.000747546
0.00125033
54.6957
27.8006
0.00217021
0.0605653
118.095
27.9671
397.645
71.327
0.0139926
179.593
0.000752243
0.000854597
0.000830779
101.667
0.000750737
0.000756158
0.000739606
29.9346
0.643253
0.000752808
64.4101
0.000740325
71.9791
0.00102397
62.5253
0.000728528
0.0256247
495.004
5.09219
223.781
27.6784
17.3576
0.000739851
125.895
60.1183
14.153
315.607
0.000779908
166.558
0.000743888
0.0205839
0.0207549
0.0194831
2.82616
375.363
0.000745295
1.47178
0.183049
183.049
0.000751622
1.11292
0.000737909
0.0201415
84.2393
71.2975
0.0731567
112.984
0.111041
0.000757417
242.716
0.137392
36.0516
128.784
0.0213514
369.853
32.6059
18.356
56.1368
18.8841
0.000720967
0.000755565
35.6705
0.000746965
164.061
38.6612
0.000908275
119.766
0.000749416
28.7263
0.00916341
0.000711769
0.000779279
95.8795
1.9092
0.000793218
0.00276205
198.906
308.628
0.000746687
5.10677
184.509
0.000749543
0.00144897
0.000839108
69.3493
52.3278
0.000784103
83.9327
0.000721812
59.2224
11.4094
3.13625
0.000746984
124.801
15.1666
59.3776
0.0024717
0.000747866
27.7683
0.0654549
1.34412
0.000740989
0.0973839
0.000747783
0.228701
31.2471
0.0525684
58.4436
0.00074691
52.1418
25.2231
102.485
182.571
0.000690162
19.8876
146.887
59.3993
0.036505
0.00820986
0.413689
14.6016
0.000735611
0.0799753
225.089
200.311
0.0208271
118.321
0.0206062
0.00095044
109.534
371.24
19.5557
132.401
0.000762037
51.5669
0.0935074
0.552977
117.079
0.000836681
166.503
0.391047
192.593
0.000743723
211.352
0.000763523
99.6594
0.00373619
9.84013
181.636
0.00145317
8.14849
0.000747327
0.00079667
17.9555
8.84435
49.381
0.000878307
0.000735335
0.000742583
353.403
129.26
0.000742175
0.000733494
0.000758603
234.5
55.1598
48.7015
326.433
140.088
218.749
212.23
14.9865
132.157
0.000722028
49.3282
42.681
61.8216
0.00082276
123.896
32.3628
317.178
172.682
166.222
0.9453
30.2157
0.937369
74.8713
0.00086782
0.00135616
371.107
0.000715429
0.000738526
357.706
0.0020745
192.352
0.000744565
0.00179608
128.378
29.2837
0.00127182
54.1724
0.000740752
15.0447
110.292
21.525
307.891
28.0043
61.3283
0.550315
6.70172
0.922975
0.000721431
357.333
0.000840652
0.000828567
0.000734797
46.2649
364.41
0.000766595
73.5305
106.074
0.00123819
0.0204926
0.000893854
198.73
301.106
0.00289544
0.232327
0.432234
0.0012611
26.4238
43.087
6.27766
0.000762101
0.000875024
6.45355
0.00289502
0.000747214
1.25138
238.136
46.4601
0.00917852
125.857
0.0817829
0.00169793
0.000745666
0.0866463
1.4345
74.167
358.772
66.4411
54.1944
131.117
0.000819158
0.0012411
0.000735218
0.186511
0.0116191
33.4928
239.259
0.000758064
30.4557
114.361
54.4627
0.361852
229.98
0.00139913
0.000735816
98.5708
0.0008427
0.00103878
435.08
1.10533
0.00136523
0.00486296
0.00119113
35.5583
0.00390009
0.382107
20.8256
504.412
0.159016
53.5237
11.5497
0.106393
0.00072599
0.000724692
0.00088025
28.4622
0.000967552
215.168
0.0198096
37.8894
20.3209
0.00068797
26.5756
166.546
23.3153
33.0961
2.90706
29.2647
6.46702
228.956
0.0010069
14.2665
5.25822
121.062
17.6131
1.1648
0.145566
33.2793
222.779
387.393
411.578
0.000734276
64.225
449.087
175.718
0.000702539
205.211
376.526
210.437
105.101
29.6398
45.653
0.00125935
7.54644
0.000761194
30.3107
0.000757929
72.1123
238.697
0.00244112
128.169
189.176
393.449
0.000745507
2.16248
30.2925
54.1619
35.1929
200.7
200.699
6.12089
0.000796743
7.55672
0.00127338
0.000718623
1.56061
0.00365173
0.00114479
0.406304
226.247
29.2467
0.00076286
0.0950937
72.0323
157.039
0.000771566
0.000760838
38.8359
0.61521
0.000743807
0.00121176
8.01333
332.669
1.24917
0.0273456
0.204528
0.000758369
379.849
1.34438
256.829
0.000766856
0.000770368
0.000884263
24.3798
193.64
148.213
22.946
0.019509
411.928
134.485
0.0180183
0.000756898
2.70807
359.364
24.6661
310.482
142.343
0.000851405
39.9631
9.4632
29.5558
37.9181
20.6231
0.00117789
149.577
0.00075263
31.1629
0.00071593
0.145791
230.143
0.000736777
0.386921
242.401
0.000794543
46.708
71.0832
37.9118
0.795926
100.871
236.211
0.000985207
54.122
0.000748549
62.591
0.000754847
302.293
6.91067
4.44938
19.7784
0.000744411
145.062
0.237447
237.764
0.00181557
3.26839
6.20332
183.998
278.159
0.000760282
0.0785269
103.961
0.66008
0.00117126
60.3966
1.0442
83.7341
0.000926254
353.444
12.9266
0.0444763
14.8391
83.2664
59.3654
7.04292
0.306761
30.7594
2.20819
0.0170341
0.000725036
0.0915257
16.8853
0.109169
0.000746107
70.5236
385.859
6.83796
0.012681
0.000743874
32.7502
32.8665
28.1274
0.144164
1.29205
235.839
0.0113116
0.777568
27.9597
508.099
102.051
246.456
0.000742556
152.79
0.000878546
166.748
41.2936
425.486
331.226
18.4095
0.00214326
0.00077002
79.369
28.4513
50.0535
0.0016917
0.000750991
0.133642
288.97
0.000750047
11.8428
6.19535
0.0896726
0.00077464
362.64
27.0595
225.32
0.562787
328.829
28.0354
46.1564
0.000738351
0.749167
125.951
35.2767
0.444564
0.0487632
31.5501
0.000749416
481.884
37.806
0.00256456
0.00114994
243.557
103.94
38.9604
268.647
65.9041
316.161
0.0331977
162.907
268.742
1.51308
0.0723502
84.2957
0.0020043
128.987
73.4673
1.8313
0.00386738
0.00079423
376.486
99.3297
319.809
0.000746745
32.9962
169.099
16.6579
72.218
0.000770764
0.000841529
176.513
44.4253
0.000962967
0.00310763
22.2182
97.4504
196.602
128.146
49.5913
0.000746472
36.2255
0.431693
420.064
55.754
33.7329
3.0456
376.18
0.00097035
0.000849039
219.644
2.45897
0.000803053
1.2565
130.545
4.19852
89.0144
0.00356457
0.000938355
54.9386
23.3202
76.0553
0.00313482
202.567
0.000736212
46.5405
0.00083524
0.0119316
277.648
0.000771976
0.00307096
63.9287
0.000775562
0.000792615
0.000689885
0.000738851
71.2715
332.935
0.00112369
4.98376
9.91227
1.67045
44.7348
0.00105745
0.000785384
0.00177959
142.493
146.325
174.683
0.00892192
0.00668551
0.00147165
207.662
2.22521
48.5346
4.80349
0.000803848
286.721
20.1363
0.00116796
78.5743
96.3637
0.000741906
6.55795
0.0184561
0.000758188
371.172
0.213127
0.257571
5.40237
0.00076649
0.00173448
94.0129
44.3618
0.000788436
0.000755686
434.178
0.000857152
0.000747159
0.000722402
0.000770206
176.926
0.59141
40.0147
2.37063
170.287
33.6209
56.8535
318.075
0.109093
48.5483
0.386303
72.023
28.3492
69.8924
28.0522
4.39368
41.021
0.00073694
0.000938213
0.168686
0.000768866
0.495741
0.471259
0.000753642
97.9269
0.0317637
5.06694
267.806
110.44
0.000705444
0.0300505
75.7011
0.213734
0.0098114
0.000756839
189.918
1.67401
56.2566
39.1357
0.105499
41.6666
0.0241697
28.7995
87.4084
0.000742385
0.451824
44.851
0.0403942
31.6912
38.078
427.569
87.653
183.707
0.000742883
0.000762275
0.000743876
192.779
10.2057
10.6975
0.000743412
0.00113785
73.6512
0.948675
0.000887373
130.153
77.1928
0.00123517
0.133877
137.203
0.000782971
0.076468
0.000744243
73.6288
0.00170974
0.000743371
238.573
23.6382
0.000718878
5.7971
0.226533
0.000733891
0.262561
2.85388
0.000886714
0.203757
85.4554
0.0663954
0.00074657
0.000757051
10.9015
0.00102248
222.361
0.00116564
181.795
0.000719921
193.671
54.3776
0.0844489
63.8158
265.69
241.499
170.831
116.993
2.24889
0.000739218
0.000752909
0.000737251
3.3079
90.8412
350.085
0.000704892
0.00243654
0.593229
0.000756416
121.116
1.34899
0.000820532
383.036
15.0422
15.4164
26.2611
6.43203
7.91089
0.74434
109.503
64.752
6.11271
0.00077798
0.000751615
0.557391
0.00074828
30.2744
173.206
132.177
240.574
0.000729466
92.9733
0.00101139
383.92
255.205
24.7254
84.1736
0.0245259
6.43074
0.4786
18.5615
4.63293
3.22954
206.681
102.361
161.217
0.00165887
381.048
0.0728891
0.000966994
0.0083805
0.00305207
0.392854
2.27139
142
222.447
14.0736
0.00116957
89.8663
392.652
422.537
0.00101102
0.00223889
0.000769938
160.752
30.4595
1.68806
72.7253
0.385666
30.6414
173.209
6.60914
238.49
0.00122889
0.00108593
275.916
0.000713055
218.334
97.0049
24.6647
75.8358
116.839
96.3044
333.915
74.2514
416.175
0.00122298
0.000745923
0.000716663
0.00416616
222.075
6.06583
15.6645
147.609
0.0406739
0.000702399
0.000770444
0.000832158
0.00112497
167.121
0.000799655
0.0474102
116.543
0.000721354
0.511835
132.46
24.9735
427.35
173.93
98.7205
484.469
3.49925
296.397
34.2054
417.977
379.806
51.7847
109.192
2.43157
80.92
161.119
0.00075385
0.000751622
159.111
29.2655
44.9213
0.0837426
0.000743472
0.000754195
30.7805
32.7555
0.0283385
0.281094
0.181599
0.000849298
0.0202018
0.000747536
0.000747987
130.695
189.752
154.999
0.000802072
0.00105991
0.00080473
151.599
156.859
0.000759388
0.0411568
232.181
0.00074586
0.000743303
0.216186
8.24375
1.87921
46.6187
0.000732632
0.221379
0.000728105
0.00283113
0.258466
2.28156
0.000761284
0.04673
0.000976058
0.411748
0.00074979
0.000712969
0.0469831
60.2808
171.167
16.7569
58.1355
78.1021
48.4268
26.2732
23.5821
215.768
6.85309
0.00117377
0.00117208
168.956
31.163
1.79687
0.00392315
0.0978602
252.168
3.16939
85.2478
0.000753435
12.2418
0.0164185
0.000846671
162.383
0.00136632
4.68079
223.298
181.391
60.5507
37.787
421.985
58.1845
73.383
50.7181
114.148
23.2554
4.05985
0.00097859
0.00304864
110.324
2.77548
0.0891414
26.0639
0.000702061
214.834
0.000753847
210.277
3.57231
414.008
141.992
0.000739151
137.993
6.79717
28.9352
0.000956086
64.0828
0.105481
84.4841
0.000725149
0.000734816
206.314
0.102438
55.6349
83.8314
35.0252
6.66497
0.00159214
0.000703232
29.8077
1.27487
19.8073
0.000753481
152.508
0.00156447
0.00400931
0.000950578
66.3797
214.965
0.00529529
51.711
0.0595895
1.87514
434.512
0.513664
0.00171873
9.51668
220.497
25.933
0.000758464
394.942
129.67
37.4329
0.000764659
2.17318
0.000904953
10.2395
26.9133
0.0518585
0.000949548
0.862928
362.396
1.27428
1.63132
0.0263368
134.276
0.000854188
254.499
96.0469
42.1154
225.462
2.6826
25.8262
84.1335
32.9992
0.00107205
0.000796856
0.00113692
80.6003
0.000970202
0.0007359
137.689
0.000763304
0.000779799
76.2767
167.497
66.4796
381.736
65.1541
0.00124781
74.7218
186.726
0.000732738
66.3109
6.60618
0.00143454
1.00184
316.544
102.716
139.934
28.101
0.000700575
49.7785
124.541
47.3664
167.046
189.019
7.5899
28.1475
149.474
0.000781444
128.775
27.4948
33.4515
62.6366
0.00269965
237.158
38.678
0.283233
0.00107653
371.505
82.1778
85.5754
0.211744
0.000851673
326.472
242.931
6.25064
104.341
122.297
290.514
22.5634
0.00180996
447.56
59.8306
3.91685
0.000966267
0.000740492
430.555
6.59261
17.0042
261.126
0.00141215
535.021
398.96
213.514
0.000724468
0.000753811
7.8971
142.828
2.08248
31.5476
26.3058
0.0015715
0.000786254
4.63299
260.655
58.8467
148.763
60.7151
20.0346
0.000725283
4.88578
200.255
1.34099
64.1338
0.000744161
0.000729748
0.000818283
127.256
273.897
292.706
53.0344
356.925
0.00572105
147.22
46.771
125.492
103.308
0.0869771
430.129
0.000734275
165.538
167.696
60.4913
0.00643303
0.00114292
237.748
0.0413848
1.27315
0.000737511
363.587
0.000749803
164.351
18.8042
3.70805
2.27247
0.0724536
1.88641
0.000752317
0.00102227
0.063653
0.000781264
71.8133
0.000763444
31.1453
142.119
127.226
125.555
0.000772653
225.109
0.0980775
1.23976
0.00290195
98.0245
0.202546
137.395
33.122
0.000716345
41.7126
0.000762623
23.0684
0.0350221
336.829
66.2108
11.8515
64.7764
238.288
1.00949
254.596
6.94199
0.00120831
0.000738958
317.314
53.9945
25.9738
62.1495
129.147
277.382
98.1795
0.000725305
32.1429
243.427
0.18405
0.00223145
102.357
269.689
75.6545
163.734
396.32
84.391
1.47852
0.00102775
0.000733568
28.2029
0.164236
183.338
0.033754
56.869
37.1717
0.000744969
0.000878351
25.4159
60.6173
248.02
0.000905837
0.0928691
374.471
0.000751951
23.0317
51.1145
0.079556
384.081
139.062
0.000745956
53.2477
407.934
0.000742601
0.0111015
0.335586
0.00102351
0.397518
0.000820174
0.000723817
0.143884
90.0994
132.904
439.426
9.86729
56.7241
0.180901
0.000958835
24.1038
411.459
245.847
0.0041036
0.0663148
93.7465
179.274
0.000748419
86.7678
75.1497
0.00100665
344.299
0.261614
356.393
12.0599
0.000826178
0.697644
67.7382
0.00101006
0.000753494
0.000739973
315.261
0.249381
0.000707865
19.738
11.8102
40.2495
89.4964
105.571
56.5796
6.6402
0.290321
352.115
160.193
0.000754981
134.476
0.0658877
20.0607
136.12
17.9743
6.31881
360.879
0.00109187
0.662134
6.19343
1.1851
197.584
0.000796953
36.0504
118.614
0.000712485
0.00073925
27.9182
3.00496
0.0576599
0.000755151
303.358
0.000727668
0.00081088
136.335
0.00513562
56.8423
99.6144
98.0969
231.182
7.12055
0.00524966
0.000738387
0.00211152
0.000730699
54.2629
26.2221
61.1707
37.0093
0.000821063
154.362
398.132
0.00120433
422.628
119.069
15.6741
0.000783908
272.475
91.8463
0.00118476
87.046
180.508
1.9524
92.3382
1.65446
0.000752145
292.57
0.000750999
2.67615
0.000746467
123.474
368.355
1.16638
0.000818826
42.9512
0.000914353
0.0021397
0.00076006
1.18352
166.513
34.4141
193.035
0.973395
45.5709
0.000764424
0.000692649
0.00269184
0.00458568
0.000870229
95.4618
0.000714285
57.6317
546.017
0.000753985
27.9967
0.195867
50.8607
110.94
0.000771676
0.000747185
118.943
0.000748566
0.0256321
21.1147
138.263
84.7536
0.00260565
139.921
0.240376
0.000775399
27.9409
7.91141
21.6478
46.3434
9.48267
0.0291712
5.28595
12.4481
300.577
41.2459
0.000758526
0.00776022
9.19763
31.5458
161.991
156.86
0.483097
362.435
56.6743
0.0300584
136.601
88.6121
131.957
232.385
0.000696519
27.9595
0.000966423
0.0116639
48.8668
0.00073409
0.446045
0.00364072
43.5195
193.054
0.0171547
22.885
0.000754014
132.171
0.000731607
0.00115696
9.25696
14.5193
0.000713872
36.2433
0.00119553
0.000756279
0.0375314
0.000731838
0.000746128
23.9317
299.978
5.64629
70.8832
258.214
269.834
0.000697916
62.4988
0.000749113
0.0152042
56.3333
70.072
118.089
0.354715
4.06046
10.4491
133.382
0.131843
133.431
361.929
133.363
0.000769865
0.000821198
10.2896
403.167
343.196
0.00194221
60.6784
0.00506165
0.0190426
0.000714983
203.55
1.66823
0.000754234
28.7486
0.000679894
0.144448
0.000825528
0.00109783
0.00107182
204.868
58.6151
101.678
19.3905
275.873
188.744
267.466
1.29958
206.819
29.2708
5.34178
0.0840465
0.000775272
27.8379
66.0979
46.0375
41.3223
0.000749746
417.874
4.98264
2.73472
72.3929
9.58645
21.9406
0.000742116
0.894181
238.986
290.786
0.000766788
51.5934
189.587
0.0114516
0.000786258
423.833
214.168
238.334
0.000735931
1.73733
0.00977433
0.000725103
84.9639
288.634
222.72
1.62249
34.1238
9.67871
34.0208
32.4423
146.627
0.0416044
53.3614
111.091
43.0792
0.00210015
0.00733959
0.237867
61.6535
241.03
71.7119
35.4458
38.6318
82.0656
0.00127651
0.00339087
0.000697987
0.000770108
317.488
0.000790935
56.7715
0.000779379
0.000941894
28.7477
2.08639
87.7202
421.873
53.3429
0.26334
0.000757748
16.7832
8.82983
0.000727497
11.9897
472.055
7.27495
37.0607
16.6011
66.5312
32.1773
0.000744506
297.383
0.00107202
18.4261
0.824972
191.522
0.000755187
87.5167
215.702
0.656524
12.4079
381.508
100.962
0.000948143
0.0173348
223.24
0.000813168
61.6299
0.00118167
0.000940998
24.992
12.0391
0.126356
120.165
0.690543
6.54577
234.726
78.4936
0.000720615
141.987
89.7706
0.000726749
5.77627
104.004
171.579
196.799
0.00311546
36.8244
55.9858
135.863
0.0184786
0.000733451
0.00287498
0.551037
0.596176
0.000759532
0.000756028
0.00182044
1.2703
0.150349
0.00614528
133.554
103.477
0.000754738
119.6
127.267
5.1924
96.7913
53.6261
248.069
0.000727143
64.6201
0.00287152
210.647
28.207
100.481
19.3145
0.00228259
63.8016
37.5206
95.9036
343.977
376.859
0.406158
61.3893
0.00115103
0.000738848
0.00116964
24.2939
0.000829446
46.0109
0.0457686
1.57552
0.000754212
47.2528
166.329
352.659
150.302
241.697
0.00100381
30.5048
151.127
8.86896
131.402
0.000846649
244.489
0.00118638
0.00100566
273.271
0.00300659
72.3197
0.0016918
59.5755
0.000753619
0.000698583
30.9031
0.00112196
0.000735894
377.465
93.6776
0.0119981
56.3675
28.9551
0.00152027
0.000908437
232.081
2.4982
0.000747434
12.8205
0.00331222
54.62
0.00173033
0.998819
125.044
197.739
0.000895084
201.572
0.0022294
0.000745778
0.00223916
227.028
206.232
29.4112
0.000858375
436.661
35.2615
0.000747589
0.000809374
53.14
299.393
201.837
117.599
0.000771576
0.000775366
121.687
0.00112237
0.000813427
0.000747598
139.327
0.000991823
1.2619
115.612
53.8984
55.7795
115.606
95.0346
0.000817209
1.27952
170.588
0.000761301
6.47136
10.8163
70.8426
212.726
0.000745349
158.144
2.85309
0.000744477
0.000811139
54.7345
341.488
54.3968
0.000750485
188.337
0.0247011
132.921
37.4445
0.0120782
61.2706
0.000754336
102.838
178.982
0.000745859
65.5005
203.161
220.802
0.230727
24.3751
344.376
0.00634062
0.0010006
209.512
0.000762406
33.7105
0.00142548
0.00968702
0.00288135
5.66105
33.1849
30.0493
0.00130572
260.541
11.9338
30.523
0.000741142
22.325
5.01322
47.7104
0.792115
0.000760474
147.891
65.0899
27.2468
13.8589
216.898
61.9879
0.00120498
341.896
26.6451
244.781
157.637
39.7558
141.978
6.31391
148.593
206.96
10.0118
64.6298
0.00749231
0.000757986
34.2717
0.785196
0.000774058
45.7854
31.4107
0.000739836
223.228
11.3556
0.000777212
112.131
0.000706394
0.0347531
35.1164
0.000890358
0.000767347
175.493
80.595
37.4403
11.1193
142.371
552.662
53.1316
33.529
122.628
20.3539
212.817
0.150365
221.437
419.14
394.625
115.149
0.000993305
48.7806
89.9094
0.00112331
43.5906
3.01319
0.000748372
0.0010765
427.686
157.524
199.675
75.0852
0.421699
0.0112784
53.9098
0.00177656
197.847
345.982
0.000774262
0.00116643
177.481
0.00146162
0.000723144
158.907
4.03088
0.00212033
0.000751339
0.0188625
0.0011658
149.817
0.00137053
1.37908
363.089
0.00652585
34.7531
0.000753171
153.041
63.5112
1.97707
55.3396
0.00646688
0.131813
0.000752968
56.7155
47.8667
0.0117717
409.221
212.096
405.39
0.000711969
15.0513
0.000747319
163.031
0.000763239
0.000748369
375.442
50.548
33.2333
0.0670417
420.216
0.00167138
525.74
0.0018068
111.364
5.40275
27.7503
30.5174
42.2162
0.000738768
0.00175094
0.000756507
0.00223526
0.00455415
0.0124732
0.000730885
156.663
109.783
199.968
0.00304206
0.0182679
7.33229
288.246
2.58626
18.7455
0.00103531
56.16
0.000744906
348.619
0.000740089
0.000933334
18.8413
0.000754392
0.030073
0.000780008
387.389
0.136669
29.9112
176.113
228.588
29.1596
0.000731026
0.0591988
2.72761
196.118
16.5163
135.393
43.0495
0.00073793
56.2198
3.43343
206.107
0.000756115
57.5615
28.4949
24.8511
0.00223588
0.000715616
12.8587
0.000707168
0.00483874
303.11
166.681
0.18244
34.1001
383.46
62.6761
4.3445
6.37376
0.000755445
100.292
31.4514
0.000745874
305.816
268.977
12.7135
3.47653
0.00207573
92.1649
275.64
0.0610246
0.00612906
201.558
59.1457
409.882
1.31164
2.71277
42.0236
31.6151
13.3471
111.516
119.238
69.2569
0.0218102
66.2709
125.799
32.8784
0.00761148
21.7563
0.000774245
41.0112
51.2646
0.248035
126.972
34.2307
0.000745749
0.000745779
0.000888585
0.000738161
227.16
11.6473
20.4481
67.0368
162.387
138.886
169.074
0.271558
0.00128395
0.0176677
190.564
121.898
143.765
0.0482239
0.0135962
3.48034
194.321
0.0431277
265.445
0.000835607
79.689
360.092
20.0093
33.9494
0.000745216
0.000730692
0.0267642
1.04034
1.69316
77.6774
155.116
20.0722
0.000728952
0.000743028
453.771
0.000763635
1.29601
258.761
0.000723782
219.651
92.0917
231.964
90.0687
3.05214
210.006
7.66331
0.00796493
342.325
4.24679
46.7446
34.8225
157.772
0.00116262
183.451
0.00075206
13.4223
0.000756943
206.033
78.0188
0.00112497
0.616867
278.818
0.00143827
0.000930433
99.5089
113.211
0.000954632
49.6593
56.8814
84.7279
0.0884931
3.8429
205.223
149.322
70.1928
0.00106638
9.23715
0.185875
1.19212
2.71953
51.8406
198.927
0.242946
0.000721617
0.000761631
117.545
60.9224
178.529
149.487
225.839
316.505
0.00787749
97.5825
91.6637
181.518
79.8774
15.7513
58.3542
63.1489
60.983
19.4518
0.00075126
0.00216655
0.00119548
255.228
0.000749114
230.705
40.7086
95.9782
113.521
251.468
0.000972318
91.0361
348.267
0.000746177
22.8552
31.9936
0.00107817
30.5977
154.262
0.00108983
0.0024083
25.5562
0.002748
90.7814
30.1337
0.000747522
0.00380365
0.000755977
0.00182517
108.694
138.429
111.018
0.00299902
213.767
30.8915
39.4436
0.000752703
40.3415
68.537
30.2476
32.0568
242.656
0.000752366
18.1755
0.866366
339.823
6.03112
0.331757
0.000719743
0.00130939
0.00274329
0.000767987
0.117946
0.000718735
0.000743395
543.835
8.78727
11.1948
52.1463
88.8248
342.208
15.8329
28.6543
55.1642
0.000766384
0.000755233
13.1267
57.6912
55.6842
221.42
0.000693728
0.00983223
0.00074858
0.000723332
0.0122013
0.00125442
375.907
138.097
79.0911
72.5274
0.596051
0.00075901
4.40543
28.4363
80.3507
5.70579
182.839
0.000754899
32.1328
35.5248
30.3542
0.0308996
44.3704
0.0153599
0.000714024
71.4743
0.000763172
0.00215515
163.072
0.000783279
41.4588
189.545
0.00075473
1.15696
11.0362
90.3
2.62638
117.145
38.8649
6.52335
0.936085
0.00335954
53.1792
15.7077
411.032
67.1682
289.444
332.745
200.003
124.151
0.000751765
0.0157015
380.743
0.00107431
59.317
212.727
12.1826
0.000745329
0.00562555
411.404
249.304
31.4535
0.00104112
80.2901
1.04647
0.652922
0.000745709
0.028676
227.677
28.1196
0.000705955
1.38818
61.1918
0.449324
31.9066
0.000881524
47.0125
0.0718255
0.00134717
0.000744503
124.978
0.00124417
146.177
152.608
0.00148962
0.000734437
35.5809
115.278
0.00243086
247.783
1.14355
52.2736
0.000783245
3.56757
39.3677
0.000738973
0.0479021
4.02657
69.3916
0.149309
120.291
21.658
40.7581
49.0981
0.267442
37.3571
0.00127652
0.417629
157.138
56.6099
0.000806252
4.99498
12.708
87.4754
28.9758
208.798
3.13872
0.000722583
4.96336
0.0435572
28.3078
14.8588
353.406
0.000761831
20.9763
0.0029002
263.882
43.5497
54.0135
0.0029103
0.000750639
359.627
81.4655
0.000741942
111.042
0.0599754
0.00231026
0.000756084
0.000753289
272.45
14.4844
0.0936321
1.23477
0.950699
366.087
0.00157806
0.00380281
0.000906836
0.000688318
2.46922
29.3918
0.324675
0.0497225
0.000744632
53.7335
38.559
0.000801273
0.000722277
374.967
365.643
15.1528
251.261
62.8333
0.000752653
0.000732271
0.000730845
0.24176
149.928
0.00071711
53.9266
28.8117
0.265997
152.614
0.000722451
0.885713
0.0021305
154.163
2.82036
118.497
0.222449
32.9472
0.00645821
0.000728767
195.406
0.00104128
99.4712
67.8362
0.00312496
81.3327
308.094
30.1684
9.23197
0.00150587
156.914
0.000834857
0.000741462
0.00105113
0.000721584
196.535
365.32
83.0616
43.6385
0.00167256
0.000712005
29.2156
87.7125
0.00113712
0.00671608
0.0626326
1.86396
2.28569
336.55
61.2038
0.000782329
292.131
381.803
142.609
115.423
266.762
0.000710421
0.00371865
5.19649
36.9184
258.342
114.37
308.574
0.000804349
45.7278
286.803
6.87783
4.0504
74.3145
0.000763659
240.777
100.435
201.783
78.4799
20.4539
29.9078
145.916
0.234785
0.000760143
80.8748
61.2357
38.9447
83.8953
0.0384219
9.12414
30.9636
219.171
0.114947
1.76402
177.647
0.00148105
0.000729934
0.000743939
204.503
0.00433887
92.3287
39.0405
43.0422
14.7039
190.554
0.000742569
0.224848
0.353825
0.0517923
3.28852
0.000971037
229.34
97.758
1.39694
0.000934538
138.134
37.2337
203.055
0.000728806
132.259
80.8699
141.556
0.000760626
0.000736396
226.683
0.000746404
111.473
3.13121
0.000734254
168.948
29.8538
76.83
241.055
7.53194
105.334
0.000747182
0.000981739
133.897
35.0735
36.0823
280.43
0.000789661
189.535
0.000899324
0.000790927
58.9713
0.272817
0.440909
491.438
363.4
116.144
80.1771
521.985
33.2049
6.02983
0.00215221
0.185748
0.36409
5.16734
0.04005
86.2492
215.151
385.035
73.7164
43.5904
0.000760649
69.0206
0.000785064
53.2326
67.6258
191.001
92.3317
9.98213
0.00240967
0.152608
0.0459791
29.5622
330.459
232.237
57.0223
0.000897582
45.6715
78.1668
0.000746955
76.3772
0.000758841
350.814
0.340711
0.0461583
53.7352
0.000847335
169.834
47.093
0.000743985
0.000774001
2.78832
0.00140022
50.2804
0.000756462
0.00925266
149.221
27.2807
37.4195
210.171
0.000766097
117.377
181.209
60.429
8.05431
0.000915785
39.8721
0.000738692
1.26341
42.2132
0.000938895
406.459
196.958
0.00275683
10.9183
16.7803
0.00948166
135.354
31.776
0.000764425
337.469
0.0811132
0.013357
0.0623889
0.00313648
149.085
324.598
461.027
0.000741019
0.360331
0.0601604
44.4473
28.5462
437.744
319.852
5.42692
82.8862
32.0566
233.878
4.21774
0.000734642
24.2041
0.000750367
140.379
0.000825947
309.11
34.2637
0.000689883
159.313
16.8765
0.000749934
292.842
11.7138
149.599
22.079
3.66393
40.4081
0.00104547
3.26858
313.961
0.000845713
62.1328
203.288
0.000694416
0.000780336
54.357
0.000982325
0.00208009
33.302
204.375
0.000730778
10.0648
116.747
201.403
193.211
117.304
94.3121
100.278
0.00110431
140.167
83.4726
0.1909
143.064
0.00114406
104.178
0.000736845
10.6643
159.989
1.32053
0.00223059
52.7996
0.070324
79.8495
0.000752456
6.15192
69.977
0.0797988
199.201
436.492
0.000719604
266.011
0.000745477
38.0296
0.2587
388.971
58.4546
28.7781
127.809
53.2142
13.3077
296.742
234.296
0.000717478
69.5309
53.2966
0.000753923
36.8505
395.005
101.756
438.662
0.000880857
0.0198073
114.164
72.8414
128.112
7.98391
0.0408309
0.0423244
61.9347
0.188551
0.00100688
13.5483
0.000782269
11.8878
0.000738436
94.7168
0.110693
0.000855254
0.000941132
13.5149
0.00168747
54.2605
31.2257
305.982
33.3574
103.493
9.69576
0.00219727
40.2407
10.7387
46.0161
134.682
0.00831039
0.239052
367.725
111.733
137.727
0.00960203
108.061
0.000746372
348.051
29.6914
102.637
2.15154
0.042119
11.9226
183.374
146.952
125.551
0.00158783
0.000869094
1.2792
46.311
71.0765
0.00101377
90.5304
0.00910879
143.111
22.8361
0.0406936
403.054
46.4091
53.6073
55.0927
17.4368
285.901
10.5002
0.363387
0.000735999
6.33629
92.8313
22.48
0.000761197
0.154891
68.8811
347.432
0.000745828
73.8623
280.102
416.591
53.2931
33.7244
1.15368
105.691
1.91217
53.733
22.1456
11.2413
0.0010305
289.994
317.635
250.516
296.692
324.12
0.040943
0.60015
12.7639
29.0261
412.577
1.06335
0.000748445
391.733
0.113253
0.136846
144.014
1.29459
0.00927524
0.00558128
83.1544
28.7926
0.00153218
12.4632
0.0202048
0.000934096
133.564
0.000789159
116.398
0.00187234
76.1523
5.75118
28.6707
0.000958528
407.8
0.00518485
38.707
102.692
0.000757315
0.00569614
0.00144701
104.002
0.000760126
413.343
0.000754445
99.4333
0.000686354
43.1148
5.65421
3.18409
0.00802261
143.955
0.000743915
0.000713385
0.0113807
24.0517
284.562
73.6066
0.0078953
0.000836229
28.9016
234.557
0.000874067
0.00427474
0.000759539
0.000744888
0.0128838
29.303
0.000745228
0.000830066
0.00316406
0.161254
494.849
25.3478
5.92478
41.6386
0.535154
421.687
4.58212
414.428
32.3369
1.82306
0.000743277
74.3246
218.301
70.2165
0.00223592
0.155536
0.000734955
0.000750355
46.4663
0.000804509
71.5918
0.787154
69.646
0.0161446
57.8162
0.000746264
40.5154
0.58177
52.886
0.000737486
75.2101
398.4
0.00104974
46.2492
27.4953
0.034124
0.000851076
352.358
45.9676
0.00208634
34.0551
16.1138
30.0977
39.5508
8.56316
0.000791092
0.0277817
116.768
69.3593
27.0145
0.000740795
35.5604
190.825
0.000883608
0.00982675
40.8462
0.00078328
255.344
0.775603
0.000757707
68.2035
39.877
0.000735194
31.9657
429.354
176.398
7.83746
175.925
18.4374
0.000741458
61.4993
1.32734
140.421
0.000742266
171.444
25.9572
0.000817162
110.754
114.475
71.1442
0.000753169
2.95048
0.0024952
0.000717723
10.2664
114.728
107.362
199.696
0.835535
0.000951189
0.0121506
0.016413
409.508
61.3713
0.000894431
0.21719
1.33635
403.065
71.412
263.829
0.000720796
0.000765579
0.000708627
12.7383
0.000746387
144.982
10.8908
4.34756
0.96401
0.00308114
80.8286
0.321989
121.921
0.00123725
0.000749412
0.00413027
0.00208038
4.7319
0.00090422
0.000805811
59.4
0.00076373
0.000742481
59.5793
29.6783
288.727
0.00148905
0.000735589
0.0899016
32.2598
0.05389
30.881
9.98879
139.007
96.6786
7.32097
280.77
0.271953
0.000748345
0.662321
0.000872835
33.8112
5.89666
0.00567414
0.250792
13.2474
4.49472
0.210215
0.000765291
10.5195
23.5072
0.000747046
4.57192
4.07675
39.693
0.112796
1.91067
0.000745637
0.000745779
0.000746114
5.15204
0.028592
34.4866
2.86329
0.062732
379.109
51.468
3.97723
0.000747178
0.000742814
0.00902475
41.4421
0.932344
98.7187
95.8197
0.000726202
3.83942
0.000835117
14.563
0.000749725
29.178
0.0070215
0.000730946
0.000948031
327.361
27.0576
0.00129293
23.2079
1.59813
88.0702
126.416
130.129
0.00228668
118.566
8.82285
0.00137149
85.7572
0.0379062
261.696
0.000711955
81.5192
225.566
0.00362845
32.6639
20.5089
1.70913
185.612
36.6705
15.4721
79.6801
33.5775
78.6395
0.861569
194.359
137.411
221.859
4.30335
0.000743408
58.5054
3.25636
35.0495
0.0049255
0.799903
0.00483661
0.000751718
0.643725
0.00074654
15.4882
35.7744
334.127
32.5601
11.3608
32.3172
48.4731
112.197
49.961
0.000711398
2.30739
19.1612
29.0445
23.2938
41.5426
26.5278
0.000751289
43.5045
36.7877
117.961
408.035
0.00105199
407.329
0.000757287
302.463
130.544
70.7247
0.000746367
114.774
0.000743357
43.7812
75.0039
21.2545
107.617
13.1864
67.648
209.676
0.000735064
0.00100245
16.7709
285.466
0.00637407
0.0160906
0.00114676
0.000744777
0.000855501
304.81
58.6647
11.4358
0.000749124
0.111913
77.3606
5.9064
0.213815
139.332
5.35645
105.768
0.180433
0.107182
0.362136
210.49
0.000728454
399.845
0.00074556
42.7864
0.00191452
0.62555
0.000737491
128.747
0.00101335
0.000758442
0.00203289
0.00109827
0.00129774
0.0345907
0.000775447
8.72239
0.00313091
385.432
0.368195
0.000902589
0.000754097
75.3463
0.000767568
53.797
6.39412
0.000776885
276.924
205.035
0.000861251
2.76688
124.961
0.0324041
10.2534
2.3767
0.55484
333.632
44.6972
257.243
40.158
122.648
48.2952
0.00763147
23.2033
309.484
3.44686
2.65785
0.00133784
4.53265
3.82592
0.00160733
301.227
76.0953
6.08812
0.000739623
0.000753069
13.3981
0.00140185
80.7369
0.00836198
0.00754791
26.5653
4.41428
79.9731
51.0369
134.249
35.8156
34.4758
0.00137068
4.36675
58.1003
0.000749822
108.288
0.836985
0.000748198
45.5499
146.333
22.4255
29.3771
0.000750911
3.67008
19.7819
0.000784699
25.379
0.000852441
45.0419
0.000834338
14.2689
74.7574
50.8622
0.960188
0.000737533
24.0301
0.148477
166.085
0.0316033
66.8914
20.0264
4.38388
4.84901
1.97854
32.8487
141.2
350.881
0.00392614
127.363
28.709
0.0231548
0.722387
284.099
107.246
0.000745038
16.9783
0.000747125
0.0088745
88.9874
342.903
0.000874881
0.00480433
0.000755656
0.00141903
0.000849812
0.00073517
0.000914403
8.24981
90.9371
55.9472
34.4727
101.474
110.715
0.000749341
39.8242
3.44401
74.38
27.2901
191.757
0.000736827
1.14084
0.000738068
326.433
2.58338
0.0458971
0.000756032
0.000916514
1.11364
3.9552
4.50123
7.88968
6.11965
0.000837501
37.4639
0.000739692
205.779
46.896
0.000830121
0.141569
46.888
0.000732008
0.00188472
264.363
0.0188568
192.763
0.000902753
328.875
0.000730896
0.0015486
1.56268
35.4838
11.2895
50.1119
46.2217
0.000777073
1.57533
78.9178
68.6554
0.267019
0.000744069
0.762955
0.000748522
54.9098
131.405
0.127349
58.0321
35.1884
36.2644
403.825
0.00600246
0.0781557
0.000729177
180.696
0.000750428
0.00155299
0.0567777
64.9281
431.431
0.979859
0.000771183
0.000774114
58.4649
0.00140364
0.000740955
0.00204256
206.105
36.693
232.716
12.572
0.00987201
29.0098
84.9288
0.00147908
160.047
0.00776317
0.000728548
2.02256
13.7121
205.844
90.968
50.0153
0.101219
0.000753428
0.00306281
32.3721
46.0821
45.5966
0.00103586
74.1063
12.3683
3.21765
0.00138982
0.00520384
0.00534617
0.000870052
0.000822041
2.3706
259.621
55.1487
0.000738745
104.774
0.00667524
0.0010323
68.5711
8.24709
0.00074303
0.132445
330.365
0.00142869
1.62682
0.000800372
0.00213206
5.09376
217.484
5.28813
0.00639037
0.00109663
0.281766
0.00072023
0.000740441
0.000772817
19.3363
2.55888
0.000740267
0.000727226
0.43258
139.209
0.00124898
25.7867
34.3066
44.08
11.3409
0.0111214
119.79
0.000911992
0.000803371
0.763168
0.611909
0.00110952
409.347
0.260379
0.0270978
71.2957
0.00084496
0.000794842
9.95213
65.121
0.000735099
246.66
111.438
10.2935
0.000750087
164.945
13.6539
45.0185
0.847831
32.4233
94.5804
157.903
26.7121
152.726
0.0210031
0.00075488
259.856
132.076
165.114
0.891372
103.044
55.5542
0.000847965
195.307
51.6565
114.961
79.5615
51.0571
0.00148073
0.00219719
405.616
0.000737516
0.00666396
42.3602
168.92
0.00360449
104.498
209.985
13.5021
19.7746
71.2929
51.5187
0.0228091
0.000784352
100.604
0.000870155
26.5368
9.05065
36.218
274.546
0.000930827
0.000813595
0.00174936
414.871
0.000728437
30.6285
0.0110468
0.000735379
114.996
0.000733988
0.00076301
5.48749
43.2928
9.54711
42.4143
0.000750748
2.53056
0.942315
0.00336516
0.00187621
0.000746708
45.0968
1.43604
194.392
0.000707065
0.140933
103.92
99.3557
0.00271666
0.000745892
0.000746202
96.2806
21.371
0.029238
1.15493
0.00171773
0.000723447
19.2117
133.607
8.55047
2.15626
13.8604
0.594623
0.00277945
14.7008
20.8969
122.159
197.629
74.187
0.00204055
14.2995
30.5235
67.5638
0.004691
90.4192
0.000747908
0.000756971
311.679
5.79566
337.59
0.000887307
334.904
39.2863
0.159383
0.00216971
31.0312
188.189
81.311
0.000726506
0.000733139
0.000821811
0.000847142
173.005
0.120777
0.000745451
0.143909
149.551
13.3604
26.2532
398.489
56.4722
312.869
409.622
0.00117787
0.0103635
0.00101526
196.491
0.436851
21.4614
0.00100545
134.402
0.125462
0.000720475
0.00154999
0.00105684
40.1847
0.000820473
0.000744619
405.206
27.9727
45.4175
25.1253
0.00121783
60.9236
58.6455
0.000782979
54.8996
0.000787535
1.12978
290.491
0.00763457
148.852
0.000727938
0.000752102
54.9678
116.011
1.43962
30.4879
0.00390178
121.972
32.2314
9.57699
0.000782551
0.000796194
42.2384
0.000871038
184.524
0.31984
15.9003
0.63335
0.418007
26.7179
0.000859891
0.000835241
241.96
0.000816297
7.51052
44.1816
0.000760517
0.000734343
0.000748706
35.4523
90.1374
0.000735868
0.0062248
0.175905
73.9177
24.1392
0.000760962
0.000886794
400.743
95.4113
133.794
8.33046
0.000927452
0.000927604
127.527
0.40011
119.349
72.5769
0.000889926
0.00114623
28.9295
1.59561
0.00113761
181.74
0.0427336
17.0202
388.034
275.864
303.485
40.9394
0.0007476
0.000746368
97.3787
70.636
208.014
1.69201
0.000736562
0.00105374
5.08454
0.000775944
45.4743
149.213
0.000705431
99.0861
0.000746845
0.000752818
0.000759028
223.433
94.5465
219.253
0.00885767
0.000822859
19.978
0.00988952
2.06677
39.1497
99.5048
125.613
0.0843022
0.000791612
0.000766617
0.000740755
13.2591
299.576
0.00510462
81.1222
10.256
0.000740532
0.310054
0.000747953
7.46982
44.7305
338.948
0.295479
29.7424
0.000746211
180.313
0.00190849
6.88116
104.818
0.000888878
167.267
1.3428
21.4613
39.2647
3.83615
54.3101
69.0559
92.9989
0.00107471
1.84034
74.2683
0.00100944
31.3633
2.47905
109.168
99.4537
0.00106739
44.5604
0.00101428
1.31313
0.0179268
0.000727499
141.521
0.000748308
45.6325
222.762
0.00074696
0.00132927
79.0923
0.000721992
0.00154644
0.000745129
0.0774332
47.8331
182.844
0.232543
0.000719954
0.00774228
39.69
2.92217
0.425225
283.025
88.2156
1.14296
129.66
0.00470337
187.092
2.56514
0.000750179
388.344
0.00919164
34.5541
1.50984
10.4936
117.231
0.568767
0.00340074
0.0705224
7.97635
319.86
0.000777793
7.47542
39.6803
0.0463923
141.303
54.3682
2.78379
10.8333
0.000781425
0.0407094
1.0969
0.000861839
44.2234
0.000736108
0.117735
137.413
42.1192
31.2992
116.003
0.0510674
0.000742567
8.48274
0.000708647
62.1533
20.31
166.212
0.000746309
57.1653
119.652
40.8628
54.0015
0.000779314
0.777464
1.8349
125.505
3.49461
0.25798
104.235
7.62235
0.000749743
58.4685
29.6668
0.000924102
74.4038
0.220674
175.028
9.88453
0.0485121
0.425177
0.0246176
73.1829
135.815
0.891521
1.275
100.801
17.4956
1.32913
200.117
0.000776876
165.65
57.4046
0.238657
0.000808672
77.8512
101.156
0.965876
227.813
0.000783094
399.956
75.2411
0.000754307
0.000747822
0.00187637
29.7001
27.5872
0.000726653
187.918
132.248
94.6719
120.28
0.203594
0.000723898
0.000751106
0.000747094
0.403858
28.2544
0.00160099
0.000750068
0.000873097
97.6786
98.9989
0.000986038
0.0103167
0.14406
21.6998
98.7617
60.2878
20.6763
9.48908
199.993
70.8258
0.00286157
79.0583
0.000743381
0.000789115
163.844
406.896
0.000908967
52.776
0.000745519
0.00191908
404.231
0.000840463
39.2825
0.008114
78.4291
0.000854768
0.000742308
62.8162
0.000754181
9.58792
75.7185
42.0369
8.55639
79.3076
0.0361936
0.000759356
0.00254128
399.456
118.675
39.5609
0.000744188
0.00714682
0.186771
0.0107975
2.00571
0.000928499
15.7864
397.029
0.00118758
104.109
0.000753783
93.17
0.000730007
0.000738683
166.766
78.1687
173.594
0.00374815
0.000815356
0.000750319
0.00754234
44.4594
299.663
0.00087532
0.0079617
105.677
66.8745
30.0181
0.816804
0.000700964
104.969
411.919
0.73203
0.876561
1.75464
0.000825758
190.896
279.186
8.18928
317.296
59.463
0.00601496
0.000862068
49.2797
0.000745148
283.595
0.000869219
117.269
14.5255
2.04478
98.534
77.8792
68.5403
93.1371
188.332
0.000706995
72.7151
89.3723
0.00852565
0.000742888
1.68986
312.64
89.308
82.2223
186.982
0.000753602
0.000751235
404.301
1.45815
60.2408
0.246505
3.63953
0.245157
0.000742566
0.000755257
0.771283
2.14139
96.5449
251.674
63.1423
128.239
33.7861
0.00644516
0.00451906
0.544978
1.32572
80.2356
0.00455781
2.57692
)
;

boundaryField
{
    frontAndBack
    {
        type            empty;
    }
    cylinder
    {
        type            epsilonWallFunction;
        value           nonuniform List<scalar> 
244
(
2387.88
2398.17
2395.69
2390.12
2380.48
2365.91
2346.23
2321.47
2291.55
2256.56
2216.72
2172.19
2123.8
2072.52
2019.14
1964.57
1909.89
1856.07
1803.77
1753.49
1705.76
1660.87
1618.96
1580.21
1544.64
1512.16
1482.68
1456.1
1432.33
1411.2
1392.6
1376.4
1362.45
1350.62
1340.84
1332.95
1326.85
1322.46
1319.75
1318.64
1319.01
1320.86
1324.15
1328.81
1334.89
1342.41
1351.35
1361.67
1373.46
1386.85
1401.86
1418.43
1436.81
1456.98
1478.93
1502.48
1527.49
1553.59
1580.05
1606.24
1631.71
1656.54
1680.56
1703.46
1725.2
1745.97
1766.21
1786.01
1805.69
1825.24
1843.82
1861.07
1877.56
1893.56
1909.45
1925.47
1942.29
1960.51
1980.61
2002.94
2027.89
2055.14
2084.14
2114.54
2145.94
2178.04
2210.78
2244.33
2278.35
2312.81
2347.73
2383.29
2419.37
2455.97
2493.26
2531.25
2569.83
2609.11
2649.23
2690.25
2732.02
2774.57
2818.14
2862.72
2908.13
2954.7
3002.3
3050.81
3100.26
3150.88
3202.69
3255.63
3309.57
3365.07
3421.71
3479.87
3539.34
3600.85
3664.38
3729.95
3797.43
3866.96
3939.63
4014.92
4092.21
4171.54
4253.35
4338.55
4426.57
4517.37
4610.66
4706.65
4805.8
4906.97
5010.49
5120.48
5258.47
5383.83
5508.8
5636.34
5766.36
5898.82
6034.03
6172.06
6312.47
6455.5
6600.9
6747.99
6896.46
7046.06
7196.6
7347.19
7497.77
7647.7
7796.13
7942.46
8086.17
8225.85
8360.36
8488.36
8601.67
8685.02
8741.66
8773.13
8779.23
8758.17
8708.34
8627.23
8510.77
8354.26
8153.32
7903.27
7597.75
7229.81
6794.11
6283.01
5662.27
4717.19
4300
4091.79
4009.83
3969.99
3886.46
3741.33
3582.06
3411.17
3231.83
3053.12
2880.42
2717.14
2567.7
2435.72
2323.15
2230.29
2156
2098.62
2055.88
2025.11
2003.76
1989.71
1981.4
1977.44
1976.63
1978.32
1981.97
1987.15
1993.8
2001.84
2010.99
2021.35
2032.77
2045.37
2059.01
2073.66
2089.26
2105.68
2122.7
2140.21
2157.93
2175.54
2192.77
2209.46
2225.3
2239.87
2252.99
2264.54
2274.36
2282.58
2289.46
2295.14
2299.83
2304.03
2308.44
2313.3
2318.72
2325.16
2332.72
2341.06
2349.88
2358.9
2368.08
2376.45
2383.05
2387.21
)
;
        Cmu             0.09;
        kappa           0.41;
        E               9.8;
    }
    domain_boundary
    {
        type            freestream;
        freestreamValue uniform 0.000765;
        value           nonuniform List<scalar> 
64
(
0.000737616
0.000721444
0.000736508
0.000765
0.000765
0.0248525
0.0016547
0.000682972
0.000765
1.0375
0.0354495
0.000765
0.000765
0.000765
0.000688071
2.01463
0.00069438
0.000765
0.000765
0.000765
0.000765
0.000765
0.000765
0.000765
1.96308
0.000743187
0.000765
0.000763951
0.000867893
0.000765
0.000703892
0.00071883
0.000718761
0.000765
0.0842093
0.000765
0.00072599
0.00068797
0.000765
0.000765
0.000765
0.000732738
0.000749803
0.000765
0.000765
0.000714285
0.000731838
0.000679894
0.551037
0.000765
0.000765
0.000765
0.000765
0.000765
0.000765
0.000765
0.00380365
0.000765
0.267442
0.000750639
0.000722277
0.000721584
0.000765
0.000765
)
;
    }
}


// ************************************************************************* //
