/*--------------------------------*- C++ -*----------------------------------*\
| =========                 |                                                 |
| \\      /  F ield         | OpenFOAM: The Open Source CFD Toolbox           |
|  \\    /   O peration     | Version:  2.3.1                                 |
|   \\  /    A nd           | Web:      www.OpenFOAM.org                      |
|    \\/     M anipulation  |                                                 |
\*---------------------------------------------------------------------------*/
FoamFile
{
    version     2.0;
    format      ascii;
    class       volScalarField;
    location    "720";
    object      sigmaEq;
}
// * * * * * * * * * * * * * * * * * * * * * * * * * * * * * * * * * * * * * //

dimensions      [1 -1 -2 0 0 0 0];

internalField   nonuniform List<scalar> 
11800
(
95148.6
89583.5
188940
169303
85289
136648
94411.1
91598.2
99716.5
96619.6
93091.2
227411
40610.4
168989
161255
733624
84125.9
76805.4
129074
74946.5
143484
210599
363034
323387
593677
409358
341332
174385
385901
433242
130298
99300.8
392640
97955.5
97975.3
131233
96827
415080
89573.4
83442.1
354229
399855
184165
448416
136534
686188
336525
383384
93492
102307
232973
174814
96786.4
145916
779866
728973
50796.6
172020
133058
137472
707969
100408
141237
120939
582508
100509
237933
178446
52800.2
376268
101483
86395.6
82699.9
753131
699719
132318
591584
92650.2
94859.5
100672
797418
75036.1
85316.6
88815.6
78879.3
415823
136232
369397
329609
176632
92603.5
465192
93211.4
51135.7
86024.4
69258.9
8894
68587.5
95228.6
201610
65840.4
217998
441888
180696
99722.3
148773
87579.6
88725.9
670371
360282
407328
320834
137317
180895
90893.1
608319
95172.4
94618.5
573127
101798
108005
95684.9
91349.8
81279.8
90644.2
95825.4
96596.3
93902.4
81916.9
33053.3
847197
520446
141474
413721
181820
364627
325621
131251
355296
163534
313230
280464
212217
98201.5
99301.2
121666
373006
391422
225204
168927
105899
101940
95697.6
113074
98528.6
99189.5
164953
211699
463688
96913.1
768823
106799
600820
172631
190345
214041
110094
102906
855680
471599
154393
196157
91940.3
137144
139707
677732
685869
319503
284130
361852
162051
126940
106004
105159
153850
94487.4
158836
91189.2
84814.3
95878.9
116647
104878
102079
126523
279879
365734
756213
92499.5
94649.3
876717
84522.8
107246
120294
98847.8
100313
270003
232813
207113
173983
838367
246715
354243
1.15693e+06
844758
981472
167941
88142.9
302252
267304
239541
111727
133334
82964
74347.1
130186
77589.5
562322
129645
78662.4
165268
105857
91086.7
89018.6
207089
211170
1.14347e+06
556268
101338
107642
362543
293863
128598
162318
371931
332565
296223
98392.9
423598
140959
175883
167735
85255
95126.2
174592
132687
111667
970683
111632
122902
106984
116300
227720
256446
289160
134442
112136
99254.5
702419
88716.8
78797.9
96816.9
146059
64680.8
181197
860281
137947
136611
191170
146464
164133
127311
432782
365740
119859
139327
107987
120046
213562
272913
147094
463736
498908
610049
92483.9
139407
138909
649703
656624
324459
319637
339279
336827
92720.9
71006.6
114774
927245
89643.1
94560.3
114694
109635
103508
293796
290549
595455
987498
296469
93647.2
282112
229635
173320
141697
103346
99738.2
118320
183349
107600
165530
86886.8
90750.7
96303.2
99043.7
504317
93868.9
91775
784562
115311
262826
243892
239158
295718
286294
81522.7
81059.7
263521
331915
244760
624753
73192.7
298329
241190
150587
121446
120376
97799.9
126742
115421
140749
159994
179139
81595.4
94866
237184
253439
97611.8
94077.2
196972
154053
174132
91839.1
89416.4
104241
103918
339001
144149
123713
206443
330926
396969
199767
101568
101330
103449
100127
160309
187110
148399
173502
131341
154103
122123
112151
276825
125311
266346
445464
201259
156338
901261
92849.8
469989
207792
161089
772557
90010.6
489698
129397
451512
415232
394074
95963.5
38234.4
91551.4
1.03888e+06
891831
336921
123972
144295
98326.7
91651.8
108803
81865.4
129699
666941
27752.4
190477
141946
753648
74580.6
95438.7
85299.4
103363
84192.3
92032.4
761314
231684
111028
223879
199200
180289
72679.7
474208
144950
184090
95555.3
356875
92639.5
682965
90097.6
103442
167443
149670
135843
358395
97889.4
189635
196435
103137
227604
252810
285246
132630
114179
46423.9
86036.2
89041.2
937038
232956
185286
149635
126451
87887.9
98037.7
74651.3
80969.1
115253
67016.6
73726.3
93986.5
95746.8
176486
91658.2
132438
248513
241926
123282
695775
99726.2
167265
89305
82649.7
649770
769389
192610
218068
115572
102655
87316.1
574313
724998
657996
989427
239048
170940
236283
81903.1
90373
89073.2
98267.6
222548
99342.1
97440.5
76046.4
86199
568240
118951
480709
397004
83785.4
100265
542370
548118
222663
251937
284633
135623
118379
204128
96113.4
95370.7
94205.6
101075
87541.2
107549
74923.5
97276.3
69169.7
91229.8
63231.6
91329.7
83746.8
93293.9
70097.6
656756
134838
100104
214331
362716
67899.7
94363.7
85520.9
78201.1
71020.5
116865
141231
100091
97914.3
235147
74676.2
109718
708979
56706.1
106640
182899
165793
177797
195561
204149
220322
101709
96510.7
758531
1.01884e+06
161345
70157.4
122996
176353
127966
105059
269913
242947
216203
96880.4
59655.5
240375
247182
116511
122518
84840.7
194657
219740
109096
327157
322784
327316
331917
679405
664642
186680
897224
251043
89369.8
651963
424305
478744
229642
106826
120277
103462
578082
165482
213650
943357
102038
100530
209056
167502
463659
211435
719349
93515.2
88642
114839
134060
298831
267162
238330
754816
91749
137742
295993
545503
90943.8
874475
821346
801954
98967.8
130476
63438.1
819928
187862
102953
143753
706432
89850.4
104611
116047
92104.8
216463
109479
1.02788e+06
794099
102854
231218
291296
110586
119540
109592
106317
309377
127810
185003
148477
385407
369040
92210.2
504646
98717.6
138115
159714
747510
126739
177752
106892
107214
86688.8
95891.5
167489
370642
411164
80610.9
84280.4
78036.1
110176
149402
513377
77515.7
152162
251929
192647
97274.2
330782
376713
231865
426099
480599
185722
136537
90706.1
84832.3
138933
151982
124953
133067
103053
118976
146906
99296.7
90897.6
964713
374866
141602
169805
188262
99894.8
144093
189974
448231
396807
353518
122485
139732
125218
103672
580162
497732
486440
94449.3
112777
115362
205677
537467
158800
41268.5
97651.5
949284
897501
100681
825633
82265.2
88693.6
89855.5
270547
76226.8
123435
148478
425410
480537
542801
613940
233541
208188
177938
151560
103535
90352.7
144330
759315
98929.3
100326
85143.7
91691.4
84320.6
89133.8
98964.2
595521
313041
267909
154393
298736
339387
123947
427598
109508
105501
98127.2
933383
89676.1
95973.2
87628.4
84863.8
87838.5
854786
110492
115419
508929
129734
276589
118594
875931
323792
147484
128908
563609
165693
94618
91217.9
78084.8
87143.3
110304
131681
118352
85000.7
242951
116719
89681
263583
299301
92263.2
198069
268750
236049
304751
641079
566654
499721
444646
195890
232368
654457
577983
264410
511510
302504
451837
625814
100073
91696.6
100347
100971
207440
506793
101746
165011
206525
181462
229757
102312
114491
147321
197132
469355
415775
370662
177694
143019
359396
95225.5
106900
99310.8
143027
128454
113298
189802
157290
160171
126543
97376.8
311233
99338.9
118941
153340
392705
189765
218839
219821
86965.5
98938.2
93370.8
85415.1
91199.8
100769
196362
176733
90237.4
102501
93194.3
155750
525178
160693
206031
228538
97837
102537
93791.3
83681.9
103616
97740.9
229696
202746
181542
94622.3
726024
230448
136712
430870
279743
525125
830654
106216
117928
96146.3
93569.2
80964.1
242589
208486
849924
82355.1
101332
134715
174055
98048.5
101616
243115
238645
57778.4
88022.1
138350
112409
84453.1
702455
822644
111318
92393.5
122350
141439
286785
223330
252393
952557
95876.7
196742
218018
97960.1
206578
249687
283540
319943
672647
592899
522606
465085
205892
245893
684424
604406
277874
534996
316630
472935
753412
664060
505021
164553
188381
656514
520007
131813
92107.5
88400.6
514457
836307
76592.3
148500
753823
505916
832123
838991
370177
378439
179842
151850
190157
151605
92975.8
119299
90800.7
93279
105916
98095.2
143063
808729
191035
97055.9
74437.4
136950
147294
714355
143069
130578
145886
155179
436405
171875
137834
651131
148623
181531
88888.7
93335.5
153206
125711
140122
361418
193096
183807
467651
449313
183200
187080
371981
400832
150971
150236
91522.1
90682.4
93869.8
189290
147167
43105.3
95072.3
102311
254711
250766
121423
212954
170636
85158
68999.1
71479.4
249181
536059
79511.6
823282
120044
261311
233775
95837.6
112814
172448
92725.8
94144.3
626976
140491
365762
325583
291023
125359
157654
90792.4
640768
712229
93402.2
92972
386337
135284
166529
283745
319643
367123
131744
161759
47943
328731
139421
699177
177395
417257
284804
315392
99710
89847.5
81902.5
103834
86344.9
86260.7
607154
160945
80965
96876
103126
115712
119300
133056
270936
267633
241624
236605
213399
217814
530763
96984
90008.3
95491.5
95426.2
126223
98170.3
89378.8
609478
114735
211282
148967
386064
183667
82544.3
88677.7
157825
129259
203535
171546
455568
379374
336258
299016
174330
536091
225318
618307
107418
96995
116712
125308
91743.6
101100
90955.2
584781
867633
124022
77889.4
96736.5
196533
148531
67591.3
91881.8
130082
117233
99322.7
103721
112015
108388
98244.2
170713
189758
186900
209138
150394
168679
242587
95118.7
384151
290311
171750
484899
459480
265903
859100
144895
137651
158503
177799
85412.7
91175.5
98469.4
171594
92717.6
636423
120915
99449
254213
46906.2
86853.5
715831
90332.3
146271
461111
193931
409169
364607
648233
437251
74392.5
202612
166105
117305
520144
208737
133503
365136
324985
411589
99254.9
100585
74889
1.03712e+06
128445
152844
178339
108323
90630.1
84012
161492
178051
99763.1
723349
147788
591690
103094
352705
89487.6
205779
249101
373100
143327
177807
213990
113422
900552
89668.7
74154.4
83179.5
803377
564220
124631
160996
381510
342134
304705
827191
199959
168010
910683
1.0114e+06
659698
87703.7
237676
505133
353025
180092
145420
306714
273249
143391
502115
127029
137100
173830
147130
130410
689073
996392
81068.9
94926.2
112642
997761
86440.4
90591.3
235806
171400
906974
948056
100679
258581
113921
102704
214852
102399
73714.4
233226
86764.1
99624.2
989913
368623
194063
157121
141434
117175
273787
245999
217928
125387
954614
197550
171957
148959
809061
301272
408394
75437.6
119183
87563.5
359544
163069
213471
85493.8
105787
132756
303184
111752
103479
96319.1
170975
889593
112418
138284
297827
585114
821856
483346
346639
214666
252248
52174.6
108756
122236
245442
218334
193728
814054
81999.8
88104.2
94731.8
92282.7
90970.2
102545
108095
95831.7
90035.6
275447
684336
158336
360027
318737
284067
125263
782955
200444
220796
256223
220311
448113
754247
250893
92092.9
363101
87725.3
283030
169198
315628
358152
137256
450067
120402
1.11697e+06
367982
91831.1
685916
1.11451e+06
960639
217133
98251.5
391333
91095.1
81332.8
91500.1
143168
91593.1
84027.8
85368.5
75948.8
613832
643547
89507.8
493204
99334.2
89872.6
91102
114640
339720
349938
105007
346249
354032
594955
205120
92974.3
92278.8
112378
218652
244184
108776
27157.7
92792
348550
126435
266164
298609
335667
378314
187179
143035
140380
84902.2
81996.3
836172
437835
97937.6
103985
350296
284926
147538
163007
110198
82782.3
151487
135493
85761.4
94854.2
88086.9
686765
201428
511583
78903.2
90841.2
1.11959e+06
99352.1
855390
822259
82584.6
347155
158907
689771
91036.5
294994
426521
936349
101889
82790.3
85498.6
215051
105182
120260
217010
193271
171179
77408.9
96513.9
78159.6
73854.6
337255
374066
262259
462654
411000
513131
842753
103318
271921
803278
295210
821391
288766
325019
369638
161611
126443
164021
207927
784030
97794.7
91551.3
116978
109296
97844.5
101656
143448
127962
119143
331787
249969
981839
94969.3
78220.1
114712
826901
247446
115767
109359
815566
292601
204676
77434.5
100082
84583.5
282722
366087
123727
497956
87054.3
86320.8
1.04953e+06
707341
867699
138605
163859
316586
143979
221325
815191
958242
88302.7
98738.2
151478
134655
324059
358138
236103
265241
881792
895884
116314
98912.4
79894.3
594220
87631.6
776023
200527
114789
410468
122928
85468.3
776918
108183
108434
86433.4
95166.1
601622
156546
91061.9
293390
132780
94037.3
83969.6
96444.8
213717
98258.2
745525
748666
118372
264461
160084
86909.5
92424.7
630014
92675.2
397718
109606
207379
341598
400620
701414
88900.3
151485
832400
108792
93294.1
74445.5
93576.1
96724.1
896617
626937
129029
155669
310016
264051
413288
138673
170674
141176
186277
405026
358519
318325
583127
229127
174635
682284
177635
740746
252888
220243
770311
1.12815e+06
916816
144285
223602
427911
173003
141422
85715.6
165555
788565
90532.9
94548.8
917879
675287
857174
274672
339870
348778
297977
83729.3
74050.9
116059
76933.6
238640
264874
299021
129995
107769
243250
863700
86926.4
118311
101266
85683.2
311406
283362
114286
751777
888676
369213
293743
693823
797611
96901.2
392412
260633
478509
82381.3
101811
108311
601066
599420
323608
130668
89034.8
97420.2
98038.1
191386
668690
96583.3
479969
80112.2
129484
113642
122584
218448
120635
200756
19261.6
5602.91
198553
1.04584e+06
88777.2
85849.3
100446
88026.7
90541.9
98109.2
106911
87761
100506
179419
85162.8
90130.2
103385
305402
381973
266089
762959
915915
89488.5
110970
141450
87825
560375
128257
935392
99437.9
114812
220381
148484
106436
100227
220931
92991.2
102638
106286
87824.9
96654.7
80995.3
737962
80132.6
81421
109118
93970.4
76604.5
830057
87403.8
703107
702903
270263
208399
128123
163007
373732
337911
300818
93637.9
454304
282536
96479.3
878312
97934.1
98335.3
134211
466992
271997
309163
515812
88795.8
83994.2
144012
197438
451614
226499
513563
173871
398431
354737
142673
522789
165638
458933
190562
407160
362588
215253
667657
96796.4
204175
151212
82954.1
94745
680611
305742
422816
389937
342226
433302
307446
132373
145910
208093
519892
93954.3
998571
102819
89965.4
770723
86389.1
113559
250475
272032
733073
87272.4
407502
363487
323898
132864
172621
877813
131482
113169
251812
96619.8
260906
122524
174722
83402.7
105084
115771
92167.8
181080
93768.2
240015
135881
110171
276655
370471
379992
276180
155934
788664
98801
98386.2
727217
691875
404961
1.10211e+06
352324
298212
404268
988886
351217
268831
869202
203352
194798
214371
744018
86756.9
694078
85388.6
129163
141199
228073
253811
285776
136233
114535
233396
61645.5
63052.5
89745.8
83625.3
114765
88982.7
93229.2
125838
417179
884887
99878.6
102463
821655
469117
180461
231196
87281.8
91102.5
689812
478965
133969
342509
317363
473684
79823.9
83947.5
106416
95488.5
488979
862805
883623
580532
977071
119828
85619
126072
351428
312765
397545
176307
132622
889184
172796
201517
261659
107799
113719
397578
159496
82243.9
278684
112161
123509
891541
131823
122464
399569
358619
318202
165622
583961
538471
689885
222709
237788
234170
557535
220169
168624
493356
102150
1.10637e+06
94506.7
851844
212108
246555
69083.6
254122
455737
89429
95966.9
90310.7
985210
223210
195146
245949
119284
100553
152895
200371
658200
204040
405479
514349
456668
149371
433419
315170
338868
399827
426808
314521
344165
409990
246015
257239
21961.3
138334
94231.5
152167
207730
182378
237192
534675
471150
415495
369831
149162
440889
187843
97842.3
70821.6
78789.8
122954
71447.5
173694
367326
389384
157015
759639
96886.5
83130
620179
783509
79040.4
441589
173964
219946
300131
259249
121783
86239
169237
324648
59122.7
96235.9
779778
109377
100839
176199
156534
195049
152738
98910.7
99722.7
161900
519037
855787
991813
127838
139516
591905
533994
725311
94202.3
460086
695674
992104
1.03231e+06
956106
194574
355982
151336
838436
558871
219297
546983
87330
92843.4
649036
651510
89228.9
199105
900040
710286
658530
680599
1.03522e+06
687027
772898
718532
91510.3
119716
489587
327573
428897
100910
78344.6
96078.2
90992.3
100896
110700
93454.5
155683
763690
462657
147799
188814
506877
96978.1
244458
193715
1.0721e+06
126447
115755
257381
124446
229935
100784
99512.5
870505
7075
69927.8
69133.9
14358.7
156086
243740
91903
100853
112141
89973.7
288837
229079
89475.1
865127
761029
196346
493353
152185
102081
578205
132252
871365
190112
230439
260833
296344
629028
556603
489920
436326
190227
225721
641585
567020
255499
501205
292208
443482
112007
100795
231124
213139
179861
100829
98064.2
93021.3
87675.7
86578.3
81542.4
84710.6
79958.4
127332
380508
410648
286292
166462
313356
345504
641506
238110
190162
800173
274796
97046.7
59186
87626.4
91862
132315
112901
119285
100042
198887
152168
140607
262312
99062.1
100871
438418
95436.9
90050.6
99923.9
84652.9
529040
102808
138425
216361
174156
141273
227852
130116
78933.9
73133.1
971460
932651
426269
341525
327721
427583
866385
425520
98144.2
274582
138349
118800
157379
94714.1
929145
99886
433161
386874
344688
180385
136007
241862
130672
111724
941825
107731
97896.9
310646
307268
123384
98686.6
103892
158685
357566
656668
220981
170756
485397
508688
127210
164036
390604
346693
309720
173041
189099
361927
237559
340733
188246
385346
436109
137228
492169
1.0388e+06
762186
92547.3
263142
294429
330893
128377
105633
611157
103737
131039
189071
192454
87060.5
105815
105876
91078.8
455816
333188
354323
424809
154472
776300
961138
352689
82412.2
260121
289069
325455
354127
454334
122047
695658
310453
232306
204760
258421
110500
132779
95689.2
96252.2
164905
207964
184105
202585
225878
255512
148590
145245
192250
194675
418005
413810
328323
368970
325267
365490
212975
238652
112582
92151.6
94575.1
90012.4
551219
250212
96923.2
394202
322914
301665
402592
102766
161144
570596
221661
504513
447098
73674.7
105075
431669
210006
163314
551779
232227
61270.1
372966
332021
423252
183560
137412
651007
193628
161391
798755
193518
259945
81672.2
94683.1
142252
129059
114722
660654
148327
144134
176373
156785
193328
101409
95017.7
469241
546840
104046
276401
82023.3
434849
843136
557123
194523
158335
388476
181062
169198
139906
106695
88036.2
171758
91683.7
172307
90201.2
164046
89430.3
82900.2
913045
149474
643761
307647
346357
185159
152051
374635
827113
75526.1
91730.3
100637
89269.8
167290
15990.3
5328.12
165447
322882
80241.4
303317
132199
142465
82035.2
183063
244779
578735
88123.4
86004.3
89802.5
88770.3
180487
112278
346385
302828
112971
81521.5
87142.9
901363
325660
86984.5
148096
82776.4
1.07119e+06
759863
150915
97868
265603
144079
185653
384756
302512
340337
877420
683588
93983.6
691403
1.00345e+06
716163
768086
379714
105029
553507
111551
89640.3
94724.4
172886
157782
132397
123398
297847
112028
90587.9
85444.1
459491
440283
498084
563815
632690
240004
213091
181879
153364
101653
87374.6
231182
10824
115853
114569
5940.15
219232
114208
93746
78802.4
128710
150187
101287
180567
557018
268322
189709
144890
164737
829465
668468
81724.1
281323
98515.7
98547.5
189362
224163
295038
618020
139263
157461
99446.1
749261
97305.2
124736
153015
140241
434641
490791
241099
368894
364851
184709
246623
542023
514103
492112
153164
196429
70394.2
92128.3
73186.5
108263
74836.1
262749
396408
356500
437195
313306
448484
312078
223796
211108
383888
280996
391960
281760
126456
509786
356668
310483
403846
360138
443682
320473
451618
318864
497321
1.06221e+06
171434
232143
559155
237974
76995.8
95874.1
107631
10522.3
106434
9388.67
89696.7
155580
447457
398005
508431
214128
154546
881655
59360.4
92087.4
157218
463706
115261
306627
145905
933858
942519
616601
78954.8
166957
562751
247218
201776
197920
259796
229755
290143
118145
143951
1.00478e+06
238771
872327
84189.8
90776.9
101220
86366.7
76653
852485
84072.7
579296
77406
414785
627444
75666
102736
104297
245194
112381
184912
165050
129096
142840
160441
93080.2
125333
164566
197823
146060
491983
437830
389503
635890
863288
960376
80269.4
84913.7
93011.6
88931.6
111401
75198.1
112473
936663
975073
852095
770474
29876.7
580878
824604
428167
325899
341730
424908
269877
290707
461773
251936
629515
77098.4
121133
125677
244765
103684
99632.2
116782
96975.3
110718
84403.1
95576.9
156196
165309
183124
174593
196604
205528
241370
249129
91696
95636.2
185587
143197
88109.8
90526.7
428060
636366
94135.6
320146
696838
189766
640986
250184
107707
708242
272137
230463
357851
730703
1.01908e+06
414147
129676
876824
121650
98432.5
91646.4
228791
70668.7
384940
615549
135407
226929
106772
101038
102649
933108
133307
144696
141664
124036
344937
110044
99596
385362
87338.4
754604
91079.5
441505
143566
153022
680206
489629
280232
551280
625213
242601
704323
211448
171531
479129
538135
693843
611250
172104
247133
283295
212476
871383
106014
685634
85954
94295.8
84090.1
3904.42
29665.3
345244
52298.8
660686
114791
106759
201133
221500
179377
224347
113569
475853
112418
114230
480629
83250.6
163232
147166
146256
431385
383783
489931
202003
252737
99563
154276
237275
653572
66321.9
140466
98001.8
81432.3
223785
736669
355979
326767
749402
123027
375879
843707
405937
731151
100866
792794
113742
551361
166079
203770
93101.8
6845.13
69479.3
68678.4
11819.3
109209
634411
86141.6
635999
334297
107510
420939
403541
473625
453962
536055
514205
225877
218190
166450
161897
179869
135307
434133
388295
345129
124699
156346
139165
93052.2
369590
312264
82158.1
94469.2
81136.3
93341.1
91509.7
855568
650448
148483
463321
411764
524646
97473.1
358903
561647
542575
104406
99832.8
713735
261493
104040
106877
129664
118372
92817
208429
185570
167417
662150
1.0599e+06
722694
448938
199642
152052
93411.4
101086
121305
99723.4
98870
98926.8
93382.6
222867
172367
87066.9
674264
744871
222853
253310
94132.5
104883
95195.6
88828
217562
706481
391531
288160
301329
357903
95461.4
81947.2
127624
86352.9
79108.6
114390
1.10647e+06
868082
77287.9
98469.3
262258
228652
169642
527130
596593
413700
463956
386378
167358
136804
152810
100664
100236
781906
165604
470149
65802.9
752726
82398.5
214924
239951
1.09395e+06
87680.3
215625
93814.8
202769
90240.5
139141
459351
175080
450049
278674
507285
574785
247428
651302
214160
182681
219836
182840
98671.5
249144
283977
359099
80478.6
123723
565015
270023
968919
823727
921685
185774
666004
355642
225767
110170
92041.4
876916
503970
81291
1.00493e+06
771696
31247.4
223548
189560
44924.7
460479
299680
89126.9
78737.3
734073
962143
95287.8
250239
257674
605221
585381
192189
197547
194840
204382
86987.3
89689.1
90937.6
88067.7
62116.8
1.06317e+06
738210
728854
912436
314022
148795
625864
302038
338566
381099
69946.4
753671
119223
539019
841285
237630
149004
1.01487e+06
202070
212674
158689
169446
458871
446064
122348
122178
73646.3
89640.8
151947
529280
468613
414490
207039
1.05107e+06
95330.1
107514
76608.3
406989
457524
245962
517071
214102
589554
186974
520671
408644
458630
589934
156284
260297
226916
194863
89542.5
107086
103209
107955
177534
141663
159649
770675
279581
340662
770682
110366
123939
90667.4
202608
261226
104373
128275
829557
99631.9
88522.9
99053.1
100134
89323.9
75319.6
139689
94298.7
102027
628373
765796
87267.9
76043.3
84825.6
146991
283642
878875
808397
410518
102172
85070
638947
95901.9
98807.3
1.06303e+06
363052
750022
167961
490330
253145
288318
105796
428838
476208
205427
155352
89378.9
179734
86364.2
51834.4
78149.8
872810
362415
363500
732912
129709
140768
92823.3
244965
87075
94009.6
108274
133453
138289
13911.9
136772
9601.3
96778
509536
133079
176771
383541
339576
301397
88930.2
910482
348440
152039
713006
350581
376135
88805.1
8615.23
87799.9
9152.79
672379
225432
227975
288622
260244
83501.5
835204
143025
116873
308223
235353
89418.4
18732.4
572135
111946
598977
125965
153759
302850
297959
246689
81247.9
261854
117214
130507
91842.6
98693
257117
265927
96992
141890
81896.4
83250.5
393009
182853
143590
95563.5
260459
6691.38
24921
257611
231086
189581
268738
319754
75039.7
957018
1.01925e+06
113879
94377
92644.9
108819
120243
12286.5
118919
10676.5
426589
139543
183346
949890
960412
730213
750278
317649
280153
266822
240790
815559
110311
202714
92512.5
77295
89164.6
132681
172502
238489
818195
839183
109444
58967.4
243449
272072
113889
424681
162460
144053
767846
91935
97839
116470
353413
346920
382787
243339
133859
175441
80268.4
73533.5
523297
76398.7
427375
59142.4
184613
292841
257490
512654
598285
96463.4
107020
156478
696819
4042.37
50769.5
15040.6
50502.9
119593
121547
77502.7
911044
16400.8
873200
227654
21779.8
7064.31
225157
121652
73878.8
8412.88
73095.4
153210
675009
149499
905115
968134
30258.5
215277
272477
245305
345188
154183
120281
399058
313117
60181.7
105674
133509
109843
219645
302818
103469
103746
939916
254804
291678
282078
322677
609347
93607.8
70677
510210
644646
255659
103415
114627
83163.4
150747
167632
97972.5
107090
132727
94999
66960.8
550946
658370
109763
210394
169760
177915
592974
231914
115494
111504
244454
251148
79385.9
133452
651310
768586
165536
127521
275975
351247
311521
76801.4
86478.3
129345
108635
598879
221652
74501.4
39345.2
37405.5
166107
130305
266453
338426
300971
92264.6
880091
986318
99743.4
84672.2
76922.7
72670
841024
141317
125318
326859
1.04985e+06
872045
187554
103071
196193
174990
123295
111107
135290
86927
93880.7
91725.7
154094
864023
90577.9
334981
362581
685952
482900
470775
171159
167566
213431
217384
151071
123978
118856
78888.9
89972.2
251278
98964.8
773136
491304
118074
88333.4
372897
1.02386e+06
83415.5
385738
319717
293896
398110
343404
141191
171544
438674
102332
323223
137853
146999
97506.3
240824
102636
124889
337294
158636
96076.5
86607.4
105835
365123
301357
104872
98817.8
104163
108968
91496.3
209503
160542
96202.4
156227
98065.8
100309
144249
928423
819254
582496
133556
118228
290413
257089
228024
131985
146489
64611.3
512583
90194.9
200036
275690
110859
146679
849490
67660.6
135131
124790
85064.5
861543
64107.4
102615
182014
216999
99119.7
91265.9
107660
80762.7
90998.9
568430
90396.4
69816.1
8591.99
69056.9
562254
492641
919274
650262
763488
102935
803321
496945
7776.46
56407
116479
108414
184161
202832
227246
315202
156011
671794
327875
370860
88837.8
78522.9
73216.4
87472.5
96534.2
86772.9
106935
453975
57006.4
906589
243581
86023.1
431906
245960
137449
179848
105108
90161.7
120414
198559
119144
260226
254487
100361
97606.7
257056
487111
74300.9
74314.1
117710
73849.8
90102.1
771014
149735
129112
367573
706163
204128
118726
256197
234766
260772
208668
134340
111955
89333.9
4574.88
36175.3
252418
211288
285619
661975
518464
585560
210412
247024
675999
596092
282616
528907
116436
149237
124403
152612
90691
108719
91785.8
248109
115117
108971
102812
171482
507957
219392
89102.1
97484.2
81055
91858.4
105654
145809
96760.4
85181.9
69207.5
396003
136242
167238
128691
154807
325070
275041
292320
237019
488706
138543
96889.8
154259
259114
193693
112954
137767
185931
90462.5
152322
98073.8
94928.5
211074
208627
102077
286870
102892
99616.4
574292
482307
84971.6
102144
832555
85656.8
116575
75782.9
101928
120966
346069
306436
270732
180028
176419
371259
104450
87107.1
91650.9
557110
109107
99345.8
121940
110793
90983.9
103261
73018.7
91170.3
650590
626668
166496
136914
100348
402967
349448
137739
176705
242440
99007.4
66819.2
88811.3
847590
242760
286374
60186.1
211766
101997
43996.7
92537.5
104162
107471
207769
92597.6
139758
116834
96908
1.01208e+06
146822
429194
121758
776486
258376
305179
162874
131804
424689
75764.6
92692.4
89434.2
147436
185812
158071
98648.6
57927.4
52932.6
341436
135670
119024
79443.6
82776.9
83923.7
82709.3
163223
130091
146107
51050.1
78662.1
730509
80133
1.04618e+06
182722
129149
416299
98686
83403.5
313160
106094
98870.6
461423
93539.1
241483
513892
456236
578145
86514
131768
169312
565361
535813
136446
85978.7
146727
148621
200042
230304
451749
199672
224180
516066
446549
502194
354886
398833
350721
394012
688436
191298
117203
858968
91521.1
100904
289958
736860
202100
114969
97306.6
87121.5
78956.2
98882.8
105707
80900.7
559569
128492
154879
291432
96378.7
367383
103201
157149
160473
249300
93192.3
93268.8
109801
85928.3
91075.6
113124
102322
94506.1
876825
108722
88029.9
145445
187690
73868.6
108656
107709
608207
114403
101460
98356.6
102557
82818.8
854873
129422
125923
299544
125100
114819
812863
589399
614696
178846
99938.8
717912
208322
234105
103827
393661
319000
377075
305379
529958
287694
677364
454542
601157
433590
255012
204450
72903.8
86573.6
717940
79590.1
89342.7
87918.3
92114.6
87587.3
77406.8
349384
364175
99013.5
211761
20348.5
2813.09
209438
106067
66877.1
686378
197919
285100
121038
108324
117350
93701.2
100323
169212
190748
87710.5
106052
224557
162415
126622
216970
452370
380327
71684
328740
276614
983046
504108
293993
567769
644435
255964
726061
223243
183386
494652
555266
631033
716286
258808
182023
295671
224817
91128.1
352579
67651.7
471511
466371
980956
95190.2
187099
508549
94775.8
278836
61000
70122.4
526805
87204.7
115942
291425
372020
840687
139702
157955
177811
91119.4
131863
158337
369070
175452
107266
95844.2
97925.1
99790.3
792949
324778
316231
664785
647325
131895
120757
164632
148087
332086
307892
589418
682764
373154
419273
476267
544104
153036
236472
181422
208474
553314
486720
432442
385183
149716
172818
200612
225124
100210
123902
506910
780820
131585
121115
134039
297181
321315
287598
254029
219413
122243
154675
1.08237e+06
75030.6
116236
410337
673063
572892
183501
232523
102244
38578.5
109906
591752
216986
908664
101282
120042
524948
689954
88137.7
376385
424755
335302
885744
265287
121857
144794
228954
115517
121638
280131
407438
198514
378399
313051
115283
266585
339080
300435
143054
184910
998975
800662
137785
99838.6
781865
98851.4
132221
139751
169912
177496
369257
377794
123981
104747
257502
230585
204989
276051
81742
543247
723055
336576
90007.4
96554.9
688358
294667
282294
351900
339299
744765
130477
172178
127017
101703
96384
170469
408220
99534.2
85746.4
91241.8
962434
749127
210551
123511
98038.9
136825
82355.7
247707
184114
203356
228509
110699
103031
97354.5
89019
847090
42497.5
704973
128312
141023
113466
104213
89202.8
93473.9
699177
80009.2
1.05743e+06
273319
207808
311879
283910
317965
252002
123573
155919
958217
225242
259440
118304
127696
264719
220777
1.03027e+06
285543
254202
320427
146226
115563
102491
847035
724510
690340
140304
102682
119666
103645
122266
233219
772795
135851
384056
166242
442006
471986
413821
165339
102594
94828
756567
138183
124166
304807
780576
96919.1
334317
115684
296966
266396
143941
131931
70926.4
195565
150230
418898
369518
329317
82352.5
440793
331251
354106
430393
3942.31
35565.8
88139.9
718286
752068
93345.5
84985.1
137089
232816
192590
217802
243229
113024
120279
92630.3
93110.5
72215.2
484601
142918
345141
723091
119399
85776.2
84781.6
112827
820101
114102
635058
198956
278466
62001
87680.4
83553
273246
446959
92652.8
295328
262563
331964
153402
120369
68785.3
65403.5
34742.1
106545
504422
94976.7
84594.7
615638
85670.4
713001
74407.2
569313
278853
118960
352601
153998
545010
96979
108062
160325
370588
366517
112673
227964
204771
380167
78081.7
627995
604387
98935.5
73206
78302.2
157991
272713
99539.8
93406.5
162690
92114.9
82164.1
129768
101131
85405.1
78387.2
78587.4
91006.6
116680
106138
97489.9
110084
96200.5
370382
363422
95297
156742
146444
796132
739174
593139
859203
619518
160826
123609
204195
231553
409407
176300
460587
519217
147895
585950
479867
140013
97049.7
121164
341904
304269
151515
272114
352537
339906
311313
319313
1.03169e+06
453454
151633
148672
115745
850212
302396
765982
66993.9
100539
178380
175117
141718
374020
117600
1.10066e+06
444016
891543
845317
394461
239623
213908
268450
59809.4
194014
162731
98867.2
81644.7
33371
83494.4
67807.1
256295
257285
228637
227478
538470
125187
118893
204079
752571
97467.3
312371
169223
300652
416789
382948
336027
302253
425765
1.04792e+06
656535
468928
115219
121175
243122
236113
446689
506880
515665
454741
405079
397724
174052
182126
879713
106243
125805
221527
196408
367189
849515
98995.1
98874.1
161237
102545
94252.3
54023.3
262045
253339
156718
147277
292806
282518
331916
319817
129559
120425
386101
104006
238699
101809
84901.9
1.00623e+06
96628.6
928576
843437
855211
102087
95190.4
139464
318066
311044
188097
175676
357204
348700
406434
396410
147647
135943
77849
103449
110921
103303
350694
318986
926064
630126
591793
387256
89000.2
104300
97203.5
96582.2
124860
160649
344901
307276
271784
98242.7
84463.7
226359
108733
128688
337780
144344
84133.7
873195
645838
304196
97397.6
97990.1
846346
118325
111873
150188
96968.1
94494.2
99426.2
101400
162026
154173
180822
676761
121197
329499
293389
149860
263023
92376.8
94513.7
95193.9
238412
281297
75930.6
973033
426042
334246
326566
419881
91935.5
344076
318232
92849.3
33678.1
295777
156715
256984
191405
223795
627315
551506
432378
486222
158473
192999
634811
563970
220570
498668
253261
442427
97058.5
101348
99495
97300.2
98120.7
127587
119677
704567
234762
107581
147740
96345.2
93825.3
194111
234639
267719
305099
659211
581275
510988
455736
193805
229981
672658
593565
262849
524266
296936
464631
84790.4
860161
104895
89216.2
91287.9
81876.1
164599
100244
728959
414118
404758
277784
267046
467544
456422
528761
516772
241056
233263
597764
584474
206484
214739
175143
181568
272183
280753
217477
210436
571966
584642
112218
124161
102406
91755.9
81521.5
789253
104480
178134
808580
1.03204e+06
119743
135624
298915
611019
360378
405022
459607
524255
146345
227652
170966
200004
538156
474382
421747
375406
141772
163047
191542
213270
213610
299665
113471
88451.6
799831
414738
89970.7
991819
158993
154075
204673
478090
422095
375654
104171
83064.4
433066
705115
105182
756812
262710
343094
97575.9
407203
334851
434163
321633
60583.6
621266
587267
133476
129756
731327
152539
650062
101193
137857
108635
118001
76290.3
93051.4
101686
91577.3
460650
94450.8
920142
810805
156231
77020.9
140849
119149
81719.3
641890
306336
352666
270315
204144
96145.7
97380.9
66667.7
340896
296532
126816
124852
160972
154648
245528
220692
194999
114595
582607
6916.32
78700.3
77828.7
6522.52
785789
198668
92540.6
113274
75597.2
850438
91645.8
106687
82987.6
86718.5
310279
271572
389772
183210
231008
194733
82416.9
163445
94365.3
475521
144982
108920
159899
86414.8
236040
264128
211821
480781
382047
433774
326038
360137
328101
302104
446457
417591
385696
415820
357839
335636
328417
305083
427918
455964
456583
114945
265710
296363
336525
162834
407107
134858
110866
82651.6
79779
602960
700171
502855
91355.2
77425.3
491347
185832
709373
74708.8
94918.6
185753
223997
137647
179239
380153
336771
298990
730479
547337
90797.3
68416.9
129366
662894
700035
727461
529934
68165.9
92803.1
96364.6
887477
76895.8
79871.7
341648
111653
187632
212928
239237
126048
115996
335486
515620
295569
580329
659428
256713
741715
221917
183481
295083
179486
222301
260165
506380
731869
644636
568756
508991
714071
119425
149299
204936
832259
566435
293562
190967
103402
91170.3
87704.6
112727
82730.7
97041.6
89645.7
92364.8
57118.4
562482
343980
910883
834683
98062.2
101668
92473.8
82389.9
71314.6
75467.3
143214
134352
108020
98971.9
520767
343984
381654
179120
162889
101401
103957
98209.1
566151
259934
91572.4
92658.6
306801
271591
554761
158972
86587.9
822013
864706
83976.5
115380
94048.5
104766
774125
851374
122534
132961
133576
371405
108012
178492
466062
343658
495077
73993.6
110488
103866
407512
412755
683996
110434
214748
192479
84582
256056
121703
120107
351672
255118
515553
345440
92278.1
99141.6
94661.9
93896
176025
95702
119355
142873
131146
185278
10802.3
95110.8
94107.5
18164.4
13773.2
131291
129868
13797.8
329824
504803
140512
85085.4
85786.4
167157
220191
452304
120239
502524
757961
83979.4
95202.5
148640
141103
794819
651698
143354
145548
161604
164226
100596
106577
705624
73115.5
94007.5
635512
89338.2
92164.4
707193
889730
111628
99910.1
264086
503911
525721
88836.8
628589
802171
102907
96274.1
114182
104341
86696.2
92842.8
91240.3
101818
100225
163060
114562
146361
103900
131670
93208.4
121658
72957.7
80075.5
70023.1
88586.4
96870
55984.9
616006
857037
106738
91424.9
396053
112686
84407.8
112566
86112.3
89085.8
111055
101060
94530.6
88662.3
54455.4
191264
223819
448841
3237.7
37328.8
248106
23956.7
8988.13
245386
178785
17854.9
10891.5
176829
356385
272518
393163
389982
92306.4
435457
129192
93082.6
208108
150923
761930
512854
431963
95849.1
94123.7
280990
249277
315457
76553.2
217880
308268
139466
139325
180224
81620
547965
163026
107932
100131
320652
361107
189608
409415
522389
148564
127998
178268
181951
102377
96396.3
49084
174572
675694
100117
80460.4
88909.9
90706.9
86793
87086.1
77452.1
84551.4
119623
74846.1
96574.6
193937
88436
89706.3
184763
179389
162381
150107
308694
325551
135341
125171
207660
152310
79365.5
85851.4
106223
189529
471872
489472
88375.8
225665
254122
190000
590146
462473
521768
188407
223271
600816
531052
252527
469978
392192
362677
157581
753214
24026.9
149411
199967
429353
336635
377608
195762
113944
139279
522050
260584
205839
235276
183101
84160.5
92150.6
753134
842314
780542
32773.3
303401
7875.85
43672.2
134251
623933
570285
358328
458297
453282
860360
262997
111153
128855
300805
210514
101144
105851
337567
8040.2
32022.6
333873
473159
196756
147603
56623.8
776572
498136
317095
704028
68663.8
104796
114920
127677
98561.6
381059
94883.7
94360.4
80743.1
124051
77605.3
84216.3
73383.3
299565
148014
90094.9
184656
98894.6
1.03651e+06
104491
95553.7
113334
288167
139016
114714
88714.6
525478
696360
616977
579750
843673
288423
690314
911955
788349
80852
94526.1
99732.8
626947
1.0053e+06
147543
103960
122971
711327
119344
83355.7
94214.5
137039
209744
404553
165482
57920.9
511609
84318.6
125410
25661.7
2871.62
80448.8
168404
371144
137327
134429
113187
240255
81718.9
256485
124200
97445.2
90540.3
902632
404699
697963
100461
708396
147176
387422
178986
348412
347780
714088
722318
377588
283777
87420.6
89308
94354.6
93548.6
97984.3
96922.1
94296.6
94125.6
167829
114970
996918
249160
102528
128264
13878.5
144684
4827.67
143090
109282
135032
431770
653950
775891
701474
689022
73339.2
706503
693835
278979
271923
133806
548390
569884
134571
488563
505605
160309
157506
432226
446390
182787
381887
393717
187274
202600
337131
349325
208575
239296
232573
919575
979513
118500
469418
559009
82488.2
497549
682930
415889
571547
764651
382799
379449
112447
105814
1.02167e+06
605248
88443.7
83018.1
97740.9
86606.3
983749
96161.2
300029
110223
139670
263513
876256
826987
508429
227655
176991
148607
250439
107671
113241
100472
341128
98543.3
107066
118457
85929
549747
173412
79095.8
108843
197197
237519
272517
311258
694140
612257
537236
479075
195662
231428
712366
629535
267636
555085
301491
491842
267879
264951
19368.5
289496
338061
269902
373972
273465
108830
816949
89746.1
94420.3
469871
320217
534710
603177
278104
682805
246342
206125
463720
522856
592910
670593
320881
210111
282626
247681
607713
244495
100358
94483
869450
944748
212333
168753
406316
67334
146352
91509.2
103806
92609.1
506889
229312
179970
316317
921993
546250
123164
407186
193381
233261
263542
300506
668064
588797
517479
461346
191938
227663
687810
607602
262547
535924
296307
474881
917748
103662
120102
107656
163491
196910
101151
90534.4
103315
94014.1
93098.6
98017.6
1.06302e+06
96677.1
86935.6
85713.1
169508
185659
144004
399337
497140
278827
559935
635310
241804
714174
208891
169886
208457
280903
246674
487648
621564
704681
548192
167874
552195
201188
19496.3
2441.03
198979
383418
115214
140841
125735
92007.3
782247
867989
548232
809708
523903
116888
787550
749068
339364
285431
287069
343646
272592
355832
369356
269258
91704.2
350262
301810
304778
134968
131830
870922
296913
286441
683884
984629
302427
236124
234919
95413.4
91283.3
903191
102898
94136.7
248145
100219
105422
87020
79614.2
51963
680879
87322.8
957441
990048
106503
114843
120615
149862
141943
348615
346171
195316
202600
96255.4
530391
1.00259e+06
899310
106116
103518
94618.7
705072
316329
549062
655692
717571
108487
736966
863479
254929
75922.8
108187
213572
445767
151177
144532
97711
9710.16
55164.2
54398.3
4332.87
755493
84284.8
372687
94176.6
376247
87756.1
432616
992831
140967
880354
88357.7
311088
263994
134678
448605
96976.9
482816
97745.1
471300
89968.2
99298.6
112026
92797.4
85919.1
72515.2
935890
379329
381311
185988
188947
160589
157380
100800
91462
460366
107182
235764
233795
495906
487091
393517
110294
134855
185184
477991
206911
90402.8
99270.1
142142
265781
240644
210595
83999.8
828879
10530.6
112248
5500.32
111004
341597
375085
284807
325223
233905
316950
236893
813759
120536
147731
104403
152905
407531
189411
107599
102872
652467
277726
122785
114336
243825
276344
204030
635605
497674
560766
166707
203464
730288
649431
240061
572290
275238
507579
131928
114822
208258
231988
262203
498058
257089
206455
484497
151845
113218
167562
718498
306684
435669
104966
3574.87
46597.1
46093.6
14656.4
177281
125094
127012
644648
267394
498975
530374
244251
326952
334133
239473
88293.2
552396
541564
94520.5
541858
644272
654993
101840
195610
168385
169897
134792
144646
172890
185240
369188
387816
314422
303713
271310
278589
90517.7
99556.1
694689
113194
212377
241455
275149
290004
589321
597139
647961
83694.5
156366
560609
216634
495749
439518
162104
148458
181426
92045.5
93716
438564
391402
498480
225403
164605
378414
319275
296030
397208
370949
312041
292675
400753
833132
88772.8
106311
731831
924664
398125
269165
449961
509390
233692
575786
207911
176709
390086
439042
497368
562392
272630
236008
211144
178303
110897
95024.2
90781.2
93463.6
147879
466348
187174
167131
222023
138291
279779
938352
847451
84117.2
808273
481798
424712
161024
377390
212793
99425.1
496474
437832
388899
164321
217572
936783
274865
315395
285955
333362
296996
262237
236440
106727
193164
99145.1
487383
138924
86666.3
78124.2
111120
78777.2
609031
729294
490085
973404
117498
98661.9
89434.2
108345
88809.2
97142.6
1.12336e+06
96560.1
988384
377095
318132
293330
396213
367106
313254
296199
404079
259440
243277
808778
156040
140229
1.11056e+06
539069
551709
125504
84056.4
516715
215055
161528
839798
92406.9
268547
299423
338412
149397
120961
118620
183922
302613
340563
386168
144976
122487
490162
569218
270616
282672
363865
103364
241381
213520
190880
93186.3
338647
661487
690894
668579
270488
109300
407443
257287
206057
687429
304140
535447
43168.7
127890
428948
110075
105378
190860
298199
222445
969232
368955
859876
90160
125873
148933
258617
121894
288357
327247
95975
161042
147140
180695
104724
102944
126448
127987
909469
83428.8
840966
91573.4
152460
212364
403567
514343
453782
101956
927083
106662
69965.4
268267
235551
131287
208828
91401.6
130614
114323
219180
244503
276239
689817
91602.4
210371
87489.1
273910
306450
242466
876757
136184
616880
221693
126403
159952
185469
17673.9
4134.45
183434
87693.3
99103.2
94081.4
85019.5
214425
96474.6
88834.8
241210
103347
110354
92571.3
87717
399785
92163.4
125143
138871
154081
81154.9
910036
220553
101086
98226.2
166111
975325
461203
70096.6
133531
90605.3
90209.3
893321
958546
215244
207113
164181
170618
457527
429938
240387
257975
99087
95676.4
925858
299259
255317
101968
99571.6
212296
362052
569337
206058
154743
174759
102281
314826
121733
547785
764157
937100
84687.8
714377
849234
497235
209982
157479
99454.8
190286
149958
396546
162978
744106
71586.4
202333
557273
158796
191641
90394.5
141999
515443
69192.1
65695.9
1.02066e+06
138031
122757
164473
727667
914884
95168.2
798358
733560
162400
578681
511810
455047
90448.2
1.01058e+06
259689
289933
229941
725805
381083
96057.9
90896.6
980377
617539
978685
371813
93062.7
561130
624287
92675.1
959665
98745.8
102063
174190
92413.9
98696.1
150872
502068
145979
873888
261544
96228
98760.7
129892
12927.1
128461
8388.33
104911
102383
125425
227518
913130
89460.2
88140.4
87994.5
92694.6
126530
158728
74850.7
78656.3
408164
112639
93555.4
352781
396659
449093
139127
186959
291677
17500.8
5847.84
245048
242358
23440
859236
102800
327437
976007
156823
164802
207405
426524
92812.2
132639
166101
370905
327607
293138
373567
296026
112657
267950
82355.6
90616.9
78196.7
89611
602240
444575
286938
289375
316763
426946
322130
342321
419040
171241
216913
424631
88074.8
351250
536199
131484
854426
139016
13065
2778.6
137487
133542
668618
339205
731458
550084
84448.8
123560
228146
571233
176062
204375
155962
163540
191888
411556
376667
109951
194599
116862
121705
398204
275546
143620
475248
107417
10956.9
106231
9927.58
409752
394237
163110
109231
8408.4
59287.9
137597
130305
493182
214518
92183.1
551648
70629.7
246922
579556
69531.5
59760.5
996582
83731.5
111037
87371.6
92740.3
97609.7
759443
116137
91517.9
128965
121294
123154
156035
155195
316317
282322
326455
256948
290950
249352
113897
6740.95
73339.6
72483.1
10277.4
183170
174358
385567
653952
494570
185726
89613.1
389867
1.04993e+06
288066
96207.2
87125.2
139651
119304
101503
231270
256953
291372
351021
98030.4
142492
153353
91981.9
87281.7
89276.9
199320
19373.7
6351.29
197132
535466
585463
123733
47726.2
45271.6
1.03175e+06
208751
96916.9
97038.8
224730
27223
215999
815013
83967.4
213866
904250
169176
318882
648202
370203
86372.2
985513
95889.7
69595
7697.73
68863.6
14607.2
101021
206070
489810
225814
97687.2
181892
242087
586482
114995
796303
106471
438861
151417
356899
858553
431707
148001
693539
339406
370085
78628
399518
450526
507557
203037
149086
112589
492651
428208
617937
128185
86533.7
100699
180736
167400
129754
135665
393447
309208
346199
348234
307433
272271
591136
140744
145094
183717
188951
426876
431093
379770
377835
338250
337481
174378
383506
123201
964706
628419
86274.8
77511.6
226009
177595
924517
515063
237418
112469
830309
110203
757985
424628
708873
191776
243290
490967
120932
305977
152538
121403
5093.46
51904.1
51109.2
13091.3
323344
246132
96006.3
121637
134186
228509
249898
396817
105764
104219
807437
177009
672998
107917
719327
79407.1
93818
108390
92435.1
422342
202755
244717
277870
317494
693983
612070
537197
479279
202200
238838
710133
626646
273863
553375
307986
490101
101010
104908
86488
184878
208127
108063
91528.8
58915.1
91993.4
449955
79467.9
148012
93559.1
81938.9
262509
95866.8
197173
384851
388804
300327
306393
399535
388695
309449
304041
322939
142119
97584
871328
302179
739420
346154
154441
133835
169678
187631
515600
1.02333e+06
295004
848150
81375.6
85009.8
93683.5
119142
96802.4
224631
416444
179076
135595
146694
162838
181858
105488
314276
277344
248803
121420
145520
645162
310368
147444
292175
260648
116505
679790
206281
291668
173161
152526
125415
271929
219526
85752.9
90020.1
669727
852519
409183
366802
325917
133045
175549
855483
712364
100425
735440
564089
625773
209200
922814
88798.7
75683.6
96146.4
104125
109972
817979
189713
244027
493084
156078
143951
301750
123107
96905.8
129304
302140
143294
145787
127768
161978
186897
385400
332175
341395
303315
295978
262042
898488
506611
540049
133867
346506
156821
434166
418078
488978
470885
275824
268098
553561
533601
244676
236443
627306
604108
208220
214699
176883
183285
217070
211227
43555.4
47281.1
610905
294028
290830
117592
85988.5
151843
127350
305432
171309
206409
762894
526342
126745
501388
632421
139276
95621.9
86436.4
97468.6
129992
143195
606958
387637
101379
104604
107504
213284
210373
275375
271497
548074
564116
95450.5
557326
427033
495094
100029
185420
104864
103860
645233
96053.2
87110.3
295286
139623
111444
109437
179131
162479
182109
124362
651382
114299
26670.3
330067
124614
135878
427595
528097
538216
362222
362121
63883.7
7652.27
63226.7
487953
243333
235854
160480
1.03187e+06
879592
628114
236308
266021
298477
144049
117806
186562
629675
246792
119569
93999
865753
89843
91713.4
96157
286806
298308
393490
410717
325676
338833
376187
363288
296061
286660
422957
406648
750699
87112.6
140173
944118
124237
135650
284054
27685.9
679.45
715275
102681
129489
563750
71270
71334.9
848857
786045
374699
212603
202973
873392
282543
50225.9
97139.6
666019
500015
90759.1
69164.2
608876
693345
698302
877322
90699.1
134430
96563.9
885566
76404.7
276503
114133
315700
105276
330300
325584
378663
384729
96222.9
100612
485497
210293
717086
118458
97127.8
192686
111470
284931
273162
116050
21360
70635.8
9607.97
99538.9
98431.2
6979.99
310835
293356
389123
440075
372651
212709
421262
345851
332003
204361
148922
156976
490194
141967
707751
610507
631624
228808
254013
322999
268500
908237
253636
155371
220851
573831
507122
446927
398742
524760
78852.3
91869.4
84571.4
173570
181674
502483
539424
728545
130527
435719
388639
344915
176642
491961
100706
548826
93048.8
85467.9
81221
95048
104725
220684
198811
536033
255424
184140
144917
73612.7
455470
165807
37983.1
105724
109513
245876
77637.3
160769
115601
111462
101822
103860
126770
125876
247983
203031
53204.2
115579
106965
220316
199487
176525
199393
248597
566567
135544
121676
898207
101683
96455.8
497343
163632
142892
303188
855991
563181
589562
202921
363879
181324
147959
148643
54179.1
303565
255588
778437
94236
95560.3
175217
156736
139531
99116.8
107213
287624
134812
823462
194391
193519
565456
248497
125002
269436
238252
586691
218673
275294
246885
136795
111909
684496
101549
94576.9
94617.1
619740
530024
768094
465675
480610
765218
91115
281841
383016
1.04392e+06
173585
90444.8
94821.8
340432
436406
382774
135445
182956
93095.1
498664
94402.7
91738.6
94121.5
91303.2
135684
92655.2
85749.6
100051
97916.2
183391
731856
808764
197586
579139
197598
400472
425962
89364.3
371000
137426
75703.5
462502
880309
107573
108990
409489
98432.8
750280
101362
100435
175356
536196
400713
322004
437569
314365
236103
155556
159391
155377
545525
128728
86824.7
126320
81861.4
92585.7
834553
551566
109402
156906
187685
146690
153998
124841
131643
374938
367670
95464.5
94467.7
84228.3
95317.3
72084.4
848627
125789
115679
594733
110278
94838.6
121270
108165
134391
79971.6
78745
828711
659696
266929
200231
844331
100571
295077
400359
385089
99447.5
288720
122038
102144
83920.3
456240
93981.8
101900
105843
898319
95807.6
593715
265270
99194.4
97167.2
133953
575514
131158
131792
173318
216490
155120
96975.9
96552.9
361719
321356
850731
96501
144399
132187
506504
624861
154148
101036
132426
120170
250192
123977
668051
656745
764087
789468
121348
533585
726306
139301
135240
576523
543781
911309
1.01861e+06
217990
473654
90286.9
91784.9
679538
96628.7
588566
86969.3
112047
118811
65828.1
90804.1
750263
593357
208389
89071
153823
504196
198080
875528
346217
133337
90363.1
106995
92431.4
91801.3
467947
199187
100998
89097.4
440803
830831
168113
129791
890109
104362
338526
123405
822041
102224
98777.7
106357
201785
457233
333494
302136
375742
959155
310618
338273
192131
197846
250010
257738
512770
533490
165084
159152
209506
218347
430247
85840.3
437987
471313
238055
119873
524494
537279
227378
198860
471861
465553
87934.8
90984.2
90029.8
90861.4
1.02683e+06
81930
743361
461137
883308
89571.3
91870.3
466406
268101
160961
298713
339056
130629
424294
112046
519051
1.0789e+06
98886.1
127964
124164
132077
134739
144724
150082
162414
172558
191628
85327.3
104310
102965
90993.7
93013.5
83955.7
533203
686785
307450
353309
252043
290724
605643
62903.8
303393
307411
226137
215142
95067.1
878296
62230
359963
311665
261137
241125
539983
127423
118696
498660
430507
114191
87100.5
93598
92506
102079
82395.4
485218
176194
222384
442040
982723
828987
487596
309309
96374.6
545321
580992
296857
335980
285725
152542
96943.6
908385
95147.4
192445
182125
153758
160033
223538
256729
211426
242562
602013
564412
466911
436587
529644
415719
496188
388180
154314
158060
182065
188883
599193
613547
211112
217391
529826
543176
239323
248205
469670
481056
417934
427962
959645
59264.6
866280
99734.3
497889
303592
305325
341728
344718
266855
266455
120542
121399
385110
380907
521004
118846
104202
210109
770448
812674
91399.4
88578.7
782771
782127
154893
431575
391304
90842.6
158879
645578
316162
96401.7
159625
241069
207063
276767
171153
654835
577149
508033
452385
168422
203813
666853
234843
590969
521929
268990
463764
116619
109511
164262
181948
205193
217054
312811
77517
78594.7
921401
902818
812968
87954.1
95733.4
109293
100536
100654
329230
189288
85874.2
408221
89302.8
541431
101131
176315
199820
225643
757082
118327
377872
171764
153624
204881
229410
540077
478861
88025.1
547268
90327.7
125628
156284
827899
155621
153621
202296
200774
450946
447818
397160
394610
353077
350658
95357
94298.6
629992
100714
116069
47983
118496
150815
355784
315315
282569
90840.9
96108.7
263946
355717
262276
363752
609519
247353
741197
80771.4
94410.1
120295
108510
100818
101880
646895
213902
84739.3
169889
192926
812771
90937.2
86961.2
98401.6
233719
88683
77531.9
578204
1.05523e+06
139465
839847
180544
116142
260282
972636
98079.9
325050
337517
104939
100226
87787.1
1.04491e+06
81342.5
112922
89167.5
100928
78190.2
105931
581515
88576.7
70525.5
863278
406940
201898
666437
265391
607099
648994
889676
329232
326454
430555
95608
100562
97991.4
143733
86136.3
973198
751563
741990
868063
584780
420654
168594
592960
232258
523748
464612
36706.4
425256
235544
696542
634499
75796.1
647801
121071
322464
269417
48619.9
389042
210275
168831
407272
83649.3
341006
494675
500124
95065
594277
280952
1.00572e+06
700231
118178
128017
281355
607499
251139
817447
868694
134224
98863.9
107295
1.02444e+06
159254
224020
96375.9
188691
772772
182728
171168
299053
300953
217430
179130
249714
285333
572063
649088
503013
448517
178461
212239
662959
587015
244982
518147
278029
459960
76575.6
150830
504268
447436
203086
396411
880086
149162
148356
84007
524002
323884
322750
144506
626009
622052
855278
408241
819613
340327
609700
76532.1
89977.1
925879
156986
255683
344576
80813.5
9704.86
79988.7
116999
123149
91712.2
128020
375971
790717
108334
223694
301259
111337
491822
908070
486484
151769
150113
15511.9
12107.6
342881
385409
436798
198056
143613
268619
113968
135862
102772
1.09598e+06
488935
20676.5
325504
324725
288968
262573
264265
288037
80794.4
91567.5
130519
106123
125678
128504
50051.5
102920
147211
91697.8
91976.9
95052.5
287110
8368.12
283967
27439.7
535233
896043
769248
739349
75997.5
131671
80400.7
44326.4
119515
117363
861529
855841
898079
984169
33332.4
136340
187955
186322
545473
240607
99274.6
98640.6
667219
732750
124395
37779.5
86749.3
139580
898436
142242
991638
49971.8
89629.1
90887.3
1.03223e+06
258601
753717
407297
395245
351066
361862
97778.2
368382
413107
469620
217137
161887
93613.3
95948.4
95407.9
430463
268650
484821
549429
237524
623612
206958
175386
463301
413872
527242
599062
273960
239295
210219
177385
135148
137637
684977
119913
70954
92514.9
88720.1
86569.7
465992
171200
747827
128910
106534
501640
99987.4
105839
127822
307219
170958
795511
61046
867092
924156
478200
897635
116573
909621
845650
827947
89308.8
791513
99876
102055
97571
846370
88234.3
520315
94360.3
103581
96302.5
106905
90336.7
88254.3
87882.4
90830
172444
112753
251537
224278
284750
641613
856687
271744
952141
793008
562099
104228
291046
257194
231638
109238
359594
125152
146335
57958.5
98998.3
537761
258150
302141
804735
137532
619408
86171.1
122997
124875
180851
164127
226743
985631
214456
245718
149853
781335
792145
95784
480064
96863.7
225265
101551
55117.5
52378.4
95529.1
186624
236757
469001
108789
568679
95581.2
109826
103951
86885.6
172141
193215
217526
260580
961650
121825
501443
915631
867140
88919.2
130774
860911
760148
90543.4
89244.8
91851
168420
214103
445587
128510
111152
280982
220724
248701
87243.1
759745
97972
93356.2
151191
454336
89448.5
87323
101529
139780
140879
187452
188839
404872
407456
360130
357685
317708
319806
251933
248612
278843
283596
117815
110912
63652.2
94359.5
93037.6
742759
162460
151320
385982
806115
517091
83707.2
116567
835644
105361
99890.6
41823.2
958782
587694
94015.4
87123.8
314249
892877
805820
85726.5
121825
907900
106411
58698.3
111583
447990
975281
95064
96085.3
110594
105981
195599
135418
790285
835899
64639.7
90695
63201.9
111942
84973.4
344266
334941
150647
146638
115491
121168
139136
916089
103360
84675.8
659918
136637
134912
164050
163143
323752
330935
78446.5
94792.4
779825
123056
153275
314043
141929
106212
130318
115771
99410.6
198267
221422
250318
319800
749554
461150
84370.9
79940.1
98809.1
76058.6
95133.1
113648
92276.4
71583
85533.7
75672.2
85407.9
132216
135089
127450
99079.4
741358
92257.5
97855.7
887348
79047.3
112408
126557
805720
793029
242507
88377.4
94342.1
99246
100904
85984.2
743767
760474
84401.4
878400
976606
863848
92170.9
958899
560019
568599
558831
111514
98570.3
581783
785920
81711.9
89954.8
177479
796000
119898
332089
287449
583390
662103
133843
118495
321157
814321
140035
407471
363224
301101
259039
75028.5
83229
386769
758825
192622
643680
511143
156764
200682
75279.6
99371.5
801083
682146
103633
627013
738550
765510
154704
562760
498178
443015
79082
366605
820161
211758
297988
82492.1
90017.2
181348
620234
111683
245365
300345
407777
356974
779950
369329
752677
623488
389240
385028
136419
1.03775e+06
296246
204366
666657
859471
282099
131997
579868
126896
117291
104985
321967
135147
136465
165936
169095
428823
432334
827325
153386
190030
375566
413393
463650
526924
246073
179461
1.03284e+06
9261.19
78840.5
78000.6
1.02598e+06
520386
550112
600760
890605
342140
13544.4
130779
129352
11661.7
446790
319212
351675
404920
318687
435694
351755
415633
191292
89051.5
90382.4
187133
204310
18005.2
1.0211e+06
298395
93388.4
525729
103544
113870
483917
547946
822211
169891
139244
118741
278337
311343
352475
442842
70721.8
464629
140702
429274
889089
155293
121662
532730
144072
786094
93733.4
87249.4
276915
348997
156715
147552
15000.9
145938
10629.7
885953
246261
23817.2
7879.79
243561
91831.9
82695.8
238560
318826
235329
325564
109901
112501
101828
925144
865913
534232
147389
161102
84784.2
602461
763488
869548
20089.9
98974.2
127204
159143
356993
315888
282705
97142
94912.5
754818
391028
800193
95690.9
844608
447665
314277
399438
354130
438948
313893
251286
121114
314292
152627
178891
572978
230800
376720
277678
7542.47
26683
274636
83294.2
914798
90628.1
1.08648e+06
116003
177915
100526
96217.6
265707
169994
32730.3
276354
351998
85573.8
100296
1.07443e+06
98922.1
93823.4
815554
135909
397760
369610
92013.5
890783
128963
64447.6
471048
181166
144166
862529
750787
158942
85947.3
93737.6
839900
102357
94464.9
113724
98540.8
220389
77982.1
941455
312451
283446
352231
78803.4
51103.6
124725
97830.5
95383.1
313243
250449
195112
391787
524476
7375.84
79587.1
78687.3
9376.53
94886.9
490429
284656
552255
626255
249186
706587
214835
177700
478744
537439
611308
693413
179900
292050
219564
255094
101110
449605
315157
357328
399492
436536
316127
615961
75534.2
70321.5
111117
281465
249023
222803
411699
150526
172558
194190
368167
107927
97548.9
81487.7
90167.6
627937
137017
137085
79388.2
397142
360715
65404.5
1.17257e+06
72616.3
148392
871138
420424
98731.6
98738.5
183592
341246
941756
462557
601667
343312
295718
511610
552913
90162.7
86065.7
94429.4
404522
66268.7
82347.8
99832.7
109996
215447
207954
92211.8
114502
226549
81356.3
8358.75
80460.7
12397.9
211017
91499.3
9281.96
90481.2
11118.1
940714
133775
169925
361916
10681.6
96635.6
95599.1
15217
11648.3
108353
107181
13791.3
88763.8
182576
576142
1.1541e+06
931405
724030
621310
607693
277939
114606
248063
410830
352832
886568
622725
85919.6
424281
108905
943629
307893
132642
97371.3
897946
890308
98044.7
355593
571823
96174.4
102986
461065
456039
19968.7
203473
8729.9
201238
17989.4
181246
9346.56
179259
93421.6
93166.9
659664
92711.2
7333.17
44069.3
575853
882968
72006.8
75285.3
1.03944e+06
97282.7
110200
323074
185119
202265
147687
138095
474050
427529
417540
375758
371395
334123
149593
520672
818552
363061
125356
160761
293255
333607
377433
122554
915266
755357
123694
103749
104203
405538
299560
211575
688724
444025
335080
343139
426131
102616
552104
24416.6
827350
90335.7
97828.6
214263
119814
204812
241816
313435
276057
501488
642966
567600
443581
202596
238622
656487
579090
271771
513012
311530
451094
330084
328984
235114
236277
7221.53
36419.3
594022
816614
873226
225070
283672
914093
818286
27168.3
182423
379940
375780
127519
464414
94455.9
87571.3
129827
554730
469480
295919
303436
263280
258712
155716
160304
897236
7267.53
340142
336422
32551.6
812323
222526
185748
624875
122387
218821
988351
169480
16504.9
6534.83
167612
563385
152166
14772.5
7102.12
150489
103434
121031
253388
157646
95339.8
101389
925343
868646
496215
321042
93440.8
600494
485235
79894.5
906596
72437.4
94075.3
842068
99134.8
97224.7
91675.8
117886
1.1929e+06
324337
293588
453036
407613
323467
291162
417735
462897
109030
104815
518255
93449.3
89930.3
95815.2
90252.1
899524
261857
261224
253086
230741
410690
76855
200118
198182
610164
138236
5112.5
31055.5
807693
146383
149898
94552.3
543000
258040
223540
634255
96050.9
104306
114020
137976
125397
104527
951646
877580
86009.9
88052.3
579634
380540
187688
546842
185944
240566
1.17877e+06
322462
318926
99589.3
86223.4
135725
388384
95550.2
815749
217749
321867
189730
361789
171905
410894
467209
147382
88889.7
88330
400533
321077
810649
878694
96754.5
27780.9
1963.94
402787
414958
1.03673e+06
223971
262518
139339
152922
171198
98565.3
970198
561954
768112
94609.2
204630
20226.9
330757
316427
923014
111894
93480.6
89737.8
694505
96848.1
476116
793245
829592
235553
140051
118645
93021.8
904899
554539
271585
268122
387304
397931
232999
235310
450352
437380
207811
210633
509029
494481
176305
178377
574887
558698
91762.8
90541.5
23168.9
443133
101569
894950
92654.7
227284
195428
199988
266321
231814
261613
161736
164417
626972
642571
564478
552022
432234
485927
443061
497959
159380
165092
200023
192344
654419
639402
227944
581028
566204
221710
500565
513304
262295
254285
456347
445085
101522
121194
108513
98795.1
87353.6
98536.9
170919
548587
430539
482164
622301
280156
244305
88791.3
78387.3
622756
102663
454653
100984
1.01043e+06
533389
94019.5
491869
291361
554223
628335
256388
708811
221628
185056
479684
538113
612263
694461
187983
225656
299056
261632
747819
433563
190475
127535
109836
748770
495106
192028
153113
235948
89703.2
102189
94677.9
285760
5157.39
27209.4
282630
100992
100834
100843
103842
190158
104558
92399.3
865741
170889
162569
208894
210868
394269
398342
99335.7
584691
387904
759620
555104
217958
168961
92491
658218
637078
482082
788153
88227.9
85773.4
802134
130495
100685
89751.1
79395.8
82714
120874
779964
101152
90724.5
244051
178011
398809
403948
462627
451051
162683
158278
203532
198927
704610
878005
184090
216863
84843.9
104902
469362
799713
95318.6
93982.4
414003
311435
93426.2
110534
159021
94580.4
91231.6
175166
160481
193301
176157
140578
154417
106663
105183
93266.2
105099
171294
94802.3
663618
818495
38166.8
5999.77
100144
151989
200815
431802
79731
83736.1
91588.1
168007
164002
104026
122207
105360
123266
654618
481822
128513
79464.3
84599
81366.8
140956
143626
216588
239318
106589
97486.8
98594.8
110604
861982
805960
566908
270321
364189
267288
373250
257628
749206
759111
144437
943053
667060
111774
405128
211832
214243
192961
235334
167847
185904
700368
92739.1
77937.9
731676
919788
962548
807607
14974
156216
3812.21
154495
442272
220286
332727
194177
374254
424815
173289
479905
150406
2413.93
35637.3
177852
181417
243681
247852
476347
526734
463017
542076
412766
425690
271967
302493
378602
418509
426454
471946
483567
534114
546766
604576
245509
273173
217371
240044
214710
193148
190848
211929
180018
165450
115971
411570
301232
99226.2
99408.9
80185
130596
159511
322995
100967
288114
316437
67481.2
63317.6
222973
922715
199870
199634
509349
506319
155587
155574
763533
766976
106604
108000
527947
117366
309955
354035
399775
130532
116285
94778.7
112223
138662
101593
125837
240464
140108
312367
305697
354665
350036
416825
404112
455086
628537
141769
598120
865378
591596
173856
194126
101315
480981
91230.3
88329.8
101828
94486
179501
124382
195596
159102
139043
624879
249195
175335
197091
220454
112308
103260
206145
188994
105460
796970
391191
386912
800596
880463
267649
283983
277950
95184.2
567065
816753
401020
95435.2
71032.5
1.0498e+06
156828
209917
489220
431748
384241
258355
583245
98574.9
385811
907168
98288.8
48432.9
105530
807688
109794
218799
194684
219822
390821
441743
499418
197315
145966
302663
310993
608677
639180
1.02633e+06
97159.6
54023
86984.1
363815
383353
322954
340384
305601
288652
551344
95298.3
120388
126092
134756
324191
99726.2
64188.4
195182
251802
511761
606376
217103
952764
102916
123468
285824
710992
868617
211617
890132
231237
841180
674712
667314
76306
260517
7529.89
49235.6
43315.5
57459.5
663624
93973.4
420695
293295
303592
148288
146010
127327
123825
86539.8
94215
98610.8
74498.7
99293.7
97775.9
890898
206708
165587
424435
433733
409612
171525
107697
385791
362402
93172
211899
218359
249865
261845
49518.8
607706
106532
233540
259201
293787
109744
101350
159961
179819
197230
88855.8
102771
361964
427935
867594
33000.7
5961.73
391547
96139.2
104897
192211
129232
566369
114108
295103
848127
420434
151028
808732
100189
1.03779e+06
546155
87485.2
99831.6
482.426
22001.6
234776
232204
774903
220920
177912
449009
808595
96520.5
421251
91932.3
727567
104814
249466
222644
74021.2
90010.3
114242
80234.3
87025.8
130597
956849
91498.2
84634.3
526434
520697
983459
102333
74843.4
950117
409802
971914
483912
20897.5
931628
761381
522743
707846
566778
101420
234029
98932.6
121866
113953
255924
558508
156086
154101
203458
210041
265834
272907
140872
91715.9
76437.3
86915.7
296749
293498
168242
165947
104153
107057
120867
102926
201775
221143
175136
94384.9
113713
1.02333e+06
596688
893320
833364
172938
132259
371208
292058
328635
733030
237643
472105
463843
256157
258219
532969
523802
593518
603072
228324
225791
681860
670023
193299
191321
162923
160602
187715
259184
194259
229414
254387
227443
592709
579875
515099
467339
526759
457207
278431
285351
595776
615573
237801
234777
497959
484760
379746
390879
439916
429292
835018
85579.4
60938
63323.3
132461
139630
570159
1.05379e+06
286779
5487.04
64660.9
11077.4
63946
94682.9
479269
443812
308919
288271
500668
541781
566419
612546
254024
272169
641394
694011
223619
238483
188487
199937
471305
435907
528622
488396
601066
555190
680803
627794
314443
295509
277666
258839
243657
227733
187731
200899
352222
356563
400997
396638
184571
448019
443915
184892
137475
137493
135260
164406
150401
590225
1.04223e+06
213761
145617
394159
501078
443220
95575.1
135995
121460
93942.4
82534.3
756882
97077.7
96164.7
257253
276114
196778
149690
139807
183328
471381
496320
108400
239786
216042
191303
104634
97579.5
249288
235918
881834
384515
197655
126554
220053
126520
98527.4
85823.9
367356
155838
161008
656375
673818
251838
250458
204074
89873.9
85603.3
402006
98726.7
111717
346223
342414
886052
648110
133942
99378.7
79799.1
98616.7
513260
841541
788196
107036
381067
649493
932484
844806
95507.3
146673
387323
100624
493797
312283
180629
170106
208506
241405
275503
631938
556912
489424
435882
170521
201856
644840
234929
570864
266136
504066
447731
896640
141758
137845
8079.24
50901.3
647013
633455
311392
317768
122099
555755
263708
554113
102122
104517
416428
284057
472645
246641
534038
603861
218098
185393
407760
462607
523130
592428
249962
286287
187006
221877
835237
489118
110761
603597
129228
51269.8
343721
939372
346630
101692
90291.1
860446
860255
101173
434950
197904
116975
78545.7
128235
85688.5
104882
74514.4
89103.4
95681.1
480873
430540
328160
333387
419039
945789
644582
256947
191206
792201
469238
1.21758e+06
83532.2
90869.9
134207
102903
107581
92115.5
527923
466832
411565
162501
365007
189614
213111
242793
673543
1847.38
33707.8
16440.6
35458.8
55782.7
295290
427404
294352
484665
256294
547501
619390
227382
192598
607121
419080
537812
475476
259300
194527
230410
297155
573292
622963
443153
100870
115492
440992
102374
646689
234653
101211
120814
968960
123360
383284
92806.6
309276
320777
246317
251844
387533
139310
620418
322092
315055
249598
259342
721834
81604.7
107845
100032
322470
329226
308660
296265
435928
1.03673e+06
119688
294256
330607
261313
154242
317333
129054
116351
713973
772095
659799
100595
55299.1
882345
100456
95900.5
871104
67553.5
8301
68303.8
5750.49
370880
123759
146628
250888
740957
93757.1
95018.6
58980.9
86983.2
617812
123206
11672.9
124580
3706.05
84518.7
398909
358263
743844
160406
833353
96340
607079
841737
365802
96979.2
582976
98706.9
310017
423757
539417
474741
611885
237689
271880
797866
98485.8
172926
488379
219534
935108
89519
94916.5
95578
391450
28471.8
186705
95222.8
94190.8
663752
100013
796942
268926
437839
966801
110222
239428
266218
301766
401024
318440
160040
127972
174234
70194.2
108275
128691
118346
49324.7
204392
102663
840579
76574.1
153600
101709
91440.9
166830
111582
397570
87215.9
90690.8
299488
327355
90481.6
84909.2
844072
846683
89234.5
109424
96396.7
118606
100966
94336.3
341240
368560
403342
422772
913417
474121
241915
191302
477531
99046.5
312747
398202
352437
140299
185518
86006
172730
1.13685e+06
297575
490145
154751
87986.4
479816
933019
170870
157375
308391
295288
829204
1.12194e+06
1.05389e+06
320047
322845
761424
385015
374112
818112
103550
91777.9
1.00759e+06
89448.7
92850
91976.8
88370.8
92612.9
111116
116467
89520.3
132110
41683.3
98451.7
77693
80404.1
779510
93573
104266
97834.9
111943
124969
91523.3
139196
94206.8
113347
126557
255568
151200
49862.9
99137.2
126433
138075
100118
91703.7
111254
101387
213156
197019
529356
239711
145767
125021
106137
229782
256086
290298
361507
805637
859245
104523
108388
81634.4
92525.1
85976.4
96533.9
103313
114429
128741
799208
99057.4
1.2018e+06
917191
94527.8
80208.4
100667
76694.9
110866
88026.8
77875.8
85245.1
950855
111235
104767
188109
207106
167437
94603.4
761373
797450
730127
206224
788758
301539
884379
127302
97599
95334.4
95547.9
98215.1
355296
119738
138414
580354
106706
99968.8
149247
152080
623571
639356
579398
923196
672056
698870
389897
74097.3
664725
974007
1.0271e+06
790999
293764
296553
217476
225186
59876.4
245712
221839
197041
103282
119551
387468
288370
404640
98858.5
70942.6
496142
317512
809875
85320
69308.7
156524
82959.9
887729
111153
723812
287130
271053
231984
241807
877354
92250.1
94396.2
87847
731784
430378
201788
156945
189559
229203
263060
300356
683173
602187
528981
471664
187743
224519
699191
258506
618959
546113
293437
484386
758254
97655
566557
61989.7
224251
509664
176361
549358
103322
958813
334726
254278
86865
142088
100783
56573.1
1.13889e+06
342105
345778
148402
920317
149560
13187.7
138526
136995
5432.39
76524.1
37738.7
851434
254356
301950
180119
213867
189330
195833
100614
107927
90897.3
103030
842282
6994.81
47351.5
92425.9
358767
174562
143467
102818
100922
89930.9
92049
1.12573e+06
83075.1
772445
69288.4
554182
93866.3
976685
1.05482e+06
115434
140197
79050.6
458259
276140
248567
218081
92172
112519
115860
92245.1
99288.2
1.01975e+06
346943
381554
47302.1
6969.71
53196.2
4995.41
243372
240709
23084.6
558630
789293
53357.1
135470
518079
954166
189818
215416
195801
171860
105547
311055
237600
101005
548416
333321
598772
800633
139504
115989
275988
182782
677412
99213.3
408416
465545
158024
181349
143329
128437
171595
205975
239451
274322
633561
491605
558567
437827
168608
200568
643651
570443
232714
504086
264329
447856
94091.7
176434
215062
164625
201590
256729
289826
241966
272827
730089
570409
645848
691925
612543
541740
507302
481242
178598
168943
201911
213270
698621
742634
236079
250747
621825
660442
548319
581400
270647
288963
486489
516415
230095
287314
675775
55748.9
93503.5
875417
244155
235592
819428
937123
671672
1.03894e+06
96732.8
140935
114157
861344
79467.4
17135.7
93981.4
93217.8
155485
128163
142794
241521
295067
3835.64
41596.5
18074.2
42314.9
99874.4
787927
740704
119605
143744
273340
843913
520442
122165
128823
127400
12503.9
7761.36
871252
147873
229679
199516
499470
344817
439233
387601
899168
338728
295840
971240
207348
102715
102963
549450
486158
429031
380585
167993
194594
249741
220308
198579
634247
885062
97222.4
530173
699017
137209
564328
264387
193419
307645
234946
103233
111119
538515
254164
108217
749100
335298
364421
683114
268869
849043
99686.4
429217
424537
253309
291233
121689
127147
116561
117854
56091.8
932822
90214.8
703762
721307
167876
119660
979548
158538
340742
389293
703957
933189
298948
230368
353296
352902
141697
148441
128878
121378
110764
127818
228161
206288
182188
458261
513969
583855
661228
198069
240477
310081
273024
198131
674032
235857
594948
268698
526062
304924
465603
619471
1.15597e+06
86369.3
134115
103233
107292
249243
105181
170252
155358
136576
795108
918645
653916
54181.6
721387
779168
398899
375421
383187
352488
91060.7
755658
255199
583955
577584
95595.1
287180
788604
382640
380440
130282
710310
503208
605083
150128
127566
760962
134551
598912
243451
181324
95161.4
482495
117643
152781
176673
60429.9
927412
101944
511871
89438.2
92167.2
506296
96705
181341
1.15954e+06
73314
537243
95221.6
437215
688688
626955
1.02803e+06
108926
127046
212289
107465
195133
175910
156397
6741.8
40972.3
91415.2
79444.7
356840
500917
99228
1.07153e+06
93844.9
89796.1
367672
398347
752147
355669
376808
727824
4222.5
244344
23485.5
241673
713119
328803
154711
372317
674205
160545
261297
124159
105824
905264
611927
575559
923857
50165.4
130483
12648.5
129044
6378.08
104448
101449
174515
137240
158615
151968
122531
140637
920655
129383
117439
128233
152694
171947
358737
409673
324166
367876
288242
326633
940806
383436
429793
488824
227540
167024
249738
79771.1
81451.2
96729.5
538308
208363
180481
400680
456309
167645
145464
100776
92374.8
87521.2
782006
386728
356079
406171
344080
157949
164785
738707
707286
621744
99307.2
99616.8
325987
293844
367311
438767
160249
693036
126560
6584.53
56790.3
55986.5
120694
138370
265329
157639
17426.9
85686.9
828233
845116
1.03557e+06
1.14104e+06
186185
225973
261089
297948
692960
610825
536570
478165
185363
220473
705770
256513
624986
550912
290326
488743
952642
992563
725984
100100
106143
808300
865312
848302
799449
97079.9
99165.2
91481
100014
118012
98138
108429
273571
211990
155946
140052
535970
893806
101594
103564
41072.9
95586.6
83395.7
923955
78633.7
81647.4
318968
427063
261351
3316.48
24538.5
258490
93828.8
229898
179082
457099
99408.7
83587.7
147126
810994
300358
95517.3
112230
12203.3
111026
15860.8
221567
172160
497685
175382
994990
1.14495e+06
510232
281921
574871
652657
245119
734367
208479
172426
250360
283229
169757
209121
722217
500051
637847
562821
140013
116811
266572
331470
747670
88866.3
93355.1
133786
54555.1
271471
118314
95877.6
87367.6
51908.7
723786
123989
82087
84733.3
107647
127981
237327
89258.7
90944.6
91597.2
90887.9
116626
141316
133845
148399
558631
97948.6
118244
5975.6
294902
291666
28291.8
796707
371508
393690
758445
141792
220286
426816
215645
141986
91153.2
86731.5
76911.4
70923.3
71979
87060.2
163828
523986
463966
190854
409595
213161
362908
244339
172251
110644
131583
285332
289870
82654.8
122298
90919.2
20744.4
211462
9865.26
209144
270307
479554
466153
126623
100500
98502.8
494513
90946.3
21220.4
405445
87854.4
378952
831242
202415
330844
370545
418834
181309
140443
870613
157093
101268
89803.7
92505.8
600815
221390
244859
276244
107257
149239
910920
211242
252572
1.05197e+06
708441
123317
100727
163359
184257
230602
356591
416857
248009
25058.5
243746
28169.9
687204
513389
155556
157289
8083.55
15509.7
78819
72492.7
775749
789669
81715.8
290847
18169.5
7238.94
185596
187657
776363
659498
488050
524884
271201
285624
550258
591100
623932
671386
237827
247476
702024
755080
210564
200804
173565
169356
513634
578379
654940
540345
480110
611491
201071
211989
253906
286749
271714
241061
162067
744019
358377
403250
106276
133685
122429
413263
284909
318311
359736
158345
125486
181697
1.01067e+06
276634
85072.7
560393
84421.8
405203
371297
165278
773543
1.02314e+06
167004
161345
216641
249029
555515
488567
430170
383906
777870
75660.5
76513.2
863382
74772.7
75187.2
7893.71
395446
391120
37494.2
85633.8
104084
228227
202942
10349.6
100013
98915.9
11765.9
74247.2
68170.7
228409
254550
288313
355202
133971
114500
98691.3
84385.6
9026.53
13747.1
83476.1
806742
883157
58337.9
556470
104244
73849.6
73162.7
400024
389432
784771
83235.2
90773.2
92891.7
142470
848445
602677
103675
108837
111249
103651
94829.6
594343
607716
156036
430336
200210
90652.9
279155
152091
158193
163838
764382
709698
367662
341035
382855
410423
94343.7
87647.8
97734
272118
222463
246773
208205
151328
130779
317415
189803
831005
85077.7
89309.1
805827
539445
79754.4
91470.4
123226
113946
103739
134540
112310
123980
89589.3
93626.3
669046
605440
427285
389675
414986
739765
488737
108492
133025
156953
310257
173677
88913.7
846747
88367.6
79850.8
113431
838285
757394
154993
275720
116576
99128.5
865170
517279
146881
120936
248896
170606
106246
99378.2
99407.7
96195.7
198407
784213
180080
197550
129887
117307
158972
141641
106043
105317
1.20459e+06
311098
247440
201841
95281.3
878635
436126
186768
548681
240643
319402
466646
242035
191744
418567
41115.5
275310
187421
215825
192894
173267
111381
68321
361602
91055.9
85745.6
617643
172069
242766
208848
277686
655432
577656
507936
452211
169645
203520
668270
236365
591148
521941
269586
463675
697282
708735
700319
1.18939e+06
563539
87686.4
619365
317711
488059
100085
97290.1
635268
70476
76582.5
5668.51
42782.5
306926
247677
505155
84054.9
251496
609877
1.21403e+06
221424
647083
229720
79073.2
50015.5
107638
113587
159047
265104
1.07167e+06
165252
585004
228520
516787
458335
65120.5
68987.9
116230
1.09322e+06
742622
164818
694280
172134
35280.9
527254
102342
220258
559361
170316
145022
154868
863709
90978.7
297715
190608
1.19881e+06
102809
161364
100925
749474
96902.2
96170
87852.5
109838
99260.2
164572
162168
131993
723385
95274.2
125239
115907
140203
96296
98232.2
107795
364166
1.05072e+06
95064.5
324756
363460
409832
174003
133872
491700
228983
98818.8
90417.2
80738.9
103697
85073.9
110893
107156
146722
86447.1
162013
407958
843014
196852
657156
259905
89167.7
615818
180325
148980
148873
543251
111897
437466
467468
136399
175184
409015
362445
323663
718794
71561.2
89925.9
386436
436317
491656
194740
143540
460004
711751
6394.41
44764.7
113588
523604
73058.7
70742.2
993035
212992
180274
85582.1
222675
159129
192144
255453
410000
594286
460689
523657
156520
185260
609207
537456
475739
215879
423189
245411
203393
214471
91942.2
44783.6
82283.2
91449.8
61928.7
475329
126211
50993
6356.57
236588
127564
51214.8
784046
870969
87926
937352
628409
106729
110612
90773.9
635134
76552
83084.9
290473
240544
1.04389e+06
913654
96133
93367.8
75795.6
9835.75
89914.1
88945.9
14447.8
11000.8
103786
102659
12742
90301.3
242224
496155
184716
383603
388986
981138
170012
94170
86971.8
78953.5
791826
902524
19014.5
194416
7981.61
192280
16655.7
168797
8730.91
166942
124890
87775.6
93100.9
214076
229160
296808
274594
92054.8
88984
34973.9
6631.69
902479
157589
687176
22672.9
364528
360538
933915
96882.8
6665.66
317975
314488
30202.6
26132.2
163941
129919
120173
144932
155957
80312.3
85082.5
87107.3
974795
94101.8
442926
499634
565088
220841
160601
623390
196791
100113
414304
635424
952920
89498.2
89684
111250
709165
792479
252456
635323
192348
72052.5
147093
192918
441719
389041
346541
97609.3
701711
232774
191910
84483.1
726461
888189
199934
252272
184095
906164
1.09536e+06
97867.8
718620
37936
642207
68184
75958.9
78876
130739
101245
91855.8
236750
212567
365595
103119
1.08329e+06
291553
7863.07
87173.6
86202.4
7920.88
76962.6
162282
122075
100569
94243
681998
722357
579643
441278
170227
214350
291911
247247
248993
234268
112328
117858
115558
121554
307629
74528.5
437809
340358
335640
428923
69495.8
138606
809966
562080
96328.3
491792
656730
126062
277671
197958
150245
593566
893353
89434.3
168866
168551
96068
97314.7
110509
116578
646528
126830
370433
181599
146915
350231
446419
393096
205585
151342
93477.2
99834
140912
301717
120676
67872
343522
376091
816423
828188
99783.2
91896.9
85972
763355
605228
600054
110015
120004
131135
99380.5
280069
146230
99651.3
86021.6
181923
219093
250823
286291
651990
574606
505292
450552
214000
179668
247224
671334
280756
595022
525343
466434
650124
943939
130802
88603.7
107392
109005
201640
91367.1
83636.8
84532
933218
94355.7
95723.5
800174
153914
93059.9
266247
233465
460381
180097
141789
787542
607741
109888
125337
155380
90095.2
86595.3
402440
81169.1
91762.9
219879
159836
420287
478299
375091
156339
251399
540204
76183.8
119917
105395
193102
182444
101578
102943
117110
233576
148186
82879.7
83683.2
130345
781758
106306
115294
394745
126687
348789
307702
176595
212487
323010
467330
485970
107612
108821
79509
86683.7
497390
149875
188367
55461
195308
83153.1
282931
663928
197905
120295
105068
81360.3
136868
100171
99590.5
91321.9
103048
105796
90639.5
113958
97228.3
81479.4
728028
56355.4
55612.4
5866.92
84757.8
558083
428989
249898
96226.4
88411.3
87699.9
97115.8
105412
95580.3
188077
176152
152756
164200
469303
89344.6
217432
230973
84237.8
99155.4
162991
177511
301710
205717
397072
388537
244631
170588
128348
322486
363028
405156
338794
385323
86399.3
246060
225329
735412
263634
183326
142502
130200
112554
255484
65620.4
323308
110789
96870.2
96221.4
158008
172700
193546
97149.6
379649
375469
111631
97652.7
103903
102873
153806
172555
157530
98481.4
105184
148423
151967
133360
135530
120871
123336
93441.2
368468
462098
121381
102662
548392
961426
554661
458347
322206
362388
408769
447996
321779
72880.7
74666.4
97740.4
5234.7
36206.4
96407.4
122691
82685.8
375790
140442
248496
109091
94134.4
609159
588016
349684
162890
133216
95493.8
109183
246696
139595
263392
1.01925e+06
102580
93444.7
135419
164300
147898
83965.4
103479
678469
368987
367073
114442
104602
97378.2
89419.5
49849.3
368234
290799
336819
313398
129074
109197
241380
90479.8
80070.6
98275.6
95905.7
320665
94184.2
108566
175191
102664
119364
222099
88505.1
90838.6
619746
157090
595851
414975
176260
408243
358218
318323
134982
110584
112928
248984
439034
127862
92515.4
89018.9
93085.9
96373.3
184673
199020
119402
122502
101110
98589.5
148569
162745
136700
148595
134114
123243
125948
94065.9
113185
294606
191159
241435
213283
278998
239503
644139
88878.9
186174
443580
389472
346493
138869
296287
464457
96688.9
267775
144208
190439
632922
491467
92462.8
69714.7
229698
237319
122086
95792.1
228500
97848.1
124128
231647
353579
204155
398102
451963
181614
512524
156681
124328
151600
155568
127910
305987
305630
104669
99547.4
266706
258923
284005
389692
358274
366735
397798
258587
282560
552418
93097
229559
86578.4
104795
109571
866200
103653
185857
78740.2
82923
154760
132443
383215
478024
267147
189760
144283
213064
843459
173029
123534
130618
734638
729483
376001
446175
98999.8
312065
351683
399904
129377
168914
185726
74281.5
81313.9
102034
91698.1
281182
112531
837076
186821
100303
759599
737181
887618
402056
440656
85145.1
76022.8
89441
101336
96186.6
97828.2
158938
142237
131133
80417
135646
175140
371797
292438
329424
116361
924336
756349
818758
89804.6
99102.1
100625
97433.6
774231
168924
102157
190033
765809
611706
433068
96276.5
77271.2
84842.7
90546.4
85355.9
91174.8
96863.4
106051
104073
90106.7
885413
201355
158492
182108
124067
83190.5
84388.4
98250.3
104064
93852.8
93444.8
154999
684392
512977
819090
169094
422800
251412
475417
221502
537250
610894
191178
229819
162051
199588
263287
530503
601270
466768
415454
162339
652276
136099
91584.3
93192.1
61360
942240
95831.7
84385.3
758026
540220
564155
124980
129017
644145
523863
91183.3
85065.4
97302.9
539056
476181
94110.9
89795.2
180990
105749
563692
196368
250452
194943
442899
205739
224575
87062.1
98051.8
844473
81427.3
804520
786372
108336
419865
366018
103484
107173
94372.2
93717.9
368924
408803
729768
472296
112751
333870
294824
262993
96031.7
279565
211114
215424
459548
455172
447009
369404
354055
118011
135331
108056
144726
274474
266808
534988
462845
200035
229297
199171
355408
337573
398082
451366
378686
428689
214457
203802
155066
163121
237301
238951
107278
116573
119689
106549
587430
357672
725767
174236
312733
108156
752441
45244.5
46352.4
4732.1
98340.8
93262.5
334264
93952.2
133848
163703
419510
95863.2
326342
207902
327773
375420
5087.36
41522.7
104192
376369
101294
183607
165747
147700
196052
186983
291874
326828
895052
278274
286755
82857
107836
103999
73660.4
128863
114444
96602
206429
230801
260893
322844
182257
880437
539369
177387
230212
85567.3
107838
103955
976227
92783.9
121595
107840
98962.8
88586.4
88435.8
93241.9
88821.6
190377
133816
99635
931081
323053
106519
93127.8
188045
444569
72528.5
241251
93964.9
93034.5
313518
557893
247137
247081
89563.9
460407
305532
162359
214141
545140
672798
424255
336430
376552
326145
111407
107992
199763
139813
839233
946953
926687
99604.7
800023
879247
359967
97003
166831
456742
420477
402655
477424
358870
375010
214472
162040
221841
126058
72137.7
81775.9
573016
81607.8
79716.8
237696
208045
101524
117262
87565.2
95407.1
84986.2
870785
86280.6
130932
87255.4
121166
247675
208866
565952
559745
89989.4
96680.7
101725
82443.4
84460.7
89033.7
652418
879377
99317
104848
97105.8
99545.5
389572
438997
222809
497674
169635
77701.8
316996
357746
105645
615974
609059
164106
93845.5
105797
478353
598610
121354
95286.3
93738.9
210469
196810
96020.4
96566.8
273967
312106
342875
242385
927593
89702.6
98413
133673
122936
176027
114723
260105
228668
96337.3
150936
186663
354304
174988
383560
282676
177366
113429
97495.7
98543
101467
217155
174015
422607
93170
99234.5
542328
151393
180227
90330.5
79176.6
96071.6
437474
175509
79423.8
98909.7
108916
94320.5
100671
640275
398678
317365
307968
402144
123427
151888
99397.4
199891
265018
126856
115918
105545
105405
385300
881691
577624
270026
90277.8
664612
907837
69336.2
94289.2
107923
483941
785171
625851
106333
93754.9
92752.7
87561
91975.2
557796
100196
460115
274007
106065
89316.7
100126
890460
845057
558879
898489
86784.6
96468.4
94576.7
84667.8
93984.7
60654.9
97771.2
115103
96154.9
726898
637860
92045.8
91788.1
89140.1
82825.7
99750.7
89895.9
141264
151968
98369.8
170913
90911.4
317466
293446
546581
895259
91085.1
90926.7
165849
133051
119067
148142
135063
107856
88198.7
90150.9
81957.3
452169
910387
608220
262760
206472
234770
609019
72650.3
432478
119482
129324
96856.9
91664.9
85449.6
76711.6
72541.1
77612.3
89448
310110
91490.4
94515.9
95160.2
346865
699254
566870
908063
715635
90986.8
91699.7
96323
735727
148565
92447.9
498164
109555
809082
104806
504494
172517
134338
120028
119935
110745
248446
260101
151462
145533
593722
110456
92055.9
111397
98624.7
187740
222062
93254.8
94025.6
82859.8
86013.2
829876
573446
281901
278452
263750
612827
347097
93992.9
136865
114599
125338
503577
82494.7
85897.7
169349
74730.3
910499
101284
117377
186789
109713
97286.2
77910.2
134914
94007.5
494349
80751
485667
178938
141167
760002
87270.7
78265.8
107515
116192
127075
105283
97816.3
95268.7
224390
127166
82190.3
90080.9
85331.6
93342.3
75734.2
87007
79775.9
374864
96434.1
344783
630684
87156.1
85865.3
95281.8
859863
47188
5462.49
48198.7
91386.9
99258.5
904337
643849
78235.6
93965.8
84516.8
83785
342436
91232.7
115625
457616
461227
96275.1
73779.8
98424.4
103662
112515
122114
97422.8
142603
85801.7
331647
)
;

boundaryField
{
    frontAndBack
    {
        type            empty;
    }
    topAndBottom
    {
        type            calculated;
        value           nonuniform List<scalar> 
452
(
781830
31645.1
850719
64892.6
937257
950378
145747
764833
939644
199439
270849
237307
307085
646461
570963
503478
448157
197160
234162
659535
582430
266315
515556
304636
455300
372324
380080
42305.8
1.0055e+06
953449
95080.4
160667
923179
436954
316946
341513
402175
429096
317428
345783
413491
843968
59125.9
871977
101619
81773.2
633856
640750
1.0252e+06
492395
282220
554445
628942
244599
708552
212772
172964
482138
541467
698210
615125
173179
248836
285022
213868
882569
1.0111e+06
44679.5
78534
1.02111e+06
51183.7
823458
843082
59146.6
149783
971470
110302
39510.6
86314.3
1.0187e+06
57416
52665.7
83046.8
988785
37187.9
42125.6
962310
1.03756e+06
31405.4
118480
427805
335446
327877
421440
194968
235760
269020
306440
663075
584781
514054
458549
194488
231012
676891
597434
264065
527788
298451
467709
410089
336327
435830
323267
6962.8
79297.5
78420.4
6615.26
787564
93940.2
150866
764869
393684
363797
158033
755626
846499
922090
983447
767107
384325
380909
194173
234144
264983
302232
671985
592353
520389
464074
192567
228418
690966
610464
263497
538464
297316
477147
500029
280136
563129
639042
242856
718413
209303
170380
209411
282254
247859
490496
625198
708600
551391
168785
9786.39
55961
55191.3
4392.03
244998
277743
204977
638940
500232
563672
167172
204571
734497
653046
240845
575398
276462
510418
168121
722823
993181
42172.7
911868
912900
897165
1.0244e+06
164773
730190
428436
323154
343432
420309
139678
13169.4
2814.04
138143
1.03544e+06
123300
86916
58394.8
741968
851417
296449
293228
128514
28032.2
680.149
876580
21674
37602.8
53053.8
164259
883445
124796
65882.2
1.03051e+06
159683
925278
817094
544315
550183
832040
71095.5
975968
48221.3
1.00946e+06
1.02783e+06
117048
123842
996076
93921.7
130003
954627
149655
784001
101457
63299.2
40531.6
961019
912816
793264
133421
119857
78788.1
409043
357859
389145
384936
447832
319989
352489
405790
319685
436809
353136
417184
141345
145134
790577
156849
146792
872758
803180
448520
315498
400862
354594
439704
315239
866595
945088
491560
285985
553622
627914
250419
708513
215970
178640
480355
539225
613392
695785
180460
292671
220497
255672
101068
451780
316076
359008
400968
438988
317073
398454
361664
412542
354852
893416
917953
205647
242887
314679
277213
503266
645269
569657
445373
203416
239657
658890
581175
272908
514881
312761
452789
72254.6
109959
789605
781434
822322
144943
810311
799288
48290.8
955627
430.032
22236
236450
233863
810559
113453
1.02651e+06
1.04558e+06
127226
134293
431669
329757
333863
420264
1833.93
33791
16620.5
35570.3
1.03983e+06
67957.8
8346.07
68712.5
5783.14
123729
11729.8
125109
3724.59
400392
359921
747943
160644
28657.4
70075.8
99272.1
936088
764314
386946
375582
1.00991e+06
41904.6
725658
733648
190528
229891
263824
301298
684908
603797
530301
472860
188408
225299
700989
259408
620597
547522
294357
485606
56570.6
36999.2
78795.5
1.02213e+06
135444
934914
459267
515150
585171
662754
198408
240912
310616
273642
198468
675494
236349
596239
269248
527224
305588
466603
53961.6
383634
381435
1.03223e+06
907840
126836
829914
846903
41025.9
511338
282340
576082
654095
245295
735960
208886
172413
250756
283751
169949
209521
723749
500963
639127
563861
372836
394455
760700
90910.4
149415
913272
100608
357471
417768
161919
746053
359721
404030
1.01284e+06
84589.3
1.02527e+06
884876
)
;
    }
    right
    {
        type            calculated;
        value           nonuniform List<scalar> 
20
(
84904
85849.7
82853.7
88509.3
88766.4
84514.1
84202.9
84079.8
86200.5
83239.7
83511.4
86970.6
82659.5
89105.3
85208.3
86900.5
88117.6
82733.1
88021.9
85074.7
)
;
    }
    left
    {
        type            calculated;
        value           nonuniform List<scalar> 
120
(
70004.9
8983.02
69274.2
1.16587e+06
1.15216e+06
539786
724418
1.11684e+06
1.13011e+06
44352
10882
95803.6
94794.1
18297.9
13876.5
132285
130851
13903.2
250105
24130.4
9053.45
247363
180182
17987.3
10971
178211
24185.9
32968.7
7916.03
43890.7
461173
456128
340404
8097.63
32248
336679
529040
846543
1.13328e+06
1.12029e+06
972831
962177
857997
533813
8486.68
59925.9
60415.4
584546
1.07962e+06
580844
81645.1
9806.11
80815.4
153276
151603
15662.1
12225.3
1.09692e+06
20866
289954
8446.46
286781
27694.8
38125.4
924231
909986
751992
743762
620471
623718
667781
1.03733e+06
1.02564e+06
1.09262e+06
1.08035e+06
1.1751e+06
1.15603e+06
830393
821280
1.19694e+06
1.18258e+06
907611
897612
600951
594395
676918
669492
528956
523190
8133.9
51247.1
51669.1
1.21797e+06
1.20209e+06
976730
675088
796023
1.03619e+06
992286
810793
113115
12298.9
111902
15987.1
20906.3
213186
9942.49
210849
1.05236e+06
28356
7949.25
398332
393975
37745.9
1.20499e+06
1.18989e+06
563572
1.21566e+06
1.20027e+06
748219
)
;
    }
}


// ************************************************************************* //
